"time","asset_id","client_id","hardware_id","location_id","fields"
2023-07-17 13:21:30.494,5237,13,"359159972073523",20,"{""key"": false, ""flip"": false, ""zone"": false, ""speed"": 4.1, ""buzzer"": 0, ""engine"": false, ""in_zone"": false, ""ignition"": true, ""latitude"": 42.653585, ""direction"": 133, ""longitude"": 18.0639532, ""gsm_signal"": 27, ""sleep_mode"": false, ""staff_mode"": false, ""fault_codes"": [], ""speed_limit"": 70, ""engine_hours"": 1591, ""idc_triggers"": [], ""buzzer_active"": false, ""fuel_level_avg"": 4, ""lock_geo_alert"": false, ""operation_mode"": ""RENT"", ""battery_voltage"": 14.100000381469727, ""in_primary_zone"": false, ""lock_engine_alert"": false, ""in_restricted_zone"": false, ""onboard_geofencing"": false, ""speed_limit_active"": true}"
2023-07-17 13:21:29.857,5237,13,"359159972073523",20,"{""key"": false, ""flip"": false, ""zone"": false, ""speed"": 4.5, ""buzzer"": 0, ""engine"": false, ""in_zone"": false, ""ignition"": true, ""latitude"": 42.6535933, ""direction"": 135, ""longitude"": 18.0639416, ""gsm_signal"": 27, ""sleep_mode"": false, ""staff_mode"": false, ""fault_codes"": [], ""speed_limit"": 70, ""engine_hours"": 1591, ""idc_triggers"": [], ""buzzer_active"": false, ""fuel_level_avg"": 4, ""lock_geo_alert"": false, ""operation_mode"": ""RENT"", ""battery_voltage"": 14.100000381469727, ""in_primary_zone"": false, ""lock_engine_alert"": false, ""in_restricted_zone"": false, ""onboard_geofencing"": false, ""speed_limit_active"": true}"
2023-07-17 13:21:28.434,5237,13,"359159972073523",20,"{""key"": false, ""flip"": false, ""zone"": false, ""speed"": 5.0, ""buzzer"": 0, ""engine"": false, ""in_zone"": false, ""ignition"": true, ""latitude"": 42.6536016, ""direction"": 136, ""longitude"": 18.0639316, ""gsm_signal"": 27, ""sleep_mode"": false, ""staff_mode"": false, ""fault_codes"": [], ""speed_limit"": 70, ""engine_hours"": 1591, ""idc_triggers"": [], ""buzzer_active"": false, ""fuel_level_avg"": 4, ""lock_geo_alert"": false, ""operation_mode"": ""RENT"", ""battery_voltage"": 14.100000381469727, ""in_primary_zone"": false, ""lock_engine_alert"": false, ""in_restricted_zone"": false, ""onboard_geofencing"": false, ""speed_limit_active"": true}"
2023-07-17 13:21:27.414,5237,13,"359159972073523",20,"{""key"": false, ""flip"": false, ""zone"": false, ""speed"": 5.2, ""buzzer"": 0, ""engine"": true, ""in_zone"": false, ""ignition"": true, ""latitude"": 42.6536116, ""direction"": 135, ""longitude"": 18.06392, ""gsm_signal"": 27, ""sleep_mode"": false, ""staff_mode"": false, ""fault_codes"": [], ""speed_limit"": 70, ""engine_hours"": 1591, ""idc_triggers"": [], ""buzzer_active"": false, ""fuel_level_avg"": 0, ""lock_geo_alert"": false, ""operation_mode"": ""RENT"", ""battery_voltage"": 14.800000190734863, ""in_primary_zone"": false, ""lock_engine_alert"": false, ""in_restricted_zone"": false, ""onboard_geofencing"": false, ""speed_limit_active"": true}"
2023-07-17 13:21:26.437,5237,13,"359159972073523",20,"{""key"": false, ""flip"": false, ""zone"": false, ""speed"": 5.0, ""buzzer"": 0, ""engine"": true, ""in_zone"": false, ""ignition"": true, ""latitude"": 42.6536216, ""direction"": 134, ""longitude"": 18.0639082, ""gsm_signal"": 27, ""sleep_mode"": false, ""staff_mode"": false, ""fault_codes"": [], ""speed_limit"": 70, ""engine_hours"": 1591, ""idc_triggers"": [], ""buzzer_active"": false, ""fuel_level_avg"": 0, ""lock_geo_alert"": false, ""operation_mode"": ""RENT"", ""battery_voltage"": 14.800000190734863, ""in_primary_zone"": false, ""lock_engine_alert"": false, ""in_restricted_zone"": false, ""onboard_geofencing"": false, ""speed_limit_active"": true}"
2023-07-17 13:21:25.496,5237,13,"359159972073523",20,"{""key"": false, ""flip"": false, ""zone"": false, ""speed"": 4.7, ""buzzer"": 0, ""engine"": true, ""in_zone"": false, ""ignition"": true, ""latitude"": 42.6536316, ""direction"": 136, ""longitude"": 18.0638966, ""gsm_signal"": 27, ""sleep_mode"": false, ""staff_mode"": false, ""fault_codes"": [], ""speed_limit"": 70, ""engine_hours"": 1591, ""idc_triggers"": [], ""buzzer_active"": false, ""fuel_level_avg"": 0, ""lock_geo_alert"": false, ""operation_mode"": ""RENT"", ""battery_voltage"": 14.800000190734863, ""in_primary_zone"": false, ""lock_engine_alert"": false, ""in_restricted_zone"": false, ""onboard_geofencing"": false, ""speed_limit_active"": true}"
2023-07-17 13:21:24.853,5237,13,"359159972073523",20,"{""key"": false, ""flip"": false, ""zone"": false, ""speed"": 5.0, ""buzzer"": 0, ""engine"": true, ""in_zone"": false, ""ignition"": true, ""latitude"": 42.65364, ""direction"": 135, ""longitude"": 18.063885, ""gsm_signal"": 27, ""sleep_mode"": false, ""staff_mode"": false, ""fault_codes"": [], ""speed_limit"": 70, ""engine_hours"": 1591, ""idc_triggers"": [], ""buzzer_active"": false, ""fuel_level_avg"": 0, ""lock_geo_alert"": false, ""operation_mode"": ""RENT"", ""battery_voltage"": 14.800000190734863, ""in_primary_zone"": false, ""lock_engine_alert"": false, ""in_restricted_zone"": false, ""onboard_geofencing"": false, ""speed_limit_active"": true}"
2023-07-17 13:21:23.413,5237,13,"359159972073523",20,"{""key"": false, ""flip"": false, ""zone"": false, ""speed"": 5.5, ""buzzer"": 0, ""engine"": true, ""in_zone"": false, ""ignition"": true, ""latitude"": 42.6536483, ""direction"": 137, ""longitude"": 18.0638716, ""gsm_signal"": 27, ""sleep_mode"": false, ""staff_mode"": false, ""fault_codes"": [], ""speed_limit"": 70, ""engine_hours"": 1591, ""idc_triggers"": [], ""buzzer_active"": false, ""fuel_level_avg"": 0, ""lock_geo_alert"": false, ""operation_mode"": ""RENT"", ""battery_voltage"": 14.800000190734863, ""in_primary_zone"": false, ""lock_engine_alert"": false, ""in_restricted_zone"": false, ""onboard_geofencing"": false, ""speed_limit_active"": true}"
2023-07-17 13:21:22.417,5237,13,"359159972073523",20,"{""key"": false, ""flip"": false, ""zone"": false, ""speed"": 5.3, ""buzzer"": 0, ""engine"": true, ""in_zone"": false, ""ignition"": true, ""latitude"": 42.65366, ""direction"": 142, ""longitude"": 18.0638582, ""gsm_signal"": 27, ""sleep_mode"": false, ""staff_mode"": false, ""fault_codes"": [], ""speed_limit"": 70, ""engine_hours"": 1591, ""idc_triggers"": [], ""buzzer_active"": false, ""fuel_level_avg"": 0, ""lock_geo_alert"": false, ""operation_mode"": ""RENT"", ""battery_voltage"": 14.800000190734863, ""in_primary_zone"": false, ""lock_engine_alert"": false, ""in_restricted_zone"": false, ""onboard_geofencing"": false, ""speed_limit_active"": true}"
2023-07-17 13:21:21.436,5237,13,"359159972073523",20,"{""key"": false, ""flip"": false, ""zone"": false, ""speed"": 5.4, ""buzzer"": 0, ""engine"": true, ""in_zone"": false, ""ignition"": true, ""latitude"": 42.65367, ""direction"": 142, ""longitude"": 18.0638482, ""gsm_signal"": 31, ""sleep_mode"": false, ""staff_mode"": false, ""fault_codes"": [], ""speed_limit"": 70, ""engine_hours"": 1591, ""idc_triggers"": [], ""buzzer_active"": false, ""fuel_level_avg"": 0, ""lock_geo_alert"": false, ""operation_mode"": ""RENT"", ""battery_voltage"": 14.800000190734863, ""in_primary_zone"": false, ""lock_engine_alert"": false, ""in_restricted_zone"": false, ""onboard_geofencing"": false, ""speed_limit_active"": true}"
2023-07-17 13:21:20.441,5237,13,"359159972073523",20,"{""key"": false, ""flip"": false, ""zone"": false, ""speed"": 5.9, ""buzzer"": 0, ""engine"": true, ""in_zone"": false, ""ignition"": true, ""latitude"": 42.6536816, ""direction"": 141, ""longitude"": 18.0638366, ""gsm_signal"": 31, ""sleep_mode"": false, ""staff_mode"": false, ""fault_codes"": [], ""speed_limit"": 70, ""engine_hours"": 1591, ""idc_triggers"": [], ""buzzer_active"": false, ""fuel_level_avg"": 0, ""lock_geo_alert"": false, ""operation_mode"": ""RENT"", ""battery_voltage"": 14.800000190734863, ""in_primary_zone"": false, ""lock_engine_alert"": false, ""in_restricted_zone"": false, ""onboard_geofencing"": false, ""speed_limit_active"": true}"
2023-07-17 13:21:19.976,5237,13,"359159972073523",20,"{""key"": false, ""flip"": false, ""zone"": false, ""speed"": 5.9, ""buzzer"": 0, ""engine"": true, ""in_zone"": false, ""ignition"": true, ""latitude"": 42.6536933, ""direction"": 140, ""longitude"": 18.0638232, ""gsm_signal"": 31, ""sleep_mode"": false, ""staff_mode"": false, ""fault_codes"": [], ""speed_limit"": 70, ""engine_hours"": 1591, ""idc_triggers"": [], ""buzzer_active"": false, ""fuel_level_avg"": 0, ""lock_geo_alert"": false, ""operation_mode"": ""RENT"", ""battery_voltage"": 14.800000190734863, ""in_primary_zone"": false, ""lock_engine_alert"": false, ""in_restricted_zone"": false, ""onboard_geofencing"": false, ""speed_limit_active"": true}"
2023-07-17 13:21:18.414,5237,13,"359159972073523",20,"{""key"": false, ""flip"": false, ""zone"": false, ""speed"": 6.2, ""buzzer"": 0, ""engine"": true, ""in_zone"": false, ""ignition"": true, ""latitude"": 42.6537033, ""direction"": 140, ""longitude"": 18.06381, ""gsm_signal"": 31, ""sleep_mode"": false, ""staff_mode"": false, ""fault_codes"": [], ""speed_limit"": 70, ""engine_hours"": 1591, ""idc_triggers"": [], ""buzzer_active"": false, ""fuel_level_avg"": 0, ""lock_geo_alert"": false, ""operation_mode"": ""RENT"", ""battery_voltage"": 14.800000190734863, ""in_primary_zone"": false, ""lock_engine_alert"": false, ""in_restricted_zone"": false, ""onboard_geofencing"": false, ""speed_limit_active"": true}"
2023-07-17 13:21:17.436,5237,13,"359159972073523",20,"{""key"": false, ""flip"": false, ""zone"": false, ""speed"": 6.8, ""buzzer"": 0, ""engine"": true, ""in_zone"": false, ""ignition"": true, ""latitude"": 42.653715, ""direction"": 142, ""longitude"": 18.063795, ""gsm_signal"": 31, ""sleep_mode"": false, ""staff_mode"": false, ""fault_codes"": [], ""speed_limit"": 70, ""engine_hours"": 1591, ""idc_triggers"": [], ""buzzer_active"": false, ""fuel_level_avg"": 0, ""lock_geo_alert"": false, ""operation_mode"": ""RENT"", ""battery_voltage"": 14.800000190734863, ""in_primary_zone"": false, ""lock_engine_alert"": false, ""in_restricted_zone"": false, ""onboard_geofencing"": false, ""speed_limit_active"": true}"
2023-07-17 13:21:16.494,5237,13,"359159972073523",20,"{""key"": false, ""flip"": false, ""zone"": false, ""speed"": 7.6, ""buzzer"": 0, ""engine"": true, ""in_zone"": false, ""ignition"": true, ""latitude"": 42.6537283, ""direction"": 143, ""longitude"": 18.0637816, ""gsm_signal"": 31, ""sleep_mode"": false, ""staff_mode"": false, ""fault_codes"": [], ""speed_limit"": 70, ""engine_hours"": 1591, ""idc_triggers"": [], ""buzzer_active"": false, ""fuel_level_avg"": 0, ""lock_geo_alert"": false, ""operation_mode"": ""RENT"", ""battery_voltage"": 14.800000190734863, ""in_primary_zone"": false, ""lock_engine_alert"": false, ""in_restricted_zone"": false, ""onboard_geofencing"": false, ""speed_limit_active"": true}"
2023-07-17 13:21:15.857,5237,13,"359159972073523",20,"{""key"": false, ""flip"": false, ""zone"": false, ""speed"": 7.3, ""buzzer"": 0, ""engine"": true, ""in_zone"": false, ""ignition"": true, ""latitude"": 42.6537433, ""direction"": 142, ""longitude"": 18.063765, ""gsm_signal"": 31, ""sleep_mode"": false, ""staff_mode"": false, ""fault_codes"": [], ""speed_limit"": 70, ""engine_hours"": 1591, ""idc_triggers"": [], ""buzzer_active"": false, ""fuel_level_avg"": 0, ""lock_geo_alert"": false, ""operation_mode"": ""RENT"", ""battery_voltage"": 14.800000190734863, ""in_primary_zone"": false, ""lock_engine_alert"": false, ""in_restricted_zone"": false, ""onboard_geofencing"": false, ""speed_limit_active"": true}"
2023-07-17 13:21:14.413,5237,13,"359159972073523",20,"{""key"": false, ""flip"": false, ""zone"": false, ""speed"": 7.4, ""buzzer"": 0, ""engine"": true, ""in_zone"": false, ""ignition"": true, ""latitude"": 42.6537583, ""direction"": 142, ""longitude"": 18.06375, ""gsm_signal"": 31, ""sleep_mode"": false, ""staff_mode"": false, ""fault_codes"": [], ""speed_limit"": 70, ""engine_hours"": 1591, ""idc_triggers"": [], ""buzzer_active"": false, ""fuel_level_avg"": 0, ""lock_geo_alert"": false, ""operation_mode"": ""RENT"", ""battery_voltage"": 14.800000190734863, ""in_primary_zone"": false, ""lock_engine_alert"": false, ""in_restricted_zone"": false, ""onboard_geofencing"": false, ""speed_limit_active"": true}"
2023-07-17 13:21:13.420,5237,13,"359159972073523",20,"{""key"": false, ""flip"": false, ""zone"": false, ""speed"": 8.2, ""buzzer"": 0, ""engine"": true, ""in_zone"": false, ""ignition"": true, ""latitude"": 42.653775, ""direction"": 144, ""longitude"": 18.0637332, ""gsm_signal"": 31, ""sleep_mode"": false, ""staff_mode"": false, ""fault_codes"": [], ""speed_limit"": 70, ""engine_hours"": 1591, ""idc_triggers"": [], ""buzzer_active"": false, ""fuel_level_avg"": 0, ""lock_geo_alert"": false, ""operation_mode"": ""RENT"", ""battery_voltage"": 14.800000190734863, ""in_primary_zone"": false, ""lock_engine_alert"": false, ""in_restricted_zone"": false, ""onboard_geofencing"": false, ""speed_limit_active"": true}"
2023-07-17 13:21:12.456,5237,13,"359159972073523",20,"{""key"": false, ""flip"": false, ""zone"": false, ""speed"": 8.0, ""buzzer"": 0, ""engine"": true, ""in_zone"": false, ""ignition"": true, ""latitude"": 42.6537916, ""direction"": 148, ""longitude"": 18.0637166, ""gsm_signal"": 31, ""sleep_mode"": false, ""staff_mode"": false, ""fault_codes"": [], ""speed_limit"": 70, ""engine_hours"": 1591, ""idc_triggers"": [], ""buzzer_active"": false, ""fuel_level_avg"": 0, ""lock_geo_alert"": false, ""operation_mode"": ""RENT"", ""battery_voltage"": 14.800000190734863, ""in_primary_zone"": false, ""lock_engine_alert"": false, ""in_restricted_zone"": false, ""onboard_geofencing"": false, ""speed_limit_active"": true}"
2023-07-17 13:21:11.594,5237,13,"359159972073523",20,"{""key"": false, ""flip"": false, ""zone"": false, ""speed"": 7.5, ""buzzer"": 0, ""engine"": true, ""in_zone"": false, ""ignition"": true, ""latitude"": 42.6538083, ""direction"": 147, ""longitude"": 18.0637032, ""gsm_signal"": 31, ""sleep_mode"": false, ""staff_mode"": false, ""fault_codes"": [], ""speed_limit"": 70, ""engine_hours"": 1591, ""idc_triggers"": [], ""buzzer_active"": false, ""fuel_level_avg"": 0, ""lock_geo_alert"": false, ""operation_mode"": ""RENT"", ""battery_voltage"": 14.800000190734863, ""in_primary_zone"": false, ""lock_engine_alert"": false, ""in_restricted_zone"": false, ""onboard_geofencing"": false, ""speed_limit_active"": true}"
2023-07-17 13:21:10.854,5237,13,"359159972073523",20,"{""key"": false, ""flip"": false, ""zone"": false, ""speed"": 7.7, ""buzzer"": 0, ""engine"": true, ""in_zone"": false, ""ignition"": true, ""latitude"": 42.653825, ""direction"": 147, ""longitude"": 18.0636882, ""gsm_signal"": 31, ""sleep_mode"": false, ""staff_mode"": false, ""fault_codes"": [], ""speed_limit"": 70, ""engine_hours"": 1591, ""idc_triggers"": [], ""buzzer_active"": false, ""fuel_level_avg"": 0, ""lock_geo_alert"": false, ""operation_mode"": ""RENT"", ""battery_voltage"": 14.800000190734863, ""in_primary_zone"": false, ""lock_engine_alert"": false, ""in_restricted_zone"": false, ""onboard_geofencing"": false, ""speed_limit_active"": true}"
2023-07-17 13:21:09.415,5237,13,"359159972073523",20,"{""key"": false, ""flip"": false, ""zone"": false, ""speed"": 7.7, ""buzzer"": 0, ""engine"": true, ""in_zone"": false, ""ignition"": true, ""latitude"": 42.6538416, ""direction"": 148, ""longitude"": 18.063675, ""gsm_signal"": 31, ""sleep_mode"": false, ""staff_mode"": false, ""fault_codes"": [], ""speed_limit"": 70, ""engine_hours"": 1591, ""idc_triggers"": [], ""buzzer_active"": false, ""fuel_level_avg"": 0, ""lock_geo_alert"": false, ""operation_mode"": ""RENT"", ""battery_voltage"": 14.800000190734863, ""in_primary_zone"": false, ""lock_engine_alert"": false, ""in_restricted_zone"": false, ""onboard_geofencing"": false, ""speed_limit_active"": true}"
2023-07-17 13:21:08.436,5237,13,"359159972073523",20,"{""key"": false, ""flip"": false, ""zone"": false, ""speed"": 7.6, ""buzzer"": 0, ""engine"": true, ""in_zone"": false, ""ignition"": true, ""latitude"": 42.6538583, ""direction"": 148, ""longitude"": 18.0636616, ""gsm_signal"": 31, ""sleep_mode"": false, ""staff_mode"": false, ""fault_codes"": [], ""speed_limit"": 70, ""engine_hours"": 1591, ""idc_triggers"": [], ""buzzer_active"": false, ""fuel_level_avg"": 0, ""lock_geo_alert"": false, ""operation_mode"": ""RENT"", ""battery_voltage"": 14.800000190734863, ""in_primary_zone"": false, ""lock_engine_alert"": false, ""in_restricted_zone"": false, ""onboard_geofencing"": false, ""speed_limit_active"": true}"
2023-07-17 13:21:07.436,5237,13,"359159972073523",20,"{""key"": false, ""flip"": false, ""zone"": false, ""speed"": 8.0, ""buzzer"": 0, ""engine"": true, ""in_zone"": false, ""ignition"": true, ""latitude"": 42.653875, ""direction"": 144, ""longitude"": 18.0636482, ""gsm_signal"": 31, ""sleep_mode"": false, ""staff_mode"": false, ""fault_codes"": [], ""speed_limit"": 70, ""engine_hours"": 1591, ""idc_triggers"": [], ""buzzer_active"": false, ""fuel_level_avg"": 0, ""lock_geo_alert"": false, ""operation_mode"": ""RENT"", ""battery_voltage"": 14.800000190734863, ""in_primary_zone"": false, ""lock_engine_alert"": false, ""in_restricted_zone"": false, ""onboard_geofencing"": false, ""speed_limit_active"": true}"
2023-07-17 13:21:06.854,5237,13,"359159972073523",20,"{""key"": false, ""flip"": false, ""zone"": false, ""speed"": 8.0, ""buzzer"": 0, ""engine"": true, ""in_zone"": false, ""ignition"": true, ""latitude"": 42.6538916, ""direction"": 142, ""longitude"": 18.0636316, ""gsm_signal"": 31, ""sleep_mode"": false, ""staff_mode"": false, ""fault_codes"": [], ""speed_limit"": 70, ""engine_hours"": 1591, ""idc_triggers"": [], ""buzzer_active"": false, ""fuel_level_avg"": 0, ""lock_geo_alert"": false, ""operation_mode"": ""RENT"", ""battery_voltage"": 14.800000190734863, ""in_primary_zone"": false, ""lock_engine_alert"": false, ""in_restricted_zone"": false, ""onboard_geofencing"": false, ""speed_limit_active"": true}"
2023-07-17 13:21:05.414,5237,13,"359159972073523",20,"{""key"": false, ""flip"": false, ""zone"": false, ""speed"": 7.8, ""buzzer"": 0, ""engine"": true, ""in_zone"": false, ""ignition"": true, ""latitude"": 42.6539066, ""direction"": 141, ""longitude"": 18.063615, ""gsm_signal"": 31, ""sleep_mode"": false, ""staff_mode"": false, ""fault_codes"": [], ""speed_limit"": 70, ""engine_hours"": 1591, ""idc_triggers"": [], ""buzzer_active"": false, ""fuel_level_avg"": 0, ""lock_geo_alert"": false, ""operation_mode"": ""RENT"", ""battery_voltage"": 14.800000190734863, ""in_primary_zone"": false, ""lock_engine_alert"": false, ""in_restricted_zone"": false, ""onboard_geofencing"": false, ""speed_limit_active"": true}"
2023-07-17 13:21:04.417,5237,13,"359159972073523",20,"{""key"": false, ""flip"": false, ""zone"": false, ""speed"": 7.5, ""buzzer"": 0, ""engine"": true, ""in_zone"": false, ""ignition"": true, ""latitude"": 42.6539216, ""direction"": 140, ""longitude"": 18.0636, ""gsm_signal"": 31, ""sleep_mode"": false, ""staff_mode"": false, ""fault_codes"": [], ""speed_limit"": 70, ""engine_hours"": 1591, ""idc_triggers"": [], ""buzzer_active"": false, ""fuel_level_avg"": 0, ""lock_geo_alert"": false, ""operation_mode"": ""RENT"", ""battery_voltage"": 14.800000190734863, ""in_primary_zone"": false, ""lock_engine_alert"": false, ""in_restricted_zone"": false, ""onboard_geofencing"": false, ""speed_limit_active"": true}"
2023-07-17 13:21:03.416,5237,13,"359159972073523",20,"{""key"": false, ""flip"": false, ""zone"": false, ""speed"": 7.2, ""buzzer"": 0, ""engine"": true, ""in_zone"": false, ""ignition"": true, ""latitude"": 42.6539366, ""direction"": 138, ""longitude"": 18.0635832, ""gsm_signal"": 31, ""sleep_mode"": false, ""staff_mode"": false, ""fault_codes"": [], ""speed_limit"": 70, ""engine_hours"": 1591, ""idc_triggers"": [], ""buzzer_active"": false, ""fuel_level_avg"": 0, ""lock_geo_alert"": false, ""operation_mode"": ""RENT"", ""battery_voltage"": 14.800000190734863, ""in_primary_zone"": false, ""lock_engine_alert"": false, ""in_restricted_zone"": false, ""onboard_geofencing"": false, ""speed_limit_active"": true}"
2023-07-17 13:21:02.465,5237,13,"359159972073523",20,"{""key"": false, ""flip"": false, ""zone"": false, ""speed"": 7.8, ""buzzer"": 0, ""engine"": true, ""in_zone"": false, ""ignition"": true, ""latitude"": 42.65395, ""direction"": 138, ""longitude"": 18.0635666, ""gsm_signal"": 31, ""sleep_mode"": false, ""staff_mode"": false, ""fault_codes"": [], ""speed_limit"": 70, ""engine_hours"": 1591, ""idc_triggers"": [], ""buzzer_active"": false, ""fuel_level_avg"": 0, ""lock_geo_alert"": false, ""operation_mode"": ""RENT"", ""battery_voltage"": 14.800000190734863, ""in_primary_zone"": false, ""lock_engine_alert"": false, ""in_restricted_zone"": false, ""onboard_geofencing"": false, ""speed_limit_active"": true}"
2023-07-17 13:21:01.437,5237,13,"359159972073523",20,"{""key"": false, ""flip"": false, ""zone"": false, ""speed"": 7.8, ""buzzer"": 0, ""engine"": true, ""in_zone"": false, ""ignition"": true, ""latitude"": 42.6539633, ""direction"": 140, ""longitude"": 18.0635482, ""gsm_signal"": 31, ""sleep_mode"": false, ""staff_mode"": false, ""fault_codes"": [], ""speed_limit"": 70, ""engine_hours"": 1591, ""idc_triggers"": [], ""buzzer_active"": false, ""fuel_level_avg"": 0, ""lock_geo_alert"": false, ""operation_mode"": ""RENT"", ""battery_voltage"": 14.800000190734863, ""in_primary_zone"": false, ""lock_engine_alert"": false, ""in_restricted_zone"": false, ""onboard_geofencing"": false, ""speed_limit_active"": true}"
2023-07-17 13:21:00.852,5237,13,"359159972073523",20,"{""key"": false, ""flip"": false, ""zone"": false, ""speed"": 7.8, ""buzzer"": 0, ""engine"": true, ""in_zone"": false, ""ignition"": true, ""latitude"": 42.6539783, ""direction"": 144, ""longitude"": 18.0635316, ""gsm_signal"": 31, ""sleep_mode"": false, ""staff_mode"": false, ""fault_codes"": [], ""speed_limit"": 70, ""engine_hours"": 1591, ""idc_triggers"": [], ""buzzer_active"": false, ""fuel_level_avg"": 0, ""lock_geo_alert"": false, ""operation_mode"": ""RENT"", ""battery_voltage"": 14.800000190734863, ""in_primary_zone"": false, ""lock_engine_alert"": false, ""in_restricted_zone"": false, ""onboard_geofencing"": false, ""speed_limit_active"": true}"
2023-07-17 13:20:59.414,5237,13,"359159972073523",20,"{""key"": false, ""flip"": false, ""zone"": false, ""speed"": 7.8, ""buzzer"": 0, ""engine"": true, ""in_zone"": false, ""ignition"": true, ""latitude"": 42.653995, ""direction"": 147, ""longitude"": 18.063515, ""gsm_signal"": 31, ""sleep_mode"": false, ""staff_mode"": false, ""fault_codes"": [], ""speed_limit"": 70, ""engine_hours"": 1591, ""idc_triggers"": [], ""buzzer_active"": false, ""fuel_level_avg"": 0, ""lock_geo_alert"": false, ""operation_mode"": ""RENT"", ""battery_voltage"": 14.800000190734863, ""in_primary_zone"": false, ""lock_engine_alert"": false, ""in_restricted_zone"": false, ""onboard_geofencing"": false, ""speed_limit_active"": true}"
2023-07-17 13:20:58.418,5237,13,"359159972073523",20,"{""key"": false, ""flip"": false, ""zone"": false, ""speed"": 7.6, ""buzzer"": 0, ""engine"": true, ""in_zone"": false, ""ignition"": true, ""latitude"": 42.6540116, ""direction"": 144, ""longitude"": 18.0635016, ""gsm_signal"": 31, ""sleep_mode"": false, ""staff_mode"": false, ""fault_codes"": [], ""speed_limit"": 70, ""engine_hours"": 1591, ""idc_triggers"": [], ""buzzer_active"": false, ""fuel_level_avg"": 0, ""lock_geo_alert"": false, ""operation_mode"": ""RENT"", ""battery_voltage"": 14.800000190734863, ""in_primary_zone"": false, ""lock_engine_alert"": false, ""in_restricted_zone"": false, ""onboard_geofencing"": false, ""speed_limit_active"": true}"
2023-07-17 13:20:57.438,5237,13,"359159972073523",20,"{""key"": false, ""flip"": false, ""zone"": false, ""speed"": 7.5, ""buzzer"": 0, ""engine"": true, ""in_zone"": false, ""ignition"": true, ""latitude"": 42.6540266, ""direction"": 140, ""longitude"": 18.0634866, ""gsm_signal"": 31, ""sleep_mode"": false, ""staff_mode"": false, ""fault_codes"": [], ""speed_limit"": 70, ""engine_hours"": 1591, ""idc_triggers"": [], ""buzzer_active"": false, ""fuel_level_avg"": 0, ""lock_geo_alert"": false, ""operation_mode"": ""RENT"", ""battery_voltage"": 14.800000190734863, ""in_primary_zone"": false, ""lock_engine_alert"": false, ""in_restricted_zone"": false, ""onboard_geofencing"": false, ""speed_limit_active"": true}"
2023-07-17 13:20:56.458,5237,13,"359159972073523",20,"{""key"": false, ""flip"": false, ""zone"": false, ""speed"": 8.0, ""buzzer"": 0, ""engine"": true, ""in_zone"": false, ""ignition"": true, ""latitude"": 42.6540416, ""direction"": 139, ""longitude"": 18.06347, ""gsm_signal"": 31, ""sleep_mode"": false, ""staff_mode"": false, ""fault_codes"": [], ""speed_limit"": 70, ""engine_hours"": 1591, ""idc_triggers"": [], ""buzzer_active"": false, ""fuel_level_avg"": 0, ""lock_geo_alert"": false, ""operation_mode"": ""RENT"", ""battery_voltage"": 14.800000190734863, ""in_primary_zone"": false, ""lock_engine_alert"": false, ""in_restricted_zone"": false, ""onboard_geofencing"": false, ""speed_limit_active"": true}"
2023-07-17 13:20:55.996,5237,13,"359159972073523",20,"{""key"": false, ""flip"": false, ""zone"": false, ""speed"": 8.1, ""buzzer"": 0, ""engine"": true, ""in_zone"": false, ""ignition"": true, ""latitude"": 42.6540566, ""direction"": 139, ""longitude"": 18.0634532, ""gsm_signal"": 31, ""sleep_mode"": false, ""staff_mode"": false, ""fault_codes"": [], ""speed_limit"": 70, ""engine_hours"": 1591, ""idc_triggers"": [], ""buzzer_active"": false, ""fuel_level_avg"": 0, ""lock_geo_alert"": false, ""operation_mode"": ""RENT"", ""battery_voltage"": 14.800000190734863, ""in_primary_zone"": false, ""lock_engine_alert"": false, ""in_restricted_zone"": false, ""onboard_geofencing"": false, ""speed_limit_active"": true}"
2023-07-17 13:20:54.415,5237,13,"359159972073523",20,"{""key"": false, ""flip"": false, ""zone"": false, ""speed"": 7.5, ""buzzer"": 0, ""engine"": true, ""in_zone"": false, ""ignition"": true, ""latitude"": 42.65407, ""direction"": 140, ""longitude"": 18.063435, ""gsm_signal"": 31, ""sleep_mode"": false, ""staff_mode"": false, ""fault_codes"": [], ""speed_limit"": 70, ""engine_hours"": 1591, ""idc_triggers"": [], ""buzzer_active"": false, ""fuel_level_avg"": 0, ""lock_geo_alert"": false, ""operation_mode"": ""RENT"", ""battery_voltage"": 14.800000190734863, ""in_primary_zone"": false, ""lock_engine_alert"": false, ""in_restricted_zone"": false, ""onboard_geofencing"": false, ""speed_limit_active"": true}"
2023-07-17 13:20:53.436,5237,13,"359159972073523",20,"{""key"": false, ""flip"": false, ""zone"": false, ""speed"": 7.1, ""buzzer"": 0, ""engine"": true, ""in_zone"": false, ""ignition"": true, ""latitude"": 42.654085, ""direction"": 140, ""longitude"": 18.0634182, ""gsm_signal"": 31, ""sleep_mode"": false, ""staff_mode"": false, ""fault_codes"": [], ""speed_limit"": 70, ""engine_hours"": 1591, ""idc_triggers"": [], ""buzzer_active"": false, ""fuel_level_avg"": 0, ""lock_geo_alert"": false, ""operation_mode"": ""RENT"", ""battery_voltage"": 14.800000190734863, ""in_primary_zone"": false, ""lock_engine_alert"": false, ""in_restricted_zone"": false, ""onboard_geofencing"": false, ""speed_limit_active"": true}"
2023-07-17 13:20:52.436,5237,13,"359159972073523",20,"{""key"": false, ""flip"": false, ""zone"": false, ""speed"": 7.8, ""buzzer"": 0, ""engine"": true, ""in_zone"": false, ""ignition"": true, ""latitude"": 42.6540983, ""direction"": 139, ""longitude"": 18.0634032, ""gsm_signal"": 31, ""sleep_mode"": false, ""staff_mode"": false, ""fault_codes"": [], ""speed_limit"": 70, ""engine_hours"": 1591, ""idc_triggers"": [], ""buzzer_active"": false, ""fuel_level_avg"": 0, ""lock_geo_alert"": false, ""operation_mode"": ""RENT"", ""battery_voltage"": 14.800000190734863, ""in_primary_zone"": false, ""lock_engine_alert"": false, ""in_restricted_zone"": false, ""onboard_geofencing"": false, ""speed_limit_active"": true}"
2023-07-17 13:20:51.853,5237,13,"359159972073523",20,"{""key"": false, ""flip"": false, ""zone"": false, ""speed"": 8.1, ""buzzer"": 0, ""engine"": true, ""in_zone"": false, ""ignition"": true, ""latitude"": 42.654115, ""direction"": 137, ""longitude"": 18.063385, ""gsm_signal"": 27, ""sleep_mode"": false, ""staff_mode"": false, ""fault_codes"": [], ""speed_limit"": 70, ""engine_hours"": 1591, ""idc_triggers"": [], ""buzzer_active"": false, ""fuel_level_avg"": 0, ""lock_geo_alert"": false, ""operation_mode"": ""RENT"", ""battery_voltage"": 14.800000190734863, ""in_primary_zone"": false, ""lock_engine_alert"": false, ""in_restricted_zone"": false, ""onboard_geofencing"": false, ""speed_limit_active"": true}"
2023-07-17 13:20:50.432,5237,13,"359159972073523",20,"{""key"": false, ""flip"": false, ""zone"": false, ""speed"": 8.0, ""buzzer"": 0, ""engine"": true, ""in_zone"": false, ""ignition"": true, ""latitude"": 42.654128299999996, ""direction"": 135, ""longitude"": 18.0633666, ""gsm_signal"": 27, ""sleep_mode"": false, ""staff_mode"": false, ""fault_codes"": [], ""speed_limit"": 70, ""engine_hours"": 1591, ""idc_triggers"": [], ""buzzer_active"": false, ""fuel_level_avg"": 0, ""lock_geo_alert"": false, ""operation_mode"": ""RENT"", ""battery_voltage"": 14.800000190734863, ""in_primary_zone"": false, ""lock_engine_alert"": false, ""in_restricted_zone"": false, ""onboard_geofencing"": false, ""speed_limit_active"": true}"
2023-07-17 13:20:49.434,5237,13,"359159972073523",20,"{""key"": false, ""flip"": false, ""zone"": false, ""speed"": 7.7, ""buzzer"": 0, ""engine"": true, ""in_zone"": false, ""ignition"": true, ""latitude"": 42.6541433, ""direction"": 136, ""longitude"": 18.0633482, ""gsm_signal"": 27, ""sleep_mode"": false, ""staff_mode"": false, ""fault_codes"": [], ""speed_limit"": 70, ""engine_hours"": 1591, ""idc_triggers"": [], ""buzzer_active"": false, ""fuel_level_avg"": 0, ""lock_geo_alert"": false, ""operation_mode"": ""RENT"", ""battery_voltage"": 14.800000190734863, ""in_primary_zone"": false, ""lock_engine_alert"": false, ""in_restricted_zone"": false, ""onboard_geofencing"": false, ""speed_limit_active"": true}"
2023-07-17 13:20:48.475,5237,13,"359159972073523",20,"{""key"": false, ""flip"": false, ""zone"": false, ""speed"": 7.9, ""buzzer"": 0, ""engine"": true, ""in_zone"": false, ""ignition"": true, ""latitude"": 42.6541566, ""direction"": 137, ""longitude"": 18.06333, ""gsm_signal"": 28, ""sleep_mode"": false, ""staff_mode"": false, ""fault_codes"": [], ""speed_limit"": 70, ""engine_hours"": 1591, ""idc_triggers"": [], ""buzzer_active"": false, ""fuel_level_avg"": 0, ""lock_geo_alert"": false, ""operation_mode"": ""RENT"", ""battery_voltage"": 14.800000190734863, ""in_primary_zone"": false, ""lock_engine_alert"": false, ""in_restricted_zone"": false, ""onboard_geofencing"": false, ""speed_limit_active"": true}"
2023-07-17 13:20:47.441,5237,13,"359159972073523",20,"{""key"": false, ""flip"": false, ""zone"": false, ""speed"": 7.7, ""buzzer"": 0, ""engine"": true, ""in_zone"": false, ""ignition"": true, ""latitude"": 42.6541716, ""direction"": 137, ""longitude"": 18.0633116, ""gsm_signal"": 28, ""sleep_mode"": false, ""staff_mode"": false, ""fault_codes"": [], ""speed_limit"": 70, ""engine_hours"": 1591, ""idc_triggers"": [], ""buzzer_active"": false, ""fuel_level_avg"": 0, ""lock_geo_alert"": false, ""operation_mode"": ""RENT"", ""battery_voltage"": 14.800000190734863, ""in_primary_zone"": false, ""lock_engine_alert"": false, ""in_restricted_zone"": false, ""onboard_geofencing"": false, ""speed_limit_active"": true}"
2023-07-17 13:20:46.882,5237,13,"359159972073523",20,"{""key"": false, ""flip"": false, ""zone"": false, ""speed"": 8.1, ""buzzer"": 0, ""engine"": true, ""in_zone"": false, ""ignition"": true, ""latitude"": 42.654185, ""direction"": 136, ""longitude"": 18.0632932, ""gsm_signal"": 28, ""sleep_mode"": false, ""staff_mode"": false, ""fault_codes"": [], ""speed_limit"": 70, ""engine_hours"": 1591, ""idc_triggers"": [], ""buzzer_active"": false, ""fuel_level_avg"": 0, ""lock_geo_alert"": false, ""operation_mode"": ""RENT"", ""battery_voltage"": 14.800000190734863, ""in_primary_zone"": false, ""lock_engine_alert"": false, ""in_restricted_zone"": false, ""onboard_geofencing"": false, ""speed_limit_active"": true}"
2023-07-17 13:20:45.421,5237,13,"359159972073523",20,"{""key"": false, ""flip"": false, ""zone"": false, ""speed"": 8.4, ""buzzer"": 0, ""engine"": true, ""in_zone"": false, ""ignition"": true, ""latitude"": 42.6542, ""direction"": 136, ""longitude"": 18.063275, ""gsm_signal"": 31, ""sleep_mode"": false, ""staff_mode"": false, ""fault_codes"": [], ""speed_limit"": 70, ""engine_hours"": 1591, ""idc_triggers"": [], ""buzzer_active"": false, ""fuel_level_avg"": 0, ""lock_geo_alert"": false, ""operation_mode"": ""RENT"", ""battery_voltage"": 14.800000190734863, ""in_primary_zone"": false, ""lock_engine_alert"": false, ""in_restricted_zone"": false, ""onboard_geofencing"": false, ""speed_limit_active"": true}"
2023-07-17 13:20:44.441,5237,13,"359159972073523",20,"{""key"": false, ""flip"": false, ""zone"": false, ""speed"": 7.8, ""buzzer"": 0, ""engine"": true, ""in_zone"": false, ""ignition"": true, ""latitude"": 42.654215, ""direction"": 139, ""longitude"": 18.0632566, ""gsm_signal"": 31, ""sleep_mode"": false, ""staff_mode"": false, ""fault_codes"": [], ""speed_limit"": 70, ""engine_hours"": 1591, ""idc_triggers"": [], ""buzzer_active"": false, ""fuel_level_avg"": 0, ""lock_geo_alert"": false, ""operation_mode"": ""RENT"", ""battery_voltage"": 14.800000190734863, ""in_primary_zone"": false, ""lock_engine_alert"": false, ""in_restricted_zone"": false, ""onboard_geofencing"": false, ""speed_limit_active"": true}"
2023-07-17 13:20:43.444,5237,13,"359159972073523",20,"{""key"": false, ""flip"": false, ""zone"": false, ""speed"": 7.6, ""buzzer"": 0, ""engine"": true, ""in_zone"": false, ""ignition"": true, ""latitude"": 42.6542283, ""direction"": 136, ""longitude"": 18.0632382, ""gsm_signal"": 31, ""sleep_mode"": false, ""staff_mode"": false, ""fault_codes"": [], ""speed_limit"": 70, ""engine_hours"": 1591, ""idc_triggers"": [], ""buzzer_active"": false, ""fuel_level_avg"": 0, ""lock_geo_alert"": false, ""operation_mode"": ""RENT"", ""battery_voltage"": 14.800000190734863, ""in_primary_zone"": false, ""lock_engine_alert"": false, ""in_restricted_zone"": false, ""onboard_geofencing"": false, ""speed_limit_active"": true}"
2023-07-17 13:20:42.839,5237,13,"359159972073523",20,"{""key"": false, ""flip"": false, ""zone"": false, ""speed"": 7.5, ""buzzer"": 0, ""engine"": true, ""in_zone"": false, ""ignition"": true, ""latitude"": 42.6542416, ""direction"": 133, ""longitude"": 18.0632216, ""gsm_signal"": 31, ""sleep_mode"": false, ""staff_mode"": false, ""fault_codes"": [], ""speed_limit"": 70, ""engine_hours"": 1591, ""idc_triggers"": [], ""buzzer_active"": false, ""fuel_level_avg"": 0, ""lock_geo_alert"": false, ""operation_mode"": ""RENT"", ""battery_voltage"": 14.800000190734863, ""in_primary_zone"": false, ""lock_engine_alert"": false, ""in_restricted_zone"": false, ""onboard_geofencing"": false, ""speed_limit_active"": true}"
2023-07-17 13:20:41.417,5237,13,"359159972073523",20,"{""key"": false, ""flip"": false, ""zone"": false, ""speed"": 7.8, ""buzzer"": 0, ""engine"": true, ""in_zone"": false, ""ignition"": true, ""latitude"": 42.654255, ""direction"": 131, ""longitude"": 18.0632032, ""gsm_signal"": 31, ""sleep_mode"": false, ""staff_mode"": false, ""fault_codes"": [], ""speed_limit"": 70, ""engine_hours"": 1591, ""idc_triggers"": [], ""buzzer_active"": false, ""fuel_level_avg"": 0, ""lock_geo_alert"": false, ""operation_mode"": ""RENT"", ""battery_voltage"": 14.800000190734863, ""in_primary_zone"": false, ""lock_engine_alert"": false, ""in_restricted_zone"": false, ""onboard_geofencing"": false, ""speed_limit_active"": true}"
2023-07-17 13:20:40.425,5237,13,"359159972073523",20,"{""key"": false, ""flip"": false, ""zone"": false, ""speed"": 8.3, ""buzzer"": 0, ""engine"": true, ""in_zone"": false, ""ignition"": true, ""latitude"": 42.6542683, ""direction"": 134, ""longitude"": 18.0631832, ""gsm_signal"": 31, ""sleep_mode"": false, ""staff_mode"": false, ""fault_codes"": [], ""speed_limit"": 70, ""engine_hours"": 1591, ""idc_triggers"": [], ""buzzer_active"": false, ""fuel_level_avg"": 0, ""lock_geo_alert"": false, ""operation_mode"": ""RENT"", ""battery_voltage"": 14.800000190734863, ""in_primary_zone"": false, ""lock_engine_alert"": false, ""in_restricted_zone"": false, ""onboard_geofencing"": false, ""speed_limit_active"": true}"
2023-07-17 13:20:39.442,5237,13,"359159972073523",20,"{""key"": false, ""flip"": false, ""zone"": false, ""speed"": 8.4, ""buzzer"": 0, ""engine"": true, ""in_zone"": false, ""ignition"": true, ""latitude"": 42.6542816, ""direction"": 136, ""longitude"": 18.0631632, ""gsm_signal"": 30, ""sleep_mode"": false, ""staff_mode"": false, ""fault_codes"": [], ""speed_limit"": 70, ""engine_hours"": 1591, ""idc_triggers"": [], ""buzzer_active"": false, ""fuel_level_avg"": 0, ""lock_geo_alert"": false, ""operation_mode"": ""RENT"", ""battery_voltage"": 14.800000190734863, ""in_primary_zone"": false, ""lock_engine_alert"": false, ""in_restricted_zone"": false, ""onboard_geofencing"": false, ""speed_limit_active"": true}"
2023-07-17 13:20:38.448,5237,13,"359159972073523",20,"{""key"": false, ""flip"": false, ""zone"": false, ""speed"": 8.4, ""buzzer"": 0, ""engine"": true, ""in_zone"": false, ""ignition"": true, ""latitude"": 42.6542966, ""direction"": 135, ""longitude"": 18.0631432, ""gsm_signal"": 30, ""sleep_mode"": false, ""staff_mode"": false, ""fault_codes"": [], ""speed_limit"": 70, ""engine_hours"": 1591, ""idc_triggers"": [], ""buzzer_active"": false, ""fuel_level_avg"": 0, ""lock_geo_alert"": false, ""operation_mode"": ""RENT"", ""battery_voltage"": 14.800000190734863, ""in_primary_zone"": false, ""lock_engine_alert"": false, ""in_restricted_zone"": false, ""onboard_geofencing"": false, ""speed_limit_active"": true}"
2023-07-17 13:20:37.840,5237,13,"359159972073523",20,"{""key"": false, ""flip"": false, ""zone"": false, ""speed"": 7.8, ""buzzer"": 0, ""engine"": true, ""in_zone"": false, ""ignition"": true, ""latitude"": 42.6543116, ""direction"": 134, ""longitude"": 18.063125, ""gsm_signal"": 30, ""sleep_mode"": false, ""staff_mode"": false, ""fault_codes"": [], ""speed_limit"": 70, ""engine_hours"": 1591, ""idc_triggers"": [], ""buzzer_active"": false, ""fuel_level_avg"": 0, ""lock_geo_alert"": false, ""operation_mode"": ""RENT"", ""battery_voltage"": 14.800000190734863, ""in_primary_zone"": false, ""lock_engine_alert"": false, ""in_restricted_zone"": false, ""onboard_geofencing"": false, ""speed_limit_active"": true}"
2023-07-17 13:20:36.420,5237,13,"359159972073523",20,"{""key"": false, ""flip"": false, ""zone"": false, ""speed"": 7.4, ""buzzer"": 0, ""engine"": true, ""in_zone"": false, ""ignition"": true, ""latitude"": 42.654325, ""direction"": 133, ""longitude"": 18.0631066, ""gsm_signal"": 30, ""sleep_mode"": false, ""staff_mode"": false, ""fault_codes"": [], ""speed_limit"": 70, ""engine_hours"": 1591, ""idc_triggers"": [], ""buzzer_active"": false, ""fuel_level_avg"": 0, ""lock_geo_alert"": false, ""operation_mode"": ""RENT"", ""battery_voltage"": 14.800000190734863, ""in_primary_zone"": false, ""lock_engine_alert"": false, ""in_restricted_zone"": false, ""onboard_geofencing"": false, ""speed_limit_active"": true}"
2023-07-17 13:20:35.440,5237,13,"359159972073523",20,"{""key"": false, ""flip"": false, ""zone"": false, ""speed"": 7.8, ""buzzer"": 0, ""engine"": true, ""in_zone"": false, ""ignition"": true, ""latitude"": 42.6543366, ""direction"": 133, ""longitude"": 18.0630882, ""gsm_signal"": 30, ""sleep_mode"": false, ""staff_mode"": false, ""fault_codes"": [], ""speed_limit"": 70, ""engine_hours"": 1591, ""idc_triggers"": [], ""buzzer_active"": false, ""fuel_level_avg"": 0, ""lock_geo_alert"": false, ""operation_mode"": ""RENT"", ""battery_voltage"": 14.800000190734863, ""in_primary_zone"": false, ""lock_engine_alert"": false, ""in_restricted_zone"": false, ""onboard_geofencing"": false, ""speed_limit_active"": true}"
2023-07-17 13:20:34.439,5237,13,"359159972073523",20,"{""key"": false, ""flip"": false, ""zone"": false, ""speed"": 8.4, ""buzzer"": 0, ""engine"": true, ""in_zone"": false, ""ignition"": true, ""latitude"": 42.6543516, ""direction"": 134, ""longitude"": 18.0630682, ""gsm_signal"": 30, ""sleep_mode"": false, ""staff_mode"": false, ""fault_codes"": [], ""speed_limit"": 70, ""engine_hours"": 1591, ""idc_triggers"": [], ""buzzer_active"": false, ""fuel_level_avg"": 0, ""lock_geo_alert"": false, ""operation_mode"": ""RENT"", ""battery_voltage"": 14.800000190734863, ""in_primary_zone"": false, ""lock_engine_alert"": false, ""in_restricted_zone"": false, ""onboard_geofencing"": false, ""speed_limit_active"": true}"
2023-07-17 13:20:33.840,5237,13,"359159972073523",20,"{""key"": false, ""flip"": false, ""zone"": false, ""speed"": 7.8, ""buzzer"": 0, ""engine"": true, ""in_zone"": false, ""ignition"": true, ""latitude"": 42.654365, ""direction"": 135, ""longitude"": 18.0630482, ""gsm_signal"": 31, ""sleep_mode"": false, ""staff_mode"": false, ""fault_codes"": [], ""speed_limit"": 70, ""engine_hours"": 1591, ""idc_triggers"": [], ""buzzer_active"": false, ""fuel_level_avg"": 0, ""lock_geo_alert"": false, ""operation_mode"": ""RENT"", ""battery_voltage"": 14.800000190734863, ""in_primary_zone"": false, ""lock_engine_alert"": false, ""in_restricted_zone"": false, ""onboard_geofencing"": false, ""speed_limit_active"": true}"
2023-07-17 13:20:32.421,5237,13,"359159972073523",20,"{""key"": false, ""flip"": false, ""zone"": false, ""speed"": 6.3, ""buzzer"": 0, ""engine"": true, ""in_zone"": false, ""ignition"": true, ""latitude"": 42.6543783, ""direction"": 134, ""longitude"": 18.0630316, ""gsm_signal"": 31, ""sleep_mode"": false, ""staff_mode"": false, ""fault_codes"": [], ""speed_limit"": 70, ""engine_hours"": 1591, ""idc_triggers"": [], ""buzzer_active"": false, ""fuel_level_avg"": 0, ""lock_geo_alert"": false, ""operation_mode"": ""RENT"", ""battery_voltage"": 14.800000190734863, ""in_primary_zone"": false, ""lock_engine_alert"": false, ""in_restricted_zone"": false, ""onboard_geofencing"": false, ""speed_limit_active"": true}"
2023-07-17 13:20:31.422,5237,13,"359159972073523",20,"{""key"": false, ""flip"": false, ""zone"": false, ""speed"": 7.9, ""buzzer"": 0, ""engine"": true, ""in_zone"": false, ""ignition"": true, ""latitude"": 42.65439, ""direction"": 136, ""longitude"": 18.063015, ""gsm_signal"": 31, ""sleep_mode"": false, ""staff_mode"": false, ""fault_codes"": [], ""speed_limit"": 70, ""engine_hours"": 1591, ""idc_triggers"": [], ""buzzer_active"": false, ""fuel_level_avg"": 0, ""lock_geo_alert"": false, ""operation_mode"": ""RENT"", ""battery_voltage"": 14.800000190734863, ""in_primary_zone"": false, ""lock_engine_alert"": false, ""in_restricted_zone"": false, ""onboard_geofencing"": false, ""speed_limit_active"": true}"
2023-07-17 13:20:30.438,5237,13,"359159972073523",20,"{""key"": false, ""flip"": false, ""zone"": false, ""speed"": 13.2, ""buzzer"": 0, ""engine"": true, ""in_zone"": false, ""ignition"": true, ""latitude"": 42.6544066, ""direction"": 137, ""longitude"": 18.0629932, ""gsm_signal"": 31, ""sleep_mode"": false, ""staff_mode"": false, ""fault_codes"": [], ""speed_limit"": 70, ""engine_hours"": 1591, ""idc_triggers"": [], ""buzzer_active"": false, ""fuel_level_avg"": 0, ""lock_geo_alert"": false, ""operation_mode"": ""RENT"", ""battery_voltage"": 14.800000190734863, ""in_primary_zone"": false, ""lock_engine_alert"": false, ""in_restricted_zone"": false, ""onboard_geofencing"": false, ""speed_limit_active"": true}"
2023-07-17 13:20:29.597,5237,13,"359159972073523",20,"{""key"": false, ""flip"": false, ""zone"": false, ""speed"": 18.7, ""buzzer"": 0, ""engine"": true, ""in_zone"": false, ""ignition"": true, ""latitude"": 42.6544333, ""direction"": 134, ""longitude"": 18.06296, ""gsm_signal"": 31, ""sleep_mode"": false, ""staff_mode"": false, ""fault_codes"": [], ""speed_limit"": 70, ""engine_hours"": 1591, ""idc_triggers"": [], ""buzzer_active"": false, ""fuel_level_avg"": 0, ""lock_geo_alert"": false, ""operation_mode"": ""RENT"", ""battery_voltage"": 14.800000190734863, ""in_primary_zone"": false, ""lock_engine_alert"": false, ""in_restricted_zone"": false, ""onboard_geofencing"": false, ""speed_limit_active"": true}"
2023-07-17 13:20:28.843,5237,13,"359159972073523",20,"{""key"": false, ""flip"": false, ""zone"": false, ""speed"": 19.3, ""buzzer"": 0, ""engine"": true, ""in_zone"": false, ""ignition"": true, ""latitude"": 42.6544666, ""direction"": 131, ""longitude"": 18.0629132, ""gsm_signal"": 31, ""sleep_mode"": false, ""staff_mode"": false, ""fault_codes"": [], ""speed_limit"": 46, ""engine_hours"": 1591, ""idc_triggers"": [], ""buzzer_active"": false, ""fuel_level_avg"": 0, ""lock_geo_alert"": false, ""operation_mode"": ""RENT"", ""battery_voltage"": 14.800000190734863, ""in_primary_zone"": false, ""lock_engine_alert"": false, ""in_restricted_zone"": false, ""onboard_geofencing"": false, ""speed_limit_active"": true}"
2023-07-17 13:20:27.423,5237,13,"359159972073523",20,"{""key"": false, ""flip"": false, ""zone"": false, ""speed"": 18.8, ""buzzer"": 0, ""engine"": true, ""in_zone"": true, ""ignition"": true, ""latitude"": 42.6544983, ""direction"": 129, ""longitude"": 18.062865, ""gsm_signal"": 31, ""sleep_mode"": false, ""staff_mode"": false, ""fault_codes"": [], ""speed_limit"": 46, ""engine_hours"": 1591, ""idc_triggers"": [], ""buzzer_active"": false, ""fuel_level_avg"": 0, ""lock_geo_alert"": false, ""operation_mode"": ""RENT"", ""battery_voltage"": 14.800000190734863, ""in_primary_zone"": true, ""lock_engine_alert"": false, ""in_restricted_zone"": false, ""onboard_geofencing"": false, ""speed_limit_active"": false}"
2023-07-17 13:20:26.418,5237,13,"359159972073523",20,"{""key"": false, ""flip"": false, ""zone"": false, ""speed"": 17.8, ""buzzer"": 0, ""engine"": true, ""in_zone"": true, ""ignition"": true, ""latitude"": 42.6545283, ""direction"": 129, ""longitude"": 18.062815, ""gsm_signal"": 31, ""sleep_mode"": false, ""staff_mode"": false, ""fault_codes"": [], ""speed_limit"": 46, ""engine_hours"": 1591, ""idc_triggers"": [], ""buzzer_active"": false, ""fuel_level_avg"": 0, ""lock_geo_alert"": false, ""operation_mode"": ""RENT"", ""battery_voltage"": 14.800000190734863, ""in_primary_zone"": true, ""lock_engine_alert"": false, ""in_restricted_zone"": false, ""onboard_geofencing"": false, ""speed_limit_active"": false}"
2023-07-17 13:20:25.421,5237,13,"359159972073523",20,"{""key"": false, ""flip"": false, ""zone"": false, ""speed"": 15.9, ""buzzer"": 0, ""engine"": true, ""in_zone"": true, ""ignition"": true, ""latitude"": 42.654555, ""direction"": 126, ""longitude"": 18.06277, ""gsm_signal"": 31, ""sleep_mode"": false, ""staff_mode"": false, ""fault_codes"": [], ""speed_limit"": 46, ""engine_hours"": 1591, ""idc_triggers"": [], ""buzzer_active"": false, ""fuel_level_avg"": 0, ""lock_geo_alert"": false, ""operation_mode"": ""RENT"", ""battery_voltage"": 14.800000190734863, ""in_primary_zone"": true, ""lock_engine_alert"": false, ""in_restricted_zone"": false, ""onboard_geofencing"": false, ""speed_limit_active"": false}"
2023-07-17 13:20:24.439,5237,13,"359159972073523",20,"{""key"": false, ""flip"": false, ""zone"": false, ""speed"": 15.1, ""buzzer"": 0, ""engine"": true, ""in_zone"": true, ""ignition"": true, ""latitude"": 42.6545783, ""direction"": 124, ""longitude"": 18.0627266, ""gsm_signal"": 31, ""sleep_mode"": false, ""staff_mode"": false, ""fault_codes"": [], ""speed_limit"": 46, ""engine_hours"": 1591, ""idc_triggers"": [], ""buzzer_active"": false, ""fuel_level_avg"": 0, ""lock_geo_alert"": false, ""operation_mode"": ""RENT"", ""battery_voltage"": 14.800000190734863, ""in_primary_zone"": true, ""lock_engine_alert"": false, ""in_restricted_zone"": false, ""onboard_geofencing"": false, ""speed_limit_active"": false}"
2023-07-17 13:20:23.442,5237,13,"359159972073523",20,"{""key"": false, ""flip"": false, ""zone"": false, ""speed"": 15.3, ""buzzer"": 0, ""engine"": true, ""in_zone"": true, ""ignition"": true, ""latitude"": 42.6546, ""direction"": 123, ""longitude"": 18.062685, ""gsm_signal"": 31, ""sleep_mode"": false, ""staff_mode"": false, ""fault_codes"": [], ""speed_limit"": 46, ""engine_hours"": 1591, ""idc_triggers"": [], ""buzzer_active"": false, ""fuel_level_avg"": 0, ""lock_geo_alert"": false, ""operation_mode"": ""RENT"", ""battery_voltage"": 14.800000190734863, ""in_primary_zone"": true, ""lock_engine_alert"": false, ""in_restricted_zone"": false, ""onboard_geofencing"": false, ""speed_limit_active"": false}"
2023-07-17 13:20:22.840,5237,13,"359159972073523",20,"{""key"": false, ""flip"": false, ""zone"": false, ""speed"": 16.4, ""buzzer"": 0, ""engine"": true, ""in_zone"": true, ""ignition"": true, ""latitude"": 42.6546216, ""direction"": 123, ""longitude"": 18.06264, ""gsm_signal"": 31, ""sleep_mode"": false, ""staff_mode"": false, ""fault_codes"": [], ""speed_limit"": 46, ""engine_hours"": 1591, ""idc_triggers"": [], ""buzzer_active"": false, ""fuel_level_avg"": 0, ""lock_geo_alert"": false, ""operation_mode"": ""RENT"", ""battery_voltage"": 14.800000190734863, ""in_primary_zone"": true, ""lock_engine_alert"": false, ""in_restricted_zone"": false, ""onboard_geofencing"": false, ""speed_limit_active"": false}"
2023-07-17 13:20:21.422,5237,13,"359159972073523",20,"{""key"": false, ""flip"": false, ""zone"": false, ""speed"": 16.9, ""buzzer"": 0, ""engine"": true, ""in_zone"": true, ""ignition"": true, ""latitude"": 42.654645, ""direction"": 121, ""longitude"": 18.0625932, ""gsm_signal"": 31, ""sleep_mode"": false, ""staff_mode"": false, ""fault_codes"": [], ""speed_limit"": 46, ""engine_hours"": 1591, ""idc_triggers"": [], ""buzzer_active"": false, ""fuel_level_avg"": 0, ""lock_geo_alert"": false, ""operation_mode"": ""RENT"", ""battery_voltage"": 14.800000190734863, ""in_primary_zone"": true, ""lock_engine_alert"": false, ""in_restricted_zone"": false, ""onboard_geofencing"": false, ""speed_limit_active"": false}"
2023-07-17 13:20:20.441,5237,13,"359159972073523",20,"{""key"": false, ""flip"": false, ""zone"": false, ""speed"": 17.6, ""buzzer"": 0, ""engine"": true, ""in_zone"": true, ""ignition"": true, ""latitude"": 42.6546666, ""direction"": 122, ""longitude"": 18.0625432, ""gsm_signal"": 31, ""sleep_mode"": false, ""staff_mode"": false, ""fault_codes"": [], ""speed_limit"": 46, ""engine_hours"": 1591, ""idc_triggers"": [], ""buzzer_active"": false, ""fuel_level_avg"": 0, ""lock_geo_alert"": false, ""operation_mode"": ""RENT"", ""battery_voltage"": 14.800000190734863, ""in_primary_zone"": true, ""lock_engine_alert"": false, ""in_restricted_zone"": false, ""onboard_geofencing"": false, ""speed_limit_active"": false}"
2023-07-17 13:20:19.440,5237,13,"359159972073523",20,"{""key"": false, ""flip"": false, ""zone"": false, ""speed"": 18.1, ""buzzer"": 0, ""engine"": true, ""in_zone"": true, ""ignition"": true, ""latitude"": 42.6546916, ""direction"": 123, ""longitude"": 18.0624932, ""gsm_signal"": 31, ""sleep_mode"": false, ""staff_mode"": false, ""fault_codes"": [], ""speed_limit"": 46, ""engine_hours"": 1591, ""idc_triggers"": [], ""buzzer_active"": false, ""fuel_level_avg"": 0, ""lock_geo_alert"": false, ""operation_mode"": ""RENT"", ""battery_voltage"": 14.800000190734863, ""in_primary_zone"": true, ""lock_engine_alert"": false, ""in_restricted_zone"": false, ""onboard_geofencing"": false, ""speed_limit_active"": false}"
2023-07-17 13:20:18.840,5237,13,"359159972073523",20,"{""key"": false, ""flip"": false, ""zone"": false, ""speed"": 18.4, ""buzzer"": 0, ""engine"": true, ""in_zone"": true, ""ignition"": true, ""latitude"": 42.6547166, ""direction"": 124, ""longitude"": 18.0624416, ""gsm_signal"": 31, ""sleep_mode"": false, ""staff_mode"": false, ""fault_codes"": [], ""speed_limit"": 46, ""engine_hours"": 1591, ""idc_triggers"": [], ""buzzer_active"": false, ""fuel_level_avg"": 0, ""lock_geo_alert"": false, ""operation_mode"": ""RENT"", ""battery_voltage"": 14.800000190734863, ""in_primary_zone"": true, ""lock_engine_alert"": false, ""in_restricted_zone"": false, ""onboard_geofencing"": false, ""speed_limit_active"": false}"
2023-07-17 13:20:17.419,5237,13,"359159972073523",20,"{""key"": false, ""flip"": false, ""zone"": false, ""speed"": 19.1, ""buzzer"": 0, ""engine"": true, ""in_zone"": true, ""ignition"": true, ""latitude"": 42.6547433, ""direction"": 124, ""longitude"": 18.0623882, ""gsm_signal"": 31, ""sleep_mode"": false, ""staff_mode"": false, ""fault_codes"": [], ""speed_limit"": 46, ""engine_hours"": 1591, ""idc_triggers"": [], ""buzzer_active"": false, ""fuel_level_avg"": 0, ""lock_geo_alert"": false, ""operation_mode"": ""RENT"", ""battery_voltage"": 14.800000190734863, ""in_primary_zone"": true, ""lock_engine_alert"": false, ""in_restricted_zone"": false, ""onboard_geofencing"": false, ""speed_limit_active"": false}"
2023-07-17 13:20:16.421,5237,13,"359159972073523",20,"{""key"": false, ""flip"": false, ""zone"": false, ""speed"": 19.6, ""buzzer"": 0, ""engine"": true, ""in_zone"": true, ""ignition"": true, ""latitude"": 42.6547716, ""direction"": 124, ""longitude"": 18.062335, ""gsm_signal"": 31, ""sleep_mode"": false, ""staff_mode"": false, ""fault_codes"": [], ""speed_limit"": 46, ""engine_hours"": 1591, ""idc_triggers"": [], ""buzzer_active"": false, ""fuel_level_avg"": 0, ""lock_geo_alert"": false, ""operation_mode"": ""RENT"", ""battery_voltage"": 14.800000190734863, ""in_primary_zone"": true, ""lock_engine_alert"": false, ""in_restricted_zone"": false, ""onboard_geofencing"": false, ""speed_limit_active"": false}"
2023-07-17 13:20:15.438,5237,13,"359159972073523",20,"{""key"": false, ""flip"": false, ""zone"": false, ""speed"": 19.7, ""buzzer"": 0, ""engine"": true, ""in_zone"": true, ""ignition"": true, ""latitude"": 42.6548, ""direction"": 123, ""longitude"": 18.0622782, ""gsm_signal"": 31, ""sleep_mode"": false, ""staff_mode"": false, ""fault_codes"": [], ""speed_limit"": 46, ""engine_hours"": 1591, ""idc_triggers"": [], ""buzzer_active"": false, ""fuel_level_avg"": 0, ""lock_geo_alert"": false, ""operation_mode"": ""RENT"", ""battery_voltage"": 14.800000190734863, ""in_primary_zone"": true, ""lock_engine_alert"": false, ""in_restricted_zone"": false, ""onboard_geofencing"": false, ""speed_limit_active"": false}"
2023-07-17 13:20:14.441,5237,13,"359159972073523",20,"{""key"": false, ""flip"": false, ""zone"": false, ""speed"": 19.7, ""buzzer"": 0, ""engine"": true, ""in_zone"": true, ""ignition"": true, ""latitude"": 42.6548283, ""direction"": 122, ""longitude"": 18.0622232, ""gsm_signal"": 31, ""sleep_mode"": false, ""staff_mode"": false, ""fault_codes"": [], ""speed_limit"": 46, ""engine_hours"": 1591, ""idc_triggers"": [], ""buzzer_active"": false, ""fuel_level_avg"": 0, ""lock_geo_alert"": false, ""operation_mode"": ""RENT"", ""battery_voltage"": 14.800000190734863, ""in_primary_zone"": true, ""lock_engine_alert"": false, ""in_restricted_zone"": false, ""onboard_geofencing"": false, ""speed_limit_active"": false}"
2023-07-17 13:20:13.840,5237,13,"359159972073523",20,"{""key"": false, ""flip"": false, ""zone"": false, ""speed"": 19.7, ""buzzer"": 0, ""engine"": true, ""in_zone"": true, ""ignition"": true, ""latitude"": 42.654855, ""direction"": 120, ""longitude"": 18.062165, ""gsm_signal"": 31, ""sleep_mode"": false, ""staff_mode"": false, ""fault_codes"": [], ""speed_limit"": 46, ""engine_hours"": 1591, ""idc_triggers"": [], ""buzzer_active"": false, ""fuel_level_avg"": 0, ""lock_geo_alert"": false, ""operation_mode"": ""RENT"", ""battery_voltage"": 14.800000190734863, ""in_primary_zone"": true, ""lock_engine_alert"": false, ""in_restricted_zone"": false, ""onboard_geofencing"": false, ""speed_limit_active"": false}"
2023-07-17 13:20:12.419,5237,13,"359159972073523",20,"{""key"": false, ""flip"": false, ""zone"": false, ""speed"": 19.4, ""buzzer"": 0, ""engine"": true, ""in_zone"": true, ""ignition"": true, ""latitude"": 42.65488, ""direction"": 120, ""longitude"": 18.0621066, ""gsm_signal"": 31, ""sleep_mode"": false, ""staff_mode"": false, ""fault_codes"": [], ""speed_limit"": 46, ""engine_hours"": 1591, ""idc_triggers"": [], ""buzzer_active"": false, ""fuel_level_avg"": 0, ""lock_geo_alert"": false, ""operation_mode"": ""RENT"", ""battery_voltage"": 14.800000190734863, ""in_primary_zone"": true, ""lock_engine_alert"": false, ""in_restricted_zone"": false, ""onboard_geofencing"": false, ""speed_limit_active"": false}"
2023-07-17 13:20:11.442,5237,13,"359159972073523",20,"{""key"": false, ""flip"": false, ""zone"": false, ""speed"": 18.7, ""buzzer"": 0, ""engine"": true, ""in_zone"": true, ""ignition"": true, ""latitude"": 42.6549033, ""direction"": 119, ""longitude"": 18.06205, ""gsm_signal"": 31, ""sleep_mode"": false, ""staff_mode"": false, ""fault_codes"": [], ""speed_limit"": 46, ""engine_hours"": 1591, ""idc_triggers"": [], ""buzzer_active"": false, ""fuel_level_avg"": 0, ""lock_geo_alert"": false, ""operation_mode"": ""RENT"", ""battery_voltage"": 14.800000190734863, ""in_primary_zone"": true, ""lock_engine_alert"": false, ""in_restricted_zone"": false, ""onboard_geofencing"": false, ""speed_limit_active"": false}"
2023-07-17 13:20:10.461,5237,13,"359159972073523",20,"{""key"": false, ""flip"": false, ""zone"": false, ""speed"": 18.5, ""buzzer"": 0, ""engine"": true, ""in_zone"": true, ""ignition"": true, ""latitude"": 42.6549266, ""direction"": 119, ""longitude"": 18.061995, ""gsm_signal"": 31, ""sleep_mode"": false, ""staff_mode"": false, ""fault_codes"": [], ""speed_limit"": 46, ""engine_hours"": 1591, ""idc_triggers"": [], ""buzzer_active"": false, ""fuel_level_avg"": 0, ""lock_geo_alert"": false, ""operation_mode"": ""RENT"", ""battery_voltage"": 14.800000190734863, ""in_primary_zone"": true, ""lock_engine_alert"": false, ""in_restricted_zone"": false, ""onboard_geofencing"": false, ""speed_limit_active"": false}"
2023-07-17 13:20:09.839,5237,13,"359159972073523",20,"{""key"": false, ""flip"": false, ""zone"": false, ""speed"": 18.7, ""buzzer"": 0, ""engine"": true, ""in_zone"": true, ""ignition"": true, ""latitude"": 42.6549516, ""direction"": 118, ""longitude"": 18.06194, ""gsm_signal"": 31, ""sleep_mode"": false, ""staff_mode"": false, ""fault_codes"": [], ""speed_limit"": 46, ""engine_hours"": 1591, ""idc_triggers"": [], ""buzzer_active"": false, ""fuel_level_avg"": 0, ""lock_geo_alert"": false, ""operation_mode"": ""RENT"", ""battery_voltage"": 14.800000190734863, ""in_primary_zone"": true, ""lock_engine_alert"": false, ""in_restricted_zone"": false, ""onboard_geofencing"": false, ""speed_limit_active"": false}"
2023-07-17 13:20:08.416,5237,13,"359159972073523",20,"{""key"": false, ""flip"": false, ""zone"": false, ""speed"": 18.5, ""buzzer"": 0, ""engine"": true, ""in_zone"": true, ""ignition"": true, ""latitude"": 42.6549733, ""direction"": 112, ""longitude"": 18.0618832, ""gsm_signal"": 31, ""sleep_mode"": false, ""staff_mode"": false, ""fault_codes"": [], ""speed_limit"": 46, ""engine_hours"": 1591, ""idc_triggers"": [], ""buzzer_active"": false, ""fuel_level_avg"": 0, ""lock_geo_alert"": false, ""operation_mode"": ""RENT"", ""battery_voltage"": 14.800000190734863, ""in_primary_zone"": true, ""lock_engine_alert"": false, ""in_restricted_zone"": false, ""onboard_geofencing"": false, ""speed_limit_active"": false}"
2023-07-17 13:20:07.420,5237,13,"359159972073523",20,"{""key"": false, ""flip"": false, ""zone"": false, ""speed"": 18.5, ""buzzer"": 0, ""engine"": true, ""in_zone"": true, ""ignition"": true, ""latitude"": 42.65499, ""direction"": 107, ""longitude"": 18.061825, ""gsm_signal"": 31, ""sleep_mode"": false, ""staff_mode"": false, ""fault_codes"": [], ""speed_limit"": 46, ""engine_hours"": 1591, ""idc_triggers"": [], ""buzzer_active"": false, ""fuel_level_avg"": 0, ""lock_geo_alert"": false, ""operation_mode"": ""RENT"", ""battery_voltage"": 14.800000190734863, ""in_primary_zone"": true, ""lock_engine_alert"": false, ""in_restricted_zone"": false, ""onboard_geofencing"": false, ""speed_limit_active"": false}"
2023-07-17 13:20:06.437,5237,13,"359159972073523",20,"{""key"": false, ""flip"": false, ""zone"": false, ""speed"": 18.6, ""buzzer"": 0, ""engine"": true, ""in_zone"": true, ""ignition"": true, ""latitude"": 42.6550033, ""direction"": 101, ""longitude"": 18.0617632, ""gsm_signal"": 31, ""sleep_mode"": false, ""staff_mode"": false, ""fault_codes"": [], ""speed_limit"": 46, ""engine_hours"": 1591, ""idc_triggers"": [], ""buzzer_active"": false, ""fuel_level_avg"": 0, ""lock_geo_alert"": false, ""operation_mode"": ""RENT"", ""battery_voltage"": 14.800000190734863, ""in_primary_zone"": true, ""lock_engine_alert"": false, ""in_restricted_zone"": false, ""onboard_geofencing"": false, ""speed_limit_active"": false}"
2023-07-17 13:20:05.441,5237,13,"359159972073523",20,"{""key"": false, ""flip"": false, ""zone"": false, ""speed"": 18.4, ""buzzer"": 0, ""engine"": true, ""in_zone"": true, ""ignition"": true, ""latitude"": 42.6550133, ""direction"": 100, ""longitude"": 18.0617016, ""gsm_signal"": 31, ""sleep_mode"": false, ""staff_mode"": false, ""fault_codes"": [], ""speed_limit"": 46, ""engine_hours"": 1591, ""idc_triggers"": [], ""buzzer_active"": false, ""fuel_level_avg"": 0, ""lock_geo_alert"": false, ""operation_mode"": ""RENT"", ""battery_voltage"": 14.800000190734863, ""in_primary_zone"": true, ""lock_engine_alert"": false, ""in_restricted_zone"": false, ""onboard_geofencing"": false, ""speed_limit_active"": false}"
2023-07-17 13:20:04.840,5237,13,"359159972073523",20,"{""key"": false, ""flip"": false, ""zone"": false, ""speed"": 18.5, ""buzzer"": 0, ""engine"": true, ""in_zone"": true, ""ignition"": true, ""latitude"": 42.65502, ""direction"": 99, ""longitude"": 18.06164, ""gsm_signal"": 31, ""sleep_mode"": false, ""staff_mode"": false, ""fault_codes"": [], ""speed_limit"": 46, ""engine_hours"": 1591, ""idc_triggers"": [], ""buzzer_active"": false, ""fuel_level_avg"": 0, ""lock_geo_alert"": false, ""operation_mode"": ""RENT"", ""battery_voltage"": 14.800000190734863, ""in_primary_zone"": true, ""lock_engine_alert"": false, ""in_restricted_zone"": false, ""onboard_geofencing"": false, ""speed_limit_active"": false}"
2023-07-17 13:20:03.420,5237,13,"359159972073523",20,"{""key"": false, ""flip"": false, ""zone"": false, ""speed"": 19.0, ""buzzer"": 0, ""engine"": true, ""in_zone"": true, ""ignition"": true, ""latitude"": 42.6550283, ""direction"": 98, ""longitude"": 18.0615766, ""gsm_signal"": 31, ""sleep_mode"": false, ""staff_mode"": false, ""fault_codes"": [], ""speed_limit"": 46, ""engine_hours"": 1591, ""idc_triggers"": [], ""buzzer_active"": false, ""fuel_level_avg"": 0, ""lock_geo_alert"": false, ""operation_mode"": ""RENT"", ""battery_voltage"": 14.800000190734863, ""in_primary_zone"": true, ""lock_engine_alert"": false, ""in_restricted_zone"": false, ""onboard_geofencing"": false, ""speed_limit_active"": false}"
2023-07-17 13:20:02.440,5237,13,"359159972073523",20,"{""key"": false, ""flip"": false, ""zone"": false, ""speed"": 19.9, ""buzzer"": 0, ""engine"": true, ""in_zone"": true, ""ignition"": true, ""latitude"": 42.6550366, ""direction"": 98, ""longitude"": 18.0615132, ""gsm_signal"": 31, ""sleep_mode"": false, ""staff_mode"": false, ""fault_codes"": [], ""speed_limit"": 46, ""engine_hours"": 1591, ""idc_triggers"": [], ""buzzer_active"": false, ""fuel_level_avg"": 0, ""lock_geo_alert"": false, ""operation_mode"": ""RENT"", ""battery_voltage"": 14.800000190734863, ""in_primary_zone"": true, ""lock_engine_alert"": false, ""in_restricted_zone"": false, ""onboard_geofencing"": false, ""speed_limit_active"": false}"
2023-07-17 13:20:01.439,5237,13,"359159972073523",20,"{""key"": false, ""flip"": false, ""zone"": false, ""speed"": 20.0, ""buzzer"": 0, ""engine"": true, ""in_zone"": true, ""ignition"": true, ""latitude"": 42.6550433, ""direction"": 96, ""longitude"": 18.0614466, ""gsm_signal"": 31, ""sleep_mode"": false, ""staff_mode"": false, ""fault_codes"": [], ""speed_limit"": 46, ""engine_hours"": 1591, ""idc_triggers"": [], ""buzzer_active"": false, ""fuel_level_avg"": 0, ""lock_geo_alert"": false, ""operation_mode"": ""RENT"", ""battery_voltage"": 14.800000190734863, ""in_primary_zone"": true, ""lock_engine_alert"": false, ""in_restricted_zone"": false, ""onboard_geofencing"": false, ""speed_limit_active"": false}"
2023-07-17 13:20:00.839,5237,13,"359159972073523",20,"{""key"": false, ""flip"": false, ""zone"": false, ""speed"": 20.1, ""buzzer"": 0, ""engine"": true, ""in_zone"": true, ""ignition"": true, ""latitude"": 42.65505, ""direction"": 95, ""longitude"": 18.0613782, ""gsm_signal"": 31, ""sleep_mode"": false, ""staff_mode"": false, ""fault_codes"": [], ""speed_limit"": 46, ""engine_hours"": 1591, ""idc_triggers"": [], ""buzzer_active"": false, ""fuel_level_avg"": 0, ""lock_geo_alert"": false, ""operation_mode"": ""RENT"", ""battery_voltage"": 14.800000190734863, ""in_primary_zone"": true, ""lock_engine_alert"": false, ""in_restricted_zone"": false, ""onboard_geofencing"": false, ""speed_limit_active"": false}"
2023-07-17 13:19:59.417,5237,13,"359159972073523",20,"{""key"": false, ""flip"": false, ""zone"": false, ""speed"": 20.4, ""buzzer"": 0, ""engine"": true, ""in_zone"": true, ""ignition"": true, ""latitude"": 42.6550566, ""direction"": 95, ""longitude"": 18.0613116, ""gsm_signal"": 31, ""sleep_mode"": false, ""staff_mode"": false, ""fault_codes"": [], ""speed_limit"": 46, ""engine_hours"": 1591, ""idc_triggers"": [], ""buzzer_active"": false, ""fuel_level_avg"": 0, ""lock_geo_alert"": false, ""operation_mode"": ""RENT"", ""battery_voltage"": 14.800000190734863, ""in_primary_zone"": true, ""lock_engine_alert"": false, ""in_restricted_zone"": false, ""onboard_geofencing"": false, ""speed_limit_active"": false}"
2023-07-17 13:19:58.429,5237,13,"359159972073523",20,"{""key"": false, ""flip"": false, ""zone"": false, ""speed"": 20.7, ""buzzer"": 0, ""engine"": true, ""in_zone"": true, ""ignition"": true, ""latitude"": 42.6550616, ""direction"": 93, ""longitude"": 18.0612416, ""gsm_signal"": 31, ""sleep_mode"": false, ""staff_mode"": false, ""fault_codes"": [], ""speed_limit"": 46, ""engine_hours"": 1591, ""idc_triggers"": [], ""buzzer_active"": false, ""fuel_level_avg"": 0, ""lock_geo_alert"": false, ""operation_mode"": ""RENT"", ""battery_voltage"": 14.800000190734863, ""in_primary_zone"": true, ""lock_engine_alert"": false, ""in_restricted_zone"": false, ""onboard_geofencing"": false, ""speed_limit_active"": false}"
2023-07-17 13:19:57.442,5237,13,"359159972073523",20,"{""key"": false, ""flip"": false, ""zone"": false, ""speed"": 21.2, ""buzzer"": 0, ""engine"": true, ""in_zone"": true, ""ignition"": true, ""latitude"": 42.655065, ""direction"": 92, ""longitude"": 18.0611716, ""gsm_signal"": 31, ""sleep_mode"": false, ""staff_mode"": false, ""fault_codes"": [], ""speed_limit"": 46, ""engine_hours"": 1591, ""idc_triggers"": [], ""buzzer_active"": false, ""fuel_level_avg"": 0, ""lock_geo_alert"": false, ""operation_mode"": ""RENT"", ""battery_voltage"": 14.800000190734863, ""in_primary_zone"": true, ""lock_engine_alert"": false, ""in_restricted_zone"": false, ""onboard_geofencing"": false, ""speed_limit_active"": false}"
2023-07-17 13:19:56.442,5237,13,"359159972073523",20,"{""key"": false, ""flip"": false, ""zone"": false, ""speed"": 22.0, ""buzzer"": 0, ""engine"": true, ""in_zone"": true, ""ignition"": true, ""latitude"": 42.6550683, ""direction"": 91, ""longitude"": 18.0611, ""gsm_signal"": 31, ""sleep_mode"": false, ""staff_mode"": false, ""fault_codes"": [], ""speed_limit"": 46, ""engine_hours"": 1591, ""idc_triggers"": [], ""buzzer_active"": false, ""fuel_level_avg"": 0, ""lock_geo_alert"": false, ""operation_mode"": ""RENT"", ""battery_voltage"": 14.800000190734863, ""in_primary_zone"": true, ""lock_engine_alert"": false, ""in_restricted_zone"": false, ""onboard_geofencing"": false, ""speed_limit_active"": false}"
2023-07-17 13:19:55.840,5237,13,"359159972073523",20,"{""key"": false, ""flip"": false, ""zone"": false, ""speed"": 21.4, ""buzzer"": 0, ""engine"": true, ""in_zone"": true, ""ignition"": true, ""latitude"": 42.6550683, ""direction"": 87, ""longitude"": 18.061025, ""gsm_signal"": 31, ""sleep_mode"": false, ""staff_mode"": false, ""fault_codes"": [], ""speed_limit"": 46, ""engine_hours"": 1591, ""idc_triggers"": [], ""buzzer_active"": false, ""fuel_level_avg"": 0, ""lock_geo_alert"": false, ""operation_mode"": ""RENT"", ""battery_voltage"": 14.800000190734863, ""in_primary_zone"": true, ""lock_engine_alert"": false, ""in_restricted_zone"": false, ""onboard_geofencing"": false, ""speed_limit_active"": false}"
2023-07-17 13:19:54.420,5237,13,"359159972073523",20,"{""key"": false, ""flip"": false, ""zone"": false, ""speed"": 21.7, ""buzzer"": 0, ""engine"": true, ""in_zone"": true, ""ignition"": true, ""latitude"": 42.6550666, ""direction"": 83, ""longitude"": 18.0609532, ""gsm_signal"": 31, ""sleep_mode"": false, ""staff_mode"": false, ""fault_codes"": [], ""speed_limit"": 46, ""engine_hours"": 1591, ""idc_triggers"": [], ""buzzer_active"": false, ""fuel_level_avg"": 0, ""lock_geo_alert"": false, ""operation_mode"": ""RENT"", ""battery_voltage"": 14.800000190734863, ""in_primary_zone"": true, ""lock_engine_alert"": false, ""in_restricted_zone"": false, ""onboard_geofencing"": false, ""speed_limit_active"": false}"
2023-07-17 13:19:53.453,5237,13,"359159972073523",20,"{""key"": false, ""flip"": false, ""zone"": false, ""speed"": 22.3, ""buzzer"": 0, ""engine"": true, ""in_zone"": true, ""ignition"": true, ""latitude"": 42.65506, ""direction"": 83, ""longitude"": 18.06088, ""gsm_signal"": 31, ""sleep_mode"": false, ""staff_mode"": false, ""fault_codes"": [], ""speed_limit"": 46, ""engine_hours"": 1591, ""idc_triggers"": [], ""buzzer_active"": false, ""fuel_level_avg"": 0, ""lock_geo_alert"": false, ""operation_mode"": ""RENT"", ""battery_voltage"": 14.800000190734863, ""in_primary_zone"": true, ""lock_engine_alert"": false, ""in_restricted_zone"": false, ""onboard_geofencing"": false, ""speed_limit_active"": false}"
2023-07-17 13:19:52.443,5237,13,"359159972073523",20,"{""key"": false, ""flip"": false, ""zone"": false, ""speed"": 23.0, ""buzzer"": 0, ""engine"": true, ""in_zone"": true, ""ignition"": true, ""latitude"": 42.6550533, ""direction"": 85, ""longitude"": 18.0608032, ""gsm_signal"": 31, ""sleep_mode"": false, ""staff_mode"": false, ""fault_codes"": [], ""speed_limit"": 46, ""engine_hours"": 1591, ""idc_triggers"": [], ""buzzer_active"": false, ""fuel_level_avg"": 0, ""lock_geo_alert"": false, ""operation_mode"": ""RENT"", ""battery_voltage"": 14.800000190734863, ""in_primary_zone"": true, ""lock_engine_alert"": false, ""in_restricted_zone"": false, ""onboard_geofencing"": false, ""speed_limit_active"": false}"
2023-07-17 13:19:51.841,5237,13,"359159972073523",20,"{""key"": false, ""flip"": false, ""zone"": false, ""speed"": 23.5, ""buzzer"": 0, ""engine"": true, ""in_zone"": true, ""ignition"": true, ""latitude"": 42.65505, ""direction"": 87, ""longitude"": 18.060725, ""gsm_signal"": 31, ""sleep_mode"": false, ""staff_mode"": false, ""fault_codes"": [], ""speed_limit"": 46, ""engine_hours"": 1591, ""idc_triggers"": [], ""buzzer_active"": false, ""fuel_level_avg"": 0, ""lock_geo_alert"": false, ""operation_mode"": ""RENT"", ""battery_voltage"": 14.800000190734863, ""in_primary_zone"": true, ""lock_engine_alert"": false, ""in_restricted_zone"": false, ""onboard_geofencing"": false, ""speed_limit_active"": false}"
2023-07-17 13:19:50.421,5237,13,"359159972073523",20,"{""key"": false, ""flip"": false, ""zone"": false, ""speed"": 23.3, ""buzzer"": 0, ""engine"": true, ""in_zone"": true, ""ignition"": true, ""latitude"": 42.6550466, ""direction"": 87, ""longitude"": 18.0606466, ""gsm_signal"": 31, ""sleep_mode"": false, ""staff_mode"": false, ""fault_codes"": [], ""speed_limit"": 46, ""engine_hours"": 1591, ""idc_triggers"": [], ""buzzer_active"": false, ""fuel_level_avg"": 0, ""lock_geo_alert"": false, ""operation_mode"": ""RENT"", ""battery_voltage"": 14.800000190734863, ""in_primary_zone"": true, ""lock_engine_alert"": false, ""in_restricted_zone"": false, ""onboard_geofencing"": false, ""speed_limit_active"": false}"
2023-07-17 13:19:49.421,5237,13,"359159972073523",20,"{""key"": false, ""flip"": false, ""zone"": false, ""speed"": 23.5, ""buzzer"": 0, ""engine"": true, ""in_zone"": true, ""ignition"": true, ""latitude"": 42.6550433, ""direction"": 87, ""longitude"": 18.0605666, ""gsm_signal"": 31, ""sleep_mode"": false, ""staff_mode"": false, ""fault_codes"": [], ""speed_limit"": 46, ""engine_hours"": 1591, ""idc_triggers"": [], ""buzzer_active"": false, ""fuel_level_avg"": 0, ""lock_geo_alert"": false, ""operation_mode"": ""RENT"", ""battery_voltage"": 14.800000190734863, ""in_primary_zone"": true, ""lock_engine_alert"": false, ""in_restricted_zone"": false, ""onboard_geofencing"": false, ""speed_limit_active"": false}"
2023-07-17 13:19:48.438,5237,13,"359159972073523",20,"{""key"": false, ""flip"": false, ""zone"": false, ""speed"": 24.2, ""buzzer"": 0, ""engine"": true, ""in_zone"": true, ""ignition"": true, ""latitude"": 42.65504, ""direction"": 87, ""longitude"": 18.0604866, ""gsm_signal"": 31, ""sleep_mode"": false, ""staff_mode"": false, ""fault_codes"": [], ""speed_limit"": 46, ""engine_hours"": 1591, ""idc_triggers"": [], ""buzzer_active"": false, ""fuel_level_avg"": 0, ""lock_geo_alert"": false, ""operation_mode"": ""RENT"", ""battery_voltage"": 14.800000190734863, ""in_primary_zone"": true, ""lock_engine_alert"": false, ""in_restricted_zone"": false, ""onboard_geofencing"": false, ""speed_limit_active"": false}"
2023-07-17 13:19:47.457,5237,13,"359159972073523",20,"{""key"": false, ""flip"": false, ""zone"": false, ""speed"": 24.4, ""buzzer"": 0, ""engine"": true, ""in_zone"": true, ""ignition"": true, ""latitude"": 42.6550383, ""direction"": 87, ""longitude"": 18.0604032, ""gsm_signal"": 31, ""sleep_mode"": false, ""staff_mode"": false, ""fault_codes"": [], ""speed_limit"": 46, ""engine_hours"": 1591, ""idc_triggers"": [], ""buzzer_active"": false, ""fuel_level_avg"": 0, ""lock_geo_alert"": false, ""operation_mode"": ""RENT"", ""battery_voltage"": 14.800000190734863, ""in_primary_zone"": true, ""lock_engine_alert"": false, ""in_restricted_zone"": false, ""onboard_geofencing"": false, ""speed_limit_active"": false}"
2023-07-17 13:19:46.843,5237,13,"359159972073523",20,"{""key"": false, ""flip"": false, ""zone"": false, ""speed"": 24.3, ""buzzer"": 0, ""engine"": true, ""in_zone"": true, ""ignition"": true, ""latitude"": 42.655035, ""direction"": 87, ""longitude"": 18.0603216, ""gsm_signal"": 31, ""sleep_mode"": false, ""staff_mode"": false, ""fault_codes"": [], ""speed_limit"": 46, ""engine_hours"": 1591, ""idc_triggers"": [], ""buzzer_active"": false, ""fuel_level_avg"": 0, ""lock_geo_alert"": false, ""operation_mode"": ""RENT"", ""battery_voltage"": 14.800000190734863, ""in_primary_zone"": true, ""lock_engine_alert"": false, ""in_restricted_zone"": false, ""onboard_geofencing"": false, ""speed_limit_active"": false}"
2023-07-17 13:19:45.418,5237,13,"359159972073523",20,"{""key"": false, ""flip"": false, ""zone"": false, ""speed"": 24.7, ""buzzer"": 0, ""engine"": true, ""in_zone"": true, ""ignition"": true, ""latitude"": 42.6550316, ""direction"": 85, ""longitude"": 18.0602382, ""gsm_signal"": 31, ""sleep_mode"": false, ""staff_mode"": false, ""fault_codes"": [], ""speed_limit"": 46, ""engine_hours"": 1591, ""idc_triggers"": [], ""buzzer_active"": false, ""fuel_level_avg"": 0, ""lock_geo_alert"": false, ""operation_mode"": ""RENT"", ""battery_voltage"": 14.800000190734863, ""in_primary_zone"": true, ""lock_engine_alert"": false, ""in_restricted_zone"": false, ""onboard_geofencing"": false, ""speed_limit_active"": false}"
2023-07-17 13:19:44.419,5237,13,"359159972073523",20,"{""key"": false, ""flip"": false, ""zone"": false, ""speed"": 24.4, ""buzzer"": 0, ""engine"": true, ""in_zone"": true, ""ignition"": true, ""latitude"": 42.6550266, ""direction"": 85, ""longitude"": 18.060155, ""gsm_signal"": 31, ""sleep_mode"": false, ""staff_mode"": false, ""fault_codes"": [], ""speed_limit"": 46, ""engine_hours"": 1591, ""idc_triggers"": [], ""buzzer_active"": false, ""fuel_level_avg"": 0, ""lock_geo_alert"": false, ""operation_mode"": ""RENT"", ""battery_voltage"": 14.800000190734863, ""in_primary_zone"": true, ""lock_engine_alert"": false, ""in_restricted_zone"": false, ""onboard_geofencing"": false, ""speed_limit_active"": false}"
2023-07-17 13:19:43.420,5237,13,"359159972073523",20,"{""key"": false, ""flip"": false, ""zone"": false, ""speed"": 24.1, ""buzzer"": 0, ""engine"": true, ""in_zone"": true, ""ignition"": true, ""latitude"": 42.6550216, ""direction"": 87, ""longitude"": 18.0600716, ""gsm_signal"": 31, ""sleep_mode"": false, ""staff_mode"": false, ""fault_codes"": [], ""speed_limit"": 46, ""engine_hours"": 1591, ""idc_triggers"": [], ""buzzer_active"": false, ""fuel_level_avg"": 0, ""lock_geo_alert"": false, ""operation_mode"": ""RENT"", ""battery_voltage"": 14.800000190734863, ""in_primary_zone"": true, ""lock_engine_alert"": false, ""in_restricted_zone"": false, ""onboard_geofencing"": false, ""speed_limit_active"": false}"
2023-07-17 13:19:42.450,5237,13,"359159972073523",20,"{""key"": false, ""flip"": false, ""zone"": false, ""speed"": 24.6, ""buzzer"": 0, ""engine"": true, ""in_zone"": true, ""ignition"": true, ""latitude"": 42.65502, ""direction"": 87, ""longitude"": 18.05999, ""gsm_signal"": 31, ""sleep_mode"": false, ""staff_mode"": false, ""fault_codes"": [], ""speed_limit"": 46, ""engine_hours"": 1591, ""idc_triggers"": [], ""buzzer_active"": false, ""fuel_level_avg"": 0, ""lock_geo_alert"": false, ""operation_mode"": ""RENT"", ""battery_voltage"": 14.800000190734863, ""in_primary_zone"": true, ""lock_engine_alert"": false, ""in_restricted_zone"": false, ""onboard_geofencing"": false, ""speed_limit_active"": false}"
2023-07-17 13:19:41.441,5237,13,"359159972073523",20,"{""key"": false, ""flip"": false, ""zone"": false, ""speed"": 25.2, ""buzzer"": 0, ""engine"": true, ""in_zone"": true, ""ignition"": true, ""latitude"": 42.6550166, ""direction"": 87, ""longitude"": 18.059905, ""gsm_signal"": 31, ""sleep_mode"": false, ""staff_mode"": false, ""fault_codes"": [], ""speed_limit"": 46, ""engine_hours"": 1591, ""idc_triggers"": [], ""buzzer_active"": false, ""fuel_level_avg"": 0, ""lock_geo_alert"": false, ""operation_mode"": ""RENT"", ""battery_voltage"": 14.800000190734863, ""in_primary_zone"": true, ""lock_engine_alert"": false, ""in_restricted_zone"": false, ""onboard_geofencing"": false, ""speed_limit_active"": false}"
2023-07-17 13:19:40.841,5237,13,"359159972073523",20,"{""key"": false, ""flip"": false, ""zone"": false, ""speed"": 25.4, ""buzzer"": 0, ""engine"": true, ""in_zone"": true, ""ignition"": true, ""latitude"": 42.6550133, ""direction"": 86, ""longitude"": 18.05982, ""gsm_signal"": 31, ""sleep_mode"": false, ""staff_mode"": false, ""fault_codes"": [], ""speed_limit"": 46, ""engine_hours"": 1591, ""idc_triggers"": [], ""buzzer_active"": false, ""fuel_level_avg"": 0, ""lock_geo_alert"": false, ""operation_mode"": ""RENT"", ""battery_voltage"": 14.800000190734863, ""in_primary_zone"": true, ""lock_engine_alert"": false, ""in_restricted_zone"": false, ""onboard_geofencing"": false, ""speed_limit_active"": false}"
2023-07-17 13:19:39.418,5237,13,"359159972073523",20,"{""key"": false, ""flip"": false, ""zone"": false, ""speed"": 25.0, ""buzzer"": 0, ""engine"": true, ""in_zone"": true, ""ignition"": true, ""latitude"": 42.65501, ""direction"": 86, ""longitude"": 18.0597332, ""gsm_signal"": 31, ""sleep_mode"": false, ""staff_mode"": false, ""fault_codes"": [], ""speed_limit"": 46, ""engine_hours"": 1591, ""idc_triggers"": [], ""buzzer_active"": false, ""fuel_level_avg"": 0, ""lock_geo_alert"": false, ""operation_mode"": ""RENT"", ""battery_voltage"": 14.800000190734863, ""in_primary_zone"": true, ""lock_engine_alert"": false, ""in_restricted_zone"": false, ""onboard_geofencing"": false, ""speed_limit_active"": false}"
2023-07-17 13:19:38.441,5237,13,"359159972073523",20,"{""key"": false, ""flip"": false, ""zone"": false, ""speed"": 23.9, ""buzzer"": 0, ""engine"": true, ""in_zone"": true, ""ignition"": true, ""latitude"": 42.6550066, ""direction"": 84, ""longitude"": 18.05965, ""gsm_signal"": 31, ""sleep_mode"": false, ""staff_mode"": false, ""fault_codes"": [], ""speed_limit"": 46, ""engine_hours"": 1591, ""idc_triggers"": [], ""buzzer_active"": false, ""fuel_level_avg"": 0, ""lock_geo_alert"": false, ""operation_mode"": ""RENT"", ""battery_voltage"": 14.800000190734863, ""in_primary_zone"": true, ""lock_engine_alert"": false, ""in_restricted_zone"": false, ""onboard_geofencing"": false, ""speed_limit_active"": false}"
2023-07-17 13:19:37.439,5237,13,"359159972073523",20,"{""key"": false, ""flip"": false, ""zone"": false, ""speed"": 22.9, ""buzzer"": 0, ""engine"": true, ""in_zone"": true, ""ignition"": true, ""latitude"": 42.655, ""direction"": 83, ""longitude"": 18.05957, ""gsm_signal"": 31, ""sleep_mode"": false, ""staff_mode"": false, ""fault_codes"": [], ""speed_limit"": 46, ""engine_hours"": 1591, ""idc_triggers"": [], ""buzzer_active"": false, ""fuel_level_avg"": 0, ""lock_geo_alert"": false, ""operation_mode"": ""RENT"", ""battery_voltage"": 14.800000190734863, ""in_primary_zone"": true, ""lock_engine_alert"": false, ""in_restricted_zone"": false, ""onboard_geofencing"": false, ""speed_limit_active"": false}"
2023-07-17 13:19:36.839,5237,13,"359159972073523",20,"{""key"": false, ""flip"": false, ""zone"": false, ""speed"": 22.1, ""buzzer"": 0, ""engine"": true, ""in_zone"": true, ""ignition"": true, ""latitude"": 42.6549933, ""direction"": 85, ""longitude"": 18.0594932, ""gsm_signal"": 31, ""sleep_mode"": false, ""staff_mode"": false, ""fault_codes"": [], ""speed_limit"": 46, ""engine_hours"": 1591, ""idc_triggers"": [], ""buzzer_active"": false, ""fuel_level_avg"": 0, ""lock_geo_alert"": false, ""operation_mode"": ""RENT"", ""battery_voltage"": 14.800000190734863, ""in_primary_zone"": true, ""lock_engine_alert"": false, ""in_restricted_zone"": false, ""onboard_geofencing"": false, ""speed_limit_active"": false}"
2023-07-17 13:19:35.420,5237,13,"359159972073523",20,"{""key"": false, ""flip"": false, ""zone"": false, ""speed"": 22.6, ""buzzer"": 0, ""engine"": true, ""in_zone"": true, ""ignition"": true, ""latitude"": 42.65499, ""direction"": 88, ""longitude"": 18.0594182, ""gsm_signal"": 31, ""sleep_mode"": false, ""staff_mode"": false, ""fault_codes"": [], ""speed_limit"": 46, ""engine_hours"": 1591, ""idc_triggers"": [], ""buzzer_active"": false, ""fuel_level_avg"": 0, ""lock_geo_alert"": false, ""operation_mode"": ""RENT"", ""battery_voltage"": 14.800000190734863, ""in_primary_zone"": true, ""lock_engine_alert"": false, ""in_restricted_zone"": false, ""onboard_geofencing"": false, ""speed_limit_active"": false}"
2023-07-17 13:19:34.423,5237,13,"359159972073523",20,"{""key"": false, ""flip"": false, ""zone"": false, ""speed"": 23.1, ""buzzer"": 0, ""engine"": true, ""in_zone"": true, ""ignition"": true, ""latitude"": 42.6549883, ""direction"": 90, ""longitude"": 18.0593416, ""gsm_signal"": 31, ""sleep_mode"": false, ""staff_mode"": false, ""fault_codes"": [], ""speed_limit"": 46, ""engine_hours"": 1591, ""idc_triggers"": [], ""buzzer_active"": false, ""fuel_level_avg"": 0, ""lock_geo_alert"": false, ""operation_mode"": ""RENT"", ""battery_voltage"": 14.800000190734863, ""in_primary_zone"": true, ""lock_engine_alert"": false, ""in_restricted_zone"": false, ""onboard_geofencing"": false, ""speed_limit_active"": false}"
2023-07-17 13:19:33.471,5237,13,"359159972073523",20,"{""key"": false, ""flip"": false, ""zone"": false, ""speed"": 24.1, ""buzzer"": 0, ""engine"": true, ""in_zone"": true, ""ignition"": true, ""latitude"": 42.65499, ""direction"": 91, ""longitude"": 18.0592616, ""gsm_signal"": 31, ""sleep_mode"": false, ""staff_mode"": false, ""fault_codes"": [], ""speed_limit"": 46, ""engine_hours"": 1591, ""idc_triggers"": [], ""buzzer_active"": false, ""fuel_level_avg"": 0, ""lock_geo_alert"": false, ""operation_mode"": ""RENT"", ""battery_voltage"": 14.800000190734863, ""in_primary_zone"": true, ""lock_engine_alert"": false, ""in_restricted_zone"": false, ""onboard_geofencing"": false, ""speed_limit_active"": false}"
2023-07-17 13:19:32.443,5237,13,"359159972073523",20,"{""key"": false, ""flip"": false, ""zone"": false, ""speed"": 25.2, ""buzzer"": 0, ""engine"": true, ""in_zone"": true, ""ignition"": true, ""latitude"": 42.6549916, ""direction"": 88, ""longitude"": 18.0591782, ""gsm_signal"": 31, ""sleep_mode"": false, ""staff_mode"": false, ""fault_codes"": [], ""speed_limit"": 46, ""engine_hours"": 1591, ""idc_triggers"": [], ""buzzer_active"": false, ""fuel_level_avg"": 0, ""lock_geo_alert"": false, ""operation_mode"": ""RENT"", ""battery_voltage"": 14.800000190734863, ""in_primary_zone"": true, ""lock_engine_alert"": false, ""in_restricted_zone"": false, ""onboard_geofencing"": false, ""speed_limit_active"": false}"
2023-07-17 13:19:31.840,5237,13,"359159972073523",20,"{""key"": false, ""flip"": false, ""zone"": false, ""speed"": 25.1, ""buzzer"": 0, ""engine"": true, ""in_zone"": true, ""ignition"": true, ""latitude"": 42.6549883, ""direction"": 86, ""longitude"": 18.0590932, ""gsm_signal"": 31, ""sleep_mode"": false, ""staff_mode"": false, ""fault_codes"": [], ""speed_limit"": 46, ""engine_hours"": 1591, ""idc_triggers"": [], ""buzzer_active"": false, ""fuel_level_avg"": 0, ""lock_geo_alert"": false, ""operation_mode"": ""RENT"", ""battery_voltage"": 14.800000190734863, ""in_primary_zone"": true, ""lock_engine_alert"": false, ""in_restricted_zone"": false, ""onboard_geofencing"": false, ""speed_limit_active"": false}"
2023-07-17 13:19:30.422,5237,13,"359159972073523",20,"{""key"": false, ""flip"": false, ""zone"": false, ""speed"": 25.0, ""buzzer"": 0, ""engine"": true, ""in_zone"": true, ""ignition"": true, ""latitude"": 42.654985, ""direction"": 86, ""longitude"": 18.0590082, ""gsm_signal"": 31, ""sleep_mode"": false, ""staff_mode"": false, ""fault_codes"": [], ""speed_limit"": 46, ""engine_hours"": 1591, ""idc_triggers"": [], ""buzzer_active"": false, ""fuel_level_avg"": 0, ""lock_geo_alert"": false, ""operation_mode"": ""RENT"", ""battery_voltage"": 14.800000190734863, ""in_primary_zone"": true, ""lock_engine_alert"": false, ""in_restricted_zone"": false, ""onboard_geofencing"": false, ""speed_limit_active"": false}"
2023-07-17 13:19:29.450,5237,13,"359159972073523",20,"{""key"": false, ""flip"": false, ""zone"": false, ""speed"": 25.0, ""buzzer"": 0, ""engine"": true, ""in_zone"": true, ""ignition"": true, ""latitude"": 42.6549816, ""direction"": 86, ""longitude"": 18.058925, ""gsm_signal"": 31, ""sleep_mode"": false, ""staff_mode"": false, ""fault_codes"": [], ""speed_limit"": 46, ""engine_hours"": 1591, ""idc_triggers"": [], ""buzzer_active"": false, ""fuel_level_avg"": 0, ""lock_geo_alert"": false, ""operation_mode"": ""RENT"", ""battery_voltage"": 14.800000190734863, ""in_primary_zone"": true, ""lock_engine_alert"": false, ""in_restricted_zone"": false, ""onboard_geofencing"": false, ""speed_limit_active"": false}"
2023-07-17 13:19:28.460,5237,13,"359159972073523",20,"{""key"": false, ""flip"": false, ""zone"": false, ""speed"": 25.4, ""buzzer"": 0, ""engine"": true, ""in_zone"": true, ""ignition"": true, ""latitude"": 42.6549783, ""direction"": 87, ""longitude"": 18.0588382, ""gsm_signal"": 31, ""sleep_mode"": false, ""staff_mode"": false, ""fault_codes"": [], ""speed_limit"": 46, ""engine_hours"": 1591, ""idc_triggers"": [], ""buzzer_active"": false, ""fuel_level_avg"": 0, ""lock_geo_alert"": false, ""operation_mode"": ""RENT"", ""battery_voltage"": 14.800000190734863, ""in_primary_zone"": true, ""lock_engine_alert"": false, ""in_restricted_zone"": false, ""onboard_geofencing"": false, ""speed_limit_active"": false}"
2023-07-17 13:19:27.839,5237,13,"359159972073523",20,"{""key"": false, ""flip"": false, ""zone"": false, ""speed"": 25.6, ""buzzer"": 0, ""engine"": true, ""in_zone"": true, ""ignition"": true, ""latitude"": 42.654975, ""direction"": 87, ""longitude"": 18.0587532, ""gsm_signal"": 31, ""sleep_mode"": false, ""staff_mode"": false, ""fault_codes"": [], ""speed_limit"": 46, ""engine_hours"": 1591, ""idc_triggers"": [], ""buzzer_active"": false, ""fuel_level_avg"": 0, ""lock_geo_alert"": false, ""operation_mode"": ""RENT"", ""battery_voltage"": 14.800000190734863, ""in_primary_zone"": true, ""lock_engine_alert"": false, ""in_restricted_zone"": false, ""onboard_geofencing"": false, ""speed_limit_active"": false}"
2023-07-17 13:19:26.418,5237,13,"359159972073523",20,"{""key"": false, ""flip"": false, ""zone"": false, ""speed"": 26.0, ""buzzer"": 0, ""engine"": true, ""in_zone"": true, ""ignition"": true, ""latitude"": 42.6549716, ""direction"": 85, ""longitude"": 18.058665, ""gsm_signal"": 31, ""sleep_mode"": false, ""staff_mode"": false, ""fault_codes"": [], ""speed_limit"": 46, ""engine_hours"": 1591, ""idc_triggers"": [], ""buzzer_active"": false, ""fuel_level_avg"": 0, ""lock_geo_alert"": false, ""operation_mode"": ""RENT"", ""battery_voltage"": 14.800000190734863, ""in_primary_zone"": true, ""lock_engine_alert"": false, ""in_restricted_zone"": false, ""onboard_geofencing"": false, ""speed_limit_active"": false}"
2023-07-17 13:19:25.442,5237,13,"359159972073523",20,"{""key"": false, ""flip"": false, ""zone"": false, ""speed"": 26.2, ""buzzer"": 0, ""engine"": true, ""in_zone"": true, ""ignition"": true, ""latitude"": 42.6549666, ""direction"": 85, ""longitude"": 18.0585766, ""gsm_signal"": 31, ""sleep_mode"": false, ""staff_mode"": false, ""fault_codes"": [], ""speed_limit"": 46, ""engine_hours"": 1591, ""idc_triggers"": [], ""buzzer_active"": false, ""fuel_level_avg"": 0, ""lock_geo_alert"": false, ""operation_mode"": ""RENT"", ""battery_voltage"": 14.800000190734863, ""in_primary_zone"": true, ""lock_engine_alert"": false, ""in_restricted_zone"": false, ""onboard_geofencing"": false, ""speed_limit_active"": false}"
2023-07-17 13:19:24.839,5237,13,"359159972073523",20,"{""key"": false, ""flip"": false, ""zone"": false, ""speed"": 26.7, ""buzzer"": 0, ""engine"": true, ""in_zone"": true, ""ignition"": true, ""latitude"": 42.65496, ""direction"": 85, ""longitude"": 18.0584866, ""gsm_signal"": 31, ""sleep_mode"": false, ""staff_mode"": false, ""fault_codes"": [], ""speed_limit"": 46, ""engine_hours"": 1591, ""idc_triggers"": [], ""buzzer_active"": false, ""fuel_level_avg"": 0, ""lock_geo_alert"": false, ""operation_mode"": ""RENT"", ""battery_voltage"": 14.800000190734863, ""in_primary_zone"": true, ""lock_engine_alert"": false, ""in_restricted_zone"": false, ""onboard_geofencing"": false, ""speed_limit_active"": false}"
2023-07-17 13:19:23.428,5237,13,"359159972073523",20,"{""key"": false, ""flip"": false, ""zone"": false, ""speed"": 26.5, ""buzzer"": 0, ""engine"": true, ""in_zone"": true, ""ignition"": true, ""latitude"": 42.654955, ""direction"": 85, ""longitude"": 18.0583966, ""gsm_signal"": 31, ""sleep_mode"": false, ""staff_mode"": false, ""fault_codes"": [], ""speed_limit"": 46, ""engine_hours"": 1591, ""idc_triggers"": [], ""buzzer_active"": false, ""fuel_level_avg"": 0, ""lock_geo_alert"": false, ""operation_mode"": ""RENT"", ""battery_voltage"": 14.800000190734863, ""in_primary_zone"": true, ""lock_engine_alert"": false, ""in_restricted_zone"": false, ""onboard_geofencing"": false, ""speed_limit_active"": false}"
2023-07-17 13:19:22.424,5237,13,"359159972073523",20,"{""key"": false, ""flip"": false, ""zone"": false, ""speed"": 26.7, ""buzzer"": 0, ""engine"": true, ""in_zone"": true, ""ignition"": true, ""latitude"": 42.6549483, ""direction"": 83, ""longitude"": 18.0583066, ""gsm_signal"": 31, ""sleep_mode"": false, ""staff_mode"": false, ""fault_codes"": [], ""speed_limit"": 46, ""engine_hours"": 1591, ""idc_triggers"": [], ""buzzer_active"": false, ""fuel_level_avg"": 0, ""lock_geo_alert"": false, ""operation_mode"": ""RENT"", ""battery_voltage"": 14.800000190734863, ""in_primary_zone"": true, ""lock_engine_alert"": false, ""in_restricted_zone"": false, ""onboard_geofencing"": false, ""speed_limit_active"": false}"
2023-07-17 13:19:21.437,5237,13,"359159972073523",20,"{""key"": false, ""flip"": false, ""zone"": false, ""speed"": 26.4, ""buzzer"": 0, ""engine"": true, ""in_zone"": true, ""ignition"": true, ""latitude"": 42.6549416, ""direction"": 83, ""longitude"": 18.0582166, ""gsm_signal"": 31, ""sleep_mode"": false, ""staff_mode"": false, ""fault_codes"": [], ""speed_limit"": 46, ""engine_hours"": 1591, ""idc_triggers"": [], ""buzzer_active"": false, ""fuel_level_avg"": 0, ""lock_geo_alert"": false, ""operation_mode"": ""RENT"", ""battery_voltage"": 14.800000190734863, ""in_primary_zone"": true, ""lock_engine_alert"": false, ""in_restricted_zone"": false, ""onboard_geofencing"": false, ""speed_limit_active"": false}"
2023-07-17 13:19:20.443,5237,13,"359159972073523",20,"{""key"": false, ""flip"": false, ""zone"": false, ""speed"": 26.9, ""buzzer"": 0, ""engine"": true, ""in_zone"": true, ""ignition"": true, ""latitude"": 42.654935, ""direction"": 85, ""longitude"": 18.058125, ""gsm_signal"": 31, ""sleep_mode"": false, ""staff_mode"": false, ""fault_codes"": [], ""speed_limit"": 46, ""engine_hours"": 1591, ""idc_triggers"": [], ""buzzer_active"": false, ""fuel_level_avg"": 0, ""lock_geo_alert"": false, ""operation_mode"": ""RENT"", ""battery_voltage"": 14.800000190734863, ""in_primary_zone"": true, ""lock_engine_alert"": false, ""in_restricted_zone"": false, ""onboard_geofencing"": false, ""speed_limit_active"": false}"
2023-07-17 13:19:19.841,5237,13,"359159972073523",20,"{""key"": false, ""flip"": false, ""zone"": false, ""speed"": 27.4, ""buzzer"": 0, ""engine"": true, ""in_zone"": true, ""ignition"": true, ""latitude"": 42.65493, ""direction"": 84, ""longitude"": 18.058035, ""gsm_signal"": 31, ""sleep_mode"": false, ""staff_mode"": false, ""fault_codes"": [], ""speed_limit"": 46, ""engine_hours"": 1591, ""idc_triggers"": [], ""buzzer_active"": false, ""fuel_level_avg"": 0, ""lock_geo_alert"": false, ""operation_mode"": ""RENT"", ""battery_voltage"": 14.800000190734863, ""in_primary_zone"": true, ""lock_engine_alert"": false, ""in_restricted_zone"": false, ""onboard_geofencing"": false, ""speed_limit_active"": false}"
2023-07-17 13:19:18.418,5237,13,"359159972073523",20,"{""key"": false, ""flip"": false, ""zone"": false, ""speed"": 27.6, ""buzzer"": 0, ""engine"": true, ""in_zone"": true, ""ignition"": true, ""latitude"": 42.6549233, ""direction"": 82, ""longitude"": 18.0579416, ""gsm_signal"": 31, ""sleep_mode"": false, ""staff_mode"": false, ""fault_codes"": [], ""speed_limit"": 46, ""engine_hours"": 1591, ""idc_triggers"": [], ""buzzer_active"": false, ""fuel_level_avg"": 0, ""lock_geo_alert"": false, ""operation_mode"": ""RENT"", ""battery_voltage"": 14.800000190734863, ""in_primary_zone"": true, ""lock_engine_alert"": false, ""in_restricted_zone"": false, ""onboard_geofencing"": false, ""speed_limit_active"": false}"
2023-07-17 13:19:17.418,5237,13,"359159972073523",20,"{""key"": false, ""flip"": false, ""zone"": false, ""speed"": 27.6, ""buzzer"": 0, ""engine"": true, ""in_zone"": true, ""ignition"": true, ""latitude"": 42.6549133, ""direction"": 80, ""longitude"": 18.0578482, ""gsm_signal"": 31, ""sleep_mode"": false, ""staff_mode"": false, ""fault_codes"": [], ""speed_limit"": 46, ""engine_hours"": 1591, ""idc_triggers"": [], ""buzzer_active"": false, ""fuel_level_avg"": 0, ""lock_geo_alert"": false, ""operation_mode"": ""RENT"", ""battery_voltage"": 14.800000190734863, ""in_primary_zone"": true, ""lock_engine_alert"": false, ""in_restricted_zone"": false, ""onboard_geofencing"": false, ""speed_limit_active"": false}"
2023-07-17 13:19:16.421,5237,13,"359159972073523",20,"{""key"": false, ""flip"": false, ""zone"": false, ""speed"": 28.0, ""buzzer"": 0, ""engine"": true, ""in_zone"": true, ""ignition"": true, ""latitude"": 42.6549016, ""direction"": 79, ""longitude"": 18.057755, ""gsm_signal"": 31, ""sleep_mode"": false, ""staff_mode"": false, ""fault_codes"": [], ""speed_limit"": 46, ""engine_hours"": 1591, ""idc_triggers"": [], ""buzzer_active"": false, ""fuel_level_avg"": 0, ""lock_geo_alert"": false, ""operation_mode"": ""RENT"", ""battery_voltage"": 14.800000190734863, ""in_primary_zone"": true, ""lock_engine_alert"": false, ""in_restricted_zone"": false, ""onboard_geofencing"": false, ""speed_limit_active"": false}"
2023-07-17 13:19:15.437,5237,13,"359159972073523",20,"{""key"": false, ""flip"": false, ""zone"": false, ""speed"": 27.9, ""buzzer"": 0, ""engine"": true, ""in_zone"": true, ""ignition"": true, ""latitude"": 42.6548883, ""direction"": 79, ""longitude"": 18.0576616, ""gsm_signal"": 31, ""sleep_mode"": false, ""staff_mode"": false, ""fault_codes"": [], ""speed_limit"": 46, ""engine_hours"": 1591, ""idc_triggers"": [], ""buzzer_active"": false, ""fuel_level_avg"": 0, ""lock_geo_alert"": false, ""operation_mode"": ""RENT"", ""battery_voltage"": 14.800000190734863, ""in_primary_zone"": true, ""lock_engine_alert"": false, ""in_restricted_zone"": false, ""onboard_geofencing"": false, ""speed_limit_active"": false}"
2023-07-17 13:19:14.458,5237,13,"359159972073523",20,"{""key"": false, ""flip"": false, ""zone"": false, ""speed"": 27.8, ""buzzer"": 0, ""engine"": true, ""in_zone"": true, ""ignition"": true, ""latitude"": 42.654875, ""direction"": 80, ""longitude"": 18.05757, ""gsm_signal"": 31, ""sleep_mode"": false, ""staff_mode"": false, ""fault_codes"": [], ""speed_limit"": 46, ""engine_hours"": 1591, ""idc_triggers"": [], ""buzzer_active"": false, ""fuel_level_avg"": 0, ""lock_geo_alert"": false, ""operation_mode"": ""RENT"", ""battery_voltage"": 14.800000190734863, ""in_primary_zone"": true, ""lock_engine_alert"": false, ""in_restricted_zone"": false, ""onboard_geofencing"": false, ""speed_limit_active"": false}"
2023-07-17 13:19:13.845,5237,13,"359159972073523",20,"{""key"": false, ""flip"": false, ""zone"": false, ""speed"": 27.7, ""buzzer"": 0, ""engine"": true, ""in_zone"": true, ""ignition"": true, ""latitude"": 42.6548633, ""direction"": 80, ""longitude"": 18.0574766, ""gsm_signal"": 31, ""sleep_mode"": false, ""staff_mode"": false, ""fault_codes"": [], ""speed_limit"": 46, ""engine_hours"": 1591, ""idc_triggers"": [], ""buzzer_active"": false, ""fuel_level_avg"": 0, ""lock_geo_alert"": false, ""operation_mode"": ""RENT"", ""battery_voltage"": 14.800000190734863, ""in_primary_zone"": true, ""lock_engine_alert"": false, ""in_restricted_zone"": false, ""onboard_geofencing"": false, ""speed_limit_active"": false}"
2023-07-17 13:19:12.420,5237,13,"359159972073523",20,"{""key"": false, ""flip"": false, ""zone"": false, ""speed"": 27.6, ""buzzer"": 0, ""engine"": true, ""in_zone"": true, ""ignition"": true, ""latitude"": 42.6548533, ""direction"": 81, ""longitude"": 18.0573832, ""gsm_signal"": 31, ""sleep_mode"": false, ""staff_mode"": false, ""fault_codes"": [], ""speed_limit"": 46, ""engine_hours"": 1591, ""idc_triggers"": [], ""buzzer_active"": false, ""fuel_level_avg"": 0, ""lock_geo_alert"": false, ""operation_mode"": ""RENT"", ""battery_voltage"": 14.800000190734863, ""in_primary_zone"": true, ""lock_engine_alert"": false, ""in_restricted_zone"": false, ""onboard_geofencing"": false, ""speed_limit_active"": false}"
2023-07-17 13:19:11.443,5237,13,"359159972073523",20,"{""key"": false, ""flip"": false, ""zone"": false, ""speed"": 27.1, ""buzzer"": 0, ""engine"": true, ""in_zone"": true, ""ignition"": true, ""latitude"": 42.6548433, ""direction"": 82, ""longitude"": 18.0572916, ""gsm_signal"": 31, ""sleep_mode"": false, ""staff_mode"": false, ""fault_codes"": [], ""speed_limit"": 46, ""engine_hours"": 1591, ""idc_triggers"": [], ""buzzer_active"": false, ""fuel_level_avg"": 0, ""lock_geo_alert"": false, ""operation_mode"": ""RENT"", ""battery_voltage"": 14.800000190734863, ""in_primary_zone"": true, ""lock_engine_alert"": false, ""in_restricted_zone"": false, ""onboard_geofencing"": false, ""speed_limit_active"": false}"
2023-07-17 13:19:10.441,5237,13,"359159972073523",20,"{""key"": false, ""flip"": false, ""zone"": false, ""speed"": 26.5, ""buzzer"": 0, ""engine"": true, ""in_zone"": true, ""ignition"": true, ""latitude"": 42.6548333, ""direction"": 82, ""longitude"": 18.0572016, ""gsm_signal"": 31, ""sleep_mode"": false, ""staff_mode"": false, ""fault_codes"": [], ""speed_limit"": 46, ""engine_hours"": 1591, ""idc_triggers"": [], ""buzzer_active"": false, ""fuel_level_avg"": 0, ""lock_geo_alert"": false, ""operation_mode"": ""RENT"", ""battery_voltage"": 14.800000190734863, ""in_primary_zone"": true, ""lock_engine_alert"": false, ""in_restricted_zone"": false, ""onboard_geofencing"": false, ""speed_limit_active"": false}"
2023-07-17 13:19:09.839,5237,13,"359159972073523",20,"{""key"": false, ""flip"": false, ""zone"": false, ""speed"": 26.2, ""buzzer"": 0, ""engine"": true, ""in_zone"": true, ""ignition"": true, ""latitude"": 42.654825, ""direction"": 82, ""longitude"": 18.0571116, ""gsm_signal"": 31, ""sleep_mode"": false, ""staff_mode"": false, ""fault_codes"": [], ""speed_limit"": 46, ""engine_hours"": 1591, ""idc_triggers"": [], ""buzzer_active"": false, ""fuel_level_avg"": 0, ""lock_geo_alert"": false, ""operation_mode"": ""RENT"", ""battery_voltage"": 14.800000190734863, ""in_primary_zone"": true, ""lock_engine_alert"": false, ""in_restricted_zone"": false, ""onboard_geofencing"": false, ""speed_limit_active"": false}"
2023-07-17 13:19:08.419,5237,13,"359159972073523",20,"{""key"": false, ""flip"": false, ""zone"": false, ""speed"": 26.2, ""buzzer"": 0, ""engine"": true, ""in_zone"": true, ""ignition"": true, ""latitude"": 42.6548166, ""direction"": 82, ""longitude"": 18.0570232, ""gsm_signal"": 31, ""sleep_mode"": false, ""staff_mode"": false, ""fault_codes"": [], ""speed_limit"": 46, ""engine_hours"": 1591, ""idc_triggers"": [], ""buzzer_active"": false, ""fuel_level_avg"": 0, ""lock_geo_alert"": false, ""operation_mode"": ""RENT"", ""battery_voltage"": 14.800000190734863, ""in_primary_zone"": true, ""lock_engine_alert"": false, ""in_restricted_zone"": false, ""onboard_geofencing"": false, ""speed_limit_active"": false}"
2023-07-17 13:19:07.423,5237,13,"359159972073523",20,"{""key"": false, ""flip"": false, ""zone"": false, ""speed"": 26.2, ""buzzer"": 0, ""engine"": true, ""in_zone"": true, ""ignition"": true, ""latitude"": 42.6548083, ""direction"": 83, ""longitude"": 18.0569332, ""gsm_signal"": 31, ""sleep_mode"": false, ""staff_mode"": false, ""fault_codes"": [], ""speed_limit"": 46, ""engine_hours"": 1591, ""idc_triggers"": [], ""buzzer_active"": false, ""fuel_level_avg"": 0, ""lock_geo_alert"": false, ""operation_mode"": ""RENT"", ""battery_voltage"": 14.800000190734863, ""in_primary_zone"": true, ""lock_engine_alert"": false, ""in_restricted_zone"": false, ""onboard_geofencing"": false, ""speed_limit_active"": false}"
2023-07-17 13:19:06.438,5237,13,"359159972073523",20,"{""key"": false, ""flip"": false, ""zone"": false, ""speed"": 25.9, ""buzzer"": 0, ""engine"": true, ""in_zone"": true, ""ignition"": true, ""latitude"": 42.6548016, ""direction"": 82, ""longitude"": 18.0568466, ""gsm_signal"": 31, ""sleep_mode"": false, ""staff_mode"": false, ""fault_codes"": [], ""speed_limit"": 46, ""engine_hours"": 1591, ""idc_triggers"": [], ""buzzer_active"": false, ""fuel_level_avg"": 0, ""lock_geo_alert"": false, ""operation_mode"": ""RENT"", ""battery_voltage"": 14.800000190734863, ""in_primary_zone"": true, ""lock_engine_alert"": false, ""in_restricted_zone"": false, ""onboard_geofencing"": false, ""speed_limit_active"": false}"
2023-07-17 13:19:05.440,5237,13,"359159972073523",20,"{""key"": false, ""flip"": false, ""zone"": false, ""speed"": 25.0, ""buzzer"": 0, ""engine"": true, ""in_zone"": true, ""ignition"": true, ""latitude"": 42.6547933, ""direction"": 81, ""longitude"": 18.05676, ""gsm_signal"": 31, ""sleep_mode"": false, ""staff_mode"": false, ""fault_codes"": [], ""speed_limit"": 46, ""engine_hours"": 1591, ""idc_triggers"": [], ""buzzer_active"": false, ""fuel_level_avg"": 0, ""lock_geo_alert"": false, ""operation_mode"": ""RENT"", ""battery_voltage"": 14.800000190734863, ""in_primary_zone"": true, ""lock_engine_alert"": false, ""in_restricted_zone"": false, ""onboard_geofencing"": false, ""speed_limit_active"": false}"
2023-07-17 13:19:04.846,5237,13,"359159972073523",20,"{""key"": false, ""flip"": false, ""zone"": false, ""speed"": 25.7, ""buzzer"": 0, ""engine"": true, ""in_zone"": true, ""ignition"": true, ""latitude"": 42.6547833, ""direction"": 79, ""longitude"": 18.056675, ""gsm_signal"": 31, ""sleep_mode"": false, ""staff_mode"": false, ""fault_codes"": [], ""speed_limit"": 46, ""engine_hours"": 1591, ""idc_triggers"": [], ""buzzer_active"": false, ""fuel_level_avg"": 0, ""lock_geo_alert"": false, ""operation_mode"": ""RENT"", ""battery_voltage"": 14.800000190734863, ""in_primary_zone"": true, ""lock_engine_alert"": false, ""in_restricted_zone"": false, ""onboard_geofencing"": false, ""speed_limit_active"": false}"
2023-07-17 13:19:03.420,5237,13,"359159972073523",20,"{""key"": false, ""flip"": false, ""zone"": false, ""speed"": 25.9, ""buzzer"": 0, ""engine"": true, ""in_zone"": true, ""ignition"": true, ""latitude"": 42.6547716, ""direction"": 80, ""longitude"": 18.0565882, ""gsm_signal"": 31, ""sleep_mode"": false, ""staff_mode"": false, ""fault_codes"": [], ""speed_limit"": 46, ""engine_hours"": 1591, ""idc_triggers"": [], ""buzzer_active"": false, ""fuel_level_avg"": 0, ""lock_geo_alert"": false, ""operation_mode"": ""RENT"", ""battery_voltage"": 14.800000190734863, ""in_primary_zone"": true, ""lock_engine_alert"": false, ""in_restricted_zone"": false, ""onboard_geofencing"": false, ""speed_limit_active"": false}"
2023-07-17 13:19:02.459,5237,13,"359159972073523",20,"{""key"": false, ""flip"": false, ""zone"": false, ""speed"": 26.2, ""buzzer"": 0, ""engine"": true, ""in_zone"": true, ""ignition"": true, ""latitude"": 42.65476, ""direction"": 80, ""longitude"": 18.0565016, ""gsm_signal"": 31, ""sleep_mode"": false, ""staff_mode"": false, ""fault_codes"": [], ""speed_limit"": 46, ""engine_hours"": 1591, ""idc_triggers"": [], ""buzzer_active"": false, ""fuel_level_avg"": 0, ""lock_geo_alert"": false, ""operation_mode"": ""RENT"", ""battery_voltage"": 14.800000190734863, ""in_primary_zone"": true, ""lock_engine_alert"": false, ""in_restricted_zone"": false, ""onboard_geofencing"": false, ""speed_limit_active"": false}"
2023-07-17 13:19:01.518,5237,13,"359159972073523",20,"{""key"": false, ""flip"": false, ""zone"": false, ""speed"": 26.3, ""buzzer"": 0, ""engine"": true, ""in_zone"": true, ""ignition"": true, ""latitude"": 42.65475, ""direction"": 81, ""longitude"": 18.0564132, ""gsm_signal"": 31, ""sleep_mode"": false, ""staff_mode"": false, ""fault_codes"": [], ""speed_limit"": 46, ""engine_hours"": 1591, ""idc_triggers"": [], ""buzzer_active"": false, ""fuel_level_avg"": 0, ""lock_geo_alert"": false, ""operation_mode"": ""RENT"", ""battery_voltage"": 14.800000190734863, ""in_primary_zone"": true, ""lock_engine_alert"": false, ""in_restricted_zone"": false, ""onboard_geofencing"": false, ""speed_limit_active"": false}"
2023-07-17 13:19:00.498,5237,13,"359159972073523",20,"{""key"": false, ""flip"": false, ""zone"": false, ""speed"": 25.7, ""buzzer"": 0, ""engine"": true, ""in_zone"": true, ""ignition"": true, ""latitude"": 42.65474, ""direction"": 79, ""longitude"": 18.056325, ""gsm_signal"": 31, ""sleep_mode"": false, ""staff_mode"": false, ""fault_codes"": [], ""speed_limit"": 46, ""engine_hours"": 1591, ""idc_triggers"": [], ""buzzer_active"": false, ""fuel_level_avg"": 0, ""lock_geo_alert"": false, ""operation_mode"": ""RENT"", ""battery_voltage"": 14.800000190734863, ""in_primary_zone"": true, ""lock_engine_alert"": false, ""in_restricted_zone"": false, ""onboard_geofencing"": false, ""speed_limit_active"": false}"
2023-07-17 13:18:59.838,5237,13,"359159972073523",20,"{""key"": false, ""flip"": false, ""zone"": false, ""speed"": 25.6, ""buzzer"": 0, ""engine"": true, ""in_zone"": true, ""ignition"": true, ""latitude"": 42.6547283, ""direction"": 79, ""longitude"": 18.0562382, ""gsm_signal"": 31, ""sleep_mode"": false, ""staff_mode"": false, ""fault_codes"": [], ""speed_limit"": 46, ""engine_hours"": 1591, ""idc_triggers"": [], ""buzzer_active"": false, ""fuel_level_avg"": 0, ""lock_geo_alert"": false, ""operation_mode"": ""RENT"", ""battery_voltage"": 14.800000190734863, ""in_primary_zone"": true, ""lock_engine_alert"": false, ""in_restricted_zone"": false, ""onboard_geofencing"": false, ""speed_limit_active"": false}"
2023-07-17 13:18:58.440,5237,13,"359159972073523",20,"{""key"": false, ""flip"": false, ""zone"": false, ""speed"": 25.3, ""buzzer"": 0, ""engine"": true, ""in_zone"": true, ""ignition"": true, ""latitude"": 42.654715, ""direction"": 77, ""longitude"": 18.0561532, ""gsm_signal"": 31, ""sleep_mode"": false, ""staff_mode"": false, ""fault_codes"": [], ""speed_limit"": 46, ""engine_hours"": 1591, ""idc_triggers"": [], ""buzzer_active"": false, ""fuel_level_avg"": 0, ""lock_geo_alert"": false, ""operation_mode"": ""RENT"", ""battery_voltage"": 14.800000190734863, ""in_primary_zone"": true, ""lock_engine_alert"": false, ""in_restricted_zone"": false, ""onboard_geofencing"": false, ""speed_limit_active"": false}"
2023-07-17 13:18:57.500,5237,13,"359159972073523",20,"{""key"": false, ""flip"": false, ""zone"": false, ""speed"": 24.8, ""buzzer"": 0, ""engine"": true, ""in_zone"": true, ""ignition"": true, ""latitude"": 42.6547016, ""direction"": 75, ""longitude"": 18.05607, ""gsm_signal"": 31, ""sleep_mode"": false, ""staff_mode"": false, ""fault_codes"": [], ""speed_limit"": 46, ""engine_hours"": 1591, ""idc_triggers"": [], ""buzzer_active"": false, ""fuel_level_avg"": 0, ""lock_geo_alert"": false, ""operation_mode"": ""RENT"", ""battery_voltage"": 14.800000190734863, ""in_primary_zone"": true, ""lock_engine_alert"": false, ""in_restricted_zone"": false, ""onboard_geofencing"": false, ""speed_limit_active"": false}"
2023-07-17 13:18:56.561,5237,13,"359159972073523",20,"{""key"": false, ""flip"": false, ""zone"": false, ""speed"": 24.0, ""buzzer"": 0, ""engine"": true, ""in_zone"": true, ""ignition"": true, ""latitude"": 42.654685, ""direction"": 75, ""longitude"": 18.05599, ""gsm_signal"": 31, ""sleep_mode"": false, ""staff_mode"": false, ""fault_codes"": [], ""speed_limit"": 46, ""engine_hours"": 1591, ""idc_triggers"": [], ""buzzer_active"": false, ""fuel_level_avg"": 0, ""lock_geo_alert"": false, ""operation_mode"": ""RENT"", ""battery_voltage"": 14.800000190734863, ""in_primary_zone"": true, ""lock_engine_alert"": false, ""in_restricted_zone"": false, ""onboard_geofencing"": false, ""speed_limit_active"": false}"
2023-07-17 13:18:55.541,5237,13,"359159972073523",20,"{""key"": false, ""flip"": false, ""zone"": false, ""speed"": 23.9, ""buzzer"": 0, ""engine"": true, ""in_zone"": true, ""ignition"": true, ""latitude"": 42.65467, ""direction"": 75, ""longitude"": 18.05591, ""gsm_signal"": 31, ""sleep_mode"": false, ""staff_mode"": false, ""fault_codes"": [], ""speed_limit"": 46, ""engine_hours"": 1591, ""idc_triggers"": [], ""buzzer_active"": false, ""fuel_level_avg"": 0, ""lock_geo_alert"": false, ""operation_mode"": ""RENT"", ""battery_voltage"": 14.800000190734863, ""in_primary_zone"": true, ""lock_engine_alert"": false, ""in_restricted_zone"": false, ""onboard_geofencing"": false, ""speed_limit_active"": false}"
2023-07-17 13:18:54.880,5237,13,"359159972073523",20,"{""key"": false, ""flip"": false, ""zone"": false, ""speed"": 24.8, ""buzzer"": 0, ""engine"": true, ""in_zone"": true, ""ignition"": true, ""latitude"": 42.654655, ""direction"": 79, ""longitude"": 18.05583, ""gsm_signal"": 31, ""sleep_mode"": false, ""staff_mode"": false, ""fault_codes"": [], ""speed_limit"": 46, ""engine_hours"": 1591, ""idc_triggers"": [], ""buzzer_active"": false, ""fuel_level_avg"": 0, ""lock_geo_alert"": false, ""operation_mode"": ""RENT"", ""battery_voltage"": 14.800000190734863, ""in_primary_zone"": true, ""lock_engine_alert"": false, ""in_restricted_zone"": false, ""onboard_geofencing"": false, ""speed_limit_active"": false}"
2023-07-17 13:18:53.478,5237,13,"359159972073523",20,"{""key"": false, ""flip"": false, ""zone"": false, ""speed"": 25.5, ""buzzer"": 0, ""engine"": true, ""in_zone"": true, ""ignition"": true, ""latitude"": 42.654645, ""direction"": 81, ""longitude"": 18.0557466, ""gsm_signal"": 31, ""sleep_mode"": false, ""staff_mode"": false, ""fault_codes"": [], ""speed_limit"": 46, ""engine_hours"": 1591, ""idc_triggers"": [], ""buzzer_active"": false, ""fuel_level_avg"": 0, ""lock_geo_alert"": false, ""operation_mode"": ""RENT"", ""battery_voltage"": 14.800000190734863, ""in_primary_zone"": true, ""lock_engine_alert"": false, ""in_restricted_zone"": false, ""onboard_geofencing"": false, ""speed_limit_active"": false}"
2023-07-17 13:18:52.542,5237,13,"359159972073523",20,"{""key"": false, ""flip"": false, ""zone"": false, ""speed"": 26.4, ""buzzer"": 0, ""engine"": true, ""in_zone"": true, ""ignition"": true, ""latitude"": 42.6546366, ""direction"": 86, ""longitude"": 18.0556582, ""gsm_signal"": 31, ""sleep_mode"": false, ""staff_mode"": false, ""fault_codes"": [], ""speed_limit"": 46, ""engine_hours"": 1591, ""idc_triggers"": [], ""buzzer_active"": false, ""fuel_level_avg"": 0, ""lock_geo_alert"": false, ""operation_mode"": ""RENT"", ""battery_voltage"": 14.800000190734863, ""in_primary_zone"": true, ""lock_engine_alert"": false, ""in_restricted_zone"": false, ""onboard_geofencing"": false, ""speed_limit_active"": false}"
2023-07-17 13:18:51.520,5237,13,"359159972073523",20,"{""key"": false, ""flip"": false, ""zone"": false, ""speed"": 29.0, ""buzzer"": 0, ""engine"": true, ""in_zone"": true, ""ignition"": true, ""latitude"": 42.6546333, ""direction"": 87, ""longitude"": 18.0555666, ""gsm_signal"": 31, ""sleep_mode"": false, ""staff_mode"": false, ""fault_codes"": [], ""speed_limit"": 46, ""engine_hours"": 1591, ""idc_triggers"": [], ""buzzer_active"": false, ""fuel_level_avg"": 0, ""lock_geo_alert"": false, ""operation_mode"": ""RENT"", ""battery_voltage"": 14.800000190734863, ""in_primary_zone"": true, ""lock_engine_alert"": false, ""in_restricted_zone"": false, ""onboard_geofencing"": false, ""speed_limit_active"": false}"
2023-07-17 13:18:50.860,5237,13,"359159972073523",20,"{""key"": false, ""flip"": false, ""zone"": false, ""speed"": 30.1, ""buzzer"": 0, ""engine"": true, ""in_zone"": true, ""ignition"": true, ""latitude"": 42.65463, ""direction"": 87, ""longitude"": 18.0554682, ""gsm_signal"": 31, ""sleep_mode"": false, ""staff_mode"": false, ""fault_codes"": [], ""speed_limit"": 46, ""engine_hours"": 1591, ""idc_triggers"": [], ""buzzer_active"": false, ""fuel_level_avg"": 0, ""lock_geo_alert"": false, ""operation_mode"": ""RENT"", ""battery_voltage"": 14.800000190734863, ""in_primary_zone"": true, ""lock_engine_alert"": false, ""in_restricted_zone"": false, ""onboard_geofencing"": false, ""speed_limit_active"": false}"
2023-07-17 13:18:49.465,5237,13,"359159972073523",20,"{""key"": false, ""flip"": false, ""zone"": false, ""speed"": 29.4, ""buzzer"": 0, ""engine"": true, ""in_zone"": true, ""ignition"": true, ""latitude"": 42.6546283, ""direction"": 88, ""longitude"": 18.0553666, ""gsm_signal"": 31, ""sleep_mode"": false, ""staff_mode"": false, ""fault_codes"": [], ""speed_limit"": 46, ""engine_hours"": 1591, ""idc_triggers"": [], ""buzzer_active"": false, ""fuel_level_avg"": 0, ""lock_geo_alert"": false, ""operation_mode"": ""RENT"", ""battery_voltage"": 14.800000190734863, ""in_primary_zone"": true, ""lock_engine_alert"": false, ""in_restricted_zone"": false, ""onboard_geofencing"": false, ""speed_limit_active"": false}"
2023-07-17 13:18:48.521,5237,13,"359159972073523",20,"{""key"": false, ""flip"": false, ""zone"": false, ""speed"": 28.5, ""buzzer"": 0, ""engine"": true, ""in_zone"": true, ""ignition"": true, ""latitude"": 42.654625, ""direction"": 88, ""longitude"": 18.0552682, ""gsm_signal"": 31, ""sleep_mode"": false, ""staff_mode"": false, ""fault_codes"": [], ""speed_limit"": 46, ""engine_hours"": 1591, ""idc_triggers"": [], ""buzzer_active"": false, ""fuel_level_avg"": 0, ""lock_geo_alert"": false, ""operation_mode"": ""RENT"", ""battery_voltage"": 14.800000190734863, ""in_primary_zone"": true, ""lock_engine_alert"": false, ""in_restricted_zone"": false, ""onboard_geofencing"": false, ""speed_limit_active"": false}"
2023-07-17 13:18:47.581,5237,13,"359159972073523",20,"{""key"": false, ""flip"": false, ""zone"": false, ""speed"": 27.5, ""buzzer"": 0, ""engine"": true, ""in_zone"": true, ""ignition"": true, ""latitude"": 42.6546233, ""direction"": 87, ""longitude"": 18.0551732, ""gsm_signal"": 31, ""sleep_mode"": false, ""staff_mode"": false, ""fault_codes"": [], ""speed_limit"": 46, ""engine_hours"": 1591, ""idc_triggers"": [], ""buzzer_active"": false, ""fuel_level_avg"": 0, ""lock_geo_alert"": false, ""operation_mode"": ""RENT"", ""battery_voltage"": 14.800000190734863, ""in_primary_zone"": true, ""lock_engine_alert"": false, ""in_restricted_zone"": false, ""onboard_geofencing"": false, ""speed_limit_active"": false}"
2023-07-17 13:18:46.518,5237,13,"359159972073523",20,"{""key"": false, ""flip"": false, ""zone"": false, ""speed"": 27.0, ""buzzer"": 0, ""engine"": true, ""in_zone"": true, ""ignition"": true, ""latitude"": 42.6546183, ""direction"": 85, ""longitude"": 18.0550816, ""gsm_signal"": 31, ""sleep_mode"": false, ""staff_mode"": false, ""fault_codes"": [], ""speed_limit"": 46, ""engine_hours"": 1591, ""idc_triggers"": [], ""buzzer_active"": false, ""fuel_level_avg"": 0, ""lock_geo_alert"": false, ""operation_mode"": ""RENT"", ""battery_voltage"": 14.800000190734863, ""in_primary_zone"": true, ""lock_engine_alert"": false, ""in_restricted_zone"": false, ""onboard_geofencing"": false, ""speed_limit_active"": false}"
2023-07-17 13:18:45.859,5237,13,"359159972073523",20,"{""key"": false, ""flip"": false, ""zone"": false, ""speed"": 25.6, ""buzzer"": 0, ""engine"": true, ""in_zone"": true, ""ignition"": true, ""latitude"": 42.6546133, ""direction"": 84, ""longitude"": 18.0549916, ""gsm_signal"": 31, ""sleep_mode"": false, ""staff_mode"": false, ""fault_codes"": [], ""speed_limit"": 46, ""engine_hours"": 1591, ""idc_triggers"": [], ""buzzer_active"": false, ""fuel_level_avg"": 0, ""lock_geo_alert"": false, ""operation_mode"": ""RENT"", ""battery_voltage"": 14.800000190734863, ""in_primary_zone"": true, ""lock_engine_alert"": false, ""in_restricted_zone"": false, ""onboard_geofencing"": false, ""speed_limit_active"": false}"
2023-07-17 13:18:44.442,5237,13,"359159972073523",20,"{""key"": false, ""flip"": false, ""zone"": false, ""speed"": 24.3, ""buzzer"": 0, ""engine"": true, ""in_zone"": true, ""ignition"": true, ""latitude"": 42.6546066, ""direction"": 83, ""longitude"": 18.0549066, ""gsm_signal"": 31, ""sleep_mode"": false, ""staff_mode"": false, ""fault_codes"": [], ""speed_limit"": 46, ""engine_hours"": 1591, ""idc_triggers"": [], ""buzzer_active"": false, ""fuel_level_avg"": 0, ""lock_geo_alert"": false, ""operation_mode"": ""RENT"", ""battery_voltage"": 14.800000190734863, ""in_primary_zone"": true, ""lock_engine_alert"": false, ""in_restricted_zone"": false, ""onboard_geofencing"": false, ""speed_limit_active"": false}"
2023-07-17 13:18:43.840,5237,13,"359159972073523",20,"{""key"": false, ""flip"": false, ""zone"": false, ""speed"": 21.5, ""buzzer"": 0, ""engine"": true, ""in_zone"": true, ""ignition"": true, ""latitude"": 42.6546, ""direction"": 85, ""longitude"": 18.0548266, ""gsm_signal"": 31, ""sleep_mode"": false, ""staff_mode"": false, ""fault_codes"": [], ""speed_limit"": 46, ""engine_hours"": 1591, ""idc_triggers"": [], ""buzzer_active"": false, ""fuel_level_avg"": 0, ""lock_geo_alert"": false, ""operation_mode"": ""RENT"", ""battery_voltage"": 14.800000190734863, ""in_primary_zone"": true, ""lock_engine_alert"": false, ""in_restricted_zone"": false, ""onboard_geofencing"": false, ""speed_limit_active"": false}"
2023-07-17 13:18:42.419,5237,13,"359159972073523",20,"{""key"": false, ""flip"": false, ""zone"": false, ""speed"": 19.0, ""buzzer"": 0, ""engine"": true, ""in_zone"": true, ""ignition"": true, ""latitude"": 42.654595, ""direction"": 85, ""longitude"": 18.0547566, ""gsm_signal"": 31, ""sleep_mode"": false, ""staff_mode"": false, ""fault_codes"": [], ""speed_limit"": 46, ""engine_hours"": 1591, ""idc_triggers"": [], ""buzzer_active"": false, ""fuel_level_avg"": 0, ""lock_geo_alert"": false, ""operation_mode"": ""RENT"", ""battery_voltage"": 14.800000190734863, ""in_primary_zone"": true, ""lock_engine_alert"": false, ""in_restricted_zone"": false, ""onboard_geofencing"": false, ""speed_limit_active"": false}"
2023-07-17 13:18:41.439,5237,13,"359159972073523",20,"{""key"": false, ""flip"": false, ""zone"": false, ""speed"": 17.0, ""buzzer"": 0, ""engine"": true, ""in_zone"": true, ""ignition"": true, ""latitude"": 42.65459, ""direction"": 84, ""longitude"": 18.054695, ""gsm_signal"": 31, ""sleep_mode"": false, ""staff_mode"": false, ""fault_codes"": [], ""speed_limit"": 46, ""engine_hours"": 1591, ""idc_triggers"": [], ""buzzer_active"": false, ""fuel_level_avg"": 0, ""lock_geo_alert"": false, ""operation_mode"": ""RENT"", ""battery_voltage"": 14.800000190734863, ""in_primary_zone"": true, ""lock_engine_alert"": false, ""in_restricted_zone"": false, ""onboard_geofencing"": false, ""speed_limit_active"": false}"
2023-07-17 13:18:40.440,5237,13,"359159972073523",20,"{""key"": false, ""flip"": false, ""zone"": false, ""speed"": 15.9, ""buzzer"": 0, ""engine"": true, ""in_zone"": true, ""ignition"": true, ""latitude"": 42.6545866, ""direction"": 83, ""longitude"": 18.0546382, ""gsm_signal"": 31, ""sleep_mode"": false, ""staff_mode"": false, ""fault_codes"": [], ""speed_limit"": 46, ""engine_hours"": 1591, ""idc_triggers"": [], ""buzzer_active"": false, ""fuel_level_avg"": 0, ""lock_geo_alert"": false, ""operation_mode"": ""RENT"", ""battery_voltage"": 14.800000190734863, ""in_primary_zone"": true, ""lock_engine_alert"": false, ""in_restricted_zone"": false, ""onboard_geofencing"": false, ""speed_limit_active"": false}"
2023-07-17 13:18:39.839,5237,13,"359159972073523",20,"{""key"": false, ""flip"": false, ""zone"": false, ""speed"": 17.1, ""buzzer"": 0, ""engine"": true, ""in_zone"": true, ""ignition"": true, ""latitude"": 42.65458, ""direction"": 81, ""longitude"": 18.0545832, ""gsm_signal"": 31, ""sleep_mode"": false, ""staff_mode"": false, ""fault_codes"": [], ""speed_limit"": 46, ""engine_hours"": 1591, ""idc_triggers"": [], ""buzzer_active"": false, ""fuel_level_avg"": 0, ""lock_geo_alert"": false, ""operation_mode"": ""RENT"", ""battery_voltage"": 14.800000190734863, ""in_primary_zone"": true, ""lock_engine_alert"": false, ""in_restricted_zone"": false, ""onboard_geofencing"": false, ""speed_limit_active"": false}"
2023-07-17 13:18:38.419,5237,13,"359159972073523",20,"{""key"": false, ""flip"": false, ""zone"": false, ""speed"": 20.8, ""buzzer"": 0, ""engine"": true, ""in_zone"": true, ""ignition"": true, ""latitude"": 42.6545733, ""direction"": 78, ""longitude"": 18.0545216, ""gsm_signal"": 31, ""sleep_mode"": false, ""staff_mode"": false, ""fault_codes"": [], ""speed_limit"": 46, ""engine_hours"": 1591, ""idc_triggers"": [], ""buzzer_active"": false, ""fuel_level_avg"": 0, ""lock_geo_alert"": false, ""operation_mode"": ""RENT"", ""battery_voltage"": 14.800000190734863, ""in_primary_zone"": true, ""lock_engine_alert"": false, ""in_restricted_zone"": false, ""onboard_geofencing"": false, ""speed_limit_active"": false}"
2023-07-17 13:18:37.422,5237,13,"359159972073523",20,"{""key"": false, ""flip"": false, ""zone"": false, ""speed"": 27.2, ""buzzer"": 0, ""engine"": true, ""in_zone"": true, ""ignition"": true, ""latitude"": 42.6545616, ""direction"": 76, ""longitude"": 18.054445, ""gsm_signal"": 31, ""sleep_mode"": false, ""staff_mode"": false, ""fault_codes"": [], ""speed_limit"": 46, ""engine_hours"": 1591, ""idc_triggers"": [], ""buzzer_active"": false, ""fuel_level_avg"": 0, ""lock_geo_alert"": false, ""operation_mode"": ""RENT"", ""battery_voltage"": 14.800000190734863, ""in_primary_zone"": true, ""lock_engine_alert"": false, ""in_restricted_zone"": false, ""onboard_geofencing"": false, ""speed_limit_active"": false}"
2023-07-17 13:18:36.439,5237,13,"359159972073523",20,"{""key"": false, ""flip"": false, ""zone"": false, ""speed"": 34.5, ""buzzer"": 0, ""engine"": true, ""in_zone"": true, ""ignition"": true, ""latitude"": 42.6545433, ""direction"": 72, ""longitude"": 18.0543482, ""gsm_signal"": 31, ""sleep_mode"": false, ""staff_mode"": false, ""fault_codes"": [], ""speed_limit"": 46, ""engine_hours"": 1591, ""idc_triggers"": [], ""buzzer_active"": false, ""fuel_level_avg"": 0, ""lock_geo_alert"": false, ""operation_mode"": ""RENT"", ""battery_voltage"": 14.800000190734863, ""in_primary_zone"": true, ""lock_engine_alert"": false, ""in_restricted_zone"": false, ""onboard_geofencing"": false, ""speed_limit_active"": false}"
2023-07-17 13:18:35.442,5237,13,"359159972073523",20,"{""key"": false, ""flip"": false, ""zone"": false, ""speed"": 37.5, ""buzzer"": 0, ""engine"": true, ""in_zone"": true, ""ignition"": true, ""latitude"": 42.654515, ""direction"": 71, ""longitude"": 18.0542332, ""gsm_signal"": 31, ""sleep_mode"": false, ""staff_mode"": false, ""fault_codes"": [], ""speed_limit"": 46, ""engine_hours"": 1591, ""idc_triggers"": [], ""buzzer_active"": false, ""fuel_level_avg"": 0, ""lock_geo_alert"": false, ""operation_mode"": ""RENT"", ""battery_voltage"": 14.800000190734863, ""in_primary_zone"": true, ""lock_engine_alert"": false, ""in_restricted_zone"": false, ""onboard_geofencing"": false, ""speed_limit_active"": false}"
2023-07-17 13:18:34.440,5237,13,"359159972073523",20,"{""key"": false, ""flip"": false, ""zone"": false, ""speed"": 37.5, ""buzzer"": 0, ""engine"": true, ""in_zone"": true, ""ignition"": true, ""latitude"": 42.6544866, ""direction"": 73, ""longitude"": 18.0541132, ""gsm_signal"": 31, ""sleep_mode"": false, ""staff_mode"": false, ""fault_codes"": [], ""speed_limit"": 46, ""engine_hours"": 1591, ""idc_triggers"": [], ""buzzer_active"": false, ""fuel_level_avg"": 0, ""lock_geo_alert"": false, ""operation_mode"": ""RENT"", ""battery_voltage"": 14.800000190734863, ""in_primary_zone"": true, ""lock_engine_alert"": false, ""in_restricted_zone"": false, ""onboard_geofencing"": false, ""speed_limit_active"": false}"
2023-07-17 13:18:33.838,5237,13,"359159972073523",20,"{""key"": false, ""flip"": false, ""zone"": false, ""speed"": 36.6, ""buzzer"": 0, ""engine"": true, ""in_zone"": true, ""ignition"": true, ""latitude"": 42.65446, ""direction"": 73, ""longitude"": 18.0539932, ""gsm_signal"": 31, ""sleep_mode"": false, ""staff_mode"": false, ""fault_codes"": [], ""speed_limit"": 46, ""engine_hours"": 1591, ""idc_triggers"": [], ""buzzer_active"": false, ""fuel_level_avg"": 0, ""lock_geo_alert"": false, ""operation_mode"": ""RENT"", ""battery_voltage"": 14.800000190734863, ""in_primary_zone"": true, ""lock_engine_alert"": false, ""in_restricted_zone"": false, ""onboard_geofencing"": false, ""speed_limit_active"": false}"
2023-07-17 13:18:32.418,5237,13,"359159972073523",20,"{""key"": false, ""flip"": false, ""zone"": false, ""speed"": 35.8, ""buzzer"": 0, ""engine"": true, ""in_zone"": true, ""ignition"": true, ""latitude"": 42.6544333, ""direction"": 72, ""longitude"": 18.053875, ""gsm_signal"": 31, ""sleep_mode"": false, ""staff_mode"": false, ""fault_codes"": [], ""speed_limit"": 46, ""engine_hours"": 1591, ""idc_triggers"": [], ""buzzer_active"": false, ""fuel_level_avg"": 0, ""lock_geo_alert"": false, ""operation_mode"": ""RENT"", ""battery_voltage"": 14.800000190734863, ""in_primary_zone"": true, ""lock_engine_alert"": false, ""in_restricted_zone"": false, ""onboard_geofencing"": false, ""speed_limit_active"": false}"
2023-07-17 13:18:31.420,5237,13,"359159972073523",20,"{""key"": false, ""flip"": false, ""zone"": false, ""speed"": 34.8, ""buzzer"": 0, ""engine"": true, ""in_zone"": true, ""ignition"": true, ""latitude"": 42.6544066, ""direction"": 72, ""longitude"": 18.05376, ""gsm_signal"": 31, ""sleep_mode"": false, ""staff_mode"": false, ""fault_codes"": [], ""speed_limit"": 46, ""engine_hours"": 1591, ""idc_triggers"": [], ""buzzer_active"": false, ""fuel_level_avg"": 0, ""lock_geo_alert"": false, ""operation_mode"": ""RENT"", ""battery_voltage"": 14.800000190734863, ""in_primary_zone"": true, ""lock_engine_alert"": false, ""in_restricted_zone"": false, ""onboard_geofencing"": false, ""speed_limit_active"": false}"
2023-07-17 13:18:30.448,5237,13,"359159972073523",20,"{""key"": false, ""flip"": false, ""zone"": false, ""speed"": 33.2, ""buzzer"": 0, ""engine"": true, ""in_zone"": true, ""ignition"": true, ""latitude"": 42.6543816, ""direction"": 73, ""longitude"": 18.0536482, ""gsm_signal"": 31, ""sleep_mode"": false, ""staff_mode"": false, ""fault_codes"": [], ""speed_limit"": 46, ""engine_hours"": 1591, ""idc_triggers"": [], ""buzzer_active"": false, ""fuel_level_avg"": 0, ""lock_geo_alert"": false, ""operation_mode"": ""RENT"", ""battery_voltage"": 14.800000190734863, ""in_primary_zone"": true, ""lock_engine_alert"": false, ""in_restricted_zone"": false, ""onboard_geofencing"": false, ""speed_limit_active"": false}"
2023-07-17 13:18:29.464,5237,13,"359159972073523",20,"{""key"": false, ""flip"": false, ""zone"": false, ""speed"": 33.9, ""buzzer"": 0, ""engine"": true, ""in_zone"": true, ""ignition"": true, ""latitude"": 42.6543583, ""direction"": 73, ""longitude"": 18.0535382, ""gsm_signal"": 31, ""sleep_mode"": false, ""staff_mode"": false, ""fault_codes"": [], ""speed_limit"": 46, ""engine_hours"": 1591, ""idc_triggers"": [], ""buzzer_active"": false, ""fuel_level_avg"": 0, ""lock_geo_alert"": false, ""operation_mode"": ""RENT"", ""battery_voltage"": 14.800000190734863, ""in_primary_zone"": true, ""lock_engine_alert"": false, ""in_restricted_zone"": false, ""onboard_geofencing"": false, ""speed_limit_active"": false}"
2023-07-17 13:18:28.840,5237,13,"359159972073523",20,"{""key"": false, ""flip"": false, ""zone"": false, ""speed"": 35.7, ""buzzer"": 0, ""engine"": true, ""in_zone"": true, ""ignition"": true, ""latitude"": 42.654335, ""direction"": 73, ""longitude"": 18.053425, ""gsm_signal"": 31, ""sleep_mode"": false, ""staff_mode"": false, ""fault_codes"": [], ""speed_limit"": 46, ""engine_hours"": 1591, ""idc_triggers"": [], ""buzzer_active"": false, ""fuel_level_avg"": 0, ""lock_geo_alert"": false, ""operation_mode"": ""RENT"", ""battery_voltage"": 14.800000190734863, ""in_primary_zone"": true, ""lock_engine_alert"": false, ""in_restricted_zone"": false, ""onboard_geofencing"": false, ""speed_limit_active"": false}"
2023-07-17 13:18:27.482,5237,13,"359159972073523",20,"{""key"": false, ""flip"": false, ""zone"": false, ""speed"": 40.2, ""buzzer"": 0, ""engine"": true, ""in_zone"": true, ""ignition"": true, ""latitude"": 42.6543083, ""direction"": 74, ""longitude"": 18.053305, ""gsm_signal"": 31, ""sleep_mode"": false, ""staff_mode"": false, ""fault_codes"": [], ""speed_limit"": 46, ""engine_hours"": 1591, ""idc_triggers"": [], ""buzzer_active"": false, ""fuel_level_avg"": 0, ""lock_geo_alert"": false, ""operation_mode"": ""RENT"", ""battery_voltage"": 14.800000190734863, ""in_primary_zone"": true, ""lock_engine_alert"": false, ""in_restricted_zone"": false, ""onboard_geofencing"": false, ""speed_limit_active"": false}"
2023-07-17 13:18:26.418,5237,13,"359159972073523",20,"{""key"": false, ""flip"": false, ""zone"": false, ""speed"": 41.6, ""buzzer"": 0, ""engine"": true, ""in_zone"": true, ""ignition"": true, ""latitude"": 42.6542833, ""direction"": 76, ""longitude"": 18.0531716, ""gsm_signal"": 31, ""sleep_mode"": false, ""staff_mode"": false, ""fault_codes"": [], ""speed_limit"": 46, ""engine_hours"": 1591, ""idc_triggers"": [], ""buzzer_active"": false, ""fuel_level_avg"": 0, ""lock_geo_alert"": false, ""operation_mode"": ""RENT"", ""battery_voltage"": 14.800000190734863, ""in_primary_zone"": true, ""lock_engine_alert"": false, ""in_restricted_zone"": false, ""onboard_geofencing"": false, ""speed_limit_active"": false}"
2023-07-17 13:18:25.421,5237,13,"359159972073523",20,"{""key"": false, ""flip"": false, ""zone"": false, ""speed"": 42.6, ""buzzer"": 0, ""engine"": true, ""in_zone"": true, ""ignition"": true, ""latitude"": 42.6542616, ""direction"": 80, ""longitude"": 18.0530316, ""gsm_signal"": 31, ""sleep_mode"": false, ""staff_mode"": false, ""fault_codes"": [], ""speed_limit"": 46, ""engine_hours"": 1591, ""idc_triggers"": [], ""buzzer_active"": false, ""fuel_level_avg"": 0, ""lock_geo_alert"": false, ""operation_mode"": ""RENT"", ""battery_voltage"": 14.800000190734863, ""in_primary_zone"": true, ""lock_engine_alert"": false, ""in_restricted_zone"": false, ""onboard_geofencing"": false, ""speed_limit_active"": false}"
2023-07-17 13:18:24.443,5237,13,"359159972073523",20,"{""key"": false, ""flip"": false, ""zone"": false, ""speed"": 43.8, ""buzzer"": 0, ""engine"": true, ""in_zone"": true, ""ignition"": true, ""latitude"": 42.654245, ""direction"": 81, ""longitude"": 18.0528882, ""gsm_signal"": 31, ""sleep_mode"": false, ""staff_mode"": false, ""fault_codes"": [], ""speed_limit"": 46, ""engine_hours"": 1591, ""idc_triggers"": [], ""buzzer_active"": false, ""fuel_level_avg"": 0, ""lock_geo_alert"": false, ""operation_mode"": ""RENT"", ""battery_voltage"": 14.699999809265137, ""in_primary_zone"": true, ""lock_engine_alert"": false, ""in_restricted_zone"": false, ""onboard_geofencing"": false, ""speed_limit_active"": false}"
2023-07-17 13:18:23.879,5237,13,"359159972073523",20,"{""key"": false, ""flip"": false, ""zone"": false, ""speed"": 44.9, ""buzzer"": 0, ""engine"": true, ""in_zone"": true, ""ignition"": true, ""latitude"": 42.6542283, ""direction"": 81, ""longitude"": 18.0527416, ""gsm_signal"": 31, ""sleep_mode"": false, ""staff_mode"": false, ""fault_codes"": [], ""speed_limit"": 46, ""engine_hours"": 1591, ""idc_triggers"": [], ""buzzer_active"": false, ""fuel_level_avg"": 0, ""lock_geo_alert"": false, ""operation_mode"": ""RENT"", ""battery_voltage"": 14.699999809265137, ""in_primary_zone"": true, ""lock_engine_alert"": false, ""in_restricted_zone"": false, ""onboard_geofencing"": false, ""speed_limit_active"": false}"
2023-07-17 13:18:22.424,5237,13,"359159972073523",20,"{""key"": false, ""flip"": false, ""zone"": false, ""speed"": 47.6, ""buzzer"": 0, ""engine"": true, ""in_zone"": true, ""ignition"": true, ""latitude"": 42.654215, ""direction"": 84, ""longitude"": 18.0525866, ""gsm_signal"": 31, ""sleep_mode"": false, ""staff_mode"": false, ""fault_codes"": [], ""speed_limit"": 46, ""engine_hours"": 1591, ""idc_triggers"": [], ""buzzer_active"": false, ""fuel_level_avg"": 0, ""lock_geo_alert"": false, ""operation_mode"": ""RENT"", ""battery_voltage"": 14.699999809265137, ""in_primary_zone"": true, ""lock_engine_alert"": false, ""in_restricted_zone"": false, ""onboard_geofencing"": false, ""speed_limit_active"": false}"
2023-07-17 13:18:21.439,5237,13,"359159972073523",20,"{""key"": false, ""flip"": false, ""zone"": false, ""speed"": 46.3, ""buzzer"": 0, ""engine"": true, ""in_zone"": true, ""ignition"": true, ""latitude"": 42.6542033, ""direction"": 84, ""longitude"": 18.0524282, ""gsm_signal"": 31, ""sleep_mode"": false, ""staff_mode"": false, ""fault_codes"": [], ""speed_limit"": 46, ""engine_hours"": 1591, ""idc_triggers"": [], ""buzzer_active"": false, ""fuel_level_avg"": 0, ""lock_geo_alert"": false, ""operation_mode"": ""RENT"", ""battery_voltage"": 14.699999809265137, ""in_primary_zone"": true, ""lock_engine_alert"": false, ""in_restricted_zone"": false, ""onboard_geofencing"": false, ""speed_limit_active"": false}"
2023-07-17 13:18:20.443,5237,13,"359159972073523",20,"{""key"": false, ""flip"": false, ""zone"": false, ""speed"": 47.6, ""buzzer"": 0, ""engine"": true, ""in_zone"": true, ""ignition"": true, ""latitude"": 42.65419, ""direction"": 83, ""longitude"": 18.05227, ""gsm_signal"": 31, ""sleep_mode"": false, ""staff_mode"": false, ""fault_codes"": [], ""speed_limit"": 46, ""engine_hours"": 1591, ""idc_triggers"": [], ""buzzer_active"": false, ""fuel_level_avg"": 0, ""lock_geo_alert"": false, ""operation_mode"": ""RENT"", ""battery_voltage"": 14.699999809265137, ""in_primary_zone"": true, ""lock_engine_alert"": false, ""in_restricted_zone"": false, ""onboard_geofencing"": false, ""speed_limit_active"": false}"
2023-07-17 13:18:19.840,5237,13,"359159972073523",20,"{""key"": false, ""flip"": false, ""zone"": false, ""speed"": 46.6, ""buzzer"": 0, ""engine"": true, ""in_zone"": true, ""ignition"": true, ""latitude"": 42.6541766, ""direction"": 83, ""longitude"": 18.0521116, ""gsm_signal"": 31, ""sleep_mode"": false, ""staff_mode"": false, ""fault_codes"": [], ""speed_limit"": 46, ""engine_hours"": 1591, ""idc_triggers"": [], ""buzzer_active"": false, ""fuel_level_avg"": 0, ""lock_geo_alert"": false, ""operation_mode"": ""RENT"", ""battery_voltage"": 14.699999809265137, ""in_primary_zone"": true, ""lock_engine_alert"": false, ""in_restricted_zone"": false, ""onboard_geofencing"": false, ""speed_limit_active"": false}"
2023-07-17 13:18:18.454,5237,13,"359159972073523",20,"{""key"": false, ""flip"": false, ""zone"": false, ""speed"": 44.8, ""buzzer"": 0, ""engine"": true, ""in_zone"": true, ""ignition"": true, ""latitude"": 42.6541633, ""direction"": 83, ""longitude"": 18.0519566, ""gsm_signal"": 31, ""sleep_mode"": false, ""staff_mode"": false, ""fault_codes"": [], ""speed_limit"": 46, ""engine_hours"": 1591, ""idc_triggers"": [], ""buzzer_active"": false, ""fuel_level_avg"": 0, ""lock_geo_alert"": false, ""operation_mode"": ""RENT"", ""battery_voltage"": 14.699999809265137, ""in_primary_zone"": true, ""lock_engine_alert"": false, ""in_restricted_zone"": false, ""onboard_geofencing"": false, ""speed_limit_active"": false}"
2023-07-17 13:18:17.462,5237,13,"359159972073523",20,"{""key"": false, ""flip"": false, ""zone"": false, ""speed"": 41.8, ""buzzer"": 0, ""engine"": true, ""in_zone"": true, ""ignition"": true, ""latitude"": 42.6541516, ""direction"": 84, ""longitude"": 18.0518082, ""gsm_signal"": 31, ""sleep_mode"": false, ""staff_mode"": false, ""fault_codes"": [], ""speed_limit"": 46, ""engine_hours"": 1591, ""idc_triggers"": [], ""buzzer_active"": false, ""fuel_level_avg"": 0, ""lock_geo_alert"": false, ""operation_mode"": ""RENT"", ""battery_voltage"": 14.699999809265137, ""in_primary_zone"": true, ""lock_engine_alert"": false, ""in_restricted_zone"": false, ""onboard_geofencing"": false, ""speed_limit_active"": false}"
2023-07-17 13:18:16.441,5237,13,"359159972073523",20,"{""key"": false, ""flip"": false, ""zone"": false, ""speed"": 40.8, ""buzzer"": 0, ""engine"": true, ""in_zone"": true, ""ignition"": true, ""latitude"": 42.6541416, ""direction"": 84, ""longitude"": 18.0516682, ""gsm_signal"": 31, ""sleep_mode"": false, ""staff_mode"": false, ""fault_codes"": [], ""speed_limit"": 46, ""engine_hours"": 1591, ""idc_triggers"": [], ""buzzer_active"": false, ""fuel_level_avg"": 0, ""lock_geo_alert"": false, ""operation_mode"": ""RENT"", ""battery_voltage"": 14.699999809265137, ""in_primary_zone"": true, ""lock_engine_alert"": false, ""in_restricted_zone"": false, ""onboard_geofencing"": false, ""speed_limit_active"": false}"
2023-07-17 13:18:15.839,5237,13,"359159972073523",20,"{""key"": false, ""flip"": false, ""zone"": false, ""speed"": 39.0, ""buzzer"": 0, ""engine"": true, ""in_zone"": true, ""ignition"": true, ""latitude"": 42.6541333, ""direction"": 85, ""longitude"": 18.0515316, ""gsm_signal"": 31, ""sleep_mode"": false, ""staff_mode"": false, ""fault_codes"": [], ""speed_limit"": 46, ""engine_hours"": 1591, ""idc_triggers"": [], ""buzzer_active"": false, ""fuel_level_avg"": 0, ""lock_geo_alert"": false, ""operation_mode"": ""RENT"", ""battery_voltage"": 14.699999809265137, ""in_primary_zone"": true, ""lock_engine_alert"": false, ""in_restricted_zone"": false, ""onboard_geofencing"": false, ""speed_limit_active"": false}"
2023-07-17 13:18:14.417,5237,13,"359159972073523",20,"{""key"": false, ""flip"": false, ""zone"": false, ""speed"": 39.0, ""buzzer"": 0, ""engine"": true, ""in_zone"": true, ""ignition"": true, ""latitude"": 42.6541266, ""direction"": 87, ""longitude"": 18.0514, ""gsm_signal"": 31, ""sleep_mode"": false, ""staff_mode"": false, ""fault_codes"": [], ""speed_limit"": 46, ""engine_hours"": 1591, ""idc_triggers"": [], ""buzzer_active"": false, ""fuel_level_avg"": 0, ""lock_geo_alert"": false, ""operation_mode"": ""RENT"", ""battery_voltage"": 14.699999809265137, ""in_primary_zone"": true, ""lock_engine_alert"": false, ""in_restricted_zone"": false, ""onboard_geofencing"": false, ""speed_limit_active"": false}"
2023-07-17 13:18:13.419,5237,13,"359159972073523",20,"{""key"": false, ""flip"": false, ""zone"": false, ""speed"": 43.2, ""buzzer"": 0, ""engine"": true, ""in_zone"": true, ""ignition"": true, ""latitude"": 42.6541233, ""direction"": 88, ""longitude"": 18.051265, ""gsm_signal"": 31, ""sleep_mode"": false, ""staff_mode"": false, ""fault_codes"": [], ""speed_limit"": 46, ""engine_hours"": 1591, ""idc_triggers"": [], ""buzzer_active"": false, ""fuel_level_avg"": 0, ""lock_geo_alert"": false, ""operation_mode"": ""RENT"", ""battery_voltage"": 14.699999809265137, ""in_primary_zone"": true, ""lock_engine_alert"": false, ""in_restricted_zone"": false, ""onboard_geofencing"": false, ""speed_limit_active"": false}"
2023-07-17 13:18:12.420,5237,13,"359159972073523",20,"{""key"": false, ""flip"": false, ""zone"": false, ""speed"": 46.1, ""buzzer"": 0, ""engine"": true, ""in_zone"": true, ""ignition"": true, ""latitude"": 42.6541216, ""direction"": 89, ""longitude"": 18.051115, ""gsm_signal"": 31, ""sleep_mode"": false, ""staff_mode"": false, ""fault_codes"": [], ""speed_limit"": 46, ""engine_hours"": 1591, ""idc_triggers"": [], ""buzzer_active"": false, ""fuel_level_avg"": 0, ""lock_geo_alert"": false, ""operation_mode"": ""RENT"", ""battery_voltage"": 14.699999809265137, ""in_primary_zone"": true, ""lock_engine_alert"": false, ""in_restricted_zone"": false, ""onboard_geofencing"": false, ""speed_limit_active"": false}"
2023-07-17 13:18:11.440,5237,13,"359159972073523",20,"{""key"": false, ""flip"": false, ""zone"": false, ""speed"": 52.4, ""buzzer"": 0, ""engine"": true, ""in_zone"": true, ""ignition"": true, ""latitude"": 42.6541216, ""direction"": 89, ""longitude"": 18.0509532, ""gsm_signal"": 31, ""sleep_mode"": false, ""staff_mode"": false, ""fault_codes"": [], ""speed_limit"": 46, ""engine_hours"": 1591, ""idc_triggers"": [], ""buzzer_active"": false, ""fuel_level_avg"": 0, ""lock_geo_alert"": false, ""operation_mode"": ""RENT"", ""battery_voltage"": 14.699999809265137, ""in_primary_zone"": true, ""lock_engine_alert"": false, ""in_restricted_zone"": false, ""onboard_geofencing"": false, ""speed_limit_active"": false}"
2023-07-17 13:18:10.441,5237,13,"359159972073523",20,"{""key"": false, ""flip"": false, ""zone"": false, ""speed"": 58.6, ""buzzer"": 0, ""engine"": true, ""in_zone"": true, ""ignition"": true, ""latitude"": 42.6541216, ""direction"": 90, ""longitude"": 18.0507682, ""gsm_signal"": 31, ""sleep_mode"": false, ""staff_mode"": false, ""fault_codes"": [], ""speed_limit"": 46, ""engine_hours"": 1591, ""idc_triggers"": [], ""buzzer_active"": false, ""fuel_level_avg"": 0, ""lock_geo_alert"": false, ""operation_mode"": ""RENT"", ""battery_voltage"": 14.699999809265137, ""in_primary_zone"": true, ""lock_engine_alert"": false, ""in_restricted_zone"": false, ""onboard_geofencing"": false, ""speed_limit_active"": false}"
2023-07-17 13:18:09.840,5237,13,"359159972073523",20,"{""key"": false, ""flip"": false, ""zone"": false, ""speed"": 60.3, ""buzzer"": 0, ""engine"": true, ""in_zone"": true, ""ignition"": true, ""latitude"": 42.6541216, ""direction"": 89, ""longitude"": 18.0505682, ""gsm_signal"": 30, ""sleep_mode"": false, ""staff_mode"": false, ""fault_codes"": [], ""speed_limit"": 46, ""engine_hours"": 1591, ""idc_triggers"": [], ""buzzer_active"": false, ""fuel_level_avg"": 0, ""lock_geo_alert"": false, ""operation_mode"": ""RENT"", ""battery_voltage"": 14.699999809265137, ""in_primary_zone"": true, ""lock_engine_alert"": false, ""in_restricted_zone"": false, ""onboard_geofencing"": false, ""speed_limit_active"": false}"
2023-07-17 13:18:08.421,5237,13,"359159972073523",20,"{""key"": false, ""flip"": false, ""zone"": false, ""speed"": 60.2, ""buzzer"": 0, ""engine"": true, ""in_zone"": true, ""ignition"": true, ""latitude"": 42.6541216, ""direction"": 91, ""longitude"": 18.0503632, ""gsm_signal"": 30, ""sleep_mode"": false, ""staff_mode"": false, ""fault_codes"": [], ""speed_limit"": 46, ""engine_hours"": 1591, ""idc_triggers"": [], ""buzzer_active"": false, ""fuel_level_avg"": 0, ""lock_geo_alert"": false, ""operation_mode"": ""RENT"", ""battery_voltage"": 14.699999809265137, ""in_primary_zone"": true, ""lock_engine_alert"": false, ""in_restricted_zone"": false, ""onboard_geofencing"": false, ""speed_limit_active"": false}"
2023-07-17 13:18:07.421,5237,13,"359159972073523",20,"{""key"": false, ""flip"": false, ""zone"": false, ""speed"": 58.9, ""buzzer"": 0, ""engine"": true, ""in_zone"": true, ""ignition"": true, ""latitude"": 42.654125, ""direction"": 90, ""longitude"": 18.0501616, ""gsm_signal"": 30, ""sleep_mode"": false, ""staff_mode"": false, ""fault_codes"": [], ""speed_limit"": 46, ""engine_hours"": 1591, ""idc_triggers"": [], ""buzzer_active"": false, ""fuel_level_avg"": 0, ""lock_geo_alert"": false, ""operation_mode"": ""RENT"", ""battery_voltage"": 14.699999809265137, ""in_primary_zone"": true, ""lock_engine_alert"": false, ""in_restricted_zone"": false, ""onboard_geofencing"": false, ""speed_limit_active"": false}"
2023-07-17 13:18:06.437,5237,13,"359159972073523",20,"{""key"": false, ""flip"": false, ""zone"": false, ""speed"": 58.4, ""buzzer"": 0, ""engine"": true, ""in_zone"": true, ""ignition"": true, ""latitude"": 42.6541266, ""direction"": 91, ""longitude"": 18.0499616, ""gsm_signal"": 30, ""sleep_mode"": false, ""staff_mode"": false, ""fault_codes"": [], ""speed_limit"": 46, ""engine_hours"": 1591, ""idc_triggers"": [], ""buzzer_active"": false, ""fuel_level_avg"": 0, ""lock_geo_alert"": false, ""operation_mode"": ""RENT"", ""battery_voltage"": 14.699999809265137, ""in_primary_zone"": true, ""lock_engine_alert"": false, ""in_restricted_zone"": false, ""onboard_geofencing"": false, ""speed_limit_active"": false}"
2023-07-17 13:18:05.443,5237,13,"359159972073523",20,"{""key"": false, ""flip"": false, ""zone"": false, ""speed"": 58.7, ""buzzer"": 0, ""engine"": true, ""in_zone"": true, ""ignition"": true, ""latitude"": 42.65413, ""direction"": 91, ""longitude"": 18.0497632, ""gsm_signal"": 30, ""sleep_mode"": false, ""staff_mode"": false, ""fault_codes"": [], ""speed_limit"": 46, ""engine_hours"": 1591, ""idc_triggers"": [], ""buzzer_active"": false, ""fuel_level_avg"": 0, ""lock_geo_alert"": false, ""operation_mode"": ""RENT"", ""battery_voltage"": 14.699999809265137, ""in_primary_zone"": true, ""lock_engine_alert"": false, ""in_restricted_zone"": false, ""onboard_geofencing"": false, ""speed_limit_active"": false}"
2023-07-17 13:18:04.841,5237,13,"359159972073523",20,"{""key"": false, ""flip"": false, ""zone"": false, ""speed"": 57.9, ""buzzer"": 0, ""engine"": true, ""in_zone"": true, ""ignition"": true, ""latitude"": 42.6541333, ""direction"": 91, ""longitude"": 18.049565, ""gsm_signal"": 30, ""sleep_mode"": false, ""staff_mode"": false, ""fault_codes"": [], ""speed_limit"": 46, ""engine_hours"": 1591, ""idc_triggers"": [], ""buzzer_active"": false, ""fuel_level_avg"": 0, ""lock_geo_alert"": false, ""operation_mode"": ""RENT"", ""battery_voltage"": 14.699999809265137, ""in_primary_zone"": true, ""lock_engine_alert"": false, ""in_restricted_zone"": false, ""onboard_geofencing"": false, ""speed_limit_active"": false}"
2023-07-17 13:18:03.426,5237,13,"359159972073523",20,"{""key"": false, ""flip"": false, ""zone"": false, ""speed"": 57.7, ""buzzer"": 0, ""engine"": true, ""in_zone"": true, ""ignition"": true, ""latitude"": 42.6541366, ""direction"": 91, ""longitude"": 18.04937, ""gsm_signal"": 31, ""sleep_mode"": false, ""staff_mode"": false, ""fault_codes"": [], ""speed_limit"": 46, ""engine_hours"": 1591, ""idc_triggers"": [], ""buzzer_active"": false, ""fuel_level_avg"": 0, ""lock_geo_alert"": false, ""operation_mode"": ""RENT"", ""battery_voltage"": 14.699999809265137, ""in_primary_zone"": true, ""lock_engine_alert"": false, ""in_restricted_zone"": false, ""onboard_geofencing"": false, ""speed_limit_active"": false}"
2023-07-17 13:18:02.445,5237,13,"359159972073523",20,"{""key"": false, ""flip"": false, ""zone"": false, ""speed"": 57.7, ""buzzer"": 0, ""engine"": true, ""in_zone"": true, ""ignition"": true, ""latitude"": 42.65414, ""direction"": 90, ""longitude"": 18.0491732, ""gsm_signal"": 31, ""sleep_mode"": false, ""staff_mode"": false, ""fault_codes"": [], ""speed_limit"": 46, ""engine_hours"": 1591, ""idc_triggers"": [], ""buzzer_active"": false, ""fuel_level_avg"": 0, ""lock_geo_alert"": false, ""operation_mode"": ""RENT"", ""battery_voltage"": 14.699999809265137, ""in_primary_zone"": true, ""lock_engine_alert"": false, ""in_restricted_zone"": false, ""onboard_geofencing"": false, ""speed_limit_active"": false}"
2023-07-17 13:18:01.440,5237,13,"359159972073523",20,"{""key"": false, ""flip"": false, ""zone"": false, ""speed"": 57.6, ""buzzer"": 0, ""engine"": true, ""in_zone"": true, ""ignition"": true, ""latitude"": 42.6541416, ""direction"": 91, ""longitude"": 18.0489782, ""gsm_signal"": 31, ""sleep_mode"": false, ""staff_mode"": false, ""fault_codes"": [], ""speed_limit"": 46, ""engine_hours"": 1591, ""idc_triggers"": [], ""buzzer_active"": false, ""fuel_level_avg"": 0, ""lock_geo_alert"": false, ""operation_mode"": ""RENT"", ""battery_voltage"": 14.699999809265137, ""in_primary_zone"": true, ""lock_engine_alert"": false, ""in_restricted_zone"": false, ""onboard_geofencing"": false, ""speed_limit_active"": false}"
2023-07-17 13:18:00.838,5237,13,"359159972073523",20,"{""key"": false, ""flip"": false, ""zone"": false, ""speed"": 57.0, ""buzzer"": 0, ""engine"": true, ""in_zone"": true, ""ignition"": true, ""latitude"": 42.654145, ""direction"": 91, ""longitude"": 18.0487832, ""gsm_signal"": 30, ""sleep_mode"": false, ""staff_mode"": false, ""fault_codes"": [], ""speed_limit"": 46, ""engine_hours"": 1591, ""idc_triggers"": [], ""buzzer_active"": false, ""fuel_level_avg"": 0, ""lock_geo_alert"": false, ""operation_mode"": ""RENT"", ""battery_voltage"": 14.699999809265137, ""in_primary_zone"": true, ""lock_engine_alert"": false, ""in_restricted_zone"": false, ""onboard_geofencing"": false, ""speed_limit_active"": false}"
2023-07-17 13:17:59.418,5237,13,"359159972073523",20,"{""key"": false, ""flip"": false, ""zone"": false, ""speed"": 55.7, ""buzzer"": 0, ""engine"": true, ""in_zone"": true, ""ignition"": true, ""latitude"": 42.65415, ""direction"": 91, ""longitude"": 18.0485916, ""gsm_signal"": 30, ""sleep_mode"": false, ""staff_mode"": false, ""fault_codes"": [], ""speed_limit"": 46, ""engine_hours"": 1591, ""idc_triggers"": [], ""buzzer_active"": false, ""fuel_level_avg"": 0, ""lock_geo_alert"": false, ""operation_mode"": ""RENT"", ""battery_voltage"": 14.699999809265137, ""in_primary_zone"": true, ""lock_engine_alert"": false, ""in_restricted_zone"": false, ""onboard_geofencing"": false, ""speed_limit_active"": false}"
2023-07-17 13:17:58.422,5237,13,"359159972073523",20,"{""key"": false, ""flip"": false, ""zone"": false, ""speed"": 54.0, ""buzzer"": 0, ""engine"": true, ""in_zone"": true, ""ignition"": true, ""latitude"": 42.6541533, ""direction"": 90, ""longitude"": 18.0484032, ""gsm_signal"": 30, ""sleep_mode"": false, ""staff_mode"": false, ""fault_codes"": [], ""speed_limit"": 46, ""engine_hours"": 1591, ""idc_triggers"": [], ""buzzer_active"": false, ""fuel_level_avg"": 0, ""lock_geo_alert"": false, ""operation_mode"": ""RENT"", ""battery_voltage"": 14.699999809265137, ""in_primary_zone"": true, ""lock_engine_alert"": false, ""in_restricted_zone"": false, ""onboard_geofencing"": false, ""speed_limit_active"": false}"
2023-07-17 13:17:57.438,5237,13,"359159972073523",20,"{""key"": false, ""flip"": false, ""zone"": false, ""speed"": 52.5, ""buzzer"": 0, ""engine"": true, ""in_zone"": true, ""ignition"": true, ""latitude"": 42.654155, ""direction"": 90, ""longitude"": 18.0482216, ""gsm_signal"": 28, ""sleep_mode"": false, ""staff_mode"": false, ""fault_codes"": [], ""speed_limit"": 46, ""engine_hours"": 1591, ""idc_triggers"": [], ""buzzer_active"": false, ""fuel_level_avg"": 0, ""lock_geo_alert"": false, ""operation_mode"": ""RENT"", ""battery_voltage"": 14.699999809265137, ""in_primary_zone"": true, ""lock_engine_alert"": false, ""in_restricted_zone"": false, ""onboard_geofencing"": false, ""speed_limit_active"": false}"
2023-07-17 13:17:56.442,5237,13,"359159972073523",20,"{""key"": false, ""flip"": false, ""zone"": false, ""speed"": 50.3, ""buzzer"": 0, ""engine"": true, ""in_zone"": true, ""ignition"": true, ""latitude"": 42.654155, ""direction"": 89, ""longitude"": 18.048045, ""gsm_signal"": 28, ""sleep_mode"": false, ""staff_mode"": false, ""fault_codes"": [], ""speed_limit"": 46, ""engine_hours"": 1591, ""idc_triggers"": [], ""buzzer_active"": false, ""fuel_level_avg"": 0, ""lock_geo_alert"": false, ""operation_mode"": ""RENT"", ""battery_voltage"": 14.699999809265137, ""in_primary_zone"": true, ""lock_engine_alert"": false, ""in_restricted_zone"": false, ""onboard_geofencing"": false, ""speed_limit_active"": false}"
2023-07-17 13:17:55.842,5237,13,"359159972073523",20,"{""key"": false, ""flip"": false, ""zone"": false, ""speed"": 48.5, ""buzzer"": 0, ""engine"": true, ""in_zone"": true, ""ignition"": true, ""latitude"": 42.6541533, ""direction"": 88, ""longitude"": 18.0478766, ""gsm_signal"": 28, ""sleep_mode"": false, ""staff_mode"": false, ""fault_codes"": [], ""speed_limit"": 46, ""engine_hours"": 1591, ""idc_triggers"": [], ""buzzer_active"": false, ""fuel_level_avg"": 0, ""lock_geo_alert"": false, ""operation_mode"": ""RENT"", ""battery_voltage"": 14.699999809265137, ""in_primary_zone"": true, ""lock_engine_alert"": false, ""in_restricted_zone"": false, ""onboard_geofencing"": false, ""speed_limit_active"": false}"
2023-07-17 13:17:54.420,5237,13,"359159972073523",20,"{""key"": false, ""flip"": false, ""zone"": false, ""speed"": 46.3, ""buzzer"": 0, ""engine"": true, ""in_zone"": true, ""ignition"": true, ""latitude"": 42.6541483, ""direction"": 87, ""longitude"": 18.0477132, ""gsm_signal"": 28, ""sleep_mode"": false, ""staff_mode"": false, ""fault_codes"": [], ""speed_limit"": 46, ""engine_hours"": 1591, ""idc_triggers"": [], ""buzzer_active"": false, ""fuel_level_avg"": 0, ""lock_geo_alert"": false, ""operation_mode"": ""RENT"", ""battery_voltage"": 14.699999809265137, ""in_primary_zone"": true, ""lock_engine_alert"": false, ""in_restricted_zone"": false, ""onboard_geofencing"": false, ""speed_limit_active"": false}"
2023-07-17 13:17:53.456,5237,13,"359159972073523",20,"{""key"": false, ""flip"": false, ""zone"": false, ""speed"": 44.9, ""buzzer"": 0, ""engine"": true, ""in_zone"": true, ""ignition"": true, ""latitude"": 42.6541433, ""direction"": 88, ""longitude"": 18.0475582, ""gsm_signal"": 28, ""sleep_mode"": false, ""staff_mode"": false, ""fault_codes"": [], ""speed_limit"": 46, ""engine_hours"": 1591, ""idc_triggers"": [], ""buzzer_active"": false, ""fuel_level_avg"": 0, ""lock_geo_alert"": false, ""operation_mode"": ""RENT"", ""battery_voltage"": 14.699999809265137, ""in_primary_zone"": true, ""lock_engine_alert"": false, ""in_restricted_zone"": false, ""onboard_geofencing"": false, ""speed_limit_active"": false}"
2023-07-17 13:17:52.440,5237,13,"359159972073523",20,"{""key"": false, ""flip"": false, ""zone"": false, ""speed"": 44.2, ""buzzer"": 0, ""engine"": true, ""in_zone"": true, ""ignition"": true, ""latitude"": 42.65414, ""direction"": 87, ""longitude"": 18.0474066, ""gsm_signal"": 28, ""sleep_mode"": false, ""staff_mode"": false, ""fault_codes"": [], ""speed_limit"": 46, ""engine_hours"": 1591, ""idc_triggers"": [], ""buzzer_active"": false, ""fuel_level_avg"": 0, ""lock_geo_alert"": false, ""operation_mode"": ""RENT"", ""battery_voltage"": 14.699999809265137, ""in_primary_zone"": true, ""lock_engine_alert"": false, ""in_restricted_zone"": false, ""onboard_geofencing"": false, ""speed_limit_active"": false}"
2023-07-17 13:17:51.839,5237,13,"359159972073523",20,"{""key"": false, ""flip"": false, ""zone"": false, ""speed"": 43.9, ""buzzer"": 0, ""engine"": true, ""in_zone"": true, ""ignition"": true, ""latitude"": 42.654135, ""direction"": 88, ""longitude"": 18.0472582, ""gsm_signal"": 28, ""sleep_mode"": false, ""staff_mode"": false, ""fault_codes"": [], ""speed_limit"": 46, ""engine_hours"": 1591, ""idc_triggers"": [], ""buzzer_active"": false, ""fuel_level_avg"": 0, ""lock_geo_alert"": false, ""operation_mode"": ""RENT"", ""battery_voltage"": 14.699999809265137, ""in_primary_zone"": true, ""lock_engine_alert"": false, ""in_restricted_zone"": false, ""onboard_geofencing"": false, ""speed_limit_active"": false}"
2023-07-17 13:17:50.417,5237,13,"359159972073523",20,"{""key"": false, ""flip"": false, ""zone"": false, ""speed"": 46.3, ""buzzer"": 0, ""engine"": true, ""in_zone"": true, ""ignition"": true, ""latitude"": 42.6541316, ""direction"": 88, ""longitude"": 18.0471066, ""gsm_signal"": 28, ""sleep_mode"": false, ""staff_mode"": false, ""fault_codes"": [], ""speed_limit"": 46, ""engine_hours"": 1591, ""idc_triggers"": [], ""buzzer_active"": false, ""fuel_level_avg"": 0, ""lock_geo_alert"": false, ""operation_mode"": ""RENT"", ""battery_voltage"": 14.699999809265137, ""in_primary_zone"": true, ""lock_engine_alert"": false, ""in_restricted_zone"": false, ""onboard_geofencing"": false, ""speed_limit_active"": false}"
2023-07-17 13:17:49.439,5237,13,"359159972073523",20,"{""key"": false, ""flip"": false, ""zone"": false, ""speed"": 47.1, ""buzzer"": 0, ""engine"": true, ""in_zone"": true, ""ignition"": true, ""latitude"": 42.65413, ""direction"": 89, ""longitude"": 18.0469482, ""gsm_signal"": 28, ""sleep_mode"": false, ""staff_mode"": false, ""fault_codes"": [], ""speed_limit"": 46, ""engine_hours"": 1591, ""idc_triggers"": [], ""buzzer_active"": false, ""fuel_level_avg"": 0, ""lock_geo_alert"": false, ""operation_mode"": ""RENT"", ""battery_voltage"": 14.699999809265137, ""in_primary_zone"": true, ""lock_engine_alert"": false, ""in_restricted_zone"": false, ""onboard_geofencing"": false, ""speed_limit_active"": false}"
2023-07-17 13:17:48.498,5237,13,"359159972073523",20,"{""key"": false, ""flip"": false, ""zone"": false, ""speed"": 43.8, ""buzzer"": 0, ""engine"": true, ""in_zone"": true, ""ignition"": true, ""latitude"": 42.654128299999996, ""direction"": 88, ""longitude"": 18.0467932, ""gsm_signal"": 27, ""sleep_mode"": false, ""staff_mode"": false, ""fault_codes"": [], ""speed_limit"": 46, ""engine_hours"": 1591, ""idc_triggers"": [], ""buzzer_active"": false, ""fuel_level_avg"": 0, ""lock_geo_alert"": false, ""operation_mode"": ""RENT"", ""battery_voltage"": 14.699999809265137, ""in_primary_zone"": true, ""lock_engine_alert"": false, ""in_restricted_zone"": false, ""onboard_geofencing"": false, ""speed_limit_active"": false}"
2023-07-17 13:17:48.461,5237,13,"359159972073523",20,"{""key"": false, ""flip"": false, ""zone"": false, ""speed"": 43.0, ""buzzer"": 0, ""engine"": true, ""in_zone"": true, ""ignition"": true, ""latitude"": 42.654125, ""direction"": 88, ""longitude"": 18.0466466, ""gsm_signal"": 27, ""sleep_mode"": false, ""staff_mode"": false, ""fault_codes"": [], ""speed_limit"": 46, ""engine_hours"": 1591, ""idc_triggers"": [], ""buzzer_active"": false, ""fuel_level_avg"": 0, ""lock_geo_alert"": false, ""operation_mode"": ""RENT"", ""battery_voltage"": 14.699999809265137, ""in_primary_zone"": true, ""lock_engine_alert"": false, ""in_restricted_zone"": false, ""onboard_geofencing"": false, ""speed_limit_active"": false}"
2023-07-17 13:17:46.421,5237,13,"359159972073523",20,"{""key"": false, ""flip"": false, ""zone"": false, ""speed"": 39.5, ""buzzer"": 0, ""engine"": true, ""in_zone"": true, ""ignition"": true, ""latitude"": 42.6541233, ""direction"": 90, ""longitude"": 18.0464982, ""gsm_signal"": 27, ""sleep_mode"": false, ""staff_mode"": false, ""fault_codes"": [], ""speed_limit"": 46, ""engine_hours"": 1591, ""idc_triggers"": [], ""buzzer_active"": false, ""fuel_level_avg"": 0, ""lock_geo_alert"": false, ""operation_mode"": ""RENT"", ""battery_voltage"": 14.699999809265137, ""in_primary_zone"": true, ""lock_engine_alert"": false, ""in_restricted_zone"": false, ""onboard_geofencing"": false, ""speed_limit_active"": false}"
2023-07-17 13:17:45.455,5237,13,"359159972073523",20,"{""key"": false, ""flip"": false, ""zone"": false, ""speed"": 38.1, ""buzzer"": 0, ""engine"": true, ""in_zone"": true, ""ignition"": true, ""latitude"": 42.654125, ""direction"": 91, ""longitude"": 18.046365, ""gsm_signal"": 27, ""sleep_mode"": false, ""staff_mode"": false, ""fault_codes"": [], ""speed_limit"": 46, ""engine_hours"": 1591, ""idc_triggers"": [], ""buzzer_active"": false, ""fuel_level_avg"": 0, ""lock_geo_alert"": false, ""operation_mode"": ""RENT"", ""battery_voltage"": 14.699999809265137, ""in_primary_zone"": true, ""lock_engine_alert"": false, ""in_restricted_zone"": false, ""onboard_geofencing"": false, ""speed_limit_active"": false}"
2023-07-17 13:17:44.441,5237,13,"359159972073523",20,"{""key"": false, ""flip"": false, ""zone"": false, ""speed"": 35.6, ""buzzer"": 0, ""engine"": true, ""in_zone"": true, ""ignition"": true, ""latitude"": 42.6541266, ""direction"": 92, ""longitude"": 18.0462382, ""gsm_signal"": 27, ""sleep_mode"": false, ""staff_mode"": false, ""fault_codes"": [], ""speed_limit"": 46, ""engine_hours"": 1591, ""idc_triggers"": [], ""buzzer_active"": false, ""fuel_level_avg"": 0, ""lock_geo_alert"": false, ""operation_mode"": ""RENT"", ""battery_voltage"": 14.699999809265137, ""in_primary_zone"": true, ""lock_engine_alert"": false, ""in_restricted_zone"": false, ""onboard_geofencing"": false, ""speed_limit_active"": false}"
2023-07-17 13:17:43.840,5237,13,"359159972073523",20,"{""key"": false, ""flip"": false, ""zone"": false, ""speed"": 34.0, ""buzzer"": 0, ""engine"": true, ""in_zone"": true, ""ignition"": true, ""latitude"": 42.6541316, ""direction"": 94, ""longitude"": 18.0461182, ""gsm_signal"": 27, ""sleep_mode"": false, ""staff_mode"": false, ""fault_codes"": [], ""speed_limit"": 46, ""engine_hours"": 1591, ""idc_triggers"": [], ""buzzer_active"": false, ""fuel_level_avg"": 0, ""lock_geo_alert"": false, ""operation_mode"": ""RENT"", ""battery_voltage"": 14.699999809265137, ""in_primary_zone"": true, ""lock_engine_alert"": false, ""in_restricted_zone"": false, ""onboard_geofencing"": false, ""speed_limit_active"": false}"
2023-07-17 13:17:42.421,5237,13,"359159972073523",20,"{""key"": false, ""flip"": false, ""zone"": false, ""speed"": 30.4, ""buzzer"": 0, ""engine"": true, ""in_zone"": true, ""ignition"": true, ""latitude"": 42.65414, ""direction"": 94, ""longitude"": 18.0460082, ""gsm_signal"": 26, ""sleep_mode"": false, ""staff_mode"": false, ""fault_codes"": [], ""speed_limit"": 46, ""engine_hours"": 1591, ""idc_triggers"": [], ""buzzer_active"": false, ""fuel_level_avg"": 0, ""lock_geo_alert"": false, ""operation_mode"": ""RENT"", ""battery_voltage"": 14.699999809265137, ""in_primary_zone"": true, ""lock_engine_alert"": false, ""in_restricted_zone"": false, ""onboard_geofencing"": false, ""speed_limit_active"": false}"
2023-07-17 13:17:41.441,5237,13,"359159972073523",20,"{""key"": false, ""flip"": false, ""zone"": false, ""speed"": 27.7, ""buzzer"": 0, ""engine"": true, ""in_zone"": true, ""ignition"": true, ""latitude"": 42.654145, ""direction"": 93, ""longitude"": 18.0459082, ""gsm_signal"": 26, ""sleep_mode"": false, ""staff_mode"": false, ""fault_codes"": [], ""speed_limit"": 46, ""engine_hours"": 1591, ""idc_triggers"": [], ""buzzer_active"": false, ""fuel_level_avg"": 0, ""lock_geo_alert"": false, ""operation_mode"": ""RENT"", ""battery_voltage"": 14.699999809265137, ""in_primary_zone"": true, ""lock_engine_alert"": false, ""in_restricted_zone"": false, ""onboard_geofencing"": false, ""speed_limit_active"": false}"
2023-07-17 13:17:40.438,5237,13,"359159972073523",20,"{""key"": false, ""flip"": false, ""zone"": false, ""speed"": 25.2, ""buzzer"": 0, ""engine"": true, ""in_zone"": true, ""ignition"": true, ""latitude"": 42.65415, ""direction"": 94, ""longitude"": 18.0458182, ""gsm_signal"": 26, ""sleep_mode"": false, ""staff_mode"": false, ""fault_codes"": [], ""speed_limit"": 46, ""engine_hours"": 1591, ""idc_triggers"": [], ""buzzer_active"": false, ""fuel_level_avg"": 0, ""lock_geo_alert"": false, ""operation_mode"": ""RENT"", ""battery_voltage"": 14.699999809265137, ""in_primary_zone"": true, ""lock_engine_alert"": false, ""in_restricted_zone"": false, ""onboard_geofencing"": false, ""speed_limit_active"": false}"
2023-07-17 13:17:39.840,5237,13,"359159972073523",20,"{""key"": false, ""flip"": false, ""zone"": false, ""speed"": 23.3, ""buzzer"": 0, ""engine"": true, ""in_zone"": true, ""ignition"": true, ""latitude"": 42.6541533, ""direction"": 92, ""longitude"": 18.045735, ""gsm_signal"": 26, ""sleep_mode"": false, ""staff_mode"": false, ""fault_codes"": [], ""speed_limit"": 46, ""engine_hours"": 1591, ""idc_triggers"": [], ""buzzer_active"": false, ""fuel_level_avg"": 0, ""lock_geo_alert"": false, ""operation_mode"": ""RENT"", ""battery_voltage"": 14.699999809265137, ""in_primary_zone"": true, ""lock_engine_alert"": false, ""in_restricted_zone"": false, ""onboard_geofencing"": false, ""speed_limit_active"": false}"
2023-07-17 13:17:38.419,5237,13,"359159972073523",20,"{""key"": false, ""flip"": false, ""zone"": false, ""speed"": 20.7, ""buzzer"": 0, ""engine"": true, ""in_zone"": true, ""ignition"": true, ""latitude"": 42.6541566, ""direction"": 91, ""longitude"": 18.0456582, ""gsm_signal"": 26, ""sleep_mode"": false, ""staff_mode"": false, ""fault_codes"": [], ""speed_limit"": 46, ""engine_hours"": 1591, ""idc_triggers"": [], ""buzzer_active"": false, ""fuel_level_avg"": 0, ""lock_geo_alert"": false, ""operation_mode"": ""RENT"", ""battery_voltage"": 14.699999809265137, ""in_primary_zone"": true, ""lock_engine_alert"": false, ""in_restricted_zone"": false, ""onboard_geofencing"": false, ""speed_limit_active"": false}"
2023-07-17 13:17:37.420,5237,13,"359159972073523",20,"{""key"": false, ""flip"": false, ""zone"": false, ""speed"": 17.5, ""buzzer"": 0, ""engine"": true, ""in_zone"": true, ""ignition"": true, ""latitude"": 42.6541566, ""direction"": 89, ""longitude"": 18.0455932, ""gsm_signal"": 26, ""sleep_mode"": false, ""staff_mode"": false, ""fault_codes"": [], ""speed_limit"": 46, ""engine_hours"": 1591, ""idc_triggers"": [], ""buzzer_active"": false, ""fuel_level_avg"": 0, ""lock_geo_alert"": false, ""operation_mode"": ""RENT"", ""battery_voltage"": 14.699999809265137, ""in_primary_zone"": true, ""lock_engine_alert"": false, ""in_restricted_zone"": false, ""onboard_geofencing"": false, ""speed_limit_active"": false}"
2023-07-17 13:17:36.521,5237,13,"359159972073523",20,"{""key"": false, ""flip"": false, ""zone"": false, ""speed"": 15.4, ""buzzer"": 0, ""engine"": true, ""in_zone"": true, ""ignition"": true, ""latitude"": 42.6541566, ""direction"": 89, ""longitude"": 18.0455366, ""gsm_signal"": 27, ""sleep_mode"": false, ""staff_mode"": false, ""fault_codes"": [], ""speed_limit"": 46, ""engine_hours"": 1591, ""idc_triggers"": [], ""buzzer_active"": false, ""fuel_level_avg"": 0, ""lock_geo_alert"": false, ""operation_mode"": ""RENT"", ""battery_voltage"": 14.699999809265137, ""in_primary_zone"": true, ""lock_engine_alert"": false, ""in_restricted_zone"": false, ""onboard_geofencing"": false, ""speed_limit_active"": false}"
2023-07-17 13:17:35.420,5237,13,"359159972073523",20,"{""key"": false, ""flip"": false, ""zone"": false, ""speed"": 13.9, ""buzzer"": 4, ""engine"": true, ""in_zone"": true, ""ignition"": true, ""latitude"": 42.654155, ""direction"": 89, ""longitude"": 18.0454866, ""gsm_signal"": 27, ""sleep_mode"": false, ""staff_mode"": false, ""fault_codes"": [], ""speed_limit"": 46, ""engine_hours"": 1591, ""idc_triggers"": [], ""buzzer_active"": true, ""fuel_level_avg"": 0, ""lock_geo_alert"": false, ""operation_mode"": ""RENT"", ""battery_voltage"": 14.699999809265137, ""in_primary_zone"": true, ""lock_engine_alert"": false, ""in_restricted_zone"": false, ""onboard_geofencing"": false, ""speed_limit_active"": false}"
2023-07-17 13:17:34.421,5237,13,"359159972073523",20,"{""key"": false, ""flip"": false, ""zone"": false, ""speed"": 11.1, ""buzzer"": 4, ""engine"": true, ""in_zone"": true, ""ignition"": true, ""latitude"": 42.654155, ""direction"": 87, ""longitude"": 18.0454416, ""gsm_signal"": 27, ""sleep_mode"": false, ""staff_mode"": false, ""fault_codes"": [], ""speed_limit"": 46, ""engine_hours"": 1591, ""idc_triggers"": [], ""buzzer_active"": true, ""fuel_level_avg"": 0, ""lock_geo_alert"": false, ""operation_mode"": ""RENT"", ""battery_voltage"": 14.699999809265137, ""in_primary_zone"": true, ""lock_engine_alert"": false, ""in_restricted_zone"": false, ""onboard_geofencing"": false, ""speed_limit_active"": false}"
2023-07-17 13:17:33.420,5237,13,"359159972073523",20,"{""key"": false, ""flip"": false, ""zone"": false, ""speed"": 8.4, ""buzzer"": 4, ""engine"": true, ""in_zone"": true, ""ignition"": true, ""latitude"": 42.654155, ""direction"": 79, ""longitude"": 18.0454066, ""gsm_signal"": 25, ""sleep_mode"": false, ""staff_mode"": false, ""fault_codes"": [], ""speed_limit"": 46, ""engine_hours"": 1591, ""idc_triggers"": [], ""buzzer_active"": true, ""fuel_level_avg"": 0, ""lock_geo_alert"": false, ""operation_mode"": ""RENT"", ""battery_voltage"": 14.699999809265137, ""in_primary_zone"": true, ""lock_engine_alert"": false, ""in_restricted_zone"": false, ""onboard_geofencing"": false, ""speed_limit_active"": false}"
2023-07-17 13:17:32.440,5237,13,"359159972073523",20,"{""key"": false, ""flip"": false, ""zone"": false, ""speed"": 6.1, ""buzzer"": 4, ""engine"": true, ""in_zone"": true, ""ignition"": true, ""latitude"": 42.6541516, ""direction"": 65, ""longitude"": 18.0453816, ""gsm_signal"": 25, ""sleep_mode"": false, ""staff_mode"": false, ""fault_codes"": [], ""speed_limit"": 46, ""engine_hours"": 1591, ""idc_triggers"": [], ""buzzer_active"": true, ""fuel_level_avg"": 0, ""lock_geo_alert"": false, ""operation_mode"": ""RENT"", ""battery_voltage"": 14.699999809265137, ""in_primary_zone"": true, ""lock_engine_alert"": false, ""in_restricted_zone"": false, ""onboard_geofencing"": false, ""speed_limit_active"": false}"
2023-07-17 13:17:31.441,5237,13,"359159972073523",20,"{""key"": false, ""flip"": false, ""zone"": false, ""speed"": 4.6, ""buzzer"": 4, ""engine"": true, ""in_zone"": true, ""ignition"": true, ""latitude"": 42.6541483, ""direction"": 45, ""longitude"": 18.0453632, ""gsm_signal"": 25, ""sleep_mode"": false, ""staff_mode"": false, ""fault_codes"": [], ""speed_limit"": 46, ""engine_hours"": 1591, ""idc_triggers"": [], ""buzzer_active"": true, ""fuel_level_avg"": 0, ""lock_geo_alert"": false, ""operation_mode"": ""RENT"", ""battery_voltage"": 14.699999809265137, ""in_primary_zone"": true, ""lock_engine_alert"": false, ""in_restricted_zone"": false, ""onboard_geofencing"": false, ""speed_limit_active"": false}"
2023-07-17 13:17:30.839,5237,13,"359159972073523",20,"{""key"": false, ""flip"": false, ""zone"": false, ""speed"": 3.9, ""buzzer"": 4, ""engine"": true, ""in_zone"": true, ""ignition"": true, ""latitude"": 42.6541433, ""direction"": 24, ""longitude"": 18.04535, ""gsm_signal"": 23, ""sleep_mode"": false, ""staff_mode"": false, ""fault_codes"": [], ""speed_limit"": 46, ""engine_hours"": 1591, ""idc_triggers"": [], ""buzzer_active"": true, ""fuel_level_avg"": 0, ""lock_geo_alert"": false, ""operation_mode"": ""RENT"", ""battery_voltage"": 14.699999809265137, ""in_primary_zone"": true, ""lock_engine_alert"": false, ""in_restricted_zone"": false, ""onboard_geofencing"": false, ""speed_limit_active"": false}"
2023-07-17 13:17:29.421,5237,13,"359159972073523",20,"{""key"": false, ""flip"": false, ""zone"": false, ""speed"": 3.9, ""buzzer"": 4, ""engine"": true, ""in_zone"": true, ""ignition"": true, ""latitude"": 42.6541366, ""direction"": 3, ""longitude"": 18.0453432, ""gsm_signal"": 23, ""sleep_mode"": false, ""staff_mode"": false, ""fault_codes"": [], ""speed_limit"": 46, ""engine_hours"": 1591, ""idc_triggers"": [], ""buzzer_active"": true, ""fuel_level_avg"": 0, ""lock_geo_alert"": false, ""operation_mode"": ""RENT"", ""battery_voltage"": 14.699999809265137, ""in_primary_zone"": true, ""lock_engine_alert"": false, ""in_restricted_zone"": false, ""onboard_geofencing"": false, ""speed_limit_active"": false}"
2023-07-17 13:17:28.421,5237,13,"359159972073523",20,"{""key"": false, ""flip"": false, ""zone"": false, ""speed"": 5.6, ""buzzer"": 4, ""engine"": true, ""in_zone"": true, ""ignition"": true, ""latitude"": 42.654128299999996, ""direction"": 348, ""longitude"": 18.04534, ""gsm_signal"": 23, ""sleep_mode"": false, ""staff_mode"": false, ""fault_codes"": [], ""speed_limit"": 46, ""engine_hours"": 1591, ""idc_triggers"": [], ""buzzer_active"": true, ""fuel_level_avg"": 0, ""lock_geo_alert"": false, ""operation_mode"": ""RENT"", ""battery_voltage"": 14.699999809265137, ""in_primary_zone"": true, ""lock_engine_alert"": false, ""in_restricted_zone"": false, ""onboard_geofencing"": false, ""speed_limit_active"": false}"
2023-07-17 13:17:27.438,5237,13,"359159972073523",20,"{""key"": false, ""flip"": false, ""zone"": false, ""speed"": 6.7, ""buzzer"": 4, ""engine"": true, ""in_zone"": true, ""ignition"": true, ""latitude"": 42.654115, ""direction"": 332, ""longitude"": 18.0453382, ""gsm_signal"": 23, ""sleep_mode"": false, ""staff_mode"": false, ""fault_codes"": [], ""speed_limit"": 46, ""engine_hours"": 1591, ""idc_triggers"": [], ""buzzer_active"": true, ""fuel_level_avg"": 0, ""lock_geo_alert"": false, ""operation_mode"": ""RENT"", ""battery_voltage"": 14.699999809265137, ""in_primary_zone"": true, ""lock_engine_alert"": false, ""in_restricted_zone"": false, ""onboard_geofencing"": false, ""speed_limit_active"": false}"
2023-07-17 13:17:26.449,5237,13,"359159972073523",20,"{""key"": false, ""flip"": false, ""zone"": false, ""speed"": 8.6, ""buzzer"": 4, ""engine"": true, ""in_zone"": true, ""ignition"": true, ""latitude"": 42.6540966, ""direction"": 310, ""longitude"": 18.0453466, ""gsm_signal"": 23, ""sleep_mode"": false, ""staff_mode"": false, ""fault_codes"": [], ""speed_limit"": 46, ""engine_hours"": 1591, ""idc_triggers"": [], ""buzzer_active"": true, ""fuel_level_avg"": 0, ""lock_geo_alert"": false, ""operation_mode"": ""RENT"", ""battery_voltage"": 14.699999809265137, ""in_primary_zone"": true, ""lock_engine_alert"": false, ""in_restricted_zone"": false, ""onboard_geofencing"": false, ""speed_limit_active"": false}"
2023-07-17 13:17:25.840,5237,13,"359159972073523",20,"{""key"": false, ""flip"": false, ""zone"": false, ""speed"": 7.8, ""buzzer"": 4, ""engine"": true, ""in_zone"": true, ""ignition"": true, ""latitude"": 42.6540816, ""direction"": 283, ""longitude"": 18.045365, ""gsm_signal"": 23, ""sleep_mode"": false, ""staff_mode"": false, ""fault_codes"": [], ""speed_limit"": 46, ""engine_hours"": 1591, ""idc_triggers"": [], ""buzzer_active"": true, ""fuel_level_avg"": 0, ""lock_geo_alert"": false, ""operation_mode"": ""RENT"", ""battery_voltage"": 14.699999809265137, ""in_primary_zone"": true, ""lock_engine_alert"": false, ""in_restricted_zone"": false, ""onboard_geofencing"": false, ""speed_limit_active"": false}"
2023-07-17 13:17:24.421,5237,13,"359159972073523",20,"{""key"": false, ""flip"": false, ""zone"": false, ""speed"": 9.0, ""buzzer"": 4, ""engine"": true, ""in_zone"": true, ""ignition"": true, ""latitude"": 42.654075, ""direction"": 261, ""longitude"": 18.0453916, ""gsm_signal"": 23, ""sleep_mode"": false, ""staff_mode"": false, ""fault_codes"": [], ""speed_limit"": 46, ""engine_hours"": 1591, ""idc_triggers"": [], ""buzzer_active"": true, ""fuel_level_avg"": 0, ""lock_geo_alert"": false, ""operation_mode"": ""RENT"", ""battery_voltage"": 14.699999809265137, ""in_primary_zone"": true, ""lock_engine_alert"": false, ""in_restricted_zone"": false, ""onboard_geofencing"": false, ""speed_limit_active"": false}"
2023-07-17 13:17:23.440,5237,13,"359159972073523",20,"{""key"": false, ""flip"": false, ""zone"": false, ""speed"": 11.4, ""buzzer"": 4, ""engine"": true, ""in_zone"": true, ""ignition"": true, ""latitude"": 42.6540783, ""direction"": 251, ""longitude"": 18.045425, ""gsm_signal"": 23, ""sleep_mode"": false, ""staff_mode"": false, ""fault_codes"": [], ""speed_limit"": 46, ""engine_hours"": 1591, ""idc_triggers"": [], ""buzzer_active"": true, ""fuel_level_avg"": 0, ""lock_geo_alert"": false, ""operation_mode"": ""RENT"", ""battery_voltage"": 14.800000190734863, ""in_primary_zone"": true, ""lock_engine_alert"": false, ""in_restricted_zone"": false, ""onboard_geofencing"": false, ""speed_limit_active"": false}"
2023-07-17 13:17:22.440,5237,13,"359159972073523",20,"{""key"": false, ""flip"": false, ""zone"": false, ""speed"": 15.7, ""buzzer"": 4, ""engine"": true, ""in_zone"": true, ""ignition"": true, ""latitude"": 42.65409, ""direction"": 246, ""longitude"": 18.045465, ""gsm_signal"": 23, ""sleep_mode"": false, ""staff_mode"": false, ""fault_codes"": [], ""speed_limit"": 46, ""engine_hours"": 1591, ""idc_triggers"": [], ""buzzer_active"": true, ""fuel_level_avg"": 0, ""lock_geo_alert"": false, ""operation_mode"": ""RENT"", ""battery_voltage"": 14.800000190734863, ""in_primary_zone"": true, ""lock_engine_alert"": false, ""in_restricted_zone"": false, ""onboard_geofencing"": false, ""speed_limit_active"": false}"
2023-07-17 13:17:21.841,5237,13,"359159972073523",20,"{""key"": false, ""flip"": false, ""zone"": false, ""speed"": 23.1, ""buzzer"": 4, ""engine"": true, ""in_zone"": true, ""ignition"": true, ""latitude"": 42.6541083, ""direction"": 241, ""longitude"": 18.04552, ""gsm_signal"": 23, ""sleep_mode"": false, ""staff_mode"": false, ""fault_codes"": [], ""speed_limit"": 46, ""engine_hours"": 1591, ""idc_triggers"": [], ""buzzer_active"": true, ""fuel_level_avg"": 0, ""lock_geo_alert"": false, ""operation_mode"": ""RENT"", ""battery_voltage"": 14.800000190734863, ""in_primary_zone"": true, ""lock_engine_alert"": false, ""in_restricted_zone"": false, ""onboard_geofencing"": false, ""speed_limit_active"": false}"
2023-07-17 13:17:20.428,5237,13,"359159972073523",20,"{""key"": false, ""flip"": false, ""zone"": false, ""speed"": 30.5, ""buzzer"": 4, ""engine"": true, ""in_zone"": true, ""ignition"": true, ""latitude"": 42.65414, ""direction"": 238, ""longitude"": 18.0455932, ""gsm_signal"": 23, ""sleep_mode"": false, ""staff_mode"": false, ""fault_codes"": [], ""speed_limit"": 46, ""engine_hours"": 1591, ""idc_triggers"": [], ""buzzer_active"": true, ""fuel_level_avg"": 0, ""lock_geo_alert"": false, ""operation_mode"": ""RENT"", ""battery_voltage"": 14.800000190734863, ""in_primary_zone"": true, ""lock_engine_alert"": false, ""in_restricted_zone"": false, ""onboard_geofencing"": false, ""speed_limit_active"": false}"
2023-07-17 13:17:19.460,5237,13,"359159972073523",20,"{""key"": false, ""flip"": false, ""zone"": false, ""speed"": 29.8, ""buzzer"": 4, ""engine"": true, ""in_zone"": true, ""ignition"": true, ""latitude"": 42.65418, ""direction"": 239, ""longitude"": 18.0456816, ""gsm_signal"": 23, ""sleep_mode"": false, ""staff_mode"": false, ""fault_codes"": [], ""speed_limit"": 46, ""engine_hours"": 1591, ""idc_triggers"": [], ""buzzer_active"": true, ""fuel_level_avg"": 0, ""lock_geo_alert"": false, ""operation_mode"": ""RENT"", ""battery_voltage"": 14.800000190734863, ""in_primary_zone"": true, ""lock_engine_alert"": false, ""in_restricted_zone"": false, ""onboard_geofencing"": false, ""speed_limit_active"": false}"
2023-07-17 13:17:18.418,5237,13,"359159972073523",20,"{""key"": false, ""flip"": false, ""zone"": false, ""speed"": 28.2, ""buzzer"": 0, ""engine"": true, ""in_zone"": true, ""ignition"": true, ""latitude"": 42.6542166, ""direction"": 241, ""longitude"": 18.0457666, ""gsm_signal"": 24, ""sleep_mode"": false, ""staff_mode"": false, ""fault_codes"": [], ""speed_limit"": 46, ""engine_hours"": 1591, ""idc_triggers"": [], ""buzzer_active"": false, ""fuel_level_avg"": 0, ""lock_geo_alert"": false, ""operation_mode"": ""RENT"", ""battery_voltage"": 14.800000190734863, ""in_primary_zone"": true, ""lock_engine_alert"": false, ""in_restricted_zone"": false, ""onboard_geofencing"": false, ""speed_limit_active"": false}"
2023-07-17 13:17:17.418,5237,13,"359159972073523",20,"{""key"": false, ""flip"": false, ""zone"": false, ""speed"": 26.5, ""buzzer"": 0, ""engine"": true, ""in_zone"": true, ""ignition"": true, ""latitude"": 42.65425, ""direction"": 243, ""longitude"": 18.04585, ""gsm_signal"": 24, ""sleep_mode"": false, ""staff_mode"": false, ""fault_codes"": [], ""speed_limit"": 46, ""engine_hours"": 1591, ""idc_triggers"": [], ""buzzer_active"": false, ""fuel_level_avg"": 0, ""lock_geo_alert"": false, ""operation_mode"": ""RENT"", ""battery_voltage"": 14.800000190734863, ""in_primary_zone"": true, ""lock_engine_alert"": false, ""in_restricted_zone"": false, ""onboard_geofencing"": false, ""speed_limit_active"": false}"
2023-07-17 13:17:16.423,5237,13,"359159972073523",20,"{""key"": false, ""flip"": false, ""zone"": false, ""speed"": 23.6, ""buzzer"": 0, ""engine"": true, ""in_zone"": true, ""ignition"": true, ""latitude"": 42.6542783, ""direction"": 246, ""longitude"": 18.0459282, ""gsm_signal"": 24, ""sleep_mode"": false, ""staff_mode"": false, ""fault_codes"": [], ""speed_limit"": 46, ""engine_hours"": 1591, ""idc_triggers"": [], ""buzzer_active"": false, ""fuel_level_avg"": 0, ""lock_geo_alert"": false, ""operation_mode"": ""RENT"", ""battery_voltage"": 14.800000190734863, ""in_primary_zone"": true, ""lock_engine_alert"": false, ""in_restricted_zone"": false, ""onboard_geofencing"": false, ""speed_limit_active"": false}"
2023-07-17 13:17:15.439,5237,13,"359159972073523",20,"{""key"": false, ""flip"": false, ""zone"": false, ""speed"": 20.5, ""buzzer"": 0, ""engine"": true, ""in_zone"": true, ""ignition"": true, ""latitude"": 42.6543, ""direction"": 250, ""longitude"": 18.046, ""gsm_signal"": 25, ""sleep_mode"": false, ""staff_mode"": false, ""fault_codes"": [], ""speed_limit"": 46, ""engine_hours"": 1591, ""idc_triggers"": [], ""buzzer_active"": false, ""fuel_level_avg"": 0, ""lock_geo_alert"": false, ""operation_mode"": ""RENT"", ""battery_voltage"": 14.800000190734863, ""in_primary_zone"": true, ""lock_engine_alert"": false, ""in_restricted_zone"": false, ""onboard_geofencing"": false, ""speed_limit_active"": false}"
2023-07-17 13:17:14.459,5237,13,"359159972073523",20,"{""key"": false, ""flip"": false, ""zone"": false, ""speed"": 18.9, ""buzzer"": 0, ""engine"": true, ""in_zone"": true, ""ignition"": true, ""latitude"": 42.6543166, ""direction"": 252, ""longitude"": 18.046065, ""gsm_signal"": 25, ""sleep_mode"": false, ""staff_mode"": false, ""fault_codes"": [], ""speed_limit"": 46, ""engine_hours"": 1591, ""idc_triggers"": [], ""buzzer_active"": false, ""fuel_level_avg"": 0, ""lock_geo_alert"": false, ""operation_mode"": ""RENT"", ""battery_voltage"": 14.800000190734863, ""in_primary_zone"": true, ""lock_engine_alert"": false, ""in_restricted_zone"": false, ""onboard_geofencing"": false, ""speed_limit_active"": false}"
2023-07-17 13:17:13.878,5237,13,"359159972073523",20,"{""key"": false, ""flip"": false, ""zone"": false, ""speed"": 17.5, ""buzzer"": 0, ""engine"": true, ""in_zone"": true, ""ignition"": true, ""latitude"": 42.6543316, ""direction"": 254, ""longitude"": 18.046125, ""gsm_signal"": 25, ""sleep_mode"": false, ""staff_mode"": false, ""fault_codes"": [], ""speed_limit"": 46, ""engine_hours"": 1591, ""idc_triggers"": [], ""buzzer_active"": false, ""fuel_level_avg"": 0, ""lock_geo_alert"": false, ""operation_mode"": ""RENT"", ""battery_voltage"": 14.800000190734863, ""in_primary_zone"": true, ""lock_engine_alert"": false, ""in_restricted_zone"": false, ""onboard_geofencing"": false, ""speed_limit_active"": false}"
2023-07-17 13:17:12.431,5237,13,"359159972073523",20,"{""key"": false, ""flip"": false, ""zone"": false, ""speed"": 16.7, ""buzzer"": 0, ""engine"": true, ""in_zone"": true, ""ignition"": true, ""latitude"": 42.6543433, ""direction"": 266, ""longitude"": 18.04618, ""gsm_signal"": 25, ""sleep_mode"": false, ""staff_mode"": false, ""fault_codes"": [], ""speed_limit"": 46, ""engine_hours"": 1591, ""idc_triggers"": [], ""buzzer_active"": false, ""fuel_level_avg"": 0, ""lock_geo_alert"": false, ""operation_mode"": ""RENT"", ""battery_voltage"": 14.800000190734863, ""in_primary_zone"": true, ""lock_engine_alert"": false, ""in_restricted_zone"": false, ""onboard_geofencing"": false, ""speed_limit_active"": false}"
2023-07-17 13:17:11.443,5237,13,"359159972073523",20,"{""key"": false, ""flip"": false, ""zone"": false, ""speed"": 15.7, ""buzzer"": 0, ""engine"": true, ""in_zone"": true, ""ignition"": true, ""latitude"": 42.654345, ""direction"": 276, ""longitude"": 18.0462332, ""gsm_signal"": 25, ""sleep_mode"": false, ""staff_mode"": false, ""fault_codes"": [], ""speed_limit"": 46, ""engine_hours"": 1591, ""idc_triggers"": [], ""buzzer_active"": false, ""fuel_level_avg"": 0, ""lock_geo_alert"": false, ""operation_mode"": ""RENT"", ""battery_voltage"": 14.800000190734863, ""in_primary_zone"": true, ""lock_engine_alert"": false, ""in_restricted_zone"": false, ""onboard_geofencing"": false, ""speed_limit_active"": false}"
2023-07-17 13:17:10.440,5237,13,"359159972073523",20,"{""key"": false, ""flip"": false, ""zone"": false, ""speed"": 15.0, ""buzzer"": 0, ""engine"": true, ""in_zone"": true, ""ignition"": true, ""latitude"": 42.65434, ""direction"": 283, ""longitude"": 18.046285, ""gsm_signal"": 25, ""sleep_mode"": false, ""staff_mode"": false, ""fault_codes"": [], ""speed_limit"": 46, ""engine_hours"": 1591, ""idc_triggers"": [], ""buzzer_active"": false, ""fuel_level_avg"": 0, ""lock_geo_alert"": false, ""operation_mode"": ""RENT"", ""battery_voltage"": 14.800000190734863, ""in_primary_zone"": true, ""lock_engine_alert"": false, ""in_restricted_zone"": false, ""onboard_geofencing"": false, ""speed_limit_active"": false}"
2023-07-17 13:17:09.839,5237,13,"359159972073523",20,"{""key"": false, ""flip"": false, ""zone"": false, ""speed"": 14.6, ""buzzer"": 0, ""engine"": true, ""in_zone"": true, ""ignition"": true, ""latitude"": 42.6543316, ""direction"": 285, ""longitude"": 18.0463332, ""gsm_signal"": 25, ""sleep_mode"": false, ""staff_mode"": false, ""fault_codes"": [], ""speed_limit"": 46, ""engine_hours"": 1591, ""idc_triggers"": [], ""buzzer_active"": false, ""fuel_level_avg"": 0, ""lock_geo_alert"": false, ""operation_mode"": ""RENT"", ""battery_voltage"": 14.800000190734863, ""in_primary_zone"": true, ""lock_engine_alert"": false, ""in_restricted_zone"": false, ""onboard_geofencing"": false, ""speed_limit_active"": false}"
2023-07-17 13:17:08.419,5237,13,"359159972073523",20,"{""key"": false, ""flip"": false, ""zone"": false, ""speed"": 14.3, ""buzzer"": 0, ""engine"": true, ""in_zone"": true, ""ignition"": true, ""latitude"": 42.6543216, ""direction"": 293, ""longitude"": 18.0463782, ""gsm_signal"": 25, ""sleep_mode"": false, ""staff_mode"": false, ""fault_codes"": [], ""speed_limit"": 46, ""engine_hours"": 1591, ""idc_triggers"": [], ""buzzer_active"": false, ""fuel_level_avg"": 0, ""lock_geo_alert"": false, ""operation_mode"": ""RENT"", ""battery_voltage"": 14.800000190734863, ""in_primary_zone"": true, ""lock_engine_alert"": false, ""in_restricted_zone"": false, ""onboard_geofencing"": false, ""speed_limit_active"": false}"
2023-07-17 13:17:07.422,5237,13,"359159972073523",20,"{""key"": false, ""flip"": false, ""zone"": false, ""speed"": 12.9, ""buzzer"": 0, ""engine"": true, ""in_zone"": true, ""ignition"": true, ""latitude"": 42.6543083, ""direction"": 299, ""longitude"": 18.0464216, ""gsm_signal"": 25, ""sleep_mode"": false, ""staff_mode"": false, ""fault_codes"": [], ""speed_limit"": 46, ""engine_hours"": 1591, ""idc_triggers"": [], ""buzzer_active"": false, ""fuel_level_avg"": 0, ""lock_geo_alert"": false, ""operation_mode"": ""RENT"", ""battery_voltage"": 14.800000190734863, ""in_primary_zone"": true, ""lock_engine_alert"": false, ""in_restricted_zone"": false, ""onboard_geofencing"": false, ""speed_limit_active"": false}"
2023-07-17 13:17:06.437,5237,13,"359159972073523",20,"{""key"": false, ""flip"": false, ""zone"": false, ""speed"": 11.5, ""buzzer"": 0, ""engine"": true, ""in_zone"": true, ""ignition"": true, ""latitude"": 42.6542933, ""direction"": 303, ""longitude"": 18.0464582, ""gsm_signal"": 25, ""sleep_mode"": false, ""staff_mode"": false, ""fault_codes"": [], ""speed_limit"": 46, ""engine_hours"": 1591, ""idc_triggers"": [], ""buzzer_active"": false, ""fuel_level_avg"": 0, ""lock_geo_alert"": false, ""operation_mode"": ""RENT"", ""battery_voltage"": 14.800000190734863, ""in_primary_zone"": true, ""lock_engine_alert"": false, ""in_restricted_zone"": false, ""onboard_geofencing"": false, ""speed_limit_active"": false}"
2023-07-17 13:17:05.442,5237,13,"359159972073523",20,"{""key"": false, ""flip"": false, ""zone"": false, ""speed"": 11.4, ""buzzer"": 0, ""engine"": true, ""in_zone"": true, ""ignition"": true, ""latitude"": 42.6542766, ""direction"": 307, ""longitude"": 18.0464916, ""gsm_signal"": 25, ""sleep_mode"": false, ""staff_mode"": false, ""fault_codes"": [], ""speed_limit"": 46, ""engine_hours"": 1591, ""idc_triggers"": [], ""buzzer_active"": false, ""fuel_level_avg"": 0, ""lock_geo_alert"": false, ""operation_mode"": ""RENT"", ""battery_voltage"": 14.800000190734863, ""in_primary_zone"": true, ""lock_engine_alert"": false, ""in_restricted_zone"": false, ""onboard_geofencing"": false, ""speed_limit_active"": false}"
2023-07-17 13:17:04.840,5237,13,"359159972073523",20,"{""key"": false, ""flip"": false, ""zone"": false, ""speed"": 11.0, ""buzzer"": 0, ""engine"": true, ""in_zone"": true, ""ignition"": true, ""latitude"": 42.6542616, ""direction"": 311, ""longitude"": 18.0465216, ""gsm_signal"": 25, ""sleep_mode"": false, ""staff_mode"": false, ""fault_codes"": [], ""speed_limit"": 46, ""engine_hours"": 1591, ""idc_triggers"": [], ""buzzer_active"": false, ""fuel_level_avg"": 0, ""lock_geo_alert"": false, ""operation_mode"": ""RENT"", ""battery_voltage"": 14.800000190734863, ""in_primary_zone"": true, ""lock_engine_alert"": false, ""in_restricted_zone"": false, ""onboard_geofencing"": false, ""speed_limit_active"": false}"
2023-07-17 13:17:03.423,5237,13,"359159972073523",20,"{""key"": false, ""flip"": false, ""zone"": false, ""speed"": 10.8, ""buzzer"": 0, ""engine"": true, ""in_zone"": true, ""ignition"": true, ""latitude"": 42.6542433, ""direction"": 314, ""longitude"": 18.04655, ""gsm_signal"": 25, ""sleep_mode"": false, ""staff_mode"": false, ""fault_codes"": [], ""speed_limit"": 46, ""engine_hours"": 1591, ""idc_triggers"": [], ""buzzer_active"": false, ""fuel_level_avg"": 0, ""lock_geo_alert"": false, ""operation_mode"": ""RENT"", ""battery_voltage"": 14.800000190734863, ""in_primary_zone"": true, ""lock_engine_alert"": false, ""in_restricted_zone"": false, ""onboard_geofencing"": false, ""speed_limit_active"": false}"
2023-07-17 13:17:02.441,5237,13,"359159972073523",20,"{""key"": false, ""flip"": false, ""zone"": false, ""speed"": 11.0, ""buzzer"": 0, ""engine"": true, ""in_zone"": true, ""ignition"": true, ""latitude"": 42.6542233, ""direction"": 320, ""longitude"": 18.0465766, ""gsm_signal"": 25, ""sleep_mode"": false, ""staff_mode"": false, ""fault_codes"": [], ""speed_limit"": 46, ""engine_hours"": 1591, ""idc_triggers"": [], ""buzzer_active"": false, ""fuel_level_avg"": 0, ""lock_geo_alert"": false, ""operation_mode"": ""RENT"", ""battery_voltage"": 14.800000190734863, ""in_primary_zone"": true, ""lock_engine_alert"": false, ""in_restricted_zone"": false, ""onboard_geofencing"": false, ""speed_limit_active"": false}"
2023-07-17 13:17:01.441,5237,13,"359159972073523",20,"{""key"": false, ""flip"": false, ""zone"": false, ""speed"": 10.6, ""buzzer"": 0, ""engine"": true, ""in_zone"": true, ""ignition"": true, ""latitude"": 42.6542033, ""direction"": 321, ""longitude"": 18.0466, ""gsm_signal"": 25, ""sleep_mode"": false, ""staff_mode"": false, ""fault_codes"": [], ""speed_limit"": 46, ""engine_hours"": 1591, ""idc_triggers"": [], ""buzzer_active"": false, ""fuel_level_avg"": 0, ""lock_geo_alert"": false, ""operation_mode"": ""RENT"", ""battery_voltage"": 14.800000190734863, ""in_primary_zone"": true, ""lock_engine_alert"": false, ""in_restricted_zone"": false, ""onboard_geofencing"": false, ""speed_limit_active"": false}"
2023-07-17 13:17:00.840,5237,13,"359159972073523",20,"{""key"": false, ""flip"": false, ""zone"": false, ""speed"": 10.9, ""buzzer"": 0, ""engine"": true, ""in_zone"": true, ""ignition"": true, ""latitude"": 42.6541816, ""direction"": 315, ""longitude"": 18.0466232, ""gsm_signal"": 25, ""sleep_mode"": false, ""staff_mode"": false, ""fault_codes"": [], ""speed_limit"": 46, ""engine_hours"": 1591, ""idc_triggers"": [], ""buzzer_active"": false, ""fuel_level_avg"": 0, ""lock_geo_alert"": false, ""operation_mode"": ""RENT"", ""battery_voltage"": 14.800000190734863, ""in_primary_zone"": true, ""lock_engine_alert"": false, ""in_restricted_zone"": false, ""onboard_geofencing"": false, ""speed_limit_active"": false}"
2023-07-17 13:16:59.416,5237,13,"359159972073523",20,"{""key"": false, ""flip"": false, ""zone"": false, ""speed"": 11.9, ""buzzer"": 0, ""engine"": true, ""in_zone"": true, ""ignition"": true, ""latitude"": 42.6541616, ""direction"": 309, ""longitude"": 18.04665, ""gsm_signal"": 25, ""sleep_mode"": false, ""staff_mode"": false, ""fault_codes"": [], ""speed_limit"": 46, ""engine_hours"": 1591, ""idc_triggers"": [], ""buzzer_active"": false, ""fuel_level_avg"": 0, ""lock_geo_alert"": false, ""operation_mode"": ""RENT"", ""battery_voltage"": 14.800000190734863, ""in_primary_zone"": true, ""lock_engine_alert"": false, ""in_restricted_zone"": false, ""onboard_geofencing"": false, ""speed_limit_active"": false}"
2023-07-17 13:16:58.422,5237,13,"359159972073523",20,"{""key"": false, ""flip"": false, ""zone"": false, ""speed"": 12.2, ""buzzer"": 0, ""engine"": true, ""in_zone"": true, ""ignition"": true, ""latitude"": 42.6541416, ""direction"": 302, ""longitude"": 18.0466816, ""gsm_signal"": 25, ""sleep_mode"": false, ""staff_mode"": false, ""fault_codes"": [], ""speed_limit"": 46, ""engine_hours"": 1591, ""idc_triggers"": [], ""buzzer_active"": false, ""fuel_level_avg"": 0, ""lock_geo_alert"": false, ""operation_mode"": ""RENT"", ""battery_voltage"": 14.800000190734863, ""in_primary_zone"": true, ""lock_engine_alert"": false, ""in_restricted_zone"": false, ""onboard_geofencing"": false, ""speed_limit_active"": false}"
2023-07-17 13:16:57.438,5237,13,"359159972073523",20,"{""key"": false, ""flip"": false, ""zone"": false, ""speed"": 9.9, ""buzzer"": 0, ""engine"": true, ""in_zone"": true, ""ignition"": true, ""latitude"": 42.6541266, ""direction"": 300, ""longitude"": 18.046715, ""gsm_signal"": 23, ""sleep_mode"": false, ""staff_mode"": false, ""fault_codes"": [], ""speed_limit"": 46, ""engine_hours"": 1591, ""idc_triggers"": [], ""buzzer_active"": false, ""fuel_level_avg"": 0, ""lock_geo_alert"": false, ""operation_mode"": ""RENT"", ""battery_voltage"": 14.800000190734863, ""in_primary_zone"": true, ""lock_engine_alert"": false, ""in_restricted_zone"": false, ""onboard_geofencing"": false, ""speed_limit_active"": false}"
2023-07-17 13:16:56.442,5237,13,"359159972073523",20,"{""key"": false, ""flip"": false, ""zone"": false, ""speed"": 10.1, ""buzzer"": 0, ""engine"": true, ""in_zone"": true, ""ignition"": true, ""latitude"": 42.6541133, ""direction"": 304, ""longitude"": 18.0467466, ""gsm_signal"": 23, ""sleep_mode"": false, ""staff_mode"": false, ""fault_codes"": [], ""speed_limit"": 46, ""engine_hours"": 1591, ""idc_triggers"": [], ""buzzer_active"": false, ""fuel_level_avg"": 0, ""lock_geo_alert"": false, ""operation_mode"": ""RENT"", ""battery_voltage"": 14.800000190734863, ""in_primary_zone"": true, ""lock_engine_alert"": false, ""in_restricted_zone"": false, ""onboard_geofencing"": false, ""speed_limit_active"": false}"
2023-07-17 13:16:55.877,5237,13,"359159972073523",20,"{""key"": false, ""flip"": false, ""zone"": false, ""speed"": 10.1, ""buzzer"": 0, ""engine"": true, ""in_zone"": true, ""ignition"": true, ""latitude"": 42.6541, ""direction"": 305, ""longitude"": 18.046775, ""gsm_signal"": 23, ""sleep_mode"": false, ""staff_mode"": false, ""fault_codes"": [], ""speed_limit"": 46, ""engine_hours"": 1591, ""idc_triggers"": [], ""buzzer_active"": false, ""fuel_level_avg"": 0, ""lock_geo_alert"": false, ""operation_mode"": ""RENT"", ""battery_voltage"": 14.800000190734863, ""in_primary_zone"": true, ""lock_engine_alert"": false, ""in_restricted_zone"": false, ""onboard_geofencing"": false, ""speed_limit_active"": false}"
2023-07-17 13:16:54.419,5237,13,"359159972073523",20,"{""key"": false, ""flip"": false, ""zone"": false, ""speed"": 9.7, ""buzzer"": 0, ""engine"": true, ""in_zone"": true, ""ignition"": true, ""latitude"": 42.654085, ""direction"": 304, ""longitude"": 18.0468016, ""gsm_signal"": 22, ""sleep_mode"": false, ""staff_mode"": false, ""fault_codes"": [], ""speed_limit"": 46, ""engine_hours"": 1591, ""idc_triggers"": [], ""buzzer_active"": false, ""fuel_level_avg"": 0, ""lock_geo_alert"": false, ""operation_mode"": ""RENT"", ""battery_voltage"": 14.800000190734863, ""in_primary_zone"": true, ""lock_engine_alert"": false, ""in_restricted_zone"": false, ""onboard_geofencing"": false, ""speed_limit_active"": false}"
2023-07-17 13:16:53.441,5237,13,"359159972073523",20,"{""key"": false, ""flip"": false, ""zone"": false, ""speed"": 8.3, ""buzzer"": 0, ""engine"": true, ""in_zone"": true, ""ignition"": true, ""latitude"": 42.65407, ""direction"": 301, ""longitude"": 18.0468282, ""gsm_signal"": 22, ""sleep_mode"": false, ""staff_mode"": false, ""fault_codes"": [], ""speed_limit"": 46, ""engine_hours"": 1591, ""idc_triggers"": [], ""buzzer_active"": false, ""fuel_level_avg"": 0, ""lock_geo_alert"": false, ""operation_mode"": ""RENT"", ""battery_voltage"": 14.800000190734863, ""in_primary_zone"": true, ""lock_engine_alert"": false, ""in_restricted_zone"": false, ""onboard_geofencing"": false, ""speed_limit_active"": false}"
2023-07-17 13:16:52.439,5237,13,"359159972073523",20,"{""key"": false, ""flip"": false, ""zone"": false, ""speed"": 7.0, ""buzzer"": 0, ""engine"": true, ""in_zone"": true, ""ignition"": true, ""latitude"": 42.6540583, ""direction"": 292, ""longitude"": 18.04685, ""gsm_signal"": 22, ""sleep_mode"": false, ""staff_mode"": false, ""fault_codes"": [], ""speed_limit"": 46, ""engine_hours"": 1591, ""idc_triggers"": [], ""buzzer_active"": false, ""fuel_level_avg"": 0, ""lock_geo_alert"": false, ""operation_mode"": ""RENT"", ""battery_voltage"": 14.800000190734863, ""in_primary_zone"": true, ""lock_engine_alert"": false, ""in_restricted_zone"": false, ""onboard_geofencing"": false, ""speed_limit_active"": false}"
2023-07-17 13:16:51.838,5237,13,"359159972073523",20,"{""key"": false, ""flip"": false, ""zone"": false, ""speed"": 5.6, ""buzzer"": 0, ""engine"": true, ""in_zone"": true, ""ignition"": true, ""latitude"": 42.65405, ""direction"": 279, ""longitude"": 18.04687, ""gsm_signal"": 25, ""sleep_mode"": false, ""staff_mode"": false, ""fault_codes"": [], ""speed_limit"": 46, ""engine_hours"": 1591, ""idc_triggers"": [], ""buzzer_active"": false, ""fuel_level_avg"": 0, ""lock_geo_alert"": false, ""operation_mode"": ""RENT"", ""battery_voltage"": 14.800000190734863, ""in_primary_zone"": true, ""lock_engine_alert"": false, ""in_restricted_zone"": false, ""onboard_geofencing"": false, ""speed_limit_active"": false}"
2023-07-17 13:16:50.420,5237,13,"359159972073523",20,"{""key"": false, ""flip"": false, ""zone"": false, ""speed"": 4.2, ""buzzer"": 0, ""engine"": true, ""in_zone"": true, ""ignition"": true, ""latitude"": 42.6540466, ""direction"": 259, ""longitude"": 18.0468882, ""gsm_signal"": 25, ""sleep_mode"": false, ""staff_mode"": false, ""fault_codes"": [], ""speed_limit"": 46, ""engine_hours"": 1591, ""idc_triggers"": [], ""buzzer_active"": false, ""fuel_level_avg"": 0, ""lock_geo_alert"": false, ""operation_mode"": ""RENT"", ""battery_voltage"": 14.800000190734863, ""in_primary_zone"": true, ""lock_engine_alert"": false, ""in_restricted_zone"": false, ""onboard_geofencing"": false, ""speed_limit_active"": false}"
2023-07-17 13:16:49.425,5237,13,"359159972073523",20,"{""key"": false, ""flip"": false, ""zone"": false, ""speed"": 3.4, ""buzzer"": 0, ""engine"": true, ""in_zone"": true, ""ignition"": true, ""latitude"": 42.6540466, ""direction"": 237, ""longitude"": 18.0469016, ""gsm_signal"": 25, ""sleep_mode"": false, ""staff_mode"": false, ""fault_codes"": [], ""speed_limit"": 46, ""engine_hours"": 1591, ""idc_triggers"": [], ""buzzer_active"": false, ""fuel_level_avg"": 0, ""lock_geo_alert"": false, ""operation_mode"": ""RENT"", ""battery_voltage"": 14.800000190734863, ""in_primary_zone"": true, ""lock_engine_alert"": false, ""in_restricted_zone"": false, ""onboard_geofencing"": false, ""speed_limit_active"": false}"
2023-07-17 13:16:48.453,5237,13,"359159972073523",20,"{""key"": false, ""flip"": false, ""zone"": false, ""speed"": 3.1, ""buzzer"": 0, ""engine"": true, ""in_zone"": true, ""ignition"": true, ""latitude"": 42.65405, ""direction"": 224, ""longitude"": 18.0469116, ""gsm_signal"": 26, ""sleep_mode"": false, ""staff_mode"": false, ""fault_codes"": [], ""speed_limit"": 46, ""engine_hours"": 1591, ""idc_triggers"": [], ""buzzer_active"": false, ""fuel_level_avg"": 0, ""lock_geo_alert"": false, ""operation_mode"": ""RENT"", ""battery_voltage"": 14.800000190734863, ""in_primary_zone"": true, ""lock_engine_alert"": false, ""in_restricted_zone"": false, ""onboard_geofencing"": false, ""speed_limit_active"": false}"
2023-07-17 13:16:47.441,5237,13,"359159972073523",20,"{""key"": false, ""flip"": false, ""zone"": false, ""speed"": 3.5, ""buzzer"": 0, ""engine"": true, ""in_zone"": true, ""ignition"": true, ""latitude"": 42.654055, ""direction"": 199, ""longitude"": 18.04692, ""gsm_signal"": 26, ""sleep_mode"": false, ""staff_mode"": false, ""fault_codes"": [], ""speed_limit"": 46, ""engine_hours"": 1591, ""idc_triggers"": [], ""buzzer_active"": false, ""fuel_level_avg"": 0, ""lock_geo_alert"": false, ""operation_mode"": ""RENT"", ""battery_voltage"": 14.800000190734863, ""in_primary_zone"": true, ""lock_engine_alert"": false, ""in_restricted_zone"": false, ""onboard_geofencing"": false, ""speed_limit_active"": false}"
2023-07-17 13:16:46.840,5237,13,"359159972073523",20,"{""key"": false, ""flip"": false, ""zone"": false, ""speed"": 4.3, ""buzzer"": 0, ""engine"": true, ""in_zone"": true, ""ignition"": true, ""latitude"": 42.65406, ""direction"": 177, ""longitude"": 18.04693, ""gsm_signal"": 26, ""sleep_mode"": false, ""staff_mode"": false, ""fault_codes"": [], ""speed_limit"": 46, ""engine_hours"": 1591, ""idc_triggers"": [], ""buzzer_active"": false, ""fuel_level_avg"": 0, ""lock_geo_alert"": false, ""operation_mode"": ""RENT"", ""battery_voltage"": 14.800000190734863, ""in_primary_zone"": true, ""lock_engine_alert"": false, ""in_restricted_zone"": false, ""onboard_geofencing"": false, ""speed_limit_active"": false}"
2023-07-17 13:16:45.418,5237,13,"359159972073523",20,"{""key"": false, ""flip"": false, ""zone"": false, ""speed"": 5.9, ""buzzer"": 0, ""engine"": true, ""in_zone"": true, ""ignition"": true, ""latitude"": 42.6540716, ""direction"": 159, ""longitude"": 18.046935, ""gsm_signal"": 23, ""sleep_mode"": false, ""staff_mode"": false, ""fault_codes"": [], ""speed_limit"": 46, ""engine_hours"": 1591, ""idc_triggers"": [], ""buzzer_active"": false, ""fuel_level_avg"": 0, ""lock_geo_alert"": false, ""operation_mode"": ""RENT"", ""battery_voltage"": 14.800000190734863, ""in_primary_zone"": true, ""lock_engine_alert"": false, ""in_restricted_zone"": false, ""onboard_geofencing"": false, ""speed_limit_active"": false}"
2023-07-17 13:16:44.419,5237,13,"359159972073523",20,"{""key"": false, ""flip"": false, ""zone"": false, ""speed"": 6.5, ""buzzer"": 0, ""engine"": true, ""in_zone"": true, ""ignition"": true, ""latitude"": 42.6540883, ""direction"": 115, ""longitude"": 18.0469316, ""gsm_signal"": 23, ""sleep_mode"": false, ""staff_mode"": false, ""fault_codes"": [], ""speed_limit"": 46, ""engine_hours"": 1591, ""idc_triggers"": [], ""buzzer_active"": false, ""fuel_level_avg"": 0, ""lock_geo_alert"": false, ""operation_mode"": ""RENT"", ""battery_voltage"": 14.800000190734863, ""in_primary_zone"": true, ""lock_engine_alert"": false, ""in_restricted_zone"": false, ""onboard_geofencing"": false, ""speed_limit_active"": false}"
2023-07-17 13:16:43.421,5237,13,"359159972073523",20,"{""key"": false, ""flip"": false, ""zone"": false, ""speed"": 7.6, ""buzzer"": 0, ""engine"": true, ""in_zone"": true, ""ignition"": true, ""latitude"": 42.6541, ""direction"": 75, ""longitude"": 18.0469166, ""gsm_signal"": 23, ""sleep_mode"": false, ""staff_mode"": false, ""fault_codes"": [], ""speed_limit"": 46, ""engine_hours"": 1591, ""idc_triggers"": [], ""buzzer_active"": false, ""fuel_level_avg"": 0, ""lock_geo_alert"": false, ""operation_mode"": ""RENT"", ""battery_voltage"": 14.800000190734863, ""in_primary_zone"": true, ""lock_engine_alert"": false, ""in_restricted_zone"": false, ""onboard_geofencing"": false, ""speed_limit_active"": false}"
2023-07-17 13:16:42.421,5237,13,"359159972073523",20,"{""key"": false, ""flip"": false, ""zone"": false, ""speed"": 8.4, ""buzzer"": 0, ""engine"": true, ""in_zone"": true, ""ignition"": true, ""latitude"": 42.6541, ""direction"": 42, ""longitude"": 18.0468916, ""gsm_signal"": 23, ""sleep_mode"": false, ""staff_mode"": false, ""fault_codes"": [], ""speed_limit"": 46, ""engine_hours"": 1591, ""idc_triggers"": [], ""buzzer_active"": false, ""fuel_level_avg"": 0, ""lock_geo_alert"": false, ""operation_mode"": ""RENT"", ""battery_voltage"": 14.800000190734863, ""in_primary_zone"": true, ""lock_engine_alert"": false, ""in_restricted_zone"": false, ""onboard_geofencing"": false, ""speed_limit_active"": false}"
2023-07-17 13:16:41.441,5237,13,"359159972073523",20,"{""key"": false, ""flip"": false, ""zone"": false, ""speed"": 8.5, ""buzzer"": 0, ""engine"": true, ""in_zone"": true, ""ignition"": true, ""latitude"": 42.654085, ""direction"": 3, ""longitude"": 18.0468682, ""gsm_signal"": 23, ""sleep_mode"": false, ""staff_mode"": false, ""fault_codes"": [], ""speed_limit"": 46, ""engine_hours"": 1591, ""idc_triggers"": [], ""buzzer_active"": false, ""fuel_level_avg"": 0, ""lock_geo_alert"": false, ""operation_mode"": ""RENT"", ""battery_voltage"": 14.800000190734863, ""in_primary_zone"": true, ""lock_engine_alert"": false, ""in_restricted_zone"": false, ""onboard_geofencing"": false, ""speed_limit_active"": false}"
2023-07-17 13:16:40.445,5237,13,"359159972073523",20,"{""key"": false, ""flip"": false, ""zone"": false, ""speed"": 10.2, ""buzzer"": 0, ""engine"": true, ""in_zone"": true, ""ignition"": true, ""latitude"": 42.6540633, ""direction"": 321, ""longitude"": 18.0468632, ""gsm_signal"": 23, ""sleep_mode"": false, ""staff_mode"": false, ""fault_codes"": [], ""speed_limit"": 46, ""engine_hours"": 1591, ""idc_triggers"": [], ""buzzer_active"": false, ""fuel_level_avg"": 0, ""lock_geo_alert"": false, ""operation_mode"": ""RENT"", ""battery_voltage"": 14.800000190734863, ""in_primary_zone"": true, ""lock_engine_alert"": false, ""in_restricted_zone"": false, ""onboard_geofencing"": false, ""speed_limit_active"": false}"
2023-07-17 13:16:39.840,5237,13,"359159972073523",20,"{""key"": false, ""flip"": false, ""zone"": false, ""speed"": 12.1, ""buzzer"": 0, ""engine"": true, ""in_zone"": true, ""ignition"": true, ""latitude"": 42.6540433, ""direction"": 292, ""longitude"": 18.0468816, ""gsm_signal"": 26, ""sleep_mode"": false, ""staff_mode"": false, ""fault_codes"": [], ""speed_limit"": 46, ""engine_hours"": 1591, ""idc_triggers"": [], ""buzzer_active"": false, ""fuel_level_avg"": 0, ""lock_geo_alert"": false, ""operation_mode"": ""RENT"", ""battery_voltage"": 14.800000190734863, ""in_primary_zone"": true, ""lock_engine_alert"": false, ""in_restricted_zone"": false, ""onboard_geofencing"": false, ""speed_limit_active"": false}"
2023-07-17 13:16:38.420,5237,13,"359159972073523",20,"{""key"": false, ""flip"": false, ""zone"": false, ""speed"": 13.5, ""buzzer"": 0, ""engine"": true, ""in_zone"": true, ""ignition"": true, ""latitude"": 42.6540316, ""direction"": 272, ""longitude"": 18.04692, ""gsm_signal"": 26, ""sleep_mode"": false, ""staff_mode"": false, ""fault_codes"": [], ""speed_limit"": 46, ""engine_hours"": 1591, ""idc_triggers"": [], ""buzzer_active"": false, ""fuel_level_avg"": 0, ""lock_geo_alert"": false, ""operation_mode"": ""RENT"", ""battery_voltage"": 14.800000190734863, ""in_primary_zone"": true, ""lock_engine_alert"": false, ""in_restricted_zone"": false, ""onboard_geofencing"": false, ""speed_limit_active"": false}"
2023-07-17 13:16:37.423,5237,13,"359159972073523",20,"{""key"": false, ""flip"": false, ""zone"": false, ""speed"": 11.2, ""buzzer"": 0, ""engine"": true, ""in_zone"": true, ""ignition"": true, ""latitude"": 42.65403, ""direction"": 255, ""longitude"": 18.046965, ""gsm_signal"": 26, ""sleep_mode"": false, ""staff_mode"": false, ""fault_codes"": [], ""speed_limit"": 46, ""engine_hours"": 1591, ""idc_triggers"": [], ""buzzer_active"": false, ""fuel_level_avg"": 0, ""lock_geo_alert"": false, ""operation_mode"": ""RENT"", ""battery_voltage"": 14.800000190734863, ""in_primary_zone"": true, ""lock_engine_alert"": false, ""in_restricted_zone"": false, ""onboard_geofencing"": false, ""speed_limit_active"": false}"
2023-07-17 13:16:36.440,5237,13,"359159972073523",20,"{""key"": false, ""flip"": false, ""zone"": false, ""speed"": 9.1, ""buzzer"": 0, ""engine"": true, ""in_zone"": true, ""ignition"": true, ""latitude"": 42.6540333, ""direction"": 225, ""longitude"": 18.047, ""gsm_signal"": 25, ""sleep_mode"": false, ""staff_mode"": false, ""fault_codes"": [], ""speed_limit"": 46, ""engine_hours"": 1591, ""idc_triggers"": [], ""buzzer_active"": false, ""fuel_level_avg"": 0, ""lock_geo_alert"": false, ""operation_mode"": ""RENT"", ""battery_voltage"": 14.800000190734863, ""in_primary_zone"": true, ""lock_engine_alert"": false, ""in_restricted_zone"": false, ""onboard_geofencing"": false, ""speed_limit_active"": false}"
2023-07-17 13:16:35.442,5237,13,"359159972073523",20,"{""key"": false, ""flip"": false, ""zone"": false, ""speed"": 8.5, ""buzzer"": 0, ""engine"": true, ""in_zone"": true, ""ignition"": true, ""latitude"": 42.6540466, ""direction"": 190, ""longitude"": 18.0470232, ""gsm_signal"": 25, ""sleep_mode"": false, ""staff_mode"": false, ""fault_codes"": [], ""speed_limit"": 46, ""engine_hours"": 1591, ""idc_triggers"": [], ""buzzer_active"": false, ""fuel_level_avg"": 0, ""lock_geo_alert"": false, ""operation_mode"": ""RENT"", ""battery_voltage"": 14.800000190734863, ""in_primary_zone"": true, ""lock_engine_alert"": false, ""in_restricted_zone"": false, ""onboard_geofencing"": false, ""speed_limit_active"": false}"
2023-07-17 13:16:34.841,5237,13,"359159972073523",20,"{""key"": false, ""flip"": false, ""zone"": false, ""speed"": 10.2, ""buzzer"": 0, ""engine"": true, ""in_zone"": true, ""ignition"": true, ""latitude"": 42.6540666, ""direction"": 156, ""longitude"": 18.04703, ""gsm_signal"": 25, ""sleep_mode"": false, ""staff_mode"": false, ""fault_codes"": [], ""speed_limit"": 46, ""engine_hours"": 1591, ""idc_triggers"": [], ""buzzer_active"": false, ""fuel_level_avg"": 0, ""lock_geo_alert"": false, ""operation_mode"": ""RENT"", ""battery_voltage"": 14.800000190734863, ""in_primary_zone"": true, ""lock_engine_alert"": false, ""in_restricted_zone"": false, ""onboard_geofencing"": false, ""speed_limit_active"": false}"
2023-07-17 13:16:33.420,5237,13,"359159972073523",20,"{""key"": false, ""flip"": false, ""zone"": false, ""speed"": 11.6, ""buzzer"": 0, ""engine"": true, ""in_zone"": true, ""ignition"": true, ""latitude"": 42.6540916, ""direction"": 123, ""longitude"": 18.0470166, ""gsm_signal"": 23, ""sleep_mode"": false, ""staff_mode"": false, ""fault_codes"": [], ""speed_limit"": 46, ""engine_hours"": 1591, ""idc_triggers"": [], ""buzzer_active"": false, ""fuel_level_avg"": 0, ""lock_geo_alert"": false, ""operation_mode"": ""RENT"", ""battery_voltage"": 14.800000190734863, ""in_primary_zone"": true, ""lock_engine_alert"": false, ""in_restricted_zone"": false, ""onboard_geofencing"": false, ""speed_limit_active"": false}"
2023-07-17 13:16:32.442,5237,13,"359159972073523",20,"{""key"": false, ""flip"": false, ""zone"": false, ""speed"": 11.9, ""buzzer"": 0, ""engine"": true, ""in_zone"": true, ""ignition"": true, ""latitude"": 42.6541083, ""direction"": 90, ""longitude"": 18.0469866, ""gsm_signal"": 23, ""sleep_mode"": false, ""staff_mode"": false, ""fault_codes"": [], ""speed_limit"": 46, ""engine_hours"": 1591, ""idc_triggers"": [], ""buzzer_active"": false, ""fuel_level_avg"": 0, ""lock_geo_alert"": false, ""operation_mode"": ""RENT"", ""battery_voltage"": 14.800000190734863, ""in_primary_zone"": true, ""lock_engine_alert"": false, ""in_restricted_zone"": false, ""onboard_geofencing"": false, ""speed_limit_active"": false}"
2023-07-17 13:16:31.448,5237,13,"359159972073523",20,"{""key"": false, ""flip"": false, ""zone"": false, ""speed"": 11.4, ""buzzer"": 0, ""engine"": true, ""in_zone"": true, ""ignition"": true, ""latitude"": 42.65411, ""direction"": 66, ""longitude"": 18.0469466, ""gsm_signal"": 23, ""sleep_mode"": false, ""staff_mode"": false, ""fault_codes"": [], ""speed_limit"": 46, ""engine_hours"": 1591, ""idc_triggers"": [], ""buzzer_active"": false, ""fuel_level_avg"": 0, ""lock_geo_alert"": false, ""operation_mode"": ""RENT"", ""battery_voltage"": 14.800000190734863, ""in_primary_zone"": true, ""lock_engine_alert"": false, ""in_restricted_zone"": false, ""onboard_geofencing"": false, ""speed_limit_active"": false}"
2023-07-17 13:16:30.839,5237,13,"359159972073523",20,"{""key"": false, ""flip"": false, ""zone"": false, ""speed"": 9.8, ""buzzer"": 0, ""engine"": true, ""in_zone"": true, ""ignition"": true, ""latitude"": 42.6540983, ""direction"": 31, ""longitude"": 18.04691, ""gsm_signal"": 24, ""sleep_mode"": false, ""staff_mode"": false, ""fault_codes"": [], ""speed_limit"": 46, ""engine_hours"": 1591, ""idc_triggers"": [], ""buzzer_active"": false, ""fuel_level_avg"": 0, ""lock_geo_alert"": false, ""operation_mode"": ""RENT"", ""battery_voltage"": 14.800000190734863, ""in_primary_zone"": true, ""lock_engine_alert"": false, ""in_restricted_zone"": false, ""onboard_geofencing"": false, ""speed_limit_active"": false}"
2023-07-17 13:16:29.417,5237,13,"359159972073523",20,"{""key"": false, ""flip"": false, ""zone"": false, ""speed"": 9.5, ""buzzer"": 0, ""engine"": true, ""in_zone"": true, ""ignition"": true, ""latitude"": 42.6540816, ""direction"": 358, ""longitude"": 18.0468932, ""gsm_signal"": 24, ""sleep_mode"": false, ""staff_mode"": false, ""fault_codes"": [], ""speed_limit"": 46, ""engine_hours"": 1591, ""idc_triggers"": [], ""buzzer_active"": false, ""fuel_level_avg"": 0, ""lock_geo_alert"": false, ""operation_mode"": ""RENT"", ""battery_voltage"": 14.800000190734863, ""in_primary_zone"": true, ""lock_engine_alert"": false, ""in_restricted_zone"": false, ""onboard_geofencing"": false, ""speed_limit_active"": false}"
2023-07-17 13:16:28.426,5237,13,"359159972073523",20,"{""key"": false, ""flip"": false, ""zone"": false, ""speed"": 9.4, ""buzzer"": 0, ""engine"": true, ""in_zone"": true, ""ignition"": true, ""latitude"": 42.6540583, ""direction"": 325, ""longitude"": 18.04689, ""gsm_signal"": 24, ""sleep_mode"": false, ""staff_mode"": false, ""fault_codes"": [], ""speed_limit"": 46, ""engine_hours"": 1591, ""idc_triggers"": [], ""buzzer_active"": false, ""fuel_level_avg"": 0, ""lock_geo_alert"": false, ""operation_mode"": ""RENT"", ""battery_voltage"": 14.800000190734863, ""in_primary_zone"": true, ""lock_engine_alert"": false, ""in_restricted_zone"": false, ""onboard_geofencing"": false, ""speed_limit_active"": false}"
2023-07-17 13:16:27.440,5237,13,"359159972073523",20,"{""key"": false, ""flip"": false, ""zone"": false, ""speed"": 9.4, ""buzzer"": 0, ""engine"": true, ""in_zone"": true, ""ignition"": true, ""latitude"": 42.6540383, ""direction"": 281, ""longitude"": 18.0469066, ""gsm_signal"": 28, ""sleep_mode"": false, ""staff_mode"": false, ""fault_codes"": [], ""speed_limit"": 46, ""engine_hours"": 1591, ""idc_triggers"": [], ""buzzer_active"": false, ""fuel_level_avg"": 0, ""lock_geo_alert"": false, ""operation_mode"": ""RENT"", ""battery_voltage"": 14.800000190734863, ""in_primary_zone"": true, ""lock_engine_alert"": false, ""in_restricted_zone"": false, ""onboard_geofencing"": false, ""speed_limit_active"": false}"
2023-07-17 13:16:26.440,5237,13,"359159972073523",20,"{""key"": false, ""flip"": false, ""zone"": false, ""speed"": 10.7, ""buzzer"": 0, ""engine"": true, ""in_zone"": true, ""ignition"": true, ""latitude"": 42.65403, ""direction"": 255, ""longitude"": 18.0469382, ""gsm_signal"": 28, ""sleep_mode"": false, ""staff_mode"": false, ""fault_codes"": [], ""speed_limit"": 46, ""engine_hours"": 1591, ""idc_triggers"": [], ""buzzer_active"": false, ""fuel_level_avg"": 0, ""lock_geo_alert"": false, ""operation_mode"": ""RENT"", ""battery_voltage"": 14.800000190734863, ""in_primary_zone"": true, ""lock_engine_alert"": false, ""in_restricted_zone"": false, ""onboard_geofencing"": false, ""speed_limit_active"": false}"
2023-07-17 13:16:25.439,5237,13,"359159972073523",20,"{""key"": false, ""flip"": false, ""zone"": false, ""speed"": 11.0, ""buzzer"": 0, ""engine"": true, ""in_zone"": true, ""ignition"": true, ""latitude"": 42.6540333, ""direction"": 233, ""longitude"": 18.0469732, ""gsm_signal"": 28, ""sleep_mode"": false, ""staff_mode"": false, ""fault_codes"": [], ""speed_limit"": 46, ""engine_hours"": 1591, ""idc_triggers"": [], ""buzzer_active"": false, ""fuel_level_avg"": 0, ""lock_geo_alert"": false, ""operation_mode"": ""RENT"", ""battery_voltage"": 14.800000190734863, ""in_primary_zone"": true, ""lock_engine_alert"": false, ""in_restricted_zone"": false, ""onboard_geofencing"": false, ""speed_limit_active"": false}"
2023-07-17 13:16:24.839,5237,13,"359159972073523",20,"{""key"": false, ""flip"": false, ""zone"": false, ""speed"": 10.9, ""buzzer"": 0, ""engine"": true, ""in_zone"": true, ""ignition"": true, ""latitude"": 42.6540483, ""direction"": 202, ""longitude"": 18.0470032, ""gsm_signal"": 29, ""sleep_mode"": false, ""staff_mode"": false, ""fault_codes"": [], ""speed_limit"": 46, ""engine_hours"": 1591, ""idc_triggers"": [], ""buzzer_active"": false, ""fuel_level_avg"": 0, ""lock_geo_alert"": false, ""operation_mode"": ""RENT"", ""battery_voltage"": 14.800000190734863, ""in_primary_zone"": true, ""lock_engine_alert"": false, ""in_restricted_zone"": false, ""onboard_geofencing"": false, ""speed_limit_active"": false}"
2023-07-17 13:16:23.417,5237,13,"359159972073523",20,"{""key"": false, ""flip"": false, ""zone"": false, ""speed"": 10.2, ""buzzer"": 0, ""engine"": true, ""in_zone"": true, ""ignition"": true, ""latitude"": 42.6540716, ""direction"": 168, ""longitude"": 18.0470182, ""gsm_signal"": 29, ""sleep_mode"": false, ""staff_mode"": false, ""fault_codes"": [], ""speed_limit"": 46, ""engine_hours"": 1591, ""idc_triggers"": [], ""buzzer_active"": false, ""fuel_level_avg"": 0, ""lock_geo_alert"": false, ""operation_mode"": ""RENT"", ""battery_voltage"": 14.800000190734863, ""in_primary_zone"": true, ""lock_engine_alert"": false, ""in_restricted_zone"": false, ""onboard_geofencing"": false, ""speed_limit_active"": false}"
2023-07-17 13:16:22.438,5237,13,"359159972073523",20,"{""key"": false, ""flip"": false, ""zone"": false, ""speed"": 10.9, ""buzzer"": 0, ""engine"": true, ""in_zone"": true, ""ignition"": true, ""latitude"": 42.654095, ""direction"": 120, ""longitude"": 18.0470116, ""gsm_signal"": 29, ""sleep_mode"": false, ""staff_mode"": false, ""fault_codes"": [], ""speed_limit"": 46, ""engine_hours"": 1591, ""idc_triggers"": [], ""buzzer_active"": false, ""fuel_level_avg"": 0, ""lock_geo_alert"": false, ""operation_mode"": ""RENT"", ""battery_voltage"": 14.800000190734863, ""in_primary_zone"": true, ""lock_engine_alert"": false, ""in_restricted_zone"": false, ""onboard_geofencing"": false, ""speed_limit_active"": false}"
2023-07-17 13:16:21.844,5237,13,"359159972073523",20,"{""key"": false, ""flip"": false, ""zone"": false, ""speed"": 12.1, ""buzzer"": 0, ""engine"": true, ""in_zone"": true, ""ignition"": true, ""latitude"": 42.6541116, ""direction"": 84, ""longitude"": 18.0469832, ""gsm_signal"": 29, ""sleep_mode"": false, ""staff_mode"": false, ""fault_codes"": [], ""speed_limit"": 46, ""engine_hours"": 1591, ""idc_triggers"": [], ""buzzer_active"": false, ""fuel_level_avg"": 0, ""lock_geo_alert"": false, ""operation_mode"": ""RENT"", ""battery_voltage"": 14.800000190734863, ""in_primary_zone"": true, ""lock_engine_alert"": false, ""in_restricted_zone"": false, ""onboard_geofencing"": false, ""speed_limit_active"": false}"
2023-07-17 13:16:20.419,5237,13,"359159972073523",20,"{""key"": false, ""flip"": false, ""zone"": false, ""speed"": 13.5, ""buzzer"": 0, ""engine"": true, ""in_zone"": true, ""ignition"": true, ""latitude"": 42.65411, ""direction"": 57, ""longitude"": 18.04694, ""gsm_signal"": 29, ""sleep_mode"": false, ""staff_mode"": false, ""fault_codes"": [], ""speed_limit"": 46, ""engine_hours"": 1591, ""idc_triggers"": [], ""buzzer_active"": false, ""fuel_level_avg"": 0, ""lock_geo_alert"": false, ""operation_mode"": ""RENT"", ""battery_voltage"": 14.800000190734863, ""in_primary_zone"": true, ""lock_engine_alert"": false, ""in_restricted_zone"": false, ""onboard_geofencing"": false, ""speed_limit_active"": false}"
2023-07-17 13:16:19.421,5237,13,"359159972073523",20,"{""key"": false, ""flip"": false, ""zone"": false, ""speed"": 15.0, ""buzzer"": 0, ""engine"": true, ""in_zone"": true, ""ignition"": true, ""latitude"": 42.65409, ""direction"": 38, ""longitude"": 18.0469016, ""gsm_signal"": 29, ""sleep_mode"": false, ""staff_mode"": false, ""fault_codes"": [], ""speed_limit"": 46, ""engine_hours"": 1591, ""idc_triggers"": [], ""buzzer_active"": false, ""fuel_level_avg"": 0, ""lock_geo_alert"": false, ""operation_mode"": ""RENT"", ""battery_voltage"": 14.800000190734863, ""in_primary_zone"": true, ""lock_engine_alert"": false, ""in_restricted_zone"": false, ""onboard_geofencing"": false, ""speed_limit_active"": false}"
2023-07-17 13:16:18.438,5237,13,"359159972073523",20,"{""key"": false, ""flip"": false, ""zone"": false, ""speed"": 14.6, ""buzzer"": 0, ""engine"": true, ""in_zone"": true, ""ignition"": true, ""latitude"": 42.65406, ""direction"": 33, ""longitude"": 18.0468716, ""gsm_signal"": 29, ""sleep_mode"": false, ""staff_mode"": false, ""fault_codes"": [], ""speed_limit"": 46, ""engine_hours"": 1591, ""idc_triggers"": [], ""buzzer_active"": false, ""fuel_level_avg"": 0, ""lock_geo_alert"": false, ""operation_mode"": ""RENT"", ""battery_voltage"": 14.800000190734863, ""in_primary_zone"": true, ""lock_engine_alert"": false, ""in_restricted_zone"": false, ""onboard_geofencing"": false, ""speed_limit_active"": false}"
2023-07-17 13:16:17.440,5237,13,"359159972073523",20,"{""key"": false, ""flip"": false, ""zone"": false, ""speed"": 16.3, ""buzzer"": 0, ""engine"": true, ""in_zone"": true, ""ignition"": true, ""latitude"": 42.65403, ""direction"": 40, ""longitude"": 18.0468416, ""gsm_signal"": 29, ""sleep_mode"": false, ""staff_mode"": false, ""fault_codes"": [], ""speed_limit"": 46, ""engine_hours"": 1591, ""idc_triggers"": [], ""buzzer_active"": false, ""fuel_level_avg"": 0, ""lock_geo_alert"": false, ""operation_mode"": ""RENT"", ""battery_voltage"": 14.800000190734863, ""in_primary_zone"": true, ""lock_engine_alert"": false, ""in_restricted_zone"": false, ""onboard_geofencing"": false, ""speed_limit_active"": false}"
2023-07-17 13:16:16.841,5237,13,"359159972073523",20,"{""key"": false, ""flip"": false, ""zone"": false, ""speed"": 19.0, ""buzzer"": 0, ""engine"": true, ""in_zone"": true, ""ignition"": true, ""latitude"": 42.6539983, ""direction"": 50, ""longitude"": 18.0468032, ""gsm_signal"": 29, ""sleep_mode"": false, ""staff_mode"": false, ""fault_codes"": [], ""speed_limit"": 46, ""engine_hours"": 1591, ""idc_triggers"": [], ""buzzer_active"": false, ""fuel_level_avg"": 0, ""lock_geo_alert"": false, ""operation_mode"": ""RENT"", ""battery_voltage"": 14.800000190734863, ""in_primary_zone"": true, ""lock_engine_alert"": false, ""in_restricted_zone"": false, ""onboard_geofencing"": false, ""speed_limit_active"": false}"
2023-07-17 13:16:15.420,5237,13,"359159972073523",20,"{""key"": false, ""flip"": false, ""zone"": false, ""speed"": 19.4, ""buzzer"": 0, ""engine"": true, ""in_zone"": true, ""ignition"": true, ""latitude"": 42.65397, ""direction"": 57, ""longitude"": 18.0467516, ""gsm_signal"": 29, ""sleep_mode"": false, ""staff_mode"": false, ""fault_codes"": [], ""speed_limit"": 46, ""engine_hours"": 1591, ""idc_triggers"": [], ""buzzer_active"": false, ""fuel_level_avg"": 0, ""lock_geo_alert"": false, ""operation_mode"": ""RENT"", ""battery_voltage"": 14.800000190734863, ""in_primary_zone"": true, ""lock_engine_alert"": false, ""in_restricted_zone"": false, ""onboard_geofencing"": false, ""speed_limit_active"": false}"
2023-07-17 13:16:14.441,5237,13,"359159972073523",20,"{""key"": false, ""flip"": false, ""zone"": false, ""speed"": 20.5, ""buzzer"": 0, ""engine"": true, ""in_zone"": true, ""ignition"": true, ""latitude"": 42.6539433, ""direction"": 56, ""longitude"": 18.046695, ""gsm_signal"": 29, ""sleep_mode"": false, ""staff_mode"": false, ""fault_codes"": [], ""speed_limit"": 46, ""engine_hours"": 1591, ""idc_triggers"": [], ""buzzer_active"": false, ""fuel_level_avg"": 0, ""lock_geo_alert"": false, ""operation_mode"": ""RENT"", ""battery_voltage"": 14.800000190734863, ""in_primary_zone"": true, ""lock_engine_alert"": false, ""in_restricted_zone"": false, ""onboard_geofencing"": false, ""speed_limit_active"": false}"
2023-07-17 13:16:13.441,5237,13,"359159972073523",20,"{""key"": false, ""flip"": false, ""zone"": false, ""speed"": 19.5, ""buzzer"": 0, ""engine"": true, ""in_zone"": true, ""ignition"": true, ""latitude"": 42.653915, ""direction"": 50, ""longitude"": 18.04664, ""gsm_signal"": 29, ""sleep_mode"": false, ""staff_mode"": false, ""fault_codes"": [], ""speed_limit"": 46, ""engine_hours"": 1591, ""idc_triggers"": [], ""buzzer_active"": false, ""fuel_level_avg"": 0, ""lock_geo_alert"": false, ""operation_mode"": ""RENT"", ""battery_voltage"": 14.800000190734863, ""in_primary_zone"": true, ""lock_engine_alert"": false, ""in_restricted_zone"": false, ""onboard_geofencing"": false, ""speed_limit_active"": false}"
2023-07-17 13:16:12.840,5237,13,"359159972073523",20,"{""key"": false, ""flip"": false, ""zone"": false, ""speed"": 18.3, ""buzzer"": 0, ""engine"": true, ""in_zone"": true, ""ignition"": true, ""latitude"": 42.6538833, ""direction"": 42, ""longitude"": 18.0465916, ""gsm_signal"": 29, ""sleep_mode"": false, ""staff_mode"": false, ""fault_codes"": [], ""speed_limit"": 46, ""engine_hours"": 1591, ""idc_triggers"": [], ""buzzer_active"": false, ""fuel_level_avg"": 0, ""lock_geo_alert"": false, ""operation_mode"": ""RENT"", ""battery_voltage"": 14.800000190734863, ""in_primary_zone"": true, ""lock_engine_alert"": false, ""in_restricted_zone"": false, ""onboard_geofencing"": false, ""speed_limit_active"": false}"
2023-07-17 13:16:11.420,5237,13,"359159972073523",20,"{""key"": false, ""flip"": false, ""zone"": false, ""speed"": 16.6, ""buzzer"": 0, ""engine"": true, ""in_zone"": true, ""ignition"": true, ""latitude"": 42.65385, ""direction"": 30, ""longitude"": 18.0465532, ""gsm_signal"": 29, ""sleep_mode"": false, ""staff_mode"": false, ""fault_codes"": [], ""speed_limit"": 46, ""engine_hours"": 1591, ""idc_triggers"": [], ""buzzer_active"": false, ""fuel_level_avg"": 0, ""lock_geo_alert"": false, ""operation_mode"": ""RENT"", ""battery_voltage"": 14.800000190734863, ""in_primary_zone"": true, ""lock_engine_alert"": false, ""in_restricted_zone"": false, ""onboard_geofencing"": false, ""speed_limit_active"": false}"
2023-07-17 13:16:10.421,5237,13,"359159972073523",20,"{""key"": false, ""flip"": false, ""zone"": false, ""speed"": 14.9, ""buzzer"": 0, ""engine"": true, ""in_zone"": true, ""ignition"": true, ""latitude"": 42.653815, ""direction"": 22, ""longitude"": 18.0465266, ""gsm_signal"": 29, ""sleep_mode"": false, ""staff_mode"": false, ""fault_codes"": [], ""speed_limit"": 46, ""engine_hours"": 1591, ""idc_triggers"": [], ""buzzer_active"": false, ""fuel_level_avg"": 0, ""lock_geo_alert"": false, ""operation_mode"": ""RENT"", ""battery_voltage"": 14.800000190734863, ""in_primary_zone"": true, ""lock_engine_alert"": false, ""in_restricted_zone"": false, ""onboard_geofencing"": false, ""speed_limit_active"": false}"
2023-07-17 13:16:09.438,5237,13,"359159972073523",20,"{""key"": false, ""flip"": false, ""zone"": false, ""speed"": 13.8, ""buzzer"": 0, ""engine"": true, ""in_zone"": true, ""ignition"": true, ""latitude"": 42.6537833, ""direction"": 15, ""longitude"": 18.0465082, ""gsm_signal"": 26, ""sleep_mode"": false, ""staff_mode"": false, ""fault_codes"": [], ""speed_limit"": 46, ""engine_hours"": 1591, ""idc_triggers"": [], ""buzzer_active"": false, ""fuel_level_avg"": 0, ""lock_geo_alert"": false, ""operation_mode"": ""RENT"", ""battery_voltage"": 14.800000190734863, ""in_primary_zone"": true, ""lock_engine_alert"": false, ""in_restricted_zone"": false, ""onboard_geofencing"": false, ""speed_limit_active"": false}"
2023-07-17 13:16:08.451,5237,13,"359159972073523",20,"{""key"": false, ""flip"": false, ""zone"": false, ""speed"": 13.2, ""buzzer"": 0, ""engine"": true, ""in_zone"": true, ""ignition"": true, ""latitude"": 42.65375, ""direction"": 7, ""longitude"": 18.0464982, ""gsm_signal"": 26, ""sleep_mode"": false, ""staff_mode"": false, ""fault_codes"": [], ""speed_limit"": 46, ""engine_hours"": 1591, ""idc_triggers"": [], ""buzzer_active"": false, ""fuel_level_avg"": 0, ""lock_geo_alert"": false, ""operation_mode"": ""RENT"", ""battery_voltage"": 14.800000190734863, ""in_primary_zone"": true, ""lock_engine_alert"": false, ""in_restricted_zone"": false, ""onboard_geofencing"": false, ""speed_limit_active"": false}"
2023-07-17 13:16:07.840,5237,13,"359159972073523",20,"{""key"": false, ""flip"": false, ""zone"": false, ""speed"": 12.4, ""buzzer"": 0, ""engine"": true, ""in_zone"": true, ""ignition"": true, ""latitude"": 42.6537166, ""direction"": 352, ""longitude"": 18.0464982, ""gsm_signal"": 26, ""sleep_mode"": false, ""staff_mode"": false, ""fault_codes"": [], ""speed_limit"": 46, ""engine_hours"": 1591, ""idc_triggers"": [], ""buzzer_active"": false, ""fuel_level_avg"": 0, ""lock_geo_alert"": false, ""operation_mode"": ""RENT"", ""battery_voltage"": 14.800000190734863, ""in_primary_zone"": true, ""lock_engine_alert"": false, ""in_restricted_zone"": false, ""onboard_geofencing"": false, ""speed_limit_active"": false}"
2023-07-17 13:16:06.419,5237,13,"359159972073523",20,"{""key"": false, ""flip"": false, ""zone"": false, ""speed"": 14.0, ""buzzer"": 0, ""engine"": true, ""in_zone"": true, ""ignition"": true, ""latitude"": 42.653685, ""direction"": 340, ""longitude"": 18.0465032, ""gsm_signal"": 24, ""sleep_mode"": false, ""staff_mode"": false, ""fault_codes"": [], ""speed_limit"": 46, ""engine_hours"": 1591, ""idc_triggers"": [], ""buzzer_active"": false, ""fuel_level_avg"": 0, ""lock_geo_alert"": false, ""operation_mode"": ""RENT"", ""battery_voltage"": 14.800000190734863, ""in_primary_zone"": true, ""lock_engine_alert"": false, ""in_restricted_zone"": false, ""onboard_geofencing"": false, ""speed_limit_active"": false}"
2023-07-17 13:16:05.440,5237,13,"359159972073523",20,"{""key"": false, ""flip"": false, ""zone"": false, ""speed"": 14.1, ""buzzer"": 0, ""engine"": true, ""in_zone"": true, ""ignition"": true, ""latitude"": 42.65365, ""direction"": 330, ""longitude"": 18.0465216, ""gsm_signal"": 24, ""sleep_mode"": false, ""staff_mode"": false, ""fault_codes"": [], ""speed_limit"": 46, ""engine_hours"": 1591, ""idc_triggers"": [], ""buzzer_active"": false, ""fuel_level_avg"": 0, ""lock_geo_alert"": false, ""operation_mode"": ""RENT"", ""battery_voltage"": 14.800000190734863, ""in_primary_zone"": true, ""lock_engine_alert"": false, ""in_restricted_zone"": false, ""onboard_geofencing"": false, ""speed_limit_active"": false}"
2023-07-17 13:16:04.440,5237,13,"359159972073523",20,"{""key"": false, ""flip"": false, ""zone"": false, ""speed"": 13.4, ""buzzer"": 0, ""engine"": true, ""in_zone"": true, ""ignition"": true, ""latitude"": 42.6536216, ""direction"": 317, ""longitude"": 18.04655, ""gsm_signal"": 24, ""sleep_mode"": false, ""staff_mode"": false, ""fault_codes"": [], ""speed_limit"": 46, ""engine_hours"": 1591, ""idc_triggers"": [], ""buzzer_active"": false, ""fuel_level_avg"": 0, ""lock_geo_alert"": false, ""operation_mode"": ""RENT"", ""battery_voltage"": 14.800000190734863, ""in_primary_zone"": true, ""lock_engine_alert"": false, ""in_restricted_zone"": false, ""onboard_geofencing"": false, ""speed_limit_active"": false}"
2023-07-17 13:16:03.838,5237,13,"359159972073523",20,"{""key"": false, ""flip"": false, ""zone"": false, ""speed"": 13.6, ""buzzer"": 0, ""engine"": true, ""in_zone"": true, ""ignition"": true, ""latitude"": 42.6535933, ""direction"": 303, ""longitude"": 18.0465816, ""gsm_signal"": 22, ""sleep_mode"": false, ""staff_mode"": false, ""fault_codes"": [], ""speed_limit"": 46, ""engine_hours"": 1591, ""idc_triggers"": [], ""buzzer_active"": false, ""fuel_level_avg"": 0, ""lock_geo_alert"": false, ""operation_mode"": ""RENT"", ""battery_voltage"": 14.800000190734863, ""in_primary_zone"": true, ""lock_engine_alert"": false, ""in_restricted_zone"": false, ""onboard_geofencing"": false, ""speed_limit_active"": false}"
2023-07-17 13:16:02.423,5237,13,"359159972073523",20,"{""key"": false, ""flip"": false, ""zone"": false, ""speed"": 12.7, ""buzzer"": 0, ""engine"": true, ""in_zone"": true, ""ignition"": true, ""latitude"": 42.653575000000004, ""direction"": 283, ""longitude"": 18.04662, ""gsm_signal"": 22, ""sleep_mode"": false, ""staff_mode"": false, ""fault_codes"": [], ""speed_limit"": 46, ""engine_hours"": 1591, ""idc_triggers"": [], ""buzzer_active"": false, ""fuel_level_avg"": 0, ""lock_geo_alert"": false, ""operation_mode"": ""RENT"", ""battery_voltage"": 14.800000190734863, ""in_primary_zone"": true, ""lock_engine_alert"": false, ""in_restricted_zone"": false, ""onboard_geofencing"": false, ""speed_limit_active"": false}"
2023-07-17 13:16:01.422,5237,13,"359159972073523",20,"{""key"": false, ""flip"": false, ""zone"": false, ""speed"": 10.2, ""buzzer"": 0, ""engine"": true, ""in_zone"": true, ""ignition"": true, ""latitude"": 42.65357, ""direction"": 272, ""longitude"": 18.0466582, ""gsm_signal"": 22, ""sleep_mode"": false, ""staff_mode"": false, ""fault_codes"": [], ""speed_limit"": 46, ""engine_hours"": 1591, ""idc_triggers"": [], ""buzzer_active"": false, ""fuel_level_avg"": 0, ""lock_geo_alert"": false, ""operation_mode"": ""RENT"", ""battery_voltage"": 14.800000190734863, ""in_primary_zone"": true, ""lock_engine_alert"": false, ""in_restricted_zone"": false, ""onboard_geofencing"": false, ""speed_limit_active"": false}"
2023-07-17 13:16:00.440,5237,13,"359159972073523",20,"{""key"": false, ""flip"": false, ""zone"": false, ""speed"": 9.4, ""buzzer"": 0, ""engine"": true, ""in_zone"": true, ""ignition"": true, ""latitude"": 42.6535666, ""direction"": 267, ""longitude"": 18.0466916, ""gsm_signal"": 23, ""sleep_mode"": false, ""staff_mode"": false, ""fault_codes"": [], ""speed_limit"": 46, ""engine_hours"": 1591, ""idc_triggers"": [], ""buzzer_active"": false, ""fuel_level_avg"": 0, ""lock_geo_alert"": false, ""operation_mode"": ""RENT"", ""battery_voltage"": 14.800000190734863, ""in_primary_zone"": true, ""lock_engine_alert"": false, ""in_restricted_zone"": false, ""onboard_geofencing"": false, ""speed_limit_active"": false}"
2023-07-17 13:15:59.442,5237,13,"359159972073523",20,"{""key"": false, ""flip"": false, ""zone"": false, ""speed"": 8.9, ""buzzer"": 0, ""engine"": true, ""in_zone"": true, ""ignition"": true, ""latitude"": 42.65357, ""direction"": 262, ""longitude"": 18.046725, ""gsm_signal"": 23, ""sleep_mode"": false, ""staff_mode"": false, ""fault_codes"": [], ""speed_limit"": 46, ""engine_hours"": 1591, ""idc_triggers"": [], ""buzzer_active"": false, ""fuel_level_avg"": 0, ""lock_geo_alert"": false, ""operation_mode"": ""RENT"", ""battery_voltage"": 14.800000190734863, ""in_primary_zone"": true, ""lock_engine_alert"": false, ""in_restricted_zone"": false, ""onboard_geofencing"": false, ""speed_limit_active"": false}"
2023-07-17 13:15:58.840,5237,13,"359159972073523",20,"{""key"": false, ""flip"": false, ""zone"": false, ""speed"": 11.4, ""buzzer"": 0, ""engine"": true, ""in_zone"": true, ""ignition"": true, ""latitude"": 42.6535733, ""direction"": 259, ""longitude"": 18.0467566, ""gsm_signal"": 23, ""sleep_mode"": false, ""staff_mode"": false, ""fault_codes"": [], ""speed_limit"": 46, ""engine_hours"": 1591, ""idc_triggers"": [], ""buzzer_active"": false, ""fuel_level_avg"": 0, ""lock_geo_alert"": false, ""operation_mode"": ""RENT"", ""battery_voltage"": 14.800000190734863, ""in_primary_zone"": true, ""lock_engine_alert"": false, ""in_restricted_zone"": false, ""onboard_geofencing"": false, ""speed_limit_active"": false}"
2023-07-17 13:15:57.419,5237,13,"359159972073523",20,"{""key"": false, ""flip"": false, ""zone"": false, ""speed"": 17.0, ""buzzer"": 0, ""engine"": true, ""in_zone"": true, ""ignition"": true, ""latitude"": 42.65358, ""direction"": 256, ""longitude"": 18.0468, ""gsm_signal"": 24, ""sleep_mode"": false, ""staff_mode"": false, ""fault_codes"": [], ""speed_limit"": 46, ""engine_hours"": 1591, ""idc_triggers"": [], ""buzzer_active"": false, ""fuel_level_avg"": 0, ""lock_geo_alert"": false, ""operation_mode"": ""RENT"", ""battery_voltage"": 14.800000190734863, ""in_primary_zone"": true, ""lock_engine_alert"": false, ""in_restricted_zone"": false, ""onboard_geofencing"": false, ""speed_limit_active"": false}"
2023-07-17 13:15:56.442,5237,13,"359159972073523",20,"{""key"": false, ""flip"": false, ""zone"": false, ""speed"": 24.6, ""buzzer"": 0, ""engine"": true, ""in_zone"": true, ""ignition"": true, ""latitude"": 42.6535916, ""direction"": 251, ""longitude"": 18.0468632, ""gsm_signal"": 24, ""sleep_mode"": false, ""staff_mode"": false, ""fault_codes"": [], ""speed_limit"": 46, ""engine_hours"": 1591, ""idc_triggers"": [], ""buzzer_active"": false, ""fuel_level_avg"": 0, ""lock_geo_alert"": false, ""operation_mode"": ""RENT"", ""battery_voltage"": 14.800000190734863, ""in_primary_zone"": true, ""lock_engine_alert"": false, ""in_restricted_zone"": false, ""onboard_geofencing"": false, ""speed_limit_active"": false}"
2023-07-17 13:15:55.439,5237,13,"359159972073523",20,"{""key"": false, ""flip"": false, ""zone"": false, ""speed"": 31.7, ""buzzer"": 0, ""engine"": true, ""in_zone"": true, ""ignition"": true, ""latitude"": 42.653615, ""direction"": 247, ""longitude"": 18.0469466, ""gsm_signal"": 24, ""sleep_mode"": false, ""staff_mode"": false, ""fault_codes"": [], ""speed_limit"": 46, ""engine_hours"": 1591, ""idc_triggers"": [], ""buzzer_active"": false, ""fuel_level_avg"": 0, ""lock_geo_alert"": false, ""operation_mode"": ""RENT"", ""battery_voltage"": 14.800000190734863, ""in_primary_zone"": true, ""lock_engine_alert"": false, ""in_restricted_zone"": false, ""onboard_geofencing"": false, ""speed_limit_active"": false}"
2023-07-17 13:15:54.840,5237,13,"359159972073523",20,"{""key"": false, ""flip"": false, ""zone"": false, ""speed"": 36.5, ""buzzer"": 0, ""engine"": true, ""in_zone"": true, ""ignition"": true, ""latitude"": 42.6536483, ""direction"": 243, ""longitude"": 18.04705, ""gsm_signal"": 24, ""sleep_mode"": false, ""staff_mode"": false, ""fault_codes"": [], ""speed_limit"": 46, ""engine_hours"": 1591, ""idc_triggers"": [], ""buzzer_active"": false, ""fuel_level_avg"": 0, ""lock_geo_alert"": false, ""operation_mode"": ""RENT"", ""battery_voltage"": 14.800000190734863, ""in_primary_zone"": true, ""lock_engine_alert"": false, ""in_restricted_zone"": false, ""onboard_geofencing"": false, ""speed_limit_active"": false}"
2023-07-17 13:15:53.419,5237,13,"359159972073523",20,"{""key"": false, ""flip"": false, ""zone"": false, ""speed"": 40.7, ""buzzer"": 0, ""engine"": true, ""in_zone"": true, ""ignition"": true, ""latitude"": 42.6536916, ""direction"": 241, ""longitude"": 18.047165, ""gsm_signal"": 24, ""sleep_mode"": false, ""staff_mode"": false, ""fault_codes"": [], ""speed_limit"": 46, ""engine_hours"": 1591, ""idc_triggers"": [], ""buzzer_active"": false, ""fuel_level_avg"": 0, ""lock_geo_alert"": false, ""operation_mode"": ""RENT"", ""battery_voltage"": 14.800000190734863, ""in_primary_zone"": true, ""lock_engine_alert"": false, ""in_restricted_zone"": false, ""onboard_geofencing"": false, ""speed_limit_active"": false}"
2023-07-17 13:15:52.423,5237,13,"359159972073523",20,"{""key"": false, ""flip"": false, ""zone"": false, ""speed"": 43.5, ""buzzer"": 0, ""engine"": true, ""in_zone"": true, ""ignition"": true, ""latitude"": 42.6537383, ""direction"": 243, ""longitude"": 18.04729, ""gsm_signal"": 24, ""sleep_mode"": false, ""staff_mode"": false, ""fault_codes"": [], ""speed_limit"": 46, ""engine_hours"": 1591, ""idc_triggers"": [], ""buzzer_active"": false, ""fuel_level_avg"": 0, ""lock_geo_alert"": false, ""operation_mode"": ""RENT"", ""battery_voltage"": 14.800000190734863, ""in_primary_zone"": true, ""lock_engine_alert"": false, ""in_restricted_zone"": false, ""onboard_geofencing"": false, ""speed_limit_active"": false}"
2023-07-17 13:15:51.423,5237,13,"359159972073523",20,"{""key"": false, ""flip"": false, ""zone"": false, ""speed"": 43.2, ""buzzer"": 0, ""engine"": true, ""in_zone"": true, ""ignition"": true, ""latitude"": 42.6537866, ""direction"": 245, ""longitude"": 18.0474216, ""gsm_signal"": 24, ""sleep_mode"": false, ""staff_mode"": false, ""fault_codes"": [], ""speed_limit"": 46, ""engine_hours"": 1591, ""idc_triggers"": [], ""buzzer_active"": false, ""fuel_level_avg"": 0, ""lock_geo_alert"": false, ""operation_mode"": ""RENT"", ""battery_voltage"": 14.800000190734863, ""in_primary_zone"": true, ""lock_engine_alert"": false, ""in_restricted_zone"": false, ""onboard_geofencing"": false, ""speed_limit_active"": false}"
2023-07-17 13:15:50.420,5237,13,"359159972073523",20,"{""key"": false, ""flip"": false, ""zone"": false, ""speed"": 42.6, ""buzzer"": 0, ""engine"": true, ""in_zone"": true, ""ignition"": true, ""latitude"": 42.6538316, ""direction"": 245, ""longitude"": 18.047555, ""gsm_signal"": 24, ""sleep_mode"": false, ""staff_mode"": false, ""fault_codes"": [], ""speed_limit"": 46, ""engine_hours"": 1591, ""idc_triggers"": [], ""buzzer_active"": false, ""fuel_level_avg"": 0, ""lock_geo_alert"": false, ""operation_mode"": ""RENT"", ""battery_voltage"": 14.800000190734863, ""in_primary_zone"": true, ""lock_engine_alert"": false, ""in_restricted_zone"": false, ""onboard_geofencing"": false, ""speed_limit_active"": false}"
2023-07-17 13:15:49.421,5237,13,"359159972073523",20,"{""key"": false, ""flip"": false, ""zone"": false, ""speed"": 42.7, ""buzzer"": 0, ""engine"": true, ""in_zone"": true, ""ignition"": true, ""latitude"": 42.6538733, ""direction"": 248, ""longitude"": 18.0476882, ""gsm_signal"": 24, ""sleep_mode"": false, ""staff_mode"": false, ""fault_codes"": [], ""speed_limit"": 46, ""engine_hours"": 1591, ""idc_triggers"": [], ""buzzer_active"": false, ""fuel_level_avg"": 0, ""lock_geo_alert"": false, ""operation_mode"": ""RENT"", ""battery_voltage"": 14.800000190734863, ""in_primary_zone"": true, ""lock_engine_alert"": false, ""in_restricted_zone"": false, ""onboard_geofencing"": false, ""speed_limit_active"": false}"
2023-07-17 13:15:48.419,5237,13,"359159972073523",20,"{""key"": false, ""flip"": false, ""zone"": false, ""speed"": 42.6, ""buzzer"": 0, ""engine"": true, ""in_zone"": true, ""ignition"": true, ""latitude"": 42.6539133, ""direction"": 248, ""longitude"": 18.0478232, ""gsm_signal"": 25, ""sleep_mode"": false, ""staff_mode"": false, ""fault_codes"": [], ""speed_limit"": 46, ""engine_hours"": 1591, ""idc_triggers"": [], ""buzzer_active"": false, ""fuel_level_avg"": 0, ""lock_geo_alert"": false, ""operation_mode"": ""RENT"", ""battery_voltage"": 14.800000190734863, ""in_primary_zone"": true, ""lock_engine_alert"": false, ""in_restricted_zone"": false, ""onboard_geofencing"": false, ""speed_limit_active"": false}"
2023-07-17 13:15:47.440,5237,13,"359159972073523",20,"{""key"": false, ""flip"": false, ""zone"": false, ""speed"": 41.2, ""buzzer"": 0, ""engine"": true, ""in_zone"": true, ""ignition"": true, ""latitude"": 42.6539516, ""direction"": 249, ""longitude"": 18.0479566, ""gsm_signal"": 25, ""sleep_mode"": false, ""staff_mode"": false, ""fault_codes"": [], ""speed_limit"": 46, ""engine_hours"": 1591, ""idc_triggers"": [], ""buzzer_active"": false, ""fuel_level_avg"": 0, ""lock_geo_alert"": false, ""operation_mode"": ""RENT"", ""battery_voltage"": 14.800000190734863, ""in_primary_zone"": true, ""lock_engine_alert"": false, ""in_restricted_zone"": false, ""onboard_geofencing"": false, ""speed_limit_active"": false}"
2023-07-17 13:15:46.441,5237,13,"359159972073523",20,"{""key"": false, ""flip"": false, ""zone"": false, ""speed"": 41.9, ""buzzer"": 0, ""engine"": true, ""in_zone"": true, ""ignition"": true, ""latitude"": 42.65399, ""direction"": 250, ""longitude"": 18.0480866, ""gsm_signal"": 25, ""sleep_mode"": false, ""staff_mode"": false, ""fault_codes"": [], ""speed_limit"": 46, ""engine_hours"": 1591, ""idc_triggers"": [], ""buzzer_active"": false, ""fuel_level_avg"": 0, ""lock_geo_alert"": false, ""operation_mode"": ""RENT"", ""battery_voltage"": 14.800000190734863, ""in_primary_zone"": true, ""lock_engine_alert"": false, ""in_restricted_zone"": false, ""onboard_geofencing"": false, ""speed_limit_active"": false}"
2023-07-17 13:15:45.841,5237,13,"359159972073523",20,"{""key"": false, ""flip"": false, ""zone"": false, ""speed"": 43.1, ""buzzer"": 0, ""engine"": true, ""in_zone"": true, ""ignition"": true, ""latitude"": 42.654025, ""direction"": 250, ""longitude"": 18.0482182, ""gsm_signal"": 25, ""sleep_mode"": false, ""staff_mode"": false, ""fault_codes"": [], ""speed_limit"": 46, ""engine_hours"": 1591, ""idc_triggers"": [], ""buzzer_active"": false, ""fuel_level_avg"": 0, ""lock_geo_alert"": false, ""operation_mode"": ""RENT"", ""battery_voltage"": 14.800000190734863, ""in_primary_zone"": true, ""lock_engine_alert"": false, ""in_restricted_zone"": false, ""onboard_geofencing"": false, ""speed_limit_active"": false}"
2023-07-17 13:15:44.417,5237,13,"359159972073523",20,"{""key"": false, ""flip"": false, ""zone"": false, ""speed"": 47.4, ""buzzer"": 0, ""engine"": true, ""in_zone"": true, ""ignition"": true, ""latitude"": 42.65406, ""direction"": 251, ""longitude"": 18.04836, ""gsm_signal"": 25, ""sleep_mode"": false, ""staff_mode"": false, ""fault_codes"": [], ""speed_limit"": 46, ""engine_hours"": 1591, ""idc_triggers"": [], ""buzzer_active"": false, ""fuel_level_avg"": 0, ""lock_geo_alert"": false, ""operation_mode"": ""RENT"", ""battery_voltage"": 14.800000190734863, ""in_primary_zone"": true, ""lock_engine_alert"": false, ""in_restricted_zone"": false, ""onboard_geofencing"": false, ""speed_limit_active"": false}"
2023-07-17 13:15:43.422,5237,13,"359159972073523",20,"{""key"": false, ""flip"": false, ""zone"": false, ""speed"": 51.8, ""buzzer"": 0, ""engine"": true, ""in_zone"": true, ""ignition"": true, ""latitude"": 42.6541, ""direction"": 251, ""longitude"": 18.0485182, ""gsm_signal"": 25, ""sleep_mode"": false, ""staff_mode"": false, ""fault_codes"": [], ""speed_limit"": 46, ""engine_hours"": 1591, ""idc_triggers"": [], ""buzzer_active"": false, ""fuel_level_avg"": 0, ""lock_geo_alert"": false, ""operation_mode"": ""RENT"", ""battery_voltage"": 14.800000190734863, ""in_primary_zone"": true, ""lock_engine_alert"": false, ""in_restricted_zone"": false, ""onboard_geofencing"": false, ""speed_limit_active"": false}"
2023-07-17 13:15:42.440,5237,13,"359159972073523",20,"{""key"": false, ""flip"": false, ""zone"": false, ""speed"": 52.4, ""buzzer"": 0, ""engine"": true, ""in_zone"": true, ""ignition"": true, ""latitude"": 42.65414, ""direction"": 251, ""longitude"": 18.048685, ""gsm_signal"": 26, ""sleep_mode"": false, ""staff_mode"": false, ""fault_codes"": [], ""speed_limit"": 46, ""engine_hours"": 1591, ""idc_triggers"": [], ""buzzer_active"": false, ""fuel_level_avg"": 0, ""lock_geo_alert"": false, ""operation_mode"": ""RENT"", ""battery_voltage"": 14.800000190734863, ""in_primary_zone"": true, ""lock_engine_alert"": false, ""in_restricted_zone"": false, ""onboard_geofencing"": false, ""speed_limit_active"": false}"
2023-07-17 13:15:41.443,5237,13,"359159972073523",20,"{""key"": false, ""flip"": false, ""zone"": false, ""speed"": 52.1, ""buzzer"": 0, ""engine"": true, ""in_zone"": true, ""ignition"": true, ""latitude"": 42.6541816, ""direction"": 251, ""longitude"": 18.0488532, ""gsm_signal"": 26, ""sleep_mode"": false, ""staff_mode"": false, ""fault_codes"": [], ""speed_limit"": 46, ""engine_hours"": 1591, ""idc_triggers"": [], ""buzzer_active"": false, ""fuel_level_avg"": 0, ""lock_geo_alert"": false, ""operation_mode"": ""RENT"", ""battery_voltage"": 14.800000190734863, ""in_primary_zone"": true, ""lock_engine_alert"": false, ""in_restricted_zone"": false, ""onboard_geofencing"": false, ""speed_limit_active"": false}"
2023-07-17 13:15:40.839,5237,13,"359159972073523",20,"{""key"": false, ""flip"": false, ""zone"": false, ""speed"": 53.5, ""buzzer"": 0, ""engine"": true, ""in_zone"": true, ""ignition"": true, ""latitude"": 42.65422, ""direction"": 253, ""longitude"": 18.0490232, ""gsm_signal"": 26, ""sleep_mode"": false, ""staff_mode"": false, ""fault_codes"": [], ""speed_limit"": 46, ""engine_hours"": 1591, ""idc_triggers"": [], ""buzzer_active"": false, ""fuel_level_avg"": 0, ""lock_geo_alert"": false, ""operation_mode"": ""RENT"", ""battery_voltage"": 14.800000190734863, ""in_primary_zone"": true, ""lock_engine_alert"": false, ""in_restricted_zone"": false, ""onboard_geofencing"": false, ""speed_limit_active"": false}"
2023-07-17 13:15:39.420,5237,13,"359159972073523",20,"{""key"": false, ""flip"": false, ""zone"": false, ""speed"": 53.1, ""buzzer"": 0, ""engine"": true, ""in_zone"": true, ""ignition"": true, ""latitude"": 42.6542566, ""direction"": 255, ""longitude"": 18.0491982, ""gsm_signal"": 26, ""sleep_mode"": false, ""staff_mode"": false, ""fault_codes"": [], ""speed_limit"": 46, ""engine_hours"": 1591, ""idc_triggers"": [], ""buzzer_active"": false, ""fuel_level_avg"": 0, ""lock_geo_alert"": false, ""operation_mode"": ""RENT"", ""battery_voltage"": 14.800000190734863, ""in_primary_zone"": true, ""lock_engine_alert"": false, ""in_restricted_zone"": false, ""onboard_geofencing"": false, ""speed_limit_active"": false}"
2023-07-17 13:15:38.560,5237,13,"359159972073523",20,"{""key"": false, ""flip"": false, ""zone"": false, ""speed"": 51.7, ""buzzer"": 0, ""engine"": true, ""in_zone"": true, ""ignition"": true, ""latitude"": 42.65429, ""direction"": 255, ""longitude"": 18.04937, ""gsm_signal"": 26, ""sleep_mode"": false, ""staff_mode"": false, ""fault_codes"": [], ""speed_limit"": 46, ""engine_hours"": 1591, ""idc_triggers"": [], ""buzzer_active"": false, ""fuel_level_avg"": 0, ""lock_geo_alert"": false, ""operation_mode"": ""RENT"", ""battery_voltage"": 14.800000190734863, ""in_primary_zone"": true, ""lock_engine_alert"": false, ""in_restricted_zone"": false, ""onboard_geofencing"": false, ""speed_limit_active"": false}"
2023-07-17 13:15:37.877,5237,13,"359159972073523",20,"{""key"": false, ""flip"": false, ""zone"": false, ""speed"": 50.8, ""buzzer"": 0, ""engine"": true, ""in_zone"": true, ""ignition"": true, ""latitude"": 42.6543216, ""direction"": 255, ""longitude"": 18.04954, ""gsm_signal"": 26, ""sleep_mode"": false, ""staff_mode"": false, ""fault_codes"": [], ""speed_limit"": 46, ""engine_hours"": 1591, ""idc_triggers"": [], ""buzzer_active"": false, ""fuel_level_avg"": 0, ""lock_geo_alert"": false, ""operation_mode"": ""RENT"", ""battery_voltage"": 14.800000190734863, ""in_primary_zone"": true, ""lock_engine_alert"": false, ""in_restricted_zone"": false, ""onboard_geofencing"": false, ""speed_limit_active"": false}"
2023-07-17 13:15:36.438,5237,13,"359159972073523",20,"{""key"": false, ""flip"": false, ""zone"": false, ""speed"": 52.5, ""buzzer"": 0, ""engine"": true, ""in_zone"": true, ""ignition"": true, ""latitude"": 42.6543533, ""direction"": 256, ""longitude"": 18.0497066, ""gsm_signal"": 27, ""sleep_mode"": false, ""staff_mode"": false, ""fault_codes"": [], ""speed_limit"": 46, ""engine_hours"": 1591, ""idc_triggers"": [], ""buzzer_active"": false, ""fuel_level_avg"": 0, ""lock_geo_alert"": false, ""operation_mode"": ""RENT"", ""battery_voltage"": 14.800000190734863, ""in_primary_zone"": true, ""lock_engine_alert"": false, ""in_restricted_zone"": false, ""onboard_geofencing"": false, ""speed_limit_active"": false}"
2023-07-17 13:15:35.500,5237,13,"359159972073523",20,"{""key"": false, ""flip"": false, ""zone"": false, ""speed"": 53.0, ""buzzer"": 0, ""engine"": true, ""in_zone"": true, ""ignition"": true, ""latitude"": 42.654385, ""direction"": 256, ""longitude"": 18.04988, ""gsm_signal"": 27, ""sleep_mode"": false, ""staff_mode"": false, ""fault_codes"": [], ""speed_limit"": 46, ""engine_hours"": 1591, ""idc_triggers"": [], ""buzzer_active"": false, ""fuel_level_avg"": 0, ""lock_geo_alert"": false, ""operation_mode"": ""RENT"", ""battery_voltage"": 14.800000190734863, ""in_primary_zone"": true, ""lock_engine_alert"": false, ""in_restricted_zone"": false, ""onboard_geofencing"": false, ""speed_limit_active"": false}"
2023-07-17 13:15:34.559,5237,13,"359159972073523",20,"{""key"": false, ""flip"": false, ""zone"": false, ""speed"": 53.6, ""buzzer"": 0, ""engine"": true, ""in_zone"": true, ""ignition"": true, ""latitude"": 42.654415, ""direction"": 257, ""longitude"": 18.050055, ""gsm_signal"": 27, ""sleep_mode"": false, ""staff_mode"": false, ""fault_codes"": [], ""speed_limit"": 46, ""engine_hours"": 1591, ""idc_triggers"": [], ""buzzer_active"": false, ""fuel_level_avg"": 0, ""lock_geo_alert"": false, ""operation_mode"": ""RENT"", ""battery_voltage"": 14.800000190734863, ""in_primary_zone"": true, ""lock_engine_alert"": false, ""in_restricted_zone"": false, ""onboard_geofencing"": false, ""speed_limit_active"": false}"
2023-07-17 13:15:33.881,5237,13,"359159972073523",20,"{""key"": false, ""flip"": false, ""zone"": false, ""speed"": 53.8, ""buzzer"": 0, ""engine"": true, ""in_zone"": true, ""ignition"": true, ""latitude"": 42.654445, ""direction"": 258, ""longitude"": 18.0502316, ""gsm_signal"": 28, ""sleep_mode"": false, ""staff_mode"": false, ""fault_codes"": [], ""speed_limit"": 46, ""engine_hours"": 1591, ""idc_triggers"": [], ""buzzer_active"": false, ""fuel_level_avg"": 0, ""lock_geo_alert"": false, ""operation_mode"": ""RENT"", ""battery_voltage"": 14.800000190734863, ""in_primary_zone"": true, ""lock_engine_alert"": false, ""in_restricted_zone"": false, ""onboard_geofencing"": false, ""speed_limit_active"": false}"
2023-07-17 13:15:32.441,5237,13,"359159972073523",20,"{""key"": false, ""flip"": false, ""zone"": false, ""speed"": 53.1, ""buzzer"": 0, ""engine"": true, ""in_zone"": true, ""ignition"": true, ""latitude"": 42.6544716, ""direction"": 259, ""longitude"": 18.0504116, ""gsm_signal"": 28, ""sleep_mode"": false, ""staff_mode"": false, ""fault_codes"": [], ""speed_limit"": 46, ""engine_hours"": 1591, ""idc_triggers"": [], ""buzzer_active"": false, ""fuel_level_avg"": 0, ""lock_geo_alert"": false, ""operation_mode"": ""RENT"", ""battery_voltage"": 14.800000190734863, ""in_primary_zone"": true, ""lock_engine_alert"": false, ""in_restricted_zone"": false, ""onboard_geofencing"": false, ""speed_limit_active"": false}"
2023-07-17 13:15:31.600,5237,13,"359159972073523",20,"{""key"": false, ""flip"": false, ""zone"": false, ""speed"": 50.7, ""buzzer"": 0, ""engine"": true, ""in_zone"": true, ""ignition"": true, ""latitude"": 42.654495, ""direction"": 259, ""longitude"": 18.050585, ""gsm_signal"": 28, ""sleep_mode"": false, ""staff_mode"": false, ""fault_codes"": [], ""speed_limit"": 46, ""engine_hours"": 1591, ""idc_triggers"": [], ""buzzer_active"": false, ""fuel_level_avg"": 0, ""lock_geo_alert"": false, ""operation_mode"": ""RENT"", ""battery_voltage"": 14.800000190734863, ""in_primary_zone"": true, ""lock_engine_alert"": false, ""in_restricted_zone"": false, ""onboard_geofencing"": false, ""speed_limit_active"": false}"
2023-07-17 13:15:31.007,5237,13,"359159972073523",20,"{""key"": false, ""flip"": false, ""zone"": false, ""speed"": 47.1, ""buzzer"": 0, ""engine"": true, ""in_zone"": true, ""ignition"": true, ""latitude"": 42.6545183, ""direction"": 260, ""longitude"": 18.05075, ""gsm_signal"": 30, ""sleep_mode"": false, ""staff_mode"": false, ""fault_codes"": [], ""speed_limit"": 46, ""engine_hours"": 1591, ""idc_triggers"": [], ""buzzer_active"": false, ""fuel_level_avg"": 0, ""lock_geo_alert"": false, ""operation_mode"": ""RENT"", ""battery_voltage"": 14.800000190734863, ""in_primary_zone"": true, ""lock_engine_alert"": false, ""in_restricted_zone"": false, ""onboard_geofencing"": false, ""speed_limit_active"": false}"
2023-07-17 13:15:29.519,5237,13,"359159972073523",20,"{""key"": false, ""flip"": false, ""zone"": false, ""speed"": 45.2, ""buzzer"": 0, ""engine"": true, ""in_zone"": true, ""ignition"": true, ""latitude"": 42.6545366, ""direction"": 261, ""longitude"": 18.0509066, ""gsm_signal"": 30, ""sleep_mode"": false, ""staff_mode"": false, ""fault_codes"": [], ""speed_limit"": 46, ""engine_hours"": 1591, ""idc_triggers"": [], ""buzzer_active"": false, ""fuel_level_avg"": 0, ""lock_geo_alert"": false, ""operation_mode"": ""RENT"", ""battery_voltage"": 14.800000190734863, ""in_primary_zone"": true, ""lock_engine_alert"": false, ""in_restricted_zone"": false, ""onboard_geofencing"": false, ""speed_limit_active"": false}"
2023-07-17 13:15:28.629,5237,13,"359159972073523",20,"{""key"": false, ""flip"": false, ""zone"": false, ""speed"": 42.7, ""buzzer"": 0, ""engine"": true, ""in_zone"": true, ""ignition"": true, ""latitude"": 42.6545533, ""direction"": 262, ""longitude"": 18.051055, ""gsm_signal"": 30, ""sleep_mode"": false, ""staff_mode"": false, ""fault_codes"": [], ""speed_limit"": 46, ""engine_hours"": 1591, ""idc_triggers"": [], ""buzzer_active"": false, ""fuel_level_avg"": 0, ""lock_geo_alert"": false, ""operation_mode"": ""RENT"", ""battery_voltage"": 14.800000190734863, ""in_primary_zone"": true, ""lock_engine_alert"": false, ""in_restricted_zone"": false, ""onboard_geofencing"": false, ""speed_limit_active"": false}"
2023-07-17 13:15:27.941,5237,13,"359159972073523",20,"{""key"": false, ""flip"": false, ""zone"": false, ""speed"": 39.9, ""buzzer"": 0, ""engine"": true, ""in_zone"": true, ""ignition"": true, ""latitude"": 42.6545683, ""direction"": 261, ""longitude"": 18.0511966, ""gsm_signal"": 28, ""sleep_mode"": false, ""staff_mode"": false, ""fault_codes"": [], ""speed_limit"": 46, ""engine_hours"": 1591, ""idc_triggers"": [], ""buzzer_active"": false, ""fuel_level_avg"": 0, ""lock_geo_alert"": false, ""operation_mode"": ""RENT"", ""battery_voltage"": 14.800000190734863, ""in_primary_zone"": true, ""lock_engine_alert"": false, ""in_restricted_zone"": false, ""onboard_geofencing"": false, ""speed_limit_active"": false}"
2023-07-17 13:15:26.478,5237,13,"359159972073523",20,"{""key"": false, ""flip"": false, ""zone"": false, ""speed"": 37.0, ""buzzer"": 0, ""engine"": true, ""in_zone"": true, ""ignition"": true, ""latitude"": 42.6545833, ""direction"": 262, ""longitude"": 18.0513266, ""gsm_signal"": 28, ""sleep_mode"": false, ""staff_mode"": false, ""fault_codes"": [], ""speed_limit"": 46, ""engine_hours"": 1591, ""idc_triggers"": [], ""buzzer_active"": false, ""fuel_level_avg"": 0, ""lock_geo_alert"": false, ""operation_mode"": ""RENT"", ""battery_voltage"": 14.800000190734863, ""in_primary_zone"": true, ""lock_engine_alert"": false, ""in_restricted_zone"": false, ""onboard_geofencing"": false, ""speed_limit_active"": false}"
2023-07-17 13:15:25.620,5237,13,"359159972073523",20,"{""key"": false, ""flip"": false, ""zone"": false, ""speed"": 33.1, ""buzzer"": 0, ""engine"": true, ""in_zone"": true, ""ignition"": true, ""latitude"": 42.6545966, ""direction"": 261, ""longitude"": 18.0514466, ""gsm_signal"": 28, ""sleep_mode"": false, ""staff_mode"": false, ""fault_codes"": [], ""speed_limit"": 46, ""engine_hours"": 1591, ""idc_triggers"": [], ""buzzer_active"": false, ""fuel_level_avg"": 0, ""lock_geo_alert"": false, ""operation_mode"": ""RENT"", ""battery_voltage"": 14.800000190734863, ""in_primary_zone"": true, ""lock_engine_alert"": false, ""in_restricted_zone"": false, ""onboard_geofencing"": false, ""speed_limit_active"": false}"
2023-07-17 13:15:24.521,5237,13,"359159972073523",20,"{""key"": false, ""flip"": false, ""zone"": false, ""speed"": 28.7, ""buzzer"": 0, ""engine"": true, ""in_zone"": true, ""ignition"": true, ""latitude"": 42.6546066, ""direction"": 264, ""longitude"": 18.051555, ""gsm_signal"": 30, ""sleep_mode"": false, ""staff_mode"": false, ""fault_codes"": [], ""speed_limit"": 46, ""engine_hours"": 1591, ""idc_triggers"": [], ""buzzer_active"": false, ""fuel_level_avg"": 0, ""lock_geo_alert"": false, ""operation_mode"": ""RENT"", ""battery_voltage"": 14.800000190734863, ""in_primary_zone"": true, ""lock_engine_alert"": false, ""in_restricted_zone"": false, ""onboard_geofencing"": false, ""speed_limit_active"": false}"
2023-07-17 13:15:23.838,5237,13,"359159972073523",20,"{""key"": false, ""flip"": false, ""zone"": false, ""speed"": 24.8, ""buzzer"": 0, ""engine"": true, ""in_zone"": true, ""ignition"": true, ""latitude"": 42.6546116, ""direction"": 269, ""longitude"": 18.0516482, ""gsm_signal"": 30, ""sleep_mode"": false, ""staff_mode"": false, ""fault_codes"": [], ""speed_limit"": 46, ""engine_hours"": 1591, ""idc_triggers"": [], ""buzzer_active"": false, ""fuel_level_avg"": 0, ""lock_geo_alert"": false, ""operation_mode"": ""RENT"", ""battery_voltage"": 14.800000190734863, ""in_primary_zone"": true, ""lock_engine_alert"": false, ""in_restricted_zone"": false, ""onboard_geofencing"": false, ""speed_limit_active"": false}"
2023-07-17 13:15:22.420,5237,13,"359159972073523",20,"{""key"": false, ""flip"": false, ""zone"": false, ""speed"": 21.9, ""buzzer"": 0, ""engine"": true, ""in_zone"": true, ""ignition"": true, ""latitude"": 42.6546116, ""direction"": 273, ""longitude"": 18.0517282, ""gsm_signal"": 30, ""sleep_mode"": false, ""staff_mode"": false, ""fault_codes"": [], ""speed_limit"": 46, ""engine_hours"": 1591, ""idc_triggers"": [], ""buzzer_active"": false, ""fuel_level_avg"": 0, ""lock_geo_alert"": false, ""operation_mode"": ""RENT"", ""battery_voltage"": 14.800000190734863, ""in_primary_zone"": true, ""lock_engine_alert"": false, ""in_restricted_zone"": false, ""onboard_geofencing"": false, ""speed_limit_active"": false}"
2023-07-17 13:15:21.497,5237,13,"359159972073523",20,"{""key"": false, ""flip"": false, ""zone"": false, ""speed"": 19.9, ""buzzer"": 0, ""engine"": true, ""in_zone"": true, ""ignition"": true, ""latitude"": 42.6546066, ""direction"": 278, ""longitude"": 18.0518, ""gsm_signal"": 30, ""sleep_mode"": false, ""staff_mode"": false, ""fault_codes"": [], ""speed_limit"": 46, ""engine_hours"": 1591, ""idc_triggers"": [], ""buzzer_active"": false, ""fuel_level_avg"": 4, ""lock_geo_alert"": false, ""operation_mode"": ""RENT"", ""battery_voltage"": 14.399999618530273, ""in_primary_zone"": true, ""lock_engine_alert"": false, ""in_restricted_zone"": false, ""onboard_geofencing"": false, ""speed_limit_active"": false}"
2023-07-17 13:15:20.519,5237,13,"359159972073523",20,"{""key"": false, ""flip"": false, ""zone"": false, ""speed"": 17.7, ""buzzer"": 0, ""engine"": true, ""in_zone"": true, ""ignition"": true, ""latitude"": 42.6545983, ""direction"": 286, ""longitude"": 18.0518632, ""gsm_signal"": 30, ""sleep_mode"": false, ""staff_mode"": false, ""fault_codes"": [], ""speed_limit"": 46, ""engine_hours"": 1591, ""idc_triggers"": [], ""buzzer_active"": false, ""fuel_level_avg"": 4, ""lock_geo_alert"": false, ""operation_mode"": ""RENT"", ""battery_voltage"": 14.399999618530273, ""in_primary_zone"": true, ""lock_engine_alert"": false, ""in_restricted_zone"": false, ""onboard_geofencing"": false, ""speed_limit_active"": false}"
2023-07-17 13:15:19.541,5237,13,"359159972073523",20,"{""key"": false, ""flip"": false, ""zone"": false, ""speed"": 16.4, ""buzzer"": 0, ""engine"": true, ""in_zone"": true, ""ignition"": true, ""latitude"": 42.654585, ""direction"": 297, ""longitude"": 18.05192, ""gsm_signal"": 30, ""sleep_mode"": false, ""staff_mode"": false, ""fault_codes"": [], ""speed_limit"": 46, ""engine_hours"": 1591, ""idc_triggers"": [], ""buzzer_active"": false, ""fuel_level_avg"": 4, ""lock_geo_alert"": false, ""operation_mode"": ""RENT"", ""battery_voltage"": 14.399999618530273, ""in_primary_zone"": true, ""lock_engine_alert"": false, ""in_restricted_zone"": false, ""onboard_geofencing"": false, ""speed_limit_active"": false}"
2023-07-17 13:15:18.857,5237,13,"359159972073523",20,"{""key"": false, ""flip"": false, ""zone"": false, ""speed"": 15.3, ""buzzer"": 0, ""engine"": true, ""in_zone"": true, ""ignition"": true, ""latitude"": 42.654565, ""direction"": 307, ""longitude"": 18.0519666, ""gsm_signal"": 30, ""sleep_mode"": false, ""staff_mode"": false, ""fault_codes"": [], ""speed_limit"": 46, ""engine_hours"": 1591, ""idc_triggers"": [], ""buzzer_active"": false, ""fuel_level_avg"": 4, ""lock_geo_alert"": false, ""operation_mode"": ""RENT"", ""battery_voltage"": 14.399999618530273, ""in_primary_zone"": true, ""lock_engine_alert"": false, ""in_restricted_zone"": false, ""onboard_geofencing"": false, ""speed_limit_active"": false}"
2023-07-17 13:15:17.418,5237,13,"359159972073523",20,"{""key"": false, ""flip"": false, ""zone"": false, ""speed"": 11.6, ""buzzer"": 0, ""engine"": true, ""in_zone"": true, ""ignition"": true, ""latitude"": 42.6545433, ""direction"": 311, ""longitude"": 18.052005, ""gsm_signal"": 30, ""sleep_mode"": false, ""staff_mode"": false, ""fault_codes"": [], ""speed_limit"": 46, ""engine_hours"": 1591, ""idc_triggers"": [], ""buzzer_active"": false, ""fuel_level_avg"": 4, ""lock_geo_alert"": false, ""operation_mode"": ""RENT"", ""battery_voltage"": 14.399999618530273, ""in_primary_zone"": true, ""lock_engine_alert"": false, ""in_restricted_zone"": false, ""onboard_geofencing"": false, ""speed_limit_active"": false}"
2023-07-17 13:15:16.458,5237,13,"359159972073523",20,"{""key"": false, ""flip"": false, ""zone"": false, ""speed"": 11.3, ""buzzer"": 0, ""engine"": true, ""in_zone"": true, ""ignition"": true, ""latitude"": 42.6545233, ""direction"": 316, ""longitude"": 18.052035, ""gsm_signal"": 30, ""sleep_mode"": false, ""staff_mode"": false, ""fault_codes"": [], ""speed_limit"": 46, ""engine_hours"": 1591, ""idc_triggers"": [], ""buzzer_active"": false, ""fuel_level_avg"": 4, ""lock_geo_alert"": false, ""operation_mode"": ""RENT"", ""battery_voltage"": 14.399999618530273, ""in_primary_zone"": true, ""lock_engine_alert"": false, ""in_restricted_zone"": false, ""onboard_geofencing"": false, ""speed_limit_active"": false}"
2023-07-17 13:15:15.461,5237,13,"359159972073523",20,"{""key"": false, ""flip"": false, ""zone"": false, ""speed"": 9.7, ""buzzer"": 0, ""engine"": true, ""in_zone"": true, ""ignition"": true, ""latitude"": 42.6545033, ""direction"": 319, ""longitude"": 18.05206, ""gsm_signal"": 31, ""sleep_mode"": false, ""staff_mode"": false, ""fault_codes"": [], ""speed_limit"": 46, ""engine_hours"": 1591, ""idc_triggers"": [], ""buzzer_active"": false, ""fuel_level_avg"": 4, ""lock_geo_alert"": false, ""operation_mode"": ""RENT"", ""battery_voltage"": 14.399999618530273, ""in_primary_zone"": true, ""lock_engine_alert"": false, ""in_restricted_zone"": false, ""onboard_geofencing"": false, ""speed_limit_active"": false}"
2023-07-17 13:15:14.579,5237,13,"359159972073523",20,"{""key"": false, ""flip"": false, ""zone"": false, ""speed"": 12.9, ""buzzer"": 0, ""engine"": true, ""in_zone"": true, ""ignition"": true, ""latitude"": 42.6544833, ""direction"": 320, ""longitude"": 18.0520832, ""gsm_signal"": 31, ""sleep_mode"": false, ""staff_mode"": false, ""fault_codes"": [], ""speed_limit"": 46, ""engine_hours"": 1591, ""idc_triggers"": [], ""buzzer_active"": false, ""fuel_level_avg"": 4, ""lock_geo_alert"": false, ""operation_mode"": ""RENT"", ""battery_voltage"": 14.399999618530273, ""in_primary_zone"": true, ""lock_engine_alert"": false, ""in_restricted_zone"": false, ""onboard_geofencing"": false, ""speed_limit_active"": false}"
2023-07-17 13:15:13.878,5237,13,"359159972073523",20,"{""key"": false, ""flip"": false, ""zone"": false, ""speed"": 18.9, ""buzzer"": 0, ""engine"": true, ""in_zone"": true, ""ignition"": true, ""latitude"": 42.654455, ""direction"": 320, ""longitude"": 18.0521166, ""gsm_signal"": 31, ""sleep_mode"": false, ""staff_mode"": false, ""fault_codes"": [], ""speed_limit"": 46, ""engine_hours"": 1591, ""idc_triggers"": [], ""buzzer_active"": false, ""fuel_level_avg"": 4, ""lock_geo_alert"": false, ""operation_mode"": ""RENT"", ""battery_voltage"": 14.399999618530273, ""in_primary_zone"": true, ""lock_engine_alert"": false, ""in_restricted_zone"": false, ""onboard_geofencing"": false, ""speed_limit_active"": false}"
2023-07-17 13:15:12.419,5237,13,"359159972073523",20,"{""key"": false, ""flip"": false, ""zone"": false, ""speed"": 25.8, ""buzzer"": 0, ""engine"": true, ""in_zone"": true, ""ignition"": true, ""latitude"": 42.6544133, ""direction"": 320, ""longitude"": 18.0521616, ""gsm_signal"": 31, ""sleep_mode"": false, ""staff_mode"": false, ""fault_codes"": [], ""speed_limit"": 46, ""engine_hours"": 1591, ""idc_triggers"": [], ""buzzer_active"": false, ""fuel_level_avg"": 4, ""lock_geo_alert"": false, ""operation_mode"": ""RENT"", ""battery_voltage"": 14.399999618530273, ""in_primary_zone"": true, ""lock_engine_alert"": false, ""in_restricted_zone"": false, ""onboard_geofencing"": false, ""speed_limit_active"": false}"
2023-07-17 13:15:11.441,5237,13,"359159972073523",20,"{""key"": false, ""flip"": false, ""zone"": false, ""speed"": 33.0, ""buzzer"": 0, ""engine"": true, ""in_zone"": true, ""ignition"": true, ""latitude"": 42.65436, ""direction"": 318, ""longitude"": 18.0522232, ""gsm_signal"": 31, ""sleep_mode"": false, ""staff_mode"": false, ""fault_codes"": [], ""speed_limit"": 46, ""engine_hours"": 1591, ""idc_triggers"": [], ""buzzer_active"": false, ""fuel_level_avg"": 4, ""lock_geo_alert"": false, ""operation_mode"": ""RENT"", ""battery_voltage"": 14.399999618530273, ""in_primary_zone"": true, ""lock_engine_alert"": false, ""in_restricted_zone"": false, ""onboard_geofencing"": false, ""speed_limit_active"": false}"
2023-07-17 13:15:10.439,5237,13,"359159972073523",20,"{""key"": false, ""flip"": false, ""zone"": false, ""speed"": 38.3, ""buzzer"": 0, ""engine"": true, ""in_zone"": true, ""ignition"": true, ""latitude"": 42.654295, ""direction"": 316, ""longitude"": 18.0523016, ""gsm_signal"": 31, ""sleep_mode"": false, ""staff_mode"": false, ""fault_codes"": [], ""speed_limit"": 46, ""engine_hours"": 1591, ""idc_triggers"": [], ""buzzer_active"": false, ""fuel_level_avg"": 4, ""lock_geo_alert"": false, ""operation_mode"": ""RENT"", ""battery_voltage"": 14.399999618530273, ""in_primary_zone"": true, ""lock_engine_alert"": false, ""in_restricted_zone"": false, ""onboard_geofencing"": false, ""speed_limit_active"": false}"
2023-07-17 13:15:09.840,5237,13,"359159972073523",20,"{""key"": false, ""flip"": false, ""zone"": false, ""speed"": 47.0, ""buzzer"": 0, ""engine"": true, ""in_zone"": true, ""ignition"": true, ""latitude"": 42.6542216, ""direction"": 315, ""longitude"": 18.0523966, ""gsm_signal"": 31, ""sleep_mode"": false, ""staff_mode"": false, ""fault_codes"": [], ""speed_limit"": 46, ""engine_hours"": 1591, ""idc_triggers"": [], ""buzzer_active"": false, ""fuel_level_avg"": 4, ""lock_geo_alert"": false, ""operation_mode"": ""RENT"", ""battery_voltage"": 14.399999618530273, ""in_primary_zone"": true, ""lock_engine_alert"": false, ""in_restricted_zone"": false, ""onboard_geofencing"": false, ""speed_limit_active"": false}"
2023-07-17 13:15:08.417,5237,13,"359159972073523",20,"{""key"": false, ""flip"": false, ""zone"": false, ""speed"": 58.4, ""buzzer"": 0, ""engine"": true, ""in_zone"": true, ""ignition"": true, ""latitude"": 42.6541316, ""direction"": 314, ""longitude"": 18.0525166, ""gsm_signal"": 31, ""sleep_mode"": false, ""staff_mode"": false, ""fault_codes"": [], ""speed_limit"": 46, ""engine_hours"": 1591, ""idc_triggers"": [], ""buzzer_active"": false, ""fuel_level_avg"": 4, ""lock_geo_alert"": false, ""operation_mode"": ""RENT"", ""battery_voltage"": 14.399999618530273, ""in_primary_zone"": true, ""lock_engine_alert"": false, ""in_restricted_zone"": false, ""onboard_geofencing"": false, ""speed_limit_active"": false}"
2023-07-17 13:15:07.421,5237,13,"359159972073523",20,"{""key"": false, ""flip"": false, ""zone"": false, ""speed"": 62.3, ""buzzer"": 0, ""engine"": true, ""in_zone"": true, ""ignition"": true, ""latitude"": 42.6540266, ""direction"": 314, ""longitude"": 18.05266, ""gsm_signal"": 31, ""sleep_mode"": false, ""staff_mode"": false, ""fault_codes"": [], ""speed_limit"": 46, ""engine_hours"": 1591, ""idc_triggers"": [], ""buzzer_active"": false, ""fuel_level_avg"": 4, ""lock_geo_alert"": false, ""operation_mode"": ""RENT"", ""battery_voltage"": 14.399999618530273, ""in_primary_zone"": true, ""lock_engine_alert"": false, ""in_restricted_zone"": false, ""onboard_geofencing"": false, ""speed_limit_active"": false}"
2023-07-17 13:15:06.438,5237,13,"359159972073523",20,"{""key"": false, ""flip"": false, ""zone"": false, ""speed"": 61.8, ""buzzer"": 0, ""engine"": true, ""in_zone"": true, ""ignition"": true, ""latitude"": 42.6539183, ""direction"": 314, ""longitude"": 18.05281, ""gsm_signal"": 31, ""sleep_mode"": false, ""staff_mode"": false, ""fault_codes"": [], ""speed_limit"": 46, ""engine_hours"": 1591, ""idc_triggers"": [], ""buzzer_active"": false, ""fuel_level_avg"": 4, ""lock_geo_alert"": false, ""operation_mode"": ""RENT"", ""battery_voltage"": 14.399999618530273, ""in_primary_zone"": true, ""lock_engine_alert"": false, ""in_restricted_zone"": false, ""onboard_geofencing"": false, ""speed_limit_active"": false}"
2023-07-17 13:15:05.442,5237,13,"359159972073523",20,"{""key"": false, ""flip"": false, ""zone"": false, ""speed"": 61.2, ""buzzer"": 0, ""engine"": true, ""in_zone"": true, ""ignition"": true, ""latitude"": 42.6538116, ""direction"": 314, ""longitude"": 18.0529582, ""gsm_signal"": 31, ""sleep_mode"": false, ""staff_mode"": false, ""fault_codes"": [], ""speed_limit"": 46, ""engine_hours"": 1591, ""idc_triggers"": [], ""buzzer_active"": false, ""fuel_level_avg"": 4, ""lock_geo_alert"": false, ""operation_mode"": ""RENT"", ""battery_voltage"": 14.399999618530273, ""in_primary_zone"": true, ""lock_engine_alert"": false, ""in_restricted_zone"": false, ""onboard_geofencing"": false, ""speed_limit_active"": false}"
2023-07-17 13:15:04.840,5237,13,"359159972073523",20,"{""key"": false, ""flip"": false, ""zone"": false, ""speed"": 59.8, ""buzzer"": 0, ""engine"": true, ""in_zone"": true, ""ignition"": true, ""latitude"": 42.6537033, ""direction"": 315, ""longitude"": 18.053105, ""gsm_signal"": 31, ""sleep_mode"": false, ""staff_mode"": false, ""fault_codes"": [], ""speed_limit"": 46, ""engine_hours"": 1591, ""idc_triggers"": [], ""buzzer_active"": false, ""fuel_level_avg"": 4, ""lock_geo_alert"": false, ""operation_mode"": ""RENT"", ""battery_voltage"": 14.399999618530273, ""in_primary_zone"": true, ""lock_engine_alert"": false, ""in_restricted_zone"": false, ""onboard_geofencing"": false, ""speed_limit_active"": false}"
2023-07-17 13:15:03.419,5237,13,"359159972073523",20,"{""key"": false, ""flip"": false, ""zone"": false, ""speed"": 58.8, ""buzzer"": 0, ""engine"": true, ""in_zone"": true, ""ignition"": true, ""latitude"": 42.6535983, ""direction"": 315, ""longitude"": 18.0532466, ""gsm_signal"": 31, ""sleep_mode"": false, ""staff_mode"": false, ""fault_codes"": [], ""speed_limit"": 46, ""engine_hours"": 1591, ""idc_triggers"": [], ""buzzer_active"": false, ""fuel_level_avg"": 4, ""lock_geo_alert"": false, ""operation_mode"": ""RENT"", ""battery_voltage"": 14.399999618530273, ""in_primary_zone"": true, ""lock_engine_alert"": false, ""in_restricted_zone"": false, ""onboard_geofencing"": false, ""speed_limit_active"": false}"
2023-07-17 13:15:02.441,5237,13,"359159972073523",20,"{""key"": false, ""flip"": false, ""zone"": false, ""speed"": 57.7, ""buzzer"": 0, ""engine"": true, ""in_zone"": true, ""ignition"": true, ""latitude"": 42.653495, ""direction"": 315, ""longitude"": 18.053385, ""gsm_signal"": 31, ""sleep_mode"": false, ""staff_mode"": false, ""fault_codes"": [], ""speed_limit"": 46, ""engine_hours"": 1591, ""idc_triggers"": [], ""buzzer_active"": false, ""fuel_level_avg"": 4, ""lock_geo_alert"": false, ""operation_mode"": ""RENT"", ""battery_voltage"": 14.399999618530273, ""in_primary_zone"": true, ""lock_engine_alert"": false, ""in_restricted_zone"": false, ""onboard_geofencing"": false, ""speed_limit_active"": false}"
2023-07-17 13:15:01.440,5237,13,"359159972073523",20,"{""key"": false, ""flip"": false, ""zone"": false, ""speed"": 57.4, ""buzzer"": 0, ""engine"": true, ""in_zone"": true, ""ignition"": true, ""latitude"": 42.6533933, ""direction"": 315, ""longitude"": 18.0535216, ""gsm_signal"": 31, ""sleep_mode"": false, ""staff_mode"": false, ""fault_codes"": [], ""speed_limit"": 46, ""engine_hours"": 1591, ""idc_triggers"": [], ""buzzer_active"": false, ""fuel_level_avg"": 4, ""lock_geo_alert"": false, ""operation_mode"": ""RENT"", ""battery_voltage"": 14.399999618530273, ""in_primary_zone"": true, ""lock_engine_alert"": false, ""in_restricted_zone"": false, ""onboard_geofencing"": false, ""speed_limit_active"": false}"
2023-07-17 13:15:00.840,5237,13,"359159972073523",20,"{""key"": false, ""flip"": false, ""zone"": false, ""speed"": 56.6, ""buzzer"": 0, ""engine"": true, ""in_zone"": true, ""ignition"": true, ""latitude"": 42.65329, ""direction"": 316, ""longitude"": 18.0536566, ""gsm_signal"": 31, ""sleep_mode"": false, ""staff_mode"": false, ""fault_codes"": [], ""speed_limit"": 46, ""engine_hours"": 1591, ""idc_triggers"": [], ""buzzer_active"": false, ""fuel_level_avg"": 4, ""lock_geo_alert"": false, ""operation_mode"": ""RENT"", ""battery_voltage"": 14.399999618530273, ""in_primary_zone"": true, ""lock_engine_alert"": false, ""in_restricted_zone"": false, ""onboard_geofencing"": false, ""speed_limit_active"": false}"
2023-07-17 13:14:59.418,5237,13,"359159972073523",20,"{""key"": false, ""flip"": false, ""zone"": false, ""speed"": 55.8, ""buzzer"": 0, ""engine"": true, ""in_zone"": true, ""ignition"": true, ""latitude"": 42.6531883, ""direction"": 316, ""longitude"": 18.0537882, ""gsm_signal"": 31, ""sleep_mode"": false, ""staff_mode"": false, ""fault_codes"": [], ""speed_limit"": 46, ""engine_hours"": 1591, ""idc_triggers"": [], ""buzzer_active"": false, ""fuel_level_avg"": 4, ""lock_geo_alert"": false, ""operation_mode"": ""RENT"", ""battery_voltage"": 14.399999618530273, ""in_primary_zone"": true, ""lock_engine_alert"": false, ""in_restricted_zone"": false, ""onboard_geofencing"": false, ""speed_limit_active"": false}"
2023-07-17 13:14:58.421,5237,13,"359159972073523",20,"{""key"": false, ""flip"": false, ""zone"": false, ""speed"": 54.4, ""buzzer"": 0, ""engine"": true, ""in_zone"": true, ""ignition"": true, ""latitude"": 42.6530866, ""direction"": 317, ""longitude"": 18.053915, ""gsm_signal"": 31, ""sleep_mode"": false, ""staff_mode"": false, ""fault_codes"": [], ""speed_limit"": 46, ""engine_hours"": 1591, ""idc_triggers"": [], ""buzzer_active"": false, ""fuel_level_avg"": 4, ""lock_geo_alert"": false, ""operation_mode"": ""RENT"", ""battery_voltage"": 14.399999618530273, ""in_primary_zone"": true, ""lock_engine_alert"": false, ""in_restricted_zone"": false, ""onboard_geofencing"": false, ""speed_limit_active"": false}"
2023-07-17 13:14:57.440,5237,13,"359159972073523",20,"{""key"": false, ""flip"": false, ""zone"": false, ""speed"": 51.9, ""buzzer"": 0, ""engine"": true, ""in_zone"": true, ""ignition"": true, ""latitude"": 42.6529883, ""direction"": 317, ""longitude"": 18.0540382, ""gsm_signal"": 31, ""sleep_mode"": false, ""staff_mode"": false, ""fault_codes"": [], ""speed_limit"": 46, ""engine_hours"": 1591, ""idc_triggers"": [], ""buzzer_active"": false, ""fuel_level_avg"": 4, ""lock_geo_alert"": false, ""operation_mode"": ""RENT"", ""battery_voltage"": 14.399999618530273, ""in_primary_zone"": true, ""lock_engine_alert"": false, ""in_restricted_zone"": false, ""onboard_geofencing"": false, ""speed_limit_active"": false}"
2023-07-17 13:14:56.598,5237,13,"359159972073523",20,"{""key"": false, ""flip"": false, ""zone"": false, ""speed"": 50.9, ""buzzer"": 0, ""engine"": true, ""in_zone"": true, ""ignition"": true, ""latitude"": 42.6528933, ""direction"": 318, ""longitude"": 18.0541566, ""gsm_signal"": 31, ""sleep_mode"": false, ""staff_mode"": false, ""fault_codes"": [], ""speed_limit"": 46, ""engine_hours"": 1591, ""idc_triggers"": [], ""buzzer_active"": false, ""fuel_level_avg"": 4, ""lock_geo_alert"": false, ""operation_mode"": ""RENT"", ""battery_voltage"": 14.399999618530273, ""in_primary_zone"": true, ""lock_engine_alert"": false, ""in_restricted_zone"": false, ""onboard_geofencing"": false, ""speed_limit_active"": false}"
2023-07-17 13:14:55.841,5237,13,"359159972073523",20,"{""key"": false, ""flip"": false, ""zone"": false, ""speed"": 47.6, ""buzzer"": 0, ""engine"": true, ""in_zone"": true, ""ignition"": true, ""latitude"": 42.6528, ""direction"": 318, ""longitude"": 18.0542682, ""gsm_signal"": 31, ""sleep_mode"": false, ""staff_mode"": false, ""fault_codes"": [], ""speed_limit"": 46, ""engine_hours"": 1591, ""idc_triggers"": [], ""buzzer_active"": false, ""fuel_level_avg"": 4, ""lock_geo_alert"": false, ""operation_mode"": ""RENT"", ""battery_voltage"": 14.399999618530273, ""in_primary_zone"": true, ""lock_engine_alert"": false, ""in_restricted_zone"": false, ""onboard_geofencing"": false, ""speed_limit_active"": false}"
2023-07-17 13:14:54.422,5237,13,"359159972073523",20,"{""key"": false, ""flip"": false, ""zone"": false, ""speed"": 44.2, ""buzzer"": 0, ""engine"": true, ""in_zone"": true, ""ignition"": true, ""latitude"": 42.6527116, ""direction"": 318, ""longitude"": 18.0543732, ""gsm_signal"": 31, ""sleep_mode"": false, ""staff_mode"": false, ""fault_codes"": [], ""speed_limit"": 46, ""engine_hours"": 1591, ""idc_triggers"": [], ""buzzer_active"": false, ""fuel_level_avg"": 4, ""lock_geo_alert"": false, ""operation_mode"": ""RENT"", ""battery_voltage"": 14.399999618530273, ""in_primary_zone"": true, ""lock_engine_alert"": false, ""in_restricted_zone"": false, ""onboard_geofencing"": false, ""speed_limit_active"": false}"
2023-07-17 13:14:53.442,5237,13,"359159972073523",20,"{""key"": false, ""flip"": false, ""zone"": false, ""speed"": 41.9, ""buzzer"": 0, ""engine"": true, ""in_zone"": true, ""ignition"": true, ""latitude"": 42.65263, ""direction"": 321, ""longitude"": 18.0544682, ""gsm_signal"": 31, ""sleep_mode"": false, ""staff_mode"": false, ""fault_codes"": [], ""speed_limit"": 46, ""engine_hours"": 1591, ""idc_triggers"": [], ""buzzer_active"": false, ""fuel_level_avg"": 4, ""lock_geo_alert"": false, ""operation_mode"": ""RENT"", ""battery_voltage"": 14.399999618530273, ""in_primary_zone"": true, ""lock_engine_alert"": false, ""in_restricted_zone"": false, ""onboard_geofencing"": false, ""speed_limit_active"": false}"
2023-07-17 13:14:52.439,5237,13,"359159972073523",20,"{""key"": false, ""flip"": false, ""zone"": false, ""speed"": 40.3, ""buzzer"": 0, ""engine"": true, ""in_zone"": true, ""ignition"": true, ""latitude"": 42.6525483, ""direction"": 321, ""longitude"": 18.0545566, ""gsm_signal"": 31, ""sleep_mode"": false, ""staff_mode"": false, ""fault_codes"": [], ""speed_limit"": 46, ""engine_hours"": 1591, ""idc_triggers"": [], ""buzzer_active"": false, ""fuel_level_avg"": 4, ""lock_geo_alert"": false, ""operation_mode"": ""RENT"", ""battery_voltage"": 14.399999618530273, ""in_primary_zone"": true, ""lock_engine_alert"": false, ""in_restricted_zone"": false, ""onboard_geofencing"": false, ""speed_limit_active"": false}"
2023-07-17 13:14:51.839,5237,13,"359159972073523",20,"{""key"": false, ""flip"": false, ""zone"": false, ""speed"": 37.8, ""buzzer"": 0, ""engine"": true, ""in_zone"": true, ""ignition"": true, ""latitude"": 42.6524716, ""direction"": 321, ""longitude"": 18.0546366, ""gsm_signal"": 31, ""sleep_mode"": false, ""staff_mode"": false, ""fault_codes"": [], ""speed_limit"": 46, ""engine_hours"": 1591, ""idc_triggers"": [], ""buzzer_active"": false, ""fuel_level_avg"": 4, ""lock_geo_alert"": false, ""operation_mode"": ""RENT"", ""battery_voltage"": 14.399999618530273, ""in_primary_zone"": true, ""lock_engine_alert"": false, ""in_restricted_zone"": false, ""onboard_geofencing"": false, ""speed_limit_active"": false}"
2023-07-17 13:14:50.418,5237,13,"359159972073523",20,"{""key"": false, ""flip"": false, ""zone"": false, ""speed"": 34.7, ""buzzer"": 0, ""engine"": true, ""in_zone"": true, ""ignition"": true, ""latitude"": 42.6523983, ""direction"": 321, ""longitude"": 18.054715, ""gsm_signal"": 31, ""sleep_mode"": false, ""staff_mode"": false, ""fault_codes"": [], ""speed_limit"": 46, ""engine_hours"": 1591, ""idc_triggers"": [], ""buzzer_active"": false, ""fuel_level_avg"": 4, ""lock_geo_alert"": false, ""operation_mode"": ""RENT"", ""battery_voltage"": 14.399999618530273, ""in_primary_zone"": true, ""lock_engine_alert"": false, ""in_restricted_zone"": false, ""onboard_geofencing"": false, ""speed_limit_active"": false}"
2023-07-17 13:14:49.422,5237,13,"359159972073523",20,"{""key"": false, ""flip"": false, ""zone"": false, ""speed"": 32.3, ""buzzer"": 0, ""engine"": true, ""in_zone"": true, ""ignition"": true, ""latitude"": 42.6523316, ""direction"": 321, ""longitude"": 18.054785, ""gsm_signal"": 31, ""sleep_mode"": false, ""staff_mode"": false, ""fault_codes"": [], ""speed_limit"": 46, ""engine_hours"": 1591, ""idc_triggers"": [], ""buzzer_active"": false, ""fuel_level_avg"": 4, ""lock_geo_alert"": false, ""operation_mode"": ""RENT"", ""battery_voltage"": 14.399999618530273, ""in_primary_zone"": true, ""lock_engine_alert"": false, ""in_restricted_zone"": false, ""onboard_geofencing"": false, ""speed_limit_active"": false}"
2023-07-17 13:14:48.439,5237,13,"359159972073523",20,"{""key"": false, ""flip"": false, ""zone"": false, ""speed"": 30.9, ""buzzer"": 0, ""engine"": true, ""in_zone"": true, ""ignition"": true, ""latitude"": 42.6522683, ""direction"": 323, ""longitude"": 18.0548516, ""gsm_signal"": 31, ""sleep_mode"": false, ""staff_mode"": false, ""fault_codes"": [], ""speed_limit"": 46, ""engine_hours"": 1591, ""idc_triggers"": [], ""buzzer_active"": false, ""fuel_level_avg"": 4, ""lock_geo_alert"": false, ""operation_mode"": ""RENT"", ""battery_voltage"": 14.399999618530273, ""in_primary_zone"": true, ""lock_engine_alert"": false, ""in_restricted_zone"": false, ""onboard_geofencing"": false, ""speed_limit_active"": false}"
2023-07-17 13:14:47.441,5237,13,"359159972073523",20,"{""key"": false, ""flip"": false, ""zone"": false, ""speed"": 30.4, ""buzzer"": 0, ""engine"": true, ""in_zone"": true, ""ignition"": true, ""latitude"": 42.652205, ""direction"": 325, ""longitude"": 18.0549116, ""gsm_signal"": 31, ""sleep_mode"": false, ""staff_mode"": false, ""fault_codes"": [], ""speed_limit"": 46, ""engine_hours"": 1591, ""idc_triggers"": [], ""buzzer_active"": false, ""fuel_level_avg"": 4, ""lock_geo_alert"": false, ""operation_mode"": ""RENT"", ""battery_voltage"": 14.399999618530273, ""in_primary_zone"": true, ""lock_engine_alert"": false, ""in_restricted_zone"": false, ""onboard_geofencing"": false, ""speed_limit_active"": false}"
2023-07-17 13:14:46.841,5237,13,"359159972073523",20,"{""key"": false, ""flip"": false, ""zone"": false, ""speed"": 29.6, ""buzzer"": 0, ""engine"": true, ""in_zone"": true, ""ignition"": true, ""latitude"": 42.6521433, ""direction"": 326, ""longitude"": 18.05497, ""gsm_signal"": 31, ""sleep_mode"": false, ""staff_mode"": false, ""fault_codes"": [], ""speed_limit"": 46, ""engine_hours"": 1591, ""idc_triggers"": [], ""buzzer_active"": false, ""fuel_level_avg"": 4, ""lock_geo_alert"": false, ""operation_mode"": ""RENT"", ""battery_voltage"": 14.399999618530273, ""in_primary_zone"": true, ""lock_engine_alert"": false, ""in_restricted_zone"": false, ""onboard_geofencing"": false, ""speed_limit_active"": false}"
2023-07-17 13:14:45.421,5237,13,"359159972073523",20,"{""key"": false, ""flip"": false, ""zone"": false, ""speed"": 28.0, ""buzzer"": 0, ""engine"": true, ""in_zone"": true, ""ignition"": true, ""latitude"": 42.6520816, ""direction"": 326, ""longitude"": 18.055025, ""gsm_signal"": 31, ""sleep_mode"": false, ""staff_mode"": false, ""fault_codes"": [], ""speed_limit"": 46, ""engine_hours"": 1591, ""idc_triggers"": [], ""buzzer_active"": false, ""fuel_level_avg"": 4, ""lock_geo_alert"": false, ""operation_mode"": ""RENT"", ""battery_voltage"": 14.399999618530273, ""in_primary_zone"": true, ""lock_engine_alert"": false, ""in_restricted_zone"": false, ""onboard_geofencing"": false, ""speed_limit_active"": false}"
2023-07-17 13:14:44.441,5237,13,"359159972073523",20,"{""key"": false, ""flip"": false, ""zone"": false, ""speed"": 28.8, ""buzzer"": 0, ""engine"": true, ""in_zone"": true, ""ignition"": true, ""latitude"": 42.6520216, ""direction"": 329, ""longitude"": 18.0550782, ""gsm_signal"": 31, ""sleep_mode"": false, ""staff_mode"": false, ""fault_codes"": [], ""speed_limit"": 46, ""engine_hours"": 1591, ""idc_triggers"": [], ""buzzer_active"": false, ""fuel_level_avg"": 4, ""lock_geo_alert"": false, ""operation_mode"": ""RENT"", ""battery_voltage"": 14.399999618530273, ""in_primary_zone"": true, ""lock_engine_alert"": false, ""in_restricted_zone"": false, ""onboard_geofencing"": false, ""speed_limit_active"": false}"
2023-07-17 13:14:43.440,5237,13,"359159972073523",20,"{""key"": false, ""flip"": false, ""zone"": false, ""speed"": 29.6, ""buzzer"": 0, ""engine"": true, ""in_zone"": true, ""ignition"": true, ""latitude"": 42.6519583, ""direction"": 330, ""longitude"": 18.0551282, ""gsm_signal"": 31, ""sleep_mode"": false, ""staff_mode"": false, ""fault_codes"": [], ""speed_limit"": 46, ""engine_hours"": 1591, ""idc_triggers"": [], ""buzzer_active"": false, ""fuel_level_avg"": 4, ""lock_geo_alert"": false, ""operation_mode"": ""RENT"", ""battery_voltage"": 14.399999618530273, ""in_primary_zone"": true, ""lock_engine_alert"": false, ""in_restricted_zone"": false, ""onboard_geofencing"": false, ""speed_limit_active"": false}"
2023-07-17 13:14:42.839,5237,13,"359159972073523",20,"{""key"": false, ""flip"": false, ""zone"": false, ""speed"": 29.6, ""buzzer"": 0, ""engine"": true, ""in_zone"": true, ""ignition"": true, ""latitude"": 42.651895, ""direction"": 331, ""longitude"": 18.0551766, ""gsm_signal"": 31, ""sleep_mode"": false, ""staff_mode"": false, ""fault_codes"": [], ""speed_limit"": 46, ""engine_hours"": 1591, ""idc_triggers"": [], ""buzzer_active"": false, ""fuel_level_avg"": 4, ""lock_geo_alert"": false, ""operation_mode"": ""RENT"", ""battery_voltage"": 14.399999618530273, ""in_primary_zone"": true, ""lock_engine_alert"": false, ""in_restricted_zone"": false, ""onboard_geofencing"": false, ""speed_limit_active"": false}"
2023-07-17 13:14:41.420,5237,13,"359159972073523",20,"{""key"": false, ""flip"": false, ""zone"": false, ""speed"": 28.5, ""buzzer"": 0, ""engine"": true, ""in_zone"": true, ""ignition"": true, ""latitude"": 42.65183, ""direction"": 331, ""longitude"": 18.055225, ""gsm_signal"": 31, ""sleep_mode"": false, ""staff_mode"": false, ""fault_codes"": [], ""speed_limit"": 46, ""engine_hours"": 1591, ""idc_triggers"": [], ""buzzer_active"": false, ""fuel_level_avg"": 4, ""lock_geo_alert"": false, ""operation_mode"": ""RENT"", ""battery_voltage"": 14.399999618530273, ""in_primary_zone"": true, ""lock_engine_alert"": false, ""in_restricted_zone"": false, ""onboard_geofencing"": false, ""speed_limit_active"": false}"
2023-07-17 13:14:40.420,5237,13,"359159972073523",20,"{""key"": false, ""flip"": false, ""zone"": false, ""speed"": 25.9, ""buzzer"": 0, ""engine"": true, ""in_zone"": true, ""ignition"": true, ""latitude"": 42.65177, ""direction"": 331, ""longitude"": 18.05527, ""gsm_signal"": 31, ""sleep_mode"": false, ""staff_mode"": false, ""fault_codes"": [], ""speed_limit"": 46, ""engine_hours"": 1591, ""idc_triggers"": [], ""buzzer_active"": false, ""fuel_level_avg"": 4, ""lock_geo_alert"": false, ""operation_mode"": ""RENT"", ""battery_voltage"": 14.399999618530273, ""in_primary_zone"": true, ""lock_engine_alert"": false, ""in_restricted_zone"": false, ""onboard_geofencing"": false, ""speed_limit_active"": false}"
2023-07-17 13:14:39.439,5237,13,"359159972073523",20,"{""key"": false, ""flip"": false, ""zone"": false, ""speed"": 22.4, ""buzzer"": 0, ""engine"": true, ""in_zone"": true, ""ignition"": true, ""latitude"": 42.651715, ""direction"": 331, ""longitude"": 18.05531, ""gsm_signal"": 31, ""sleep_mode"": false, ""staff_mode"": false, ""fault_codes"": [], ""speed_limit"": 46, ""engine_hours"": 1591, ""idc_triggers"": [], ""buzzer_active"": false, ""fuel_level_avg"": 4, ""lock_geo_alert"": false, ""operation_mode"": ""RENT"", ""battery_voltage"": 14.399999618530273, ""in_primary_zone"": true, ""lock_engine_alert"": false, ""in_restricted_zone"": false, ""onboard_geofencing"": false, ""speed_limit_active"": false}"
2023-07-17 13:14:38.442,5237,13,"359159972073523",20,"{""key"": false, ""flip"": false, ""zone"": false, ""speed"": 17.5, ""buzzer"": 0, ""engine"": true, ""in_zone"": true, ""ignition"": true, ""latitude"": 42.6516666, ""direction"": 329, ""longitude"": 18.055345, ""gsm_signal"": 31, ""sleep_mode"": false, ""staff_mode"": false, ""fault_codes"": [], ""speed_limit"": 46, ""engine_hours"": 1591, ""idc_triggers"": [], ""buzzer_active"": false, ""fuel_level_avg"": 4, ""lock_geo_alert"": false, ""operation_mode"": ""RENT"", ""battery_voltage"": 14.399999618530273, ""in_primary_zone"": true, ""lock_engine_alert"": false, ""in_restricted_zone"": false, ""onboard_geofencing"": false, ""speed_limit_active"": false}"
2023-07-17 13:14:37.877,5237,13,"359159972073523",20,"{""key"": false, ""flip"": false, ""zone"": false, ""speed"": 14.9, ""buzzer"": 0, ""engine"": true, ""in_zone"": true, ""ignition"": true, ""latitude"": 42.65163, ""direction"": 328, ""longitude"": 18.0553732, ""gsm_signal"": 31, ""sleep_mode"": false, ""staff_mode"": false, ""fault_codes"": [], ""speed_limit"": 46, ""engine_hours"": 1591, ""idc_triggers"": [], ""buzzer_active"": false, ""fuel_level_avg"": 4, ""lock_geo_alert"": false, ""operation_mode"": ""RENT"", ""battery_voltage"": 14.399999618530273, ""in_primary_zone"": true, ""lock_engine_alert"": false, ""in_restricted_zone"": false, ""onboard_geofencing"": false, ""speed_limit_active"": false}"
2023-07-17 13:14:36.462,5237,13,"359159972073523",20,"{""key"": false, ""flip"": false, ""zone"": false, ""speed"": 12.3, ""buzzer"": 0, ""engine"": true, ""in_zone"": true, ""ignition"": true, ""latitude"": 42.6515966, ""direction"": 329, ""longitude"": 18.0553982, ""gsm_signal"": 31, ""sleep_mode"": false, ""staff_mode"": false, ""fault_codes"": [], ""speed_limit"": 46, ""engine_hours"": 1591, ""idc_triggers"": [], ""buzzer_active"": false, ""fuel_level_avg"": 4, ""lock_geo_alert"": false, ""operation_mode"": ""RENT"", ""battery_voltage"": 14.399999618530273, ""in_primary_zone"": true, ""lock_engine_alert"": false, ""in_restricted_zone"": false, ""onboard_geofencing"": false, ""speed_limit_active"": false}"
2023-07-17 13:14:35.478,5237,13,"359159972073523",20,"{""key"": false, ""flip"": false, ""zone"": false, ""speed"": 11.1, ""buzzer"": 0, ""engine"": true, ""in_zone"": true, ""ignition"": true, ""latitude"": 42.6515683, ""direction"": 332, ""longitude"": 18.0554216, ""gsm_signal"": 31, ""sleep_mode"": false, ""staff_mode"": false, ""fault_codes"": [], ""speed_limit"": 46, ""engine_hours"": 1591, ""idc_triggers"": [], ""buzzer_active"": false, ""fuel_level_avg"": 4, ""lock_geo_alert"": false, ""operation_mode"": ""RENT"", ""battery_voltage"": 14.399999618530273, ""in_primary_zone"": true, ""lock_engine_alert"": false, ""in_restricted_zone"": false, ""onboard_geofencing"": false, ""speed_limit_active"": false}"
2023-07-17 13:14:34.840,5237,13,"359159972073523",20,"{""key"": false, ""flip"": false, ""zone"": false, ""speed"": 10.6, ""buzzer"": 0, ""engine"": true, ""in_zone"": true, ""ignition"": true, ""latitude"": 42.6515433, ""direction"": 335, ""longitude"": 18.0554382, ""gsm_signal"": 31, ""sleep_mode"": false, ""staff_mode"": false, ""fault_codes"": [], ""speed_limit"": 46, ""engine_hours"": 1591, ""idc_triggers"": [], ""buzzer_active"": false, ""fuel_level_avg"": 4, ""lock_geo_alert"": false, ""operation_mode"": ""RENT"", ""battery_voltage"": 14.399999618530273, ""in_primary_zone"": true, ""lock_engine_alert"": false, ""in_restricted_zone"": false, ""onboard_geofencing"": false, ""speed_limit_active"": false}"
2023-07-17 13:14:33.438,5237,13,"359159972073523",20,"{""key"": false, ""flip"": false, ""zone"": false, ""speed"": 9.2, ""buzzer"": 0, ""engine"": true, ""in_zone"": true, ""ignition"": true, ""latitude"": 42.65152, ""direction"": 337, ""longitude"": 18.0554516, ""gsm_signal"": 31, ""sleep_mode"": false, ""staff_mode"": false, ""fault_codes"": [], ""speed_limit"": 46, ""engine_hours"": 1591, ""idc_triggers"": [], ""buzzer_active"": false, ""fuel_level_avg"": 4, ""lock_geo_alert"": false, ""operation_mode"": ""RENT"", ""battery_voltage"": 14.399999618530273, ""in_primary_zone"": true, ""lock_engine_alert"": false, ""in_restricted_zone"": false, ""onboard_geofencing"": false, ""speed_limit_active"": false}"
2023-07-17 13:14:32.440,5237,13,"359159972073523",20,"{""key"": false, ""flip"": false, ""zone"": false, ""speed"": 7.2, ""buzzer"": 0, ""engine"": true, ""in_zone"": true, ""ignition"": true, ""latitude"": 42.6515, ""direction"": 339, ""longitude"": 18.0554632, ""gsm_signal"": 31, ""sleep_mode"": false, ""staff_mode"": false, ""fault_codes"": [], ""speed_limit"": 46, ""engine_hours"": 1591, ""idc_triggers"": [], ""buzzer_active"": false, ""fuel_level_avg"": 4, ""lock_geo_alert"": false, ""operation_mode"": ""RENT"", ""battery_voltage"": 14.399999618530273, ""in_primary_zone"": true, ""lock_engine_alert"": false, ""in_restricted_zone"": false, ""onboard_geofencing"": false, ""speed_limit_active"": false}"
2023-07-17 13:14:31.840,5237,13,"359159972073523",20,"{""key"": false, ""flip"": false, ""zone"": false, ""speed"": 6.8, ""buzzer"": 0, ""engine"": true, ""in_zone"": true, ""ignition"": true, ""latitude"": 42.6514833, ""direction"": 344, ""longitude"": 18.0554716, ""gsm_signal"": 31, ""sleep_mode"": false, ""staff_mode"": false, ""fault_codes"": [], ""speed_limit"": 46, ""engine_hours"": 1591, ""idc_triggers"": [], ""buzzer_active"": false, ""fuel_level_avg"": 4, ""lock_geo_alert"": false, ""operation_mode"": ""RENT"", ""battery_voltage"": 14.399999618530273, ""in_primary_zone"": true, ""lock_engine_alert"": false, ""in_restricted_zone"": false, ""onboard_geofencing"": false, ""speed_limit_active"": false}"
2023-07-17 13:14:30.421,5237,13,"359159972073523",20,"{""key"": false, ""flip"": false, ""zone"": false, ""speed"": 7.3, ""buzzer"": 0, ""engine"": true, ""in_zone"": true, ""ignition"": true, ""latitude"": 42.6514666, ""direction"": 344, ""longitude"": 18.0554782, ""gsm_signal"": 31, ""sleep_mode"": false, ""staff_mode"": false, ""fault_codes"": [], ""speed_limit"": 46, ""engine_hours"": 1591, ""idc_triggers"": [], ""buzzer_active"": false, ""fuel_level_avg"": 4, ""lock_geo_alert"": false, ""operation_mode"": ""RENT"", ""battery_voltage"": 14.399999618530273, ""in_primary_zone"": true, ""lock_engine_alert"": false, ""in_restricted_zone"": false, ""onboard_geofencing"": false, ""speed_limit_active"": false}"
2023-07-17 13:14:29.444,5237,13,"359159972073523",20,"{""key"": false, ""flip"": false, ""zone"": false, ""speed"": 7.3, ""buzzer"": 0, ""engine"": true, ""in_zone"": true, ""ignition"": true, ""latitude"": 42.6514483, ""direction"": 340, ""longitude"": 18.055485, ""gsm_signal"": 31, ""sleep_mode"": false, ""staff_mode"": false, ""fault_codes"": [], ""speed_limit"": 46, ""engine_hours"": 1591, ""idc_triggers"": [], ""buzzer_active"": false, ""fuel_level_avg"": 4, ""lock_geo_alert"": false, ""operation_mode"": ""RENT"", ""battery_voltage"": 14.399999618530273, ""in_primary_zone"": true, ""lock_engine_alert"": false, ""in_restricted_zone"": false, ""onboard_geofencing"": false, ""speed_limit_active"": false}"
2023-07-17 13:14:28.444,5237,13,"359159972073523",20,"{""key"": false, ""flip"": false, ""zone"": false, ""speed"": 7.2, ""buzzer"": 0, ""engine"": true, ""in_zone"": true, ""ignition"": true, ""latitude"": 42.6514316, ""direction"": 337, ""longitude"": 18.0554916, ""gsm_signal"": 31, ""sleep_mode"": false, ""staff_mode"": false, ""fault_codes"": [], ""speed_limit"": 46, ""engine_hours"": 1591, ""idc_triggers"": [], ""buzzer_active"": false, ""fuel_level_avg"": 4, ""lock_geo_alert"": false, ""operation_mode"": ""RENT"", ""battery_voltage"": 14.399999618530273, ""in_primary_zone"": true, ""lock_engine_alert"": false, ""in_restricted_zone"": false, ""onboard_geofencing"": false, ""speed_limit_active"": false}"
2023-07-17 13:14:27.839,5237,13,"359159972073523",20,"{""key"": false, ""flip"": false, ""zone"": false, ""speed"": 8.5, ""buzzer"": 0, ""engine"": true, ""in_zone"": true, ""ignition"": true, ""latitude"": 42.6514133, ""direction"": 334, ""longitude"": 18.0555016, ""gsm_signal"": 31, ""sleep_mode"": false, ""staff_mode"": false, ""fault_codes"": [], ""speed_limit"": 46, ""engine_hours"": 1591, ""idc_triggers"": [], ""buzzer_active"": false, ""fuel_level_avg"": 4, ""lock_geo_alert"": false, ""operation_mode"": ""RENT"", ""battery_voltage"": 14.399999618530273, ""in_primary_zone"": true, ""lock_engine_alert"": false, ""in_restricted_zone"": false, ""onboard_geofencing"": false, ""speed_limit_active"": false}"
2023-07-17 13:14:26.418,5237,13,"359159972073523",20,"{""key"": false, ""flip"": false, ""zone"": false, ""speed"": 7.8, ""buzzer"": 0, ""engine"": true, ""in_zone"": true, ""ignition"": true, ""latitude"": 42.651395, ""direction"": 331, ""longitude"": 18.0555132, ""gsm_signal"": 31, ""sleep_mode"": false, ""staff_mode"": false, ""fault_codes"": [], ""speed_limit"": 46, ""engine_hours"": 1591, ""idc_triggers"": [], ""buzzer_active"": false, ""fuel_level_avg"": 4, ""lock_geo_alert"": false, ""operation_mode"": ""RENT"", ""battery_voltage"": 14.399999618530273, ""in_primary_zone"": true, ""lock_engine_alert"": false, ""in_restricted_zone"": false, ""onboard_geofencing"": false, ""speed_limit_active"": false}"
2023-07-17 13:14:25.422,5237,13,"359159972073523",20,"{""key"": false, ""flip"": false, ""zone"": false, ""speed"": 6.3, ""buzzer"": 0, ""engine"": true, ""in_zone"": true, ""ignition"": true, ""latitude"": 42.65138, ""direction"": 335, ""longitude"": 18.055525, ""gsm_signal"": 31, ""sleep_mode"": false, ""staff_mode"": false, ""fault_codes"": [], ""speed_limit"": 46, ""engine_hours"": 1591, ""idc_triggers"": [], ""buzzer_active"": false, ""fuel_level_avg"": 4, ""lock_geo_alert"": false, ""operation_mode"": ""RENT"", ""battery_voltage"": 14.399999618530273, ""in_primary_zone"": true, ""lock_engine_alert"": false, ""in_restricted_zone"": false, ""onboard_geofencing"": false, ""speed_limit_active"": false}"
2023-07-17 13:14:24.444,5237,13,"359159972073523",20,"{""key"": false, ""flip"": false, ""zone"": false, ""speed"": 4.7, ""buzzer"": 0, ""engine"": true, ""in_zone"": true, ""ignition"": true, ""latitude"": 42.6513666, ""direction"": 343, ""longitude"": 18.0555332, ""gsm_signal"": 31, ""sleep_mode"": false, ""staff_mode"": false, ""fault_codes"": [], ""speed_limit"": 46, ""engine_hours"": 1591, ""idc_triggers"": [], ""buzzer_active"": false, ""fuel_level_avg"": 4, ""lock_geo_alert"": false, ""operation_mode"": ""RENT"", ""battery_voltage"": 14.399999618530273, ""in_primary_zone"": true, ""lock_engine_alert"": false, ""in_restricted_zone"": false, ""onboard_geofencing"": false, ""speed_limit_active"": false}"
2023-07-17 13:14:23.441,5237,13,"359159972073523",20,"{""key"": false, ""flip"": false, ""zone"": false, ""speed"": 3.0, ""buzzer"": 0, ""engine"": true, ""in_zone"": true, ""ignition"": true, ""latitude"": 42.6513566, ""direction"": 358, ""longitude"": 18.0555382, ""gsm_signal"": 31, ""sleep_mode"": false, ""staff_mode"": false, ""fault_codes"": [], ""speed_limit"": 46, ""engine_hours"": 1591, ""idc_triggers"": [], ""buzzer_active"": false, ""fuel_level_avg"": 4, ""lock_geo_alert"": false, ""operation_mode"": ""RENT"", ""battery_voltage"": 14.399999618530273, ""in_primary_zone"": true, ""lock_engine_alert"": false, ""in_restricted_zone"": false, ""onboard_geofencing"": false, ""speed_limit_active"": false}"
2023-07-17 13:14:22.841,5237,13,"359159972073523",20,"{""key"": false, ""flip"": false, ""zone"": false, ""speed"": 2.4, ""buzzer"": 0, ""engine"": true, ""in_zone"": true, ""ignition"": true, ""latitude"": 42.6513516, ""direction"": 13, ""longitude"": 18.0555382, ""gsm_signal"": 31, ""sleep_mode"": false, ""staff_mode"": false, ""fault_codes"": [], ""speed_limit"": 46, ""engine_hours"": 1591, ""idc_triggers"": [], ""buzzer_active"": false, ""fuel_level_avg"": 4, ""lock_geo_alert"": false, ""operation_mode"": ""RENT"", ""battery_voltage"": 14.399999618530273, ""in_primary_zone"": true, ""lock_engine_alert"": false, ""in_restricted_zone"": false, ""onboard_geofencing"": false, ""speed_limit_active"": false}"
2023-07-17 13:14:21.428,5237,13,"359159972073523",20,"{""key"": false, ""flip"": false, ""zone"": false, ""speed"": 1.9, ""buzzer"": 0, ""engine"": true, ""in_zone"": true, ""ignition"": true, ""latitude"": 42.651345, ""direction"": 29, ""longitude"": 18.0555382, ""gsm_signal"": 30, ""sleep_mode"": false, ""staff_mode"": false, ""fault_codes"": [], ""speed_limit"": 46, ""engine_hours"": 1591, ""idc_triggers"": [], ""buzzer_active"": false, ""fuel_level_avg"": 4, ""lock_geo_alert"": false, ""operation_mode"": ""RENT"", ""battery_voltage"": 14.399999618530273, ""in_primary_zone"": true, ""lock_engine_alert"": false, ""in_restricted_zone"": false, ""onboard_geofencing"": false, ""speed_limit_active"": false}"
2023-07-17 13:14:20.443,5237,13,"359159972073523",20,"{""key"": false, ""flip"": false, ""zone"": false, ""speed"": 1.3, ""buzzer"": 0, ""engine"": true, ""in_zone"": true, ""ignition"": true, ""latitude"": 42.6513416, ""direction"": 45, ""longitude"": 18.055535, ""gsm_signal"": 30, ""sleep_mode"": false, ""staff_mode"": false, ""fault_codes"": [], ""speed_limit"": 46, ""engine_hours"": 1591, ""idc_triggers"": [], ""buzzer_active"": false, ""fuel_level_avg"": 0, ""lock_geo_alert"": false, ""operation_mode"": ""RENT"", ""battery_voltage"": 14.800000190734863, ""in_primary_zone"": true, ""lock_engine_alert"": false, ""in_restricted_zone"": false, ""onboard_geofencing"": false, ""speed_limit_active"": false}"
2023-07-17 13:14:19.842,5237,13,"359159972073523",20,"{""key"": false, ""flip"": false, ""zone"": false, ""speed"": 1.3, ""buzzer"": 0, ""engine"": true, ""in_zone"": true, ""ignition"": true, ""latitude"": 42.6513366, ""direction"": 63, ""longitude"": 18.0555332, ""gsm_signal"": 30, ""sleep_mode"": false, ""staff_mode"": false, ""fault_codes"": [], ""speed_limit"": 46, ""engine_hours"": 1591, ""idc_triggers"": [], ""buzzer_active"": false, ""fuel_level_avg"": 0, ""lock_geo_alert"": false, ""operation_mode"": ""RENT"", ""battery_voltage"": 14.800000190734863, ""in_primary_zone"": true, ""lock_engine_alert"": false, ""in_restricted_zone"": false, ""onboard_geofencing"": false, ""speed_limit_active"": false}"
2023-07-17 13:14:18.421,5237,13,"359159972073523",20,"{""key"": false, ""flip"": false, ""zone"": false, ""speed"": 2.6, ""buzzer"": 0, ""engine"": true, ""in_zone"": true, ""ignition"": true, ""latitude"": 42.6513316, ""direction"": 83, ""longitude"": 18.05553, ""gsm_signal"": 31, ""sleep_mode"": false, ""staff_mode"": false, ""fault_codes"": [], ""speed_limit"": 46, ""engine_hours"": 1591, ""idc_triggers"": [], ""buzzer_active"": false, ""fuel_level_avg"": 0, ""lock_geo_alert"": false, ""operation_mode"": ""RENT"", ""battery_voltage"": 14.800000190734863, ""in_primary_zone"": true, ""lock_engine_alert"": false, ""in_restricted_zone"": false, ""onboard_geofencing"": false, ""speed_limit_active"": false}"
2023-07-17 13:14:17.442,5237,13,"359159972073523",20,"{""key"": false, ""flip"": false, ""zone"": false, ""speed"": 3.3, ""buzzer"": 0, ""engine"": true, ""in_zone"": true, ""ignition"": true, ""latitude"": 42.6513283, ""direction"": 108, ""longitude"": 18.0555216, ""gsm_signal"": 31, ""sleep_mode"": false, ""staff_mode"": false, ""fault_codes"": [], ""speed_limit"": 46, ""engine_hours"": 1591, ""idc_triggers"": [], ""buzzer_active"": false, ""fuel_level_avg"": 0, ""lock_geo_alert"": false, ""operation_mode"": ""RENT"", ""battery_voltage"": 14.800000190734863, ""in_primary_zone"": true, ""lock_engine_alert"": false, ""in_restricted_zone"": false, ""onboard_geofencing"": false, ""speed_limit_active"": false}"
2023-07-17 13:14:16.441,5237,13,"359159972073523",20,"{""key"": false, ""flip"": false, ""zone"": false, ""speed"": 4.4, ""buzzer"": 0, ""engine"": true, ""in_zone"": true, ""ignition"": true, ""latitude"": 42.6513283, ""direction"": 133, ""longitude"": 18.0555082, ""gsm_signal"": 31, ""sleep_mode"": false, ""staff_mode"": false, ""fault_codes"": [], ""speed_limit"": 46, ""engine_hours"": 1591, ""idc_triggers"": [], ""buzzer_active"": false, ""fuel_level_avg"": 0, ""lock_geo_alert"": false, ""operation_mode"": ""RENT"", ""battery_voltage"": 14.800000190734863, ""in_primary_zone"": true, ""lock_engine_alert"": false, ""in_restricted_zone"": false, ""onboard_geofencing"": false, ""speed_limit_active"": false}"
2023-07-17 13:14:15.840,5237,13,"359159972073523",20,"{""key"": false, ""flip"": false, ""zone"": false, ""speed"": 5.6, ""buzzer"": 0, ""engine"": true, ""in_zone"": true, ""ignition"": true, ""latitude"": 42.6513333, ""direction"": 142, ""longitude"": 18.055495, ""gsm_signal"": 31, ""sleep_mode"": false, ""staff_mode"": false, ""fault_codes"": [], ""speed_limit"": 46, ""engine_hours"": 1591, ""idc_triggers"": [], ""buzzer_active"": false, ""fuel_level_avg"": 0, ""lock_geo_alert"": false, ""operation_mode"": ""RENT"", ""battery_voltage"": 14.800000190734863, ""in_primary_zone"": true, ""lock_engine_alert"": false, ""in_restricted_zone"": false, ""onboard_geofencing"": false, ""speed_limit_active"": false}"
2023-07-17 13:14:14.418,5237,13,"359159972073523",20,"{""key"": false, ""flip"": false, ""zone"": false, ""speed"": 5.0, ""buzzer"": 0, ""engine"": true, ""in_zone"": true, ""ignition"": true, ""latitude"": 42.6513433, ""direction"": 152, ""longitude"": 18.0554832, ""gsm_signal"": 31, ""sleep_mode"": false, ""staff_mode"": false, ""fault_codes"": [], ""speed_limit"": 46, ""engine_hours"": 1591, ""idc_triggers"": [], ""buzzer_active"": false, ""fuel_level_avg"": 0, ""lock_geo_alert"": false, ""operation_mode"": ""RENT"", ""battery_voltage"": 14.800000190734863, ""in_primary_zone"": true, ""lock_engine_alert"": false, ""in_restricted_zone"": false, ""onboard_geofencing"": false, ""speed_limit_active"": false}"
2023-07-17 13:14:13.430,5237,13,"359159972073523",20,"{""key"": false, ""flip"": false, ""zone"": false, ""speed"": 6.0, ""buzzer"": 0, ""engine"": true, ""in_zone"": true, ""ignition"": true, ""latitude"": 42.651355, ""direction"": 157, ""longitude"": 18.055475, ""gsm_signal"": 31, ""sleep_mode"": false, ""staff_mode"": false, ""fault_codes"": [], ""speed_limit"": 46, ""engine_hours"": 1591, ""idc_triggers"": [], ""buzzer_active"": false, ""fuel_level_avg"": 0, ""lock_geo_alert"": false, ""operation_mode"": ""RENT"", ""battery_voltage"": 14.800000190734863, ""in_primary_zone"": true, ""lock_engine_alert"": false, ""in_restricted_zone"": false, ""onboard_geofencing"": false, ""speed_limit_active"": false}"
2023-07-17 13:14:12.439,5237,13,"359159972073523",20,"{""key"": false, ""flip"": false, ""zone"": false, ""speed"": 11.3, ""buzzer"": 0, ""engine"": true, ""in_zone"": true, ""ignition"": true, ""latitude"": 42.6513716, ""direction"": 156, ""longitude"": 18.055465, ""gsm_signal"": 31, ""sleep_mode"": false, ""staff_mode"": false, ""fault_codes"": [], ""speed_limit"": 46, ""engine_hours"": 1591, ""idc_triggers"": [], ""buzzer_active"": false, ""fuel_level_avg"": 0, ""lock_geo_alert"": false, ""operation_mode"": ""RENT"", ""battery_voltage"": 14.800000190734863, ""in_primary_zone"": true, ""lock_engine_alert"": false, ""in_restricted_zone"": false, ""onboard_geofencing"": false, ""speed_limit_active"": false}"
2023-07-17 13:14:11.441,5237,13,"359159972073523",20,"{""key"": false, ""flip"": false, ""zone"": false, ""speed"": 18.4, ""buzzer"": 0, ""engine"": true, ""in_zone"": true, ""ignition"": true, ""latitude"": 42.6514033, ""direction"": 154, ""longitude"": 18.055445, ""gsm_signal"": 31, ""sleep_mode"": false, ""staff_mode"": false, ""fault_codes"": [], ""speed_limit"": 46, ""engine_hours"": 1591, ""idc_triggers"": [], ""buzzer_active"": false, ""fuel_level_avg"": 0, ""lock_geo_alert"": false, ""operation_mode"": ""RENT"", ""battery_voltage"": 14.800000190734863, ""in_primary_zone"": true, ""lock_engine_alert"": false, ""in_restricted_zone"": false, ""onboard_geofencing"": false, ""speed_limit_active"": false}"
2023-07-17 13:14:10.844,5237,13,"359159972073523",20,"{""key"": false, ""flip"": false, ""zone"": false, ""speed"": 26.2, ""buzzer"": 0, ""engine"": true, ""in_zone"": true, ""ignition"": true, ""latitude"": 42.65145, ""direction"": 151, ""longitude"": 18.0554132, ""gsm_signal"": 31, ""sleep_mode"": false, ""staff_mode"": false, ""fault_codes"": [], ""speed_limit"": 46, ""engine_hours"": 1591, ""idc_triggers"": [], ""buzzer_active"": false, ""fuel_level_avg"": 0, ""lock_geo_alert"": false, ""operation_mode"": ""RENT"", ""battery_voltage"": 14.800000190734863, ""in_primary_zone"": true, ""lock_engine_alert"": false, ""in_restricted_zone"": false, ""onboard_geofencing"": false, ""speed_limit_active"": false}"
2023-07-17 13:14:09.419,5237,13,"359159972073523",20,"{""key"": false, ""flip"": false, ""zone"": false, ""speed"": 33.1, ""buzzer"": 0, ""engine"": true, ""in_zone"": true, ""ignition"": true, ""latitude"": 42.6515116, ""direction"": 150, ""longitude"": 18.0553682, ""gsm_signal"": 31, ""sleep_mode"": false, ""staff_mode"": false, ""fault_codes"": [], ""speed_limit"": 46, ""engine_hours"": 1591, ""idc_triggers"": [], ""buzzer_active"": false, ""fuel_level_avg"": 0, ""lock_geo_alert"": false, ""operation_mode"": ""RENT"", ""battery_voltage"": 14.800000190734863, ""in_primary_zone"": true, ""lock_engine_alert"": false, ""in_restricted_zone"": false, ""onboard_geofencing"": false, ""speed_limit_active"": false}"
2023-07-17 13:14:08.442,5237,13,"359159972073523",20,"{""key"": false, ""flip"": false, ""zone"": false, ""speed"": 38.5, ""buzzer"": 0, ""engine"": true, ""in_zone"": true, ""ignition"": true, ""latitude"": 42.6515883, ""direction"": 150, ""longitude"": 18.05531, ""gsm_signal"": 31, ""sleep_mode"": false, ""staff_mode"": false, ""fault_codes"": [], ""speed_limit"": 46, ""engine_hours"": 1591, ""idc_triggers"": [], ""buzzer_active"": false, ""fuel_level_avg"": 0, ""lock_geo_alert"": false, ""operation_mode"": ""RENT"", ""battery_voltage"": 14.800000190734863, ""in_primary_zone"": true, ""lock_engine_alert"": false, ""in_restricted_zone"": false, ""onboard_geofencing"": false, ""speed_limit_active"": false}"
2023-07-17 13:14:07.439,5237,13,"359159972073523",20,"{""key"": false, ""flip"": false, ""zone"": false, ""speed"": 42.3, ""buzzer"": 0, ""engine"": true, ""in_zone"": true, ""ignition"": true, ""latitude"": 42.651675, ""direction"": 150, ""longitude"": 18.0552432, ""gsm_signal"": 31, ""sleep_mode"": false, ""staff_mode"": false, ""fault_codes"": [], ""speed_limit"": 46, ""engine_hours"": 1591, ""idc_triggers"": [], ""buzzer_active"": false, ""fuel_level_avg"": 0, ""lock_geo_alert"": false, ""operation_mode"": ""RENT"", ""battery_voltage"": 14.800000190734863, ""in_primary_zone"": true, ""lock_engine_alert"": false, ""in_restricted_zone"": false, ""onboard_geofencing"": false, ""speed_limit_active"": false}"
2023-07-17 13:14:06.881,5237,13,"359159972073523",20,"{""key"": false, ""flip"": false, ""zone"": false, ""speed"": 43.2, ""buzzer"": 0, ""engine"": true, ""in_zone"": true, ""ignition"": true, ""latitude"": 42.6517683, ""direction"": 150, ""longitude"": 18.0551732, ""gsm_signal"": 31, ""sleep_mode"": false, ""staff_mode"": false, ""fault_codes"": [], ""speed_limit"": 46, ""engine_hours"": 1591, ""idc_triggers"": [], ""buzzer_active"": false, ""fuel_level_avg"": 0, ""lock_geo_alert"": false, ""operation_mode"": ""RENT"", ""battery_voltage"": 14.800000190734863, ""in_primary_zone"": true, ""lock_engine_alert"": false, ""in_restricted_zone"": false, ""onboard_geofencing"": false, ""speed_limit_active"": false}"
2023-07-17 13:14:05.506,5237,13,"359159972073523",20,"{""key"": false, ""flip"": false, ""zone"": false, ""speed"": 44.0, ""buzzer"": 0, ""engine"": true, ""in_zone"": true, ""ignition"": true, ""latitude"": 42.6518633, ""direction"": 151, ""longitude"": 18.0551, ""gsm_signal"": 31, ""sleep_mode"": false, ""staff_mode"": false, ""fault_codes"": [], ""speed_limit"": 46, ""engine_hours"": 1591, ""idc_triggers"": [], ""buzzer_active"": false, ""fuel_level_avg"": 0, ""lock_geo_alert"": false, ""operation_mode"": ""RENT"", ""battery_voltage"": 14.800000190734863, ""in_primary_zone"": true, ""lock_engine_alert"": false, ""in_restricted_zone"": false, ""onboard_geofencing"": false, ""speed_limit_active"": false}"
2023-07-17 13:14:04.495,5237,13,"359159972073523",20,"{""key"": false, ""flip"": false, ""zone"": false, ""speed"": 42.5, ""buzzer"": 0, ""engine"": true, ""in_zone"": true, ""ignition"": true, ""latitude"": 42.6519583, ""direction"": 151, ""longitude"": 18.05503, ""gsm_signal"": 31, ""sleep_mode"": false, ""staff_mode"": false, ""fault_codes"": [], ""speed_limit"": 46, ""engine_hours"": 1591, ""idc_triggers"": [], ""buzzer_active"": false, ""fuel_level_avg"": 0, ""lock_geo_alert"": false, ""operation_mode"": ""RENT"", ""battery_voltage"": 14.800000190734863, ""in_primary_zone"": true, ""lock_engine_alert"": false, ""in_restricted_zone"": false, ""onboard_geofencing"": false, ""speed_limit_active"": false}"
2023-07-17 13:14:03.899,5237,13,"359159972073523",20,"{""key"": false, ""flip"": false, ""zone"": false, ""speed"": 42.8, ""buzzer"": 0, ""engine"": true, ""in_zone"": true, ""ignition"": true, ""latitude"": 42.6520516, ""direction"": 149, ""longitude"": 18.05496, ""gsm_signal"": 31, ""sleep_mode"": false, ""staff_mode"": false, ""fault_codes"": [], ""speed_limit"": 46, ""engine_hours"": 1591, ""idc_triggers"": [], ""buzzer_active"": false, ""fuel_level_avg"": 0, ""lock_geo_alert"": false, ""operation_mode"": ""RENT"", ""battery_voltage"": 14.800000190734863, ""in_primary_zone"": true, ""lock_engine_alert"": false, ""in_restricted_zone"": false, ""onboard_geofencing"": false, ""speed_limit_active"": false}"
2023-07-17 13:14:02.419,5237,13,"359159972073523",20,"{""key"": false, ""flip"": false, ""zone"": false, ""speed"": 40.4, ""buzzer"": 0, ""engine"": true, ""in_zone"": true, ""ignition"": true, ""latitude"": 42.6521433, ""direction"": 150, ""longitude"": 18.0548866, ""gsm_signal"": 31, ""sleep_mode"": false, ""staff_mode"": false, ""fault_codes"": [], ""speed_limit"": 46, ""engine_hours"": 1591, ""idc_triggers"": [], ""buzzer_active"": false, ""fuel_level_avg"": 0, ""lock_geo_alert"": false, ""operation_mode"": ""RENT"", ""battery_voltage"": 14.800000190734863, ""in_primary_zone"": true, ""lock_engine_alert"": false, ""in_restricted_zone"": false, ""onboard_geofencing"": false, ""speed_limit_active"": false}"
2023-07-17 13:14:01.421,5237,13,"359159972073523",20,"{""key"": false, ""flip"": false, ""zone"": false, ""speed"": 37.5, ""buzzer"": 0, ""engine"": true, ""in_zone"": true, ""ignition"": true, ""latitude"": 42.65223, ""direction"": 149, ""longitude"": 18.0548216, ""gsm_signal"": 31, ""sleep_mode"": false, ""staff_mode"": false, ""fault_codes"": [], ""speed_limit"": 46, ""engine_hours"": 1591, ""idc_triggers"": [], ""buzzer_active"": false, ""fuel_level_avg"": 0, ""lock_geo_alert"": false, ""operation_mode"": ""RENT"", ""battery_voltage"": 14.800000190734863, ""in_primary_zone"": true, ""lock_engine_alert"": false, ""in_restricted_zone"": false, ""onboard_geofencing"": false, ""speed_limit_active"": false}"
2023-07-17 13:14:00.438,5237,13,"359159972073523",20,"{""key"": false, ""flip"": false, ""zone"": false, ""speed"": 34.2, ""buzzer"": 0, ""engine"": true, ""in_zone"": true, ""ignition"": true, ""latitude"": 42.6523083, ""direction"": 148, ""longitude"": 18.0547582, ""gsm_signal"": 31, ""sleep_mode"": false, ""staff_mode"": false, ""fault_codes"": [], ""speed_limit"": 46, ""engine_hours"": 1591, ""idc_triggers"": [], ""buzzer_active"": false, ""fuel_level_avg"": 0, ""lock_geo_alert"": false, ""operation_mode"": ""RENT"", ""battery_voltage"": 14.800000190734863, ""in_primary_zone"": true, ""lock_engine_alert"": false, ""in_restricted_zone"": false, ""onboard_geofencing"": false, ""speed_limit_active"": false}"
2023-07-17 13:13:59.441,5237,13,"359159972073523",20,"{""key"": false, ""flip"": false, ""zone"": false, ""speed"": 31.6, ""buzzer"": 0, ""engine"": true, ""in_zone"": true, ""ignition"": true, ""latitude"": 42.6523783, ""direction"": 146, ""longitude"": 18.0546966, ""gsm_signal"": 31, ""sleep_mode"": false, ""staff_mode"": false, ""fault_codes"": [], ""speed_limit"": 46, ""engine_hours"": 1591, ""idc_triggers"": [], ""buzzer_active"": false, ""fuel_level_avg"": 0, ""lock_geo_alert"": false, ""operation_mode"": ""RENT"", ""battery_voltage"": 14.800000190734863, ""in_primary_zone"": true, ""lock_engine_alert"": false, ""in_restricted_zone"": false, ""onboard_geofencing"": false, ""speed_limit_active"": false}"
2023-07-17 13:13:58.845,5237,13,"359159972073523",20,"{""key"": false, ""flip"": false, ""zone"": false, ""speed"": 27.4, ""buzzer"": 0, ""engine"": true, ""in_zone"": true, ""ignition"": true, ""latitude"": 42.6524416, ""direction"": 144, ""longitude"": 18.05464, ""gsm_signal"": 31, ""sleep_mode"": false, ""staff_mode"": false, ""fault_codes"": [], ""speed_limit"": 46, ""engine_hours"": 1591, ""idc_triggers"": [], ""buzzer_active"": false, ""fuel_level_avg"": 0, ""lock_geo_alert"": false, ""operation_mode"": ""RENT"", ""battery_voltage"": 14.800000190734863, ""in_primary_zone"": true, ""lock_engine_alert"": false, ""in_restricted_zone"": false, ""onboard_geofencing"": false, ""speed_limit_active"": false}"
2023-07-17 13:13:57.422,5237,13,"359159972073523",20,"{""key"": false, ""flip"": false, ""zone"": false, ""speed"": 24.3, ""buzzer"": 0, ""engine"": true, ""in_zone"": true, ""ignition"": true, ""latitude"": 42.6524966, ""direction"": 144, ""longitude"": 18.0545882, ""gsm_signal"": 31, ""sleep_mode"": false, ""staff_mode"": false, ""fault_codes"": [], ""speed_limit"": 46, ""engine_hours"": 1591, ""idc_triggers"": [], ""buzzer_active"": false, ""fuel_level_avg"": 0, ""lock_geo_alert"": false, ""operation_mode"": ""RENT"", ""battery_voltage"": 14.800000190734863, ""in_primary_zone"": true, ""lock_engine_alert"": false, ""in_restricted_zone"": false, ""onboard_geofencing"": false, ""speed_limit_active"": false}"
2023-07-17 13:13:56.442,5237,13,"359159972073523",20,"{""key"": false, ""flip"": false, ""zone"": false, ""speed"": 20.3, ""buzzer"": 0, ""engine"": true, ""in_zone"": true, ""ignition"": true, ""latitude"": 42.6525433, ""direction"": 144, ""longitude"": 18.0545416, ""gsm_signal"": 31, ""sleep_mode"": false, ""staff_mode"": false, ""fault_codes"": [], ""speed_limit"": 46, ""engine_hours"": 1591, ""idc_triggers"": [], ""buzzer_active"": false, ""fuel_level_avg"": 0, ""lock_geo_alert"": false, ""operation_mode"": ""RENT"", ""battery_voltage"": 14.800000190734863, ""in_primary_zone"": true, ""lock_engine_alert"": false, ""in_restricted_zone"": false, ""onboard_geofencing"": false, ""speed_limit_active"": false}"
2023-07-17 13:13:55.440,5237,13,"359159972073523",20,"{""key"": false, ""flip"": false, ""zone"": false, ""speed"": 16.0, ""buzzer"": 0, ""engine"": true, ""in_zone"": true, ""ignition"": true, ""latitude"": 42.6525833, ""direction"": 143, ""longitude"": 18.054505, ""gsm_signal"": 31, ""sleep_mode"": false, ""staff_mode"": false, ""fault_codes"": [], ""speed_limit"": 46, ""engine_hours"": 1591, ""idc_triggers"": [], ""buzzer_active"": false, ""fuel_level_avg"": 0, ""lock_geo_alert"": false, ""operation_mode"": ""RENT"", ""battery_voltage"": 14.800000190734863, ""in_primary_zone"": true, ""lock_engine_alert"": false, ""in_restricted_zone"": false, ""onboard_geofencing"": false, ""speed_limit_active"": false}"
2023-07-17 13:13:54.839,5237,13,"359159972073523",20,"{""key"": false, ""flip"": false, ""zone"": false, ""speed"": 12.4, ""buzzer"": 0, ""engine"": true, ""in_zone"": true, ""ignition"": true, ""latitude"": 42.6526133, ""direction"": 144, ""longitude"": 18.054475, ""gsm_signal"": 31, ""sleep_mode"": false, ""staff_mode"": false, ""fault_codes"": [], ""speed_limit"": 46, ""engine_hours"": 1591, ""idc_triggers"": [], ""buzzer_active"": false, ""fuel_level_avg"": 0, ""lock_geo_alert"": false, ""operation_mode"": ""RENT"", ""battery_voltage"": 14.800000190734863, ""in_primary_zone"": true, ""lock_engine_alert"": false, ""in_restricted_zone"": false, ""onboard_geofencing"": false, ""speed_limit_active"": false}"
2023-07-17 13:13:53.417,5237,13,"359159972073523",20,"{""key"": false, ""flip"": false, ""zone"": false, ""speed"": 12.3, ""buzzer"": 0, ""engine"": true, ""in_zone"": true, ""ignition"": true, ""latitude"": 42.6526383, ""direction"": 143, ""longitude"": 18.05445, ""gsm_signal"": 31, ""sleep_mode"": false, ""staff_mode"": false, ""fault_codes"": [], ""speed_limit"": 46, ""engine_hours"": 1591, ""idc_triggers"": [], ""buzzer_active"": false, ""fuel_level_avg"": 0, ""lock_geo_alert"": false, ""operation_mode"": ""RENT"", ""battery_voltage"": 14.800000190734863, ""in_primary_zone"": true, ""lock_engine_alert"": false, ""in_restricted_zone"": false, ""onboard_geofencing"": false, ""speed_limit_active"": false}"
2023-07-17 13:13:52.421,5237,13,"359159972073523",20,"{""key"": false, ""flip"": false, ""zone"": false, ""speed"": 10.3, ""buzzer"": 0, ""engine"": true, ""in_zone"": true, ""ignition"": true, ""latitude"": 42.6526616, ""direction"": 140, ""longitude"": 18.0544266, ""gsm_signal"": 31, ""sleep_mode"": false, ""staff_mode"": false, ""fault_codes"": [], ""speed_limit"": 46, ""engine_hours"": 1591, ""idc_triggers"": [], ""buzzer_active"": false, ""fuel_level_avg"": 0, ""lock_geo_alert"": false, ""operation_mode"": ""RENT"", ""battery_voltage"": 14.800000190734863, ""in_primary_zone"": true, ""lock_engine_alert"": false, ""in_restricted_zone"": false, ""onboard_geofencing"": false, ""speed_limit_active"": false}"
2023-07-17 13:13:51.438,5237,13,"359159972073523",20,"{""key"": false, ""flip"": false, ""zone"": false, ""speed"": 10.0, ""buzzer"": 0, ""engine"": true, ""in_zone"": true, ""ignition"": true, ""latitude"": 42.6526816, ""direction"": 140, ""longitude"": 18.0544032, ""gsm_signal"": 31, ""sleep_mode"": false, ""staff_mode"": false, ""fault_codes"": [], ""speed_limit"": 46, ""engine_hours"": 1591, ""idc_triggers"": [], ""buzzer_active"": false, ""fuel_level_avg"": 0, ""lock_geo_alert"": false, ""operation_mode"": ""RENT"", ""battery_voltage"": 14.800000190734863, ""in_primary_zone"": true, ""lock_engine_alert"": false, ""in_restricted_zone"": false, ""onboard_geofencing"": false, ""speed_limit_active"": false}"
2023-07-17 13:13:50.448,5237,13,"359159972073523",20,"{""key"": false, ""flip"": false, ""zone"": false, ""speed"": 9.3, ""buzzer"": 0, ""engine"": true, ""in_zone"": true, ""ignition"": true, ""latitude"": 42.6527, ""direction"": 143, ""longitude"": 18.0543832, ""gsm_signal"": 31, ""sleep_mode"": false, ""staff_mode"": false, ""fault_codes"": [], ""speed_limit"": 46, ""engine_hours"": 1591, ""idc_triggers"": [], ""buzzer_active"": false, ""fuel_level_avg"": 0, ""lock_geo_alert"": false, ""operation_mode"": ""RENT"", ""battery_voltage"": 14.800000190734863, ""in_primary_zone"": true, ""lock_engine_alert"": false, ""in_restricted_zone"": false, ""onboard_geofencing"": false, ""speed_limit_active"": false}"
2023-07-17 13:13:49.840,5237,13,"359159972073523",20,"{""key"": false, ""flip"": false, ""zone"": false, ""speed"": 10.2, ""buzzer"": 0, ""engine"": true, ""in_zone"": true, ""ignition"": true, ""latitude"": 42.65272, ""direction"": 147, ""longitude"": 18.0543632, ""gsm_signal"": 31, ""sleep_mode"": false, ""staff_mode"": false, ""fault_codes"": [], ""speed_limit"": 46, ""engine_hours"": 1591, ""idc_triggers"": [], ""buzzer_active"": false, ""fuel_level_avg"": 0, ""lock_geo_alert"": false, ""operation_mode"": ""RENT"", ""battery_voltage"": 14.800000190734863, ""in_primary_zone"": true, ""lock_engine_alert"": false, ""in_restricted_zone"": false, ""onboard_geofencing"": false, ""speed_limit_active"": false}"
2023-07-17 13:13:48.420,5237,13,"359159972073523",20,"{""key"": false, ""flip"": false, ""zone"": false, ""speed"": 10.3, ""buzzer"": 0, ""engine"": true, ""in_zone"": true, ""ignition"": true, ""latitude"": 42.6527416, ""direction"": 143, ""longitude"": 18.054345, ""gsm_signal"": 31, ""sleep_mode"": false, ""staff_mode"": false, ""fault_codes"": [], ""speed_limit"": 46, ""engine_hours"": 1591, ""idc_triggers"": [], ""buzzer_active"": false, ""fuel_level_avg"": 0, ""lock_geo_alert"": false, ""operation_mode"": ""RENT"", ""battery_voltage"": 14.800000190734863, ""in_primary_zone"": true, ""lock_engine_alert"": false, ""in_restricted_zone"": false, ""onboard_geofencing"": false, ""speed_limit_active"": false}"
2023-07-17 13:13:47.440,5237,13,"359159972073523",20,"{""key"": false, ""flip"": false, ""zone"": false, ""speed"": 8.9, ""buzzer"": 0, ""engine"": true, ""in_zone"": true, ""ignition"": true, ""latitude"": 42.6527616, ""direction"": 140, ""longitude"": 18.054325, ""gsm_signal"": 31, ""sleep_mode"": false, ""staff_mode"": false, ""fault_codes"": [], ""speed_limit"": 46, ""engine_hours"": 1591, ""idc_triggers"": [], ""buzzer_active"": false, ""fuel_level_avg"": 0, ""lock_geo_alert"": false, ""operation_mode"": ""RENT"", ""battery_voltage"": 14.800000190734863, ""in_primary_zone"": true, ""lock_engine_alert"": false, ""in_restricted_zone"": false, ""onboard_geofencing"": false, ""speed_limit_active"": false}"
2023-07-17 13:13:46.440,5237,13,"359159972073523",20,"{""key"": false, ""flip"": false, ""zone"": false, ""speed"": 8.9, ""buzzer"": 0, ""engine"": true, ""in_zone"": true, ""ignition"": true, ""latitude"": 42.65278, ""direction"": 147, ""longitude"": 18.0543066, ""gsm_signal"": 31, ""sleep_mode"": false, ""staff_mode"": false, ""fault_codes"": [], ""speed_limit"": 46, ""engine_hours"": 1591, ""idc_triggers"": [], ""buzzer_active"": false, ""fuel_level_avg"": 0, ""lock_geo_alert"": false, ""operation_mode"": ""RENT"", ""battery_voltage"": 14.800000190734863, ""in_primary_zone"": true, ""lock_engine_alert"": false, ""in_restricted_zone"": false, ""onboard_geofencing"": false, ""speed_limit_active"": false}"
2023-07-17 13:13:45.841,5237,13,"359159972073523",20,"{""key"": false, ""flip"": false, ""zone"": false, ""speed"": 11.0, ""buzzer"": 0, ""engine"": true, ""in_zone"": true, ""ignition"": true, ""latitude"": 42.6528, ""direction"": 154, ""longitude"": 18.0542882, ""gsm_signal"": 31, ""sleep_mode"": false, ""staff_mode"": false, ""fault_codes"": [], ""speed_limit"": 46, ""engine_hours"": 1591, ""idc_triggers"": [], ""buzzer_active"": false, ""fuel_level_avg"": 0, ""lock_geo_alert"": false, ""operation_mode"": ""RENT"", ""battery_voltage"": 14.800000190734863, ""in_primary_zone"": true, ""lock_engine_alert"": false, ""in_restricted_zone"": false, ""onboard_geofencing"": false, ""speed_limit_active"": false}"
2023-07-17 13:13:44.418,5237,13,"359159972073523",20,"{""key"": false, ""flip"": false, ""zone"": false, ""speed"": 16.3, ""buzzer"": 0, ""engine"": true, ""in_zone"": true, ""ignition"": true, ""latitude"": 42.6528283, ""direction"": 157, ""longitude"": 18.05427, ""gsm_signal"": 31, ""sleep_mode"": false, ""staff_mode"": false, ""fault_codes"": [], ""speed_limit"": 46, ""engine_hours"": 1591, ""idc_triggers"": [], ""buzzer_active"": false, ""fuel_level_avg"": 0, ""lock_geo_alert"": false, ""operation_mode"": ""RENT"", ""battery_voltage"": 14.800000190734863, ""in_primary_zone"": true, ""lock_engine_alert"": false, ""in_restricted_zone"": false, ""onboard_geofencing"": false, ""speed_limit_active"": false}"
2023-07-17 13:13:43.424,5237,13,"359159972073523",20,"{""key"": false, ""flip"": false, ""zone"": false, ""speed"": 19.2, ""buzzer"": 0, ""engine"": true, ""in_zone"": true, ""ignition"": true, ""latitude"": 42.6528666, ""direction"": 156, ""longitude"": 18.0542482, ""gsm_signal"": 31, ""sleep_mode"": false, ""staff_mode"": false, ""fault_codes"": [], ""speed_limit"": 46, ""engine_hours"": 1591, ""idc_triggers"": [], ""buzzer_active"": false, ""fuel_level_avg"": 0, ""lock_geo_alert"": false, ""operation_mode"": ""RENT"", ""battery_voltage"": 14.800000190734863, ""in_primary_zone"": true, ""lock_engine_alert"": false, ""in_restricted_zone"": false, ""onboard_geofencing"": false, ""speed_limit_active"": false}"
2023-07-17 13:13:42.437,5237,13,"359159972073523",20,"{""key"": false, ""flip"": false, ""zone"": false, ""speed"": 22.5, ""buzzer"": 0, ""engine"": true, ""in_zone"": true, ""ignition"": true, ""latitude"": 42.6529133, ""direction"": 151, ""longitude"": 18.05422, ""gsm_signal"": 31, ""sleep_mode"": false, ""staff_mode"": false, ""fault_codes"": [], ""speed_limit"": 46, ""engine_hours"": 1591, ""idc_triggers"": [], ""buzzer_active"": false, ""fuel_level_avg"": 0, ""lock_geo_alert"": false, ""operation_mode"": ""RENT"", ""battery_voltage"": 14.800000190734863, ""in_primary_zone"": true, ""lock_engine_alert"": false, ""in_restricted_zone"": false, ""onboard_geofencing"": false, ""speed_limit_active"": false}"
2023-07-17 13:13:41.441,5237,13,"359159972073523",20,"{""key"": false, ""flip"": false, ""zone"": false, ""speed"": 30.3, ""buzzer"": 0, ""engine"": true, ""in_zone"": true, ""ignition"": true, ""latitude"": 42.652965, ""direction"": 147, ""longitude"": 18.0541782, ""gsm_signal"": 31, ""sleep_mode"": false, ""staff_mode"": false, ""fault_codes"": [], ""speed_limit"": 46, ""engine_hours"": 1591, ""idc_triggers"": [], ""buzzer_active"": false, ""fuel_level_avg"": 0, ""lock_geo_alert"": false, ""operation_mode"": ""RENT"", ""battery_voltage"": 14.800000190734863, ""in_primary_zone"": true, ""lock_engine_alert"": false, ""in_restricted_zone"": false, ""onboard_geofencing"": false, ""speed_limit_active"": false}"
2023-07-17 13:13:40.841,5237,13,"359159972073523",20,"{""key"": false, ""flip"": false, ""zone"": false, ""speed"": 39.7, ""buzzer"": 0, ""engine"": true, ""in_zone"": true, ""ignition"": true, ""latitude"": 42.653035, ""direction"": 145, ""longitude"": 18.0541166, ""gsm_signal"": 31, ""sleep_mode"": false, ""staff_mode"": false, ""fault_codes"": [], ""speed_limit"": 46, ""engine_hours"": 1591, ""idc_triggers"": [], ""buzzer_active"": false, ""fuel_level_avg"": 0, ""lock_geo_alert"": false, ""operation_mode"": ""RENT"", ""battery_voltage"": 14.800000190734863, ""in_primary_zone"": true, ""lock_engine_alert"": false, ""in_restricted_zone"": false, ""onboard_geofencing"": false, ""speed_limit_active"": false}"
2023-07-17 13:13:39.419,5237,13,"359159972073523",20,"{""key"": false, ""flip"": false, ""zone"": false, ""speed"": 48.1, ""buzzer"": 0, ""engine"": true, ""in_zone"": true, ""ignition"": true, ""latitude"": 42.6531216, ""direction"": 143, ""longitude"": 18.0540332, ""gsm_signal"": 29, ""sleep_mode"": false, ""staff_mode"": false, ""fault_codes"": [], ""speed_limit"": 46, ""engine_hours"": 1591, ""idc_triggers"": [], ""buzzer_active"": false, ""fuel_level_avg"": 0, ""lock_geo_alert"": false, ""operation_mode"": ""RENT"", ""battery_voltage"": 14.800000190734863, ""in_primary_zone"": true, ""lock_engine_alert"": false, ""in_restricted_zone"": false, ""onboard_geofencing"": false, ""speed_limit_active"": false}"
2023-07-17 13:13:38.444,5237,13,"359159972073523",20,"{""key"": false, ""flip"": false, ""zone"": false, ""speed"": 54.3, ""buzzer"": 0, ""engine"": true, ""in_zone"": true, ""ignition"": true, ""latitude"": 42.6532216, ""direction"": 144, ""longitude"": 18.0539332, ""gsm_signal"": 29, ""sleep_mode"": false, ""staff_mode"": false, ""fault_codes"": [], ""speed_limit"": 46, ""engine_hours"": 1591, ""idc_triggers"": [], ""buzzer_active"": false, ""fuel_level_avg"": 0, ""lock_geo_alert"": false, ""operation_mode"": ""RENT"", ""battery_voltage"": 14.800000190734863, ""in_primary_zone"": true, ""lock_engine_alert"": false, ""in_restricted_zone"": false, ""onboard_geofencing"": false, ""speed_limit_active"": false}"
2023-07-17 13:13:37.439,5237,13,"359159972073523",20,"{""key"": false, ""flip"": false, ""zone"": false, ""speed"": 57.9, ""buzzer"": 0, ""engine"": true, ""in_zone"": true, ""ignition"": true, ""latitude"": 42.6533333, ""direction"": 143, ""longitude"": 18.0538232, ""gsm_signal"": 29, ""sleep_mode"": false, ""staff_mode"": false, ""fault_codes"": [], ""speed_limit"": 46, ""engine_hours"": 1591, ""idc_triggers"": [], ""buzzer_active"": false, ""fuel_level_avg"": 0, ""lock_geo_alert"": false, ""operation_mode"": ""RENT"", ""battery_voltage"": 14.800000190734863, ""in_primary_zone"": true, ""lock_engine_alert"": false, ""in_restricted_zone"": false, ""onboard_geofencing"": false, ""speed_limit_active"": false}"
2023-07-17 13:13:36.839,5237,13,"359159972073523",20,"{""key"": false, ""flip"": false, ""zone"": false, ""speed"": 58.4, ""buzzer"": 0, ""engine"": true, ""in_zone"": true, ""ignition"": true, ""latitude"": 42.65345, ""direction"": 143, ""longitude"": 18.0537066, ""gsm_signal"": 29, ""sleep_mode"": false, ""staff_mode"": false, ""fault_codes"": [], ""speed_limit"": 46, ""engine_hours"": 1591, ""idc_triggers"": [], ""buzzer_active"": false, ""fuel_level_avg"": 0, ""lock_geo_alert"": false, ""operation_mode"": ""RENT"", ""battery_voltage"": 14.800000190734863, ""in_primary_zone"": true, ""lock_engine_alert"": false, ""in_restricted_zone"": false, ""onboard_geofencing"": false, ""speed_limit_active"": false}"
2023-07-17 13:13:35.418,5237,13,"359159972073523",20,"{""key"": false, ""flip"": false, ""zone"": false, ""speed"": 59.1, ""buzzer"": 0, ""engine"": true, ""in_zone"": true, ""ignition"": true, ""latitude"": 42.6535683, ""direction"": 144, ""longitude"": 18.05359, ""gsm_signal"": 29, ""sleep_mode"": false, ""staff_mode"": false, ""fault_codes"": [], ""speed_limit"": 46, ""engine_hours"": 1591, ""idc_triggers"": [], ""buzzer_active"": false, ""fuel_level_avg"": 0, ""lock_geo_alert"": false, ""operation_mode"": ""RENT"", ""battery_voltage"": 14.800000190734863, ""in_primary_zone"": true, ""lock_engine_alert"": false, ""in_restricted_zone"": false, ""onboard_geofencing"": false, ""speed_limit_active"": false}"
2023-07-17 13:13:34.422,5237,13,"359159972073523",20,"{""key"": false, ""flip"": false, ""zone"": false, ""speed"": 59.2, ""buzzer"": 0, ""engine"": true, ""in_zone"": true, ""ignition"": true, ""latitude"": 42.6536883, ""direction"": 144, ""longitude"": 18.0534732, ""gsm_signal"": 29, ""sleep_mode"": false, ""staff_mode"": false, ""fault_codes"": [], ""speed_limit"": 46, ""engine_hours"": 1591, ""idc_triggers"": [], ""buzzer_active"": false, ""fuel_level_avg"": 0, ""lock_geo_alert"": false, ""operation_mode"": ""RENT"", ""battery_voltage"": 14.800000190734863, ""in_primary_zone"": true, ""lock_engine_alert"": false, ""in_restricted_zone"": false, ""onboard_geofencing"": false, ""speed_limit_active"": false}"
2023-07-17 13:13:33.439,5237,13,"359159972073523",20,"{""key"": false, ""flip"": false, ""zone"": false, ""speed"": 60.1, ""buzzer"": 0, ""engine"": true, ""in_zone"": true, ""ignition"": true, ""latitude"": 42.65381, ""direction"": 144, ""longitude"": 18.053355, ""gsm_signal"": 28, ""sleep_mode"": false, ""staff_mode"": false, ""fault_codes"": [], ""speed_limit"": 46, ""engine_hours"": 1591, ""idc_triggers"": [], ""buzzer_active"": false, ""fuel_level_avg"": 0, ""lock_geo_alert"": false, ""operation_mode"": ""RENT"", ""battery_voltage"": 14.800000190734863, ""in_primary_zone"": true, ""lock_engine_alert"": false, ""in_restricted_zone"": false, ""onboard_geofencing"": false, ""speed_limit_active"": false}"
2023-07-17 13:13:32.443,5237,13,"359159972073523",20,"{""key"": false, ""flip"": false, ""zone"": false, ""speed"": 60.9, ""buzzer"": 0, ""engine"": true, ""in_zone"": true, ""ignition"": true, ""latitude"": 42.6539333, ""direction"": 144, ""longitude"": 18.0532366, ""gsm_signal"": 28, ""sleep_mode"": false, ""staff_mode"": false, ""fault_codes"": [], ""speed_limit"": 46, ""engine_hours"": 1591, ""idc_triggers"": [], ""buzzer_active"": false, ""fuel_level_avg"": 0, ""lock_geo_alert"": false, ""operation_mode"": ""RENT"", ""battery_voltage"": 14.800000190734863, ""in_primary_zone"": true, ""lock_engine_alert"": false, ""in_restricted_zone"": false, ""onboard_geofencing"": false, ""speed_limit_active"": false}"
2023-07-17 13:13:31.841,5237,13,"359159972073523",20,"{""key"": false, ""flip"": false, ""zone"": false, ""speed"": 61.3, ""buzzer"": 0, ""engine"": true, ""in_zone"": true, ""ignition"": true, ""latitude"": 42.6540583, ""direction"": 144, ""longitude"": 18.0531182, ""gsm_signal"": 28, ""sleep_mode"": false, ""staff_mode"": false, ""fault_codes"": [], ""speed_limit"": 46, ""engine_hours"": 1591, ""idc_triggers"": [], ""buzzer_active"": false, ""fuel_level_avg"": 0, ""lock_geo_alert"": false, ""operation_mode"": ""RENT"", ""battery_voltage"": 14.800000190734863, ""in_primary_zone"": true, ""lock_engine_alert"": false, ""in_restricted_zone"": false, ""onboard_geofencing"": false, ""speed_limit_active"": false}"
2023-07-17 13:13:30.420,5237,13,"359159972073523",20,"{""key"": false, ""flip"": false, ""zone"": false, ""speed"": 60.8, ""buzzer"": 0, ""engine"": true, ""in_zone"": true, ""ignition"": true, ""latitude"": 42.6541833, ""direction"": 144, ""longitude"": 18.0529982, ""gsm_signal"": 28, ""sleep_mode"": false, ""staff_mode"": false, ""fault_codes"": [], ""speed_limit"": 46, ""engine_hours"": 1591, ""idc_triggers"": [], ""buzzer_active"": false, ""fuel_level_avg"": 0, ""lock_geo_alert"": false, ""operation_mode"": ""RENT"", ""battery_voltage"": 14.800000190734863, ""in_primary_zone"": true, ""lock_engine_alert"": false, ""in_restricted_zone"": false, ""onboard_geofencing"": false, ""speed_limit_active"": false}"
2023-07-17 13:13:29.441,5237,13,"359159972073523",20,"{""key"": false, ""flip"": false, ""zone"": false, ""speed"": 60.5, ""buzzer"": 0, ""engine"": true, ""in_zone"": true, ""ignition"": true, ""latitude"": 42.6543083, ""direction"": 144, ""longitude"": 18.05288, ""gsm_signal"": 28, ""sleep_mode"": false, ""staff_mode"": false, ""fault_codes"": [], ""speed_limit"": 46, ""engine_hours"": 1591, ""idc_triggers"": [], ""buzzer_active"": false, ""fuel_level_avg"": 0, ""lock_geo_alert"": false, ""operation_mode"": ""RENT"", ""battery_voltage"": 14.800000190734863, ""in_primary_zone"": true, ""lock_engine_alert"": false, ""in_restricted_zone"": false, ""onboard_geofencing"": false, ""speed_limit_active"": false}"
2023-07-17 13:13:28.438,5237,13,"359159972073523",20,"{""key"": false, ""flip"": false, ""zone"": false, ""speed"": 60.7, ""buzzer"": 0, ""engine"": true, ""in_zone"": true, ""ignition"": true, ""latitude"": 42.6544316, ""direction"": 144, ""longitude"": 18.05276, ""gsm_signal"": 28, ""sleep_mode"": false, ""staff_mode"": false, ""fault_codes"": [], ""speed_limit"": 46, ""engine_hours"": 1591, ""idc_triggers"": [], ""buzzer_active"": false, ""fuel_level_avg"": 0, ""lock_geo_alert"": false, ""operation_mode"": ""RENT"", ""battery_voltage"": 14.800000190734863, ""in_primary_zone"": true, ""lock_engine_alert"": false, ""in_restricted_zone"": false, ""onboard_geofencing"": false, ""speed_limit_active"": false}"
2023-07-17 13:13:27.839,5237,13,"359159972073523",20,"{""key"": false, ""flip"": false, ""zone"": false, ""speed"": 61.2, ""buzzer"": 0, ""engine"": true, ""in_zone"": true, ""ignition"": true, ""latitude"": 42.654555, ""direction"": 143, ""longitude"": 18.05264, ""gsm_signal"": 28, ""sleep_mode"": false, ""staff_mode"": false, ""fault_codes"": [], ""speed_limit"": 46, ""engine_hours"": 1591, ""idc_triggers"": [], ""buzzer_active"": false, ""fuel_level_avg"": 0, ""lock_geo_alert"": false, ""operation_mode"": ""RENT"", ""battery_voltage"": 14.800000190734863, ""in_primary_zone"": true, ""lock_engine_alert"": false, ""in_restricted_zone"": false, ""onboard_geofencing"": false, ""speed_limit_active"": false}"
2023-07-17 13:13:26.419,5237,13,"359159972073523",20,"{""key"": false, ""flip"": false, ""zone"": false, ""speed"": 59.9, ""buzzer"": 0, ""engine"": true, ""in_zone"": true, ""ignition"": true, ""latitude"": 42.6546783, ""direction"": 143, ""longitude"": 18.0525182, ""gsm_signal"": 28, ""sleep_mode"": false, ""staff_mode"": false, ""fault_codes"": [], ""speed_limit"": 46, ""engine_hours"": 1591, ""idc_triggers"": [], ""buzzer_active"": false, ""fuel_level_avg"": 0, ""lock_geo_alert"": false, ""operation_mode"": ""RENT"", ""battery_voltage"": 14.800000190734863, ""in_primary_zone"": true, ""lock_engine_alert"": false, ""in_restricted_zone"": false, ""onboard_geofencing"": false, ""speed_limit_active"": false}"
2023-07-17 13:13:25.421,5237,13,"359159972073523",20,"{""key"": false, ""flip"": false, ""zone"": false, ""speed"": 58.8, ""buzzer"": 0, ""engine"": true, ""in_zone"": true, ""ignition"": true, ""latitude"": 42.6547983, ""direction"": 143, ""longitude"": 18.0524, ""gsm_signal"": 28, ""sleep_mode"": false, ""staff_mode"": false, ""fault_codes"": [], ""speed_limit"": 46, ""engine_hours"": 1591, ""idc_triggers"": [], ""buzzer_active"": false, ""fuel_level_avg"": 0, ""lock_geo_alert"": false, ""operation_mode"": ""RENT"", ""battery_voltage"": 14.800000190734863, ""in_primary_zone"": true, ""lock_engine_alert"": false, ""in_restricted_zone"": false, ""onboard_geofencing"": false, ""speed_limit_active"": false}"
2023-07-17 13:13:24.438,5237,13,"359159972073523",20,"{""key"": false, ""flip"": false, ""zone"": false, ""speed"": 57.1, ""buzzer"": 0, ""engine"": true, ""in_zone"": true, ""ignition"": true, ""latitude"": 42.654915, ""direction"": 143, ""longitude"": 18.0522816, ""gsm_signal"": 28, ""sleep_mode"": false, ""staff_mode"": false, ""fault_codes"": [], ""speed_limit"": 46, ""engine_hours"": 1591, ""idc_triggers"": [], ""buzzer_active"": false, ""fuel_level_avg"": 0, ""lock_geo_alert"": false, ""operation_mode"": ""RENT"", ""battery_voltage"": 14.800000190734863, ""in_primary_zone"": true, ""lock_engine_alert"": false, ""in_restricted_zone"": false, ""onboard_geofencing"": false, ""speed_limit_active"": false}"
2023-07-17 13:13:23.441,5237,13,"359159972073523",20,"{""key"": false, ""flip"": false, ""zone"": false, ""speed"": 57.1, ""buzzer"": 0, ""engine"": true, ""in_zone"": true, ""ignition"": true, ""latitude"": 42.65503, ""direction"": 143, ""longitude"": 18.0521666, ""gsm_signal"": 28, ""sleep_mode"": false, ""staff_mode"": false, ""fault_codes"": [], ""speed_limit"": 46, ""engine_hours"": 1591, ""idc_triggers"": [], ""buzzer_active"": false, ""fuel_level_avg"": 0, ""lock_geo_alert"": false, ""operation_mode"": ""RENT"", ""battery_voltage"": 14.800000190734863, ""in_primary_zone"": true, ""lock_engine_alert"": false, ""in_restricted_zone"": false, ""onboard_geofencing"": false, ""speed_limit_active"": false}"
2023-07-17 13:13:22.841,5237,13,"359159972073523",20,"{""key"": false, ""flip"": false, ""zone"": false, ""speed"": 55.6, ""buzzer"": 0, ""engine"": true, ""in_zone"": true, ""ignition"": true, ""latitude"": 42.6551433, ""direction"": 142, ""longitude"": 18.0520516, ""gsm_signal"": 28, ""sleep_mode"": false, ""staff_mode"": false, ""fault_codes"": [], ""speed_limit"": 46, ""engine_hours"": 1591, ""idc_triggers"": [], ""buzzer_active"": false, ""fuel_level_avg"": 0, ""lock_geo_alert"": false, ""operation_mode"": ""RENT"", ""battery_voltage"": 14.800000190734863, ""in_primary_zone"": true, ""lock_engine_alert"": false, ""in_restricted_zone"": false, ""onboard_geofencing"": false, ""speed_limit_active"": false}"
2023-07-17 13:13:21.419,5237,13,"359159972073523",20,"{""key"": false, ""flip"": false, ""zone"": false, ""speed"": 54.4, ""buzzer"": 0, ""engine"": true, ""in_zone"": true, ""ignition"": true, ""latitude"": 42.6552533, ""direction"": 142, ""longitude"": 18.0519382, ""gsm_signal"": 28, ""sleep_mode"": false, ""staff_mode"": false, ""fault_codes"": [], ""speed_limit"": 46, ""engine_hours"": 1591, ""idc_triggers"": [], ""buzzer_active"": false, ""fuel_level_avg"": 0, ""lock_geo_alert"": false, ""operation_mode"": ""RENT"", ""battery_voltage"": 14.800000190734863, ""in_primary_zone"": true, ""lock_engine_alert"": false, ""in_restricted_zone"": false, ""onboard_geofencing"": false, ""speed_limit_active"": false}"
2023-07-17 13:13:20.419,5237,13,"359159972073523",20,"{""key"": false, ""flip"": false, ""zone"": false, ""speed"": 53.4, ""buzzer"": 0, ""engine"": true, ""in_zone"": true, ""ignition"": true, ""latitude"": 42.6553616, ""direction"": 143, ""longitude"": 18.0518282, ""gsm_signal"": 28, ""sleep_mode"": false, ""staff_mode"": false, ""fault_codes"": [], ""speed_limit"": 46, ""engine_hours"": 1591, ""idc_triggers"": [], ""buzzer_active"": false, ""fuel_level_avg"": 0, ""lock_geo_alert"": false, ""operation_mode"": ""RENT"", ""battery_voltage"": 14.800000190734863, ""in_primary_zone"": true, ""lock_engine_alert"": false, ""in_restricted_zone"": false, ""onboard_geofencing"": false, ""speed_limit_active"": false}"
2023-07-17 13:13:19.422,5237,13,"359159972073523",20,"{""key"": false, ""flip"": false, ""zone"": false, ""speed"": 51.7, ""buzzer"": 0, ""engine"": true, ""in_zone"": true, ""ignition"": true, ""latitude"": 42.6554666, ""direction"": 142, ""longitude"": 18.0517216, ""gsm_signal"": 28, ""sleep_mode"": false, ""staff_mode"": false, ""fault_codes"": [], ""speed_limit"": 46, ""engine_hours"": 1591, ""idc_triggers"": [], ""buzzer_active"": false, ""fuel_level_avg"": 0, ""lock_geo_alert"": false, ""operation_mode"": ""RENT"", ""battery_voltage"": 14.800000190734863, ""in_primary_zone"": true, ""lock_engine_alert"": false, ""in_restricted_zone"": false, ""onboard_geofencing"": false, ""speed_limit_active"": false}"
2023-07-17 13:13:18.439,5237,13,"359159972073523",20,"{""key"": false, ""flip"": false, ""zone"": false, ""speed"": 50.0, ""buzzer"": 0, ""engine"": true, ""in_zone"": true, ""ignition"": true, ""latitude"": 42.6555666, ""direction"": 140, ""longitude"": 18.0516132, ""gsm_signal"": 28, ""sleep_mode"": false, ""staff_mode"": false, ""fault_codes"": [], ""speed_limit"": 46, ""engine_hours"": 1591, ""idc_triggers"": [], ""buzzer_active"": false, ""fuel_level_avg"": 0, ""lock_geo_alert"": false, ""operation_mode"": ""RENT"", ""battery_voltage"": 14.800000190734863, ""in_primary_zone"": true, ""lock_engine_alert"": false, ""in_restricted_zone"": false, ""onboard_geofencing"": false, ""speed_limit_active"": false}"
2023-07-17 13:13:17.441,5237,13,"359159972073523",20,"{""key"": false, ""flip"": false, ""zone"": false, ""speed"": 48.8, ""buzzer"": 0, ""engine"": true, ""in_zone"": true, ""ignition"": true, ""latitude"": 42.6556633, ""direction"": 139, ""longitude"": 18.0515066, ""gsm_signal"": 28, ""sleep_mode"": false, ""staff_mode"": false, ""fault_codes"": [], ""speed_limit"": 46, ""engine_hours"": 1591, ""idc_triggers"": [], ""buzzer_active"": false, ""fuel_level_avg"": 0, ""lock_geo_alert"": false, ""operation_mode"": ""RENT"", ""battery_voltage"": 14.800000190734863, ""in_primary_zone"": true, ""lock_engine_alert"": false, ""in_restricted_zone"": false, ""onboard_geofencing"": false, ""speed_limit_active"": false}"
2023-07-17 13:13:16.841,5237,13,"359159972073523",20,"{""key"": false, ""flip"": false, ""zone"": false, ""speed"": 45.9, ""buzzer"": 0, ""engine"": true, ""in_zone"": true, ""ignition"": true, ""latitude"": 42.6557533, ""direction"": 138, ""longitude"": 18.0514, ""gsm_signal"": 28, ""sleep_mode"": false, ""staff_mode"": false, ""fault_codes"": [], ""speed_limit"": 46, ""engine_hours"": 1591, ""idc_triggers"": [], ""buzzer_active"": false, ""fuel_level_avg"": 0, ""lock_geo_alert"": false, ""operation_mode"": ""RENT"", ""battery_voltage"": 14.800000190734863, ""in_primary_zone"": true, ""lock_engine_alert"": false, ""in_restricted_zone"": false, ""onboard_geofencing"": false, ""speed_limit_active"": false}"
2023-07-17 13:13:15.422,5237,13,"359159972073523",20,"{""key"": false, ""flip"": false, ""zone"": false, ""speed"": 41.8, ""buzzer"": 0, ""engine"": true, ""in_zone"": true, ""ignition"": true, ""latitude"": 42.6558366, ""direction"": 137, ""longitude"": 18.0512982, ""gsm_signal"": 28, ""sleep_mode"": false, ""staff_mode"": false, ""fault_codes"": [], ""speed_limit"": 46, ""engine_hours"": 1591, ""idc_triggers"": [], ""buzzer_active"": false, ""fuel_level_avg"": 0, ""lock_geo_alert"": false, ""operation_mode"": ""RENT"", ""battery_voltage"": 14.800000190734863, ""in_primary_zone"": true, ""lock_engine_alert"": false, ""in_restricted_zone"": false, ""onboard_geofencing"": false, ""speed_limit_active"": false}"
2023-07-17 13:13:14.443,5237,13,"359159972073523",20,"{""key"": false, ""flip"": false, ""zone"": false, ""speed"": 39.6, ""buzzer"": 0, ""engine"": true, ""in_zone"": true, ""ignition"": true, ""latitude"": 42.6559116, ""direction"": 137, ""longitude"": 18.0512032, ""gsm_signal"": 28, ""sleep_mode"": false, ""staff_mode"": false, ""fault_codes"": [], ""speed_limit"": 46, ""engine_hours"": 1591, ""idc_triggers"": [], ""buzzer_active"": false, ""fuel_level_avg"": 0, ""lock_geo_alert"": false, ""operation_mode"": ""RENT"", ""battery_voltage"": 14.800000190734863, ""in_primary_zone"": true, ""lock_engine_alert"": false, ""in_restricted_zone"": false, ""onboard_geofencing"": false, ""speed_limit_active"": false}"
2023-07-17 13:13:13.440,5237,13,"359159972073523",20,"{""key"": false, ""flip"": false, ""zone"": false, ""speed"": 40.6, ""buzzer"": 0, ""engine"": true, ""in_zone"": true, ""ignition"": true, ""latitude"": 42.655985, ""direction"": 135, ""longitude"": 18.0511116, ""gsm_signal"": 28, ""sleep_mode"": false, ""staff_mode"": false, ""fault_codes"": [], ""speed_limit"": 46, ""engine_hours"": 1591, ""idc_triggers"": [], ""buzzer_active"": false, ""fuel_level_avg"": 0, ""lock_geo_alert"": false, ""operation_mode"": ""RENT"", ""battery_voltage"": 14.800000190734863, ""in_primary_zone"": true, ""lock_engine_alert"": false, ""in_restricted_zone"": false, ""onboard_geofencing"": false, ""speed_limit_active"": false}"
2023-07-17 13:13:12.839,5237,13,"359159972073523",20,"{""key"": false, ""flip"": false, ""zone"": false, ""speed"": 34.1, ""buzzer"": 0, ""engine"": true, ""in_zone"": true, ""ignition"": true, ""latitude"": 42.656053299999996, ""direction"": 134, ""longitude"": 18.05102, ""gsm_signal"": 29, ""sleep_mode"": false, ""staff_mode"": false, ""fault_codes"": [], ""speed_limit"": 46, ""engine_hours"": 1591, ""idc_triggers"": [], ""buzzer_active"": false, ""fuel_level_avg"": 0, ""lock_geo_alert"": false, ""operation_mode"": ""RENT"", ""battery_voltage"": 14.800000190734863, ""in_primary_zone"": true, ""lock_engine_alert"": false, ""in_restricted_zone"": false, ""onboard_geofencing"": false, ""speed_limit_active"": false}"
2023-07-17 13:13:11.418,5237,13,"359159972073523",20,"{""key"": false, ""flip"": false, ""zone"": false, ""speed"": 25.6, ""buzzer"": 0, ""engine"": true, ""in_zone"": true, ""ignition"": true, ""latitude"": 42.65611, ""direction"": 132, ""longitude"": 18.050945, ""gsm_signal"": 29, ""sleep_mode"": false, ""staff_mode"": false, ""fault_codes"": [], ""speed_limit"": 46, ""engine_hours"": 1591, ""idc_triggers"": [], ""buzzer_active"": false, ""fuel_level_avg"": 0, ""lock_geo_alert"": false, ""operation_mode"": ""RENT"", ""battery_voltage"": 14.800000190734863, ""in_primary_zone"": true, ""lock_engine_alert"": false, ""in_restricted_zone"": false, ""onboard_geofencing"": false, ""speed_limit_active"": false}"
2023-07-17 13:13:10.421,5237,13,"359159972073523",20,"{""key"": false, ""flip"": false, ""zone"": false, ""speed"": 19.9, ""buzzer"": 0, ""engine"": true, ""in_zone"": true, ""ignition"": true, ""latitude"": 42.65615, ""direction"": 131, ""longitude"": 18.050885, ""gsm_signal"": 29, ""sleep_mode"": false, ""staff_mode"": false, ""fault_codes"": [], ""speed_limit"": 46, ""engine_hours"": 1591, ""idc_triggers"": [], ""buzzer_active"": false, ""fuel_level_avg"": 0, ""lock_geo_alert"": false, ""operation_mode"": ""RENT"", ""battery_voltage"": 14.800000190734863, ""in_primary_zone"": true, ""lock_engine_alert"": false, ""in_restricted_zone"": false, ""onboard_geofencing"": false, ""speed_limit_active"": false}"
2023-07-17 13:13:09.444,5237,13,"359159972073523",20,"{""key"": false, ""flip"": false, ""zone"": false, ""speed"": 15.6, ""buzzer"": 0, ""engine"": true, ""in_zone"": true, ""ignition"": true, ""latitude"": 42.6561816, ""direction"": 130, ""longitude"": 18.0508366, ""gsm_signal"": 29, ""sleep_mode"": false, ""staff_mode"": false, ""fault_codes"": [], ""speed_limit"": 46, ""engine_hours"": 1591, ""idc_triggers"": [], ""buzzer_active"": false, ""fuel_level_avg"": 0, ""lock_geo_alert"": false, ""operation_mode"": ""RENT"", ""battery_voltage"": 14.800000190734863, ""in_primary_zone"": true, ""lock_engine_alert"": false, ""in_restricted_zone"": false, ""onboard_geofencing"": false, ""speed_limit_active"": false}"
2023-07-17 13:13:08.441,5237,13,"359159972073523",20,"{""key"": false, ""flip"": false, ""zone"": false, ""speed"": 13.1, ""buzzer"": 0, ""engine"": true, ""in_zone"": true, ""ignition"": true, ""latitude"": 42.6562066, ""direction"": 131, ""longitude"": 18.0507982, ""gsm_signal"": 29, ""sleep_mode"": false, ""staff_mode"": false, ""fault_codes"": [], ""speed_limit"": 46, ""engine_hours"": 1591, ""idc_triggers"": [], ""buzzer_active"": false, ""fuel_level_avg"": 0, ""lock_geo_alert"": false, ""operation_mode"": ""RENT"", ""battery_voltage"": 14.800000190734863, ""in_primary_zone"": true, ""lock_engine_alert"": false, ""in_restricted_zone"": false, ""onboard_geofencing"": false, ""speed_limit_active"": false}"
2023-07-17 13:13:07.841,5237,13,"359159972073523",20,"{""key"": false, ""flip"": false, ""zone"": false, ""speed"": 10.3, ""buzzer"": 0, ""engine"": true, ""in_zone"": true, ""ignition"": true, ""latitude"": 42.6562266, ""direction"": 131, ""longitude"": 18.0507682, ""gsm_signal"": 29, ""sleep_mode"": false, ""staff_mode"": false, ""fault_codes"": [], ""speed_limit"": 46, ""engine_hours"": 1591, ""idc_triggers"": [], ""buzzer_active"": false, ""fuel_level_avg"": 0, ""lock_geo_alert"": false, ""operation_mode"": ""RENT"", ""battery_voltage"": 14.800000190734863, ""in_primary_zone"": true, ""lock_engine_alert"": false, ""in_restricted_zone"": false, ""onboard_geofencing"": false, ""speed_limit_active"": false}"
2023-07-17 13:13:06.420,5237,13,"359159972073523",20,"{""key"": false, ""flip"": false, ""zone"": false, ""speed"": 7.9, ""buzzer"": 0, ""engine"": true, ""in_zone"": true, ""ignition"": true, ""latitude"": 42.6562433, ""direction"": 128, ""longitude"": 18.0507432, ""gsm_signal"": 28, ""sleep_mode"": false, ""staff_mode"": false, ""fault_codes"": [], ""speed_limit"": 46, ""engine_hours"": 1591, ""idc_triggers"": [], ""buzzer_active"": false, ""fuel_level_avg"": 0, ""lock_geo_alert"": false, ""operation_mode"": ""RENT"", ""battery_voltage"": 14.800000190734863, ""in_primary_zone"": true, ""lock_engine_alert"": false, ""in_restricted_zone"": false, ""onboard_geofencing"": false, ""speed_limit_active"": false}"
2023-07-17 13:13:05.442,5237,13,"359159972073523",20,"{""key"": false, ""flip"": false, ""zone"": false, ""speed"": 7.4, ""buzzer"": 0, ""engine"": true, ""in_zone"": true, ""ignition"": true, ""latitude"": 42.656255, ""direction"": 124, ""longitude"": 18.0507232, ""gsm_signal"": 28, ""sleep_mode"": false, ""staff_mode"": false, ""fault_codes"": [], ""speed_limit"": 46, ""engine_hours"": 1591, ""idc_triggers"": [], ""buzzer_active"": false, ""fuel_level_avg"": 0, ""lock_geo_alert"": false, ""operation_mode"": ""RENT"", ""battery_voltage"": 14.800000190734863, ""in_primary_zone"": true, ""lock_engine_alert"": false, ""in_restricted_zone"": false, ""onboard_geofencing"": false, ""speed_limit_active"": false}"
2023-07-17 13:13:04.449,5237,13,"359159972073523",20,"{""key"": false, ""flip"": false, ""zone"": false, ""speed"": 7.3, ""buzzer"": 0, ""engine"": true, ""in_zone"": true, ""ignition"": true, ""latitude"": 42.6562666, ""direction"": 117, ""longitude"": 18.0507032, ""gsm_signal"": 28, ""sleep_mode"": false, ""staff_mode"": false, ""fault_codes"": [], ""speed_limit"": 46, ""engine_hours"": 1591, ""idc_triggers"": [], ""buzzer_active"": false, ""fuel_level_avg"": 0, ""lock_geo_alert"": false, ""operation_mode"": ""RENT"", ""battery_voltage"": 14.800000190734863, ""in_primary_zone"": true, ""lock_engine_alert"": false, ""in_restricted_zone"": false, ""onboard_geofencing"": false, ""speed_limit_active"": false}"
2023-07-17 13:13:03.840,5237,13,"359159972073523",20,"{""key"": false, ""flip"": false, ""zone"": false, ""speed"": 6.3, ""buzzer"": 0, ""engine"": true, ""in_zone"": true, ""ignition"": true, ""latitude"": 42.656275, ""direction"": 116, ""longitude"": 18.0506816, ""gsm_signal"": 29, ""sleep_mode"": false, ""staff_mode"": false, ""fault_codes"": [], ""speed_limit"": 46, ""engine_hours"": 1591, ""idc_triggers"": [], ""buzzer_active"": false, ""fuel_level_avg"": 0, ""lock_geo_alert"": false, ""operation_mode"": ""RENT"", ""battery_voltage"": 14.800000190734863, ""in_primary_zone"": true, ""lock_engine_alert"": false, ""in_restricted_zone"": false, ""onboard_geofencing"": false, ""speed_limit_active"": false}"
2023-07-17 13:13:02.418,5237,13,"359159972073523",20,"{""key"": false, ""flip"": false, ""zone"": false, ""speed"": 5.3, ""buzzer"": 0, ""engine"": true, ""in_zone"": true, ""ignition"": true, ""latitude"": 42.6562816, ""direction"": 121, ""longitude"": 18.0506616, ""gsm_signal"": 29, ""sleep_mode"": false, ""staff_mode"": false, ""fault_codes"": [], ""speed_limit"": 46, ""engine_hours"": 1591, ""idc_triggers"": [], ""buzzer_active"": false, ""fuel_level_avg"": 0, ""lock_geo_alert"": false, ""operation_mode"": ""RENT"", ""battery_voltage"": 14.800000190734863, ""in_primary_zone"": true, ""lock_engine_alert"": false, ""in_restricted_zone"": false, ""onboard_geofencing"": false, ""speed_limit_active"": false}"
2023-07-17 13:13:01.421,5237,13,"359159972073523",20,"{""key"": false, ""flip"": false, ""zone"": false, ""speed"": 5.7, ""buzzer"": 0, ""engine"": true, ""in_zone"": true, ""ignition"": true, ""latitude"": 42.6562866, ""direction"": 124, ""longitude"": 18.050645, ""gsm_signal"": 29, ""sleep_mode"": false, ""staff_mode"": false, ""fault_codes"": [], ""speed_limit"": 46, ""engine_hours"": 1591, ""idc_triggers"": [], ""buzzer_active"": false, ""fuel_level_avg"": 0, ""lock_geo_alert"": false, ""operation_mode"": ""RENT"", ""battery_voltage"": 14.800000190734863, ""in_primary_zone"": true, ""lock_engine_alert"": false, ""in_restricted_zone"": false, ""onboard_geofencing"": false, ""speed_limit_active"": false}"
2023-07-17 13:13:00.437,5237,13,"359159972073523",20,"{""key"": false, ""flip"": false, ""zone"": false, ""speed"": 5.1, ""buzzer"": 0, ""engine"": true, ""in_zone"": true, ""ignition"": true, ""latitude"": 42.656295, ""direction"": 132, ""longitude"": 18.05063, ""gsm_signal"": 29, ""sleep_mode"": false, ""staff_mode"": false, ""fault_codes"": [], ""speed_limit"": 46, ""engine_hours"": 1591, ""idc_triggers"": [], ""buzzer_active"": false, ""fuel_level_avg"": 0, ""lock_geo_alert"": false, ""operation_mode"": ""RENT"", ""battery_voltage"": 14.800000190734863, ""in_primary_zone"": true, ""lock_engine_alert"": false, ""in_restricted_zone"": false, ""onboard_geofencing"": false, ""speed_limit_active"": false}"
2023-07-17 13:12:59.441,5237,13,"359159972073523",20,"{""key"": false, ""flip"": false, ""zone"": false, ""speed"": 5.1, ""buzzer"": 0, ""engine"": true, ""in_zone"": true, ""ignition"": true, ""latitude"": 42.656305, ""direction"": 131, ""longitude"": 18.0506182, ""gsm_signal"": 29, ""sleep_mode"": false, ""staff_mode"": false, ""fault_codes"": [], ""speed_limit"": 46, ""engine_hours"": 1591, ""idc_triggers"": [], ""buzzer_active"": false, ""fuel_level_avg"": 0, ""lock_geo_alert"": false, ""operation_mode"": ""RENT"", ""battery_voltage"": 14.800000190734863, ""in_primary_zone"": true, ""lock_engine_alert"": false, ""in_restricted_zone"": false, ""onboard_geofencing"": false, ""speed_limit_active"": false}"
2023-07-17 13:12:58.878,5237,13,"359159972073523",20,"{""key"": false, ""flip"": false, ""zone"": false, ""speed"": 5.3, ""buzzer"": 0, ""engine"": true, ""in_zone"": true, ""ignition"": true, ""latitude"": 42.6563133, ""direction"": 128, ""longitude"": 18.050605, ""gsm_signal"": 29, ""sleep_mode"": false, ""staff_mode"": false, ""fault_codes"": [], ""speed_limit"": 46, ""engine_hours"": 1591, ""idc_triggers"": [], ""buzzer_active"": false, ""fuel_level_avg"": 0, ""lock_geo_alert"": false, ""operation_mode"": ""RENT"", ""battery_voltage"": 14.800000190734863, ""in_primary_zone"": true, ""lock_engine_alert"": false, ""in_restricted_zone"": false, ""onboard_geofencing"": false, ""speed_limit_active"": false}"
2023-07-17 13:12:57.420,5237,13,"359159972073523",20,"{""key"": false, ""flip"": false, ""zone"": false, ""speed"": 5.3, ""buzzer"": 0, ""engine"": true, ""in_zone"": true, ""ignition"": true, ""latitude"": 42.6563216, ""direction"": 125, ""longitude"": 18.0505916, ""gsm_signal"": 29, ""sleep_mode"": false, ""staff_mode"": false, ""fault_codes"": [], ""speed_limit"": 46, ""engine_hours"": 1591, ""idc_triggers"": [], ""buzzer_active"": false, ""fuel_level_avg"": 0, ""lock_geo_alert"": false, ""operation_mode"": ""RENT"", ""battery_voltage"": 14.800000190734863, ""in_primary_zone"": true, ""lock_engine_alert"": false, ""in_restricted_zone"": false, ""onboard_geofencing"": false, ""speed_limit_active"": false}"
2023-07-17 13:12:56.419,5237,13,"359159972073523",20,"{""key"": false, ""flip"": false, ""zone"": false, ""speed"": 5.1, ""buzzer"": 0, ""engine"": true, ""in_zone"": true, ""ignition"": true, ""latitude"": 42.65633, ""direction"": 127, ""longitude"": 18.0505766, ""gsm_signal"": 29, ""sleep_mode"": false, ""staff_mode"": false, ""fault_codes"": [], ""speed_limit"": 46, ""engine_hours"": 1591, ""idc_triggers"": [], ""buzzer_active"": false, ""fuel_level_avg"": 0, ""lock_geo_alert"": false, ""operation_mode"": ""RENT"", ""battery_voltage"": 14.800000190734863, ""in_primary_zone"": true, ""lock_engine_alert"": false, ""in_restricted_zone"": false, ""onboard_geofencing"": false, ""speed_limit_active"": false}"
2023-07-17 13:12:55.421,5237,13,"359159972073523",20,"{""key"": false, ""flip"": false, ""zone"": false, ""speed"": 5.2, ""buzzer"": 0, ""engine"": true, ""in_zone"": true, ""ignition"": true, ""latitude"": 42.6563366, ""direction"": 127, ""longitude"": 18.0505632, ""gsm_signal"": 29, ""sleep_mode"": false, ""staff_mode"": false, ""fault_codes"": [], ""speed_limit"": 46, ""engine_hours"": 1591, ""idc_triggers"": [], ""buzzer_active"": false, ""fuel_level_avg"": 0, ""lock_geo_alert"": false, ""operation_mode"": ""RENT"", ""battery_voltage"": 14.800000190734863, ""in_primary_zone"": true, ""lock_engine_alert"": false, ""in_restricted_zone"": false, ""onboard_geofencing"": false, ""speed_limit_active"": false}"
2023-07-17 13:12:54.439,5237,13,"359159972073523",20,"{""key"": false, ""flip"": false, ""zone"": false, ""speed"": 5.3, ""buzzer"": 0, ""engine"": true, ""in_zone"": true, ""ignition"": true, ""latitude"": 42.656345, ""direction"": 128, ""longitude"": 18.05055, ""gsm_signal"": 28, ""sleep_mode"": false, ""staff_mode"": false, ""fault_codes"": [], ""speed_limit"": 46, ""engine_hours"": 1591, ""idc_triggers"": [], ""buzzer_active"": false, ""fuel_level_avg"": 0, ""lock_geo_alert"": false, ""operation_mode"": ""RENT"", ""battery_voltage"": 14.800000190734863, ""in_primary_zone"": true, ""lock_engine_alert"": false, ""in_restricted_zone"": false, ""onboard_geofencing"": false, ""speed_limit_active"": false}"
2023-07-17 13:12:53.442,5237,13,"359159972073523",20,"{""key"": false, ""flip"": false, ""zone"": false, ""speed"": 5.3, ""buzzer"": 0, ""engine"": true, ""in_zone"": true, ""ignition"": true, ""latitude"": 42.6563533, ""direction"": 132, ""longitude"": 18.050535, ""gsm_signal"": 28, ""sleep_mode"": false, ""staff_mode"": false, ""fault_codes"": [], ""speed_limit"": 46, ""engine_hours"": 1591, ""idc_triggers"": [], ""buzzer_active"": false, ""fuel_level_avg"": 0, ""lock_geo_alert"": false, ""operation_mode"": ""RENT"", ""battery_voltage"": 14.800000190734863, ""in_primary_zone"": true, ""lock_engine_alert"": false, ""in_restricted_zone"": false, ""onboard_geofencing"": false, ""speed_limit_active"": false}"
2023-07-17 13:12:52.841,5237,13,"359159972073523",20,"{""key"": false, ""flip"": false, ""zone"": false, ""speed"": 5.3, ""buzzer"": 0, ""engine"": true, ""in_zone"": true, ""ignition"": true, ""latitude"": 42.6563616, ""direction"": 133, ""longitude"": 18.0505216, ""gsm_signal"": 28, ""sleep_mode"": false, ""staff_mode"": false, ""fault_codes"": [], ""speed_limit"": 46, ""engine_hours"": 1591, ""idc_triggers"": [], ""buzzer_active"": false, ""fuel_level_avg"": 0, ""lock_geo_alert"": false, ""operation_mode"": ""RENT"", ""battery_voltage"": 14.800000190734863, ""in_primary_zone"": true, ""lock_engine_alert"": false, ""in_restricted_zone"": false, ""onboard_geofencing"": false, ""speed_limit_active"": false}"
2023-07-17 13:12:51.421,5237,13,"359159972073523",20,"{""key"": false, ""flip"": false, ""zone"": false, ""speed"": 5.3, ""buzzer"": 0, ""engine"": true, ""in_zone"": true, ""ignition"": true, ""latitude"": 42.65637, ""direction"": 131, ""longitude"": 18.05051, ""gsm_signal"": 26, ""sleep_mode"": false, ""staff_mode"": false, ""fault_codes"": [], ""speed_limit"": 46, ""engine_hours"": 1591, ""idc_triggers"": [], ""buzzer_active"": false, ""fuel_level_avg"": 0, ""lock_geo_alert"": false, ""operation_mode"": ""RENT"", ""battery_voltage"": 14.800000190734863, ""in_primary_zone"": true, ""lock_engine_alert"": false, ""in_restricted_zone"": false, ""onboard_geofencing"": false, ""speed_limit_active"": false}"
2023-07-17 13:12:50.440,5237,13,"359159972073523",20,"{""key"": false, ""flip"": false, ""zone"": false, ""speed"": 5.0, ""buzzer"": 0, ""engine"": true, ""in_zone"": true, ""ignition"": true, ""latitude"": 42.6563783, ""direction"": 132, ""longitude"": 18.0504966, ""gsm_signal"": 26, ""sleep_mode"": false, ""staff_mode"": false, ""fault_codes"": [], ""speed_limit"": 46, ""engine_hours"": 1591, ""idc_triggers"": [], ""buzzer_active"": false, ""fuel_level_avg"": 0, ""lock_geo_alert"": false, ""operation_mode"": ""RENT"", ""battery_voltage"": 14.800000190734863, ""in_primary_zone"": true, ""lock_engine_alert"": false, ""in_restricted_zone"": false, ""onboard_geofencing"": false, ""speed_limit_active"": false}"
2023-07-17 13:12:49.439,5237,13,"359159972073523",20,"{""key"": false, ""flip"": false, ""zone"": false, ""speed"": 3.5, ""buzzer"": 0, ""engine"": true, ""in_zone"": true, ""ignition"": true, ""latitude"": 42.656385, ""direction"": 142, ""longitude"": 18.0504832, ""gsm_signal"": 26, ""sleep_mode"": false, ""staff_mode"": false, ""fault_codes"": [], ""speed_limit"": 46, ""engine_hours"": 1591, ""idc_triggers"": [], ""buzzer_active"": false, ""fuel_level_avg"": 0, ""lock_geo_alert"": false, ""operation_mode"": ""RENT"", ""battery_voltage"": 14.800000190734863, ""in_primary_zone"": true, ""lock_engine_alert"": false, ""in_restricted_zone"": false, ""onboard_geofencing"": false, ""speed_limit_active"": false}"
2023-07-17 13:12:48.843,5237,13,"359159972073523",20,"{""key"": false, ""flip"": false, ""zone"": false, ""speed"": 1.9, ""buzzer"": 0, ""engine"": true, ""in_zone"": true, ""ignition"": true, ""latitude"": 42.6563916, ""direction"": 173, ""longitude"": 18.0504766, ""gsm_signal"": 30, ""sleep_mode"": false, ""staff_mode"": false, ""fault_codes"": [], ""speed_limit"": 46, ""engine_hours"": 1591, ""idc_triggers"": [], ""buzzer_active"": false, ""fuel_level_avg"": 0, ""lock_geo_alert"": false, ""operation_mode"": ""RENT"", ""battery_voltage"": 14.800000190734863, ""in_primary_zone"": true, ""lock_engine_alert"": false, ""in_restricted_zone"": false, ""onboard_geofencing"": false, ""speed_limit_active"": false}"
2023-07-17 13:12:47.418,5237,13,"359159972073523",20,"{""key"": false, ""flip"": false, ""zone"": false, ""speed"": 1.5, ""buzzer"": 0, ""engine"": true, ""in_zone"": true, ""ignition"": true, ""latitude"": 42.6563933, ""direction"": 200, ""longitude"": 18.0504732, ""gsm_signal"": 30, ""sleep_mode"": false, ""staff_mode"": false, ""fault_codes"": [], ""speed_limit"": 46, ""engine_hours"": 1591, ""idc_triggers"": [], ""buzzer_active"": false, ""fuel_level_avg"": 0, ""lock_geo_alert"": false, ""operation_mode"": ""RENT"", ""battery_voltage"": 14.800000190734863, ""in_primary_zone"": true, ""lock_engine_alert"": false, ""in_restricted_zone"": false, ""onboard_geofencing"": false, ""speed_limit_active"": false}"
2023-07-17 13:12:46.422,5237,13,"359159972073523",20,"{""key"": false, ""flip"": false, ""zone"": false, ""speed"": 2.7, ""buzzer"": 0, ""engine"": true, ""in_zone"": true, ""ignition"": true, ""latitude"": 42.6563983, ""direction"": 220, ""longitude"": 18.0504716, ""gsm_signal"": 30, ""sleep_mode"": false, ""staff_mode"": false, ""fault_codes"": [], ""speed_limit"": 46, ""engine_hours"": 1591, ""idc_triggers"": [], ""buzzer_active"": false, ""fuel_level_avg"": 0, ""lock_geo_alert"": false, ""operation_mode"": ""RENT"", ""battery_voltage"": 14.800000190734863, ""in_primary_zone"": true, ""lock_engine_alert"": false, ""in_restricted_zone"": false, ""onboard_geofencing"": false, ""speed_limit_active"": false}"
2023-07-17 13:12:45.438,5237,13,"359159972073523",20,"{""key"": false, ""flip"": false, ""zone"": false, ""speed"": 3.6, ""buzzer"": 0, ""engine"": true, ""in_zone"": true, ""ignition"": true, ""latitude"": 42.656405, ""direction"": 243, ""longitude"": 18.0504732, ""gsm_signal"": 31, ""sleep_mode"": false, ""staff_mode"": false, ""fault_codes"": [], ""speed_limit"": 46, ""engine_hours"": 1591, ""idc_triggers"": [], ""buzzer_active"": false, ""fuel_level_avg"": 0, ""lock_geo_alert"": false, ""operation_mode"": ""RENT"", ""battery_voltage"": 14.800000190734863, ""in_primary_zone"": true, ""lock_engine_alert"": false, ""in_restricted_zone"": false, ""onboard_geofencing"": false, ""speed_limit_active"": false}"
2023-07-17 13:12:44.444,5237,13,"359159972073523",20,"{""key"": false, ""flip"": false, ""zone"": false, ""speed"": 3.3, ""buzzer"": 0, ""engine"": true, ""in_zone"": true, ""ignition"": true, ""latitude"": 42.65641, ""direction"": 281, ""longitude"": 18.050485, ""gsm_signal"": 31, ""sleep_mode"": false, ""staff_mode"": false, ""fault_codes"": [], ""speed_limit"": 46, ""engine_hours"": 1591, ""idc_triggers"": [], ""buzzer_active"": false, ""fuel_level_avg"": 0, ""lock_geo_alert"": false, ""operation_mode"": ""RENT"", ""battery_voltage"": 14.800000190734863, ""in_primary_zone"": true, ""lock_engine_alert"": false, ""in_restricted_zone"": false, ""onboard_geofencing"": false, ""speed_limit_active"": false}"
2023-07-17 13:12:43.841,5237,13,"359159972073523",20,"{""key"": false, ""flip"": false, ""zone"": false, ""speed"": 4.3, ""buzzer"": 0, ""engine"": true, ""in_zone"": true, ""ignition"": true, ""latitude"": 42.6564116, ""direction"": 302, ""longitude"": 18.050495, ""gsm_signal"": 31, ""sleep_mode"": false, ""staff_mode"": false, ""fault_codes"": [], ""speed_limit"": 46, ""engine_hours"": 1591, ""idc_triggers"": [], ""buzzer_active"": false, ""fuel_level_avg"": 0, ""lock_geo_alert"": false, ""operation_mode"": ""RENT"", ""battery_voltage"": 14.800000190734863, ""in_primary_zone"": true, ""lock_engine_alert"": false, ""in_restricted_zone"": false, ""onboard_geofencing"": false, ""speed_limit_active"": false}"
2023-07-17 13:12:42.419,5237,13,"359159972073523",20,"{""key"": false, ""flip"": false, ""zone"": false, ""speed"": 6.0, ""buzzer"": 0, ""engine"": true, ""in_zone"": true, ""ignition"": true, ""latitude"": 42.6564083, ""direction"": 312, ""longitude"": 18.05051, ""gsm_signal"": 31, ""sleep_mode"": false, ""staff_mode"": false, ""fault_codes"": [], ""speed_limit"": 46, ""engine_hours"": 1591, ""idc_triggers"": [], ""buzzer_active"": false, ""fuel_level_avg"": 0, ""lock_geo_alert"": false, ""operation_mode"": ""RENT"", ""battery_voltage"": 14.800000190734863, ""in_primary_zone"": true, ""lock_engine_alert"": false, ""in_restricted_zone"": false, ""onboard_geofencing"": false, ""speed_limit_active"": false}"
2023-07-17 13:12:41.442,5237,13,"359159972073523",20,"{""key"": false, ""flip"": false, ""zone"": false, ""speed"": 5.8, ""buzzer"": 0, ""engine"": true, ""in_zone"": true, ""ignition"": true, ""latitude"": 42.6564, ""direction"": 325, ""longitude"": 18.050525, ""gsm_signal"": 31, ""sleep_mode"": false, ""staff_mode"": false, ""fault_codes"": [], ""speed_limit"": 46, ""engine_hours"": 1591, ""idc_triggers"": [], ""buzzer_active"": false, ""fuel_level_avg"": 0, ""lock_geo_alert"": false, ""operation_mode"": ""RENT"", ""battery_voltage"": 14.800000190734863, ""in_primary_zone"": true, ""lock_engine_alert"": false, ""in_restricted_zone"": false, ""onboard_geofencing"": false, ""speed_limit_active"": false}"
2023-07-17 13:12:40.439,5237,13,"359159972073523",20,"{""key"": false, ""flip"": false, ""zone"": false, ""speed"": 6.0, ""buzzer"": 0, ""engine"": true, ""in_zone"": true, ""ignition"": true, ""latitude"": 42.6563883, ""direction"": 330, ""longitude"": 18.0505366, ""gsm_signal"": 31, ""sleep_mode"": false, ""staff_mode"": false, ""fault_codes"": [], ""speed_limit"": 46, ""engine_hours"": 1591, ""idc_triggers"": [], ""buzzer_active"": false, ""fuel_level_avg"": 0, ""lock_geo_alert"": false, ""operation_mode"": ""RENT"", ""battery_voltage"": 14.800000190734863, ""in_primary_zone"": true, ""lock_engine_alert"": false, ""in_restricted_zone"": false, ""onboard_geofencing"": false, ""speed_limit_active"": false}"
2023-07-17 13:12:39.838,5237,13,"359159972073523",20,"{""key"": false, ""flip"": false, ""zone"": false, ""speed"": 11.5, ""buzzer"": 0, ""engine"": true, ""in_zone"": true, ""ignition"": true, ""latitude"": 42.6563716, ""direction"": 331, ""longitude"": 18.05055, ""gsm_signal"": 30, ""sleep_mode"": false, ""staff_mode"": false, ""fault_codes"": [], ""speed_limit"": 46, ""engine_hours"": 1591, ""idc_triggers"": [], ""buzzer_active"": false, ""fuel_level_avg"": 0, ""lock_geo_alert"": false, ""operation_mode"": ""RENT"", ""battery_voltage"": 14.800000190734863, ""in_primary_zone"": true, ""lock_engine_alert"": false, ""in_restricted_zone"": false, ""onboard_geofencing"": false, ""speed_limit_active"": false}"
2023-07-17 13:12:38.416,5237,13,"359159972073523",20,"{""key"": false, ""flip"": false, ""zone"": false, ""speed"": 19.4, ""buzzer"": 0, ""engine"": true, ""in_zone"": true, ""ignition"": true, ""latitude"": 42.6563416, ""direction"": 331, ""longitude"": 18.0505716, ""gsm_signal"": 30, ""sleep_mode"": false, ""staff_mode"": false, ""fault_codes"": [], ""speed_limit"": 46, ""engine_hours"": 1591, ""idc_triggers"": [], ""buzzer_active"": false, ""fuel_level_avg"": 0, ""lock_geo_alert"": false, ""operation_mode"": ""RENT"", ""battery_voltage"": 14.800000190734863, ""in_primary_zone"": true, ""lock_engine_alert"": false, ""in_restricted_zone"": false, ""onboard_geofencing"": false, ""speed_limit_active"": false}"
2023-07-17 13:12:37.420,5237,13,"359159972073523",20,"{""key"": false, ""flip"": false, ""zone"": false, ""speed"": 26.4, ""buzzer"": 0, ""engine"": true, ""in_zone"": true, ""ignition"": true, ""latitude"": 42.6562933, ""direction"": 332, ""longitude"": 18.050605, ""gsm_signal"": 30, ""sleep_mode"": false, ""staff_mode"": false, ""fault_codes"": [], ""speed_limit"": 46, ""engine_hours"": 1591, ""idc_triggers"": [], ""buzzer_active"": false, ""fuel_level_avg"": 0, ""lock_geo_alert"": false, ""operation_mode"": ""RENT"", ""battery_voltage"": 14.800000190734863, ""in_primary_zone"": true, ""lock_engine_alert"": false, ""in_restricted_zone"": false, ""onboard_geofencing"": false, ""speed_limit_active"": false}"
2023-07-17 13:12:36.438,5237,13,"359159972073523",20,"{""key"": false, ""flip"": false, ""zone"": false, ""speed"": 30.6, ""buzzer"": 0, ""engine"": true, ""in_zone"": true, ""ignition"": true, ""latitude"": 42.6562333, ""direction"": 331, ""longitude"": 18.05065, ""gsm_signal"": 30, ""sleep_mode"": false, ""staff_mode"": false, ""fault_codes"": [], ""speed_limit"": 46, ""engine_hours"": 1591, ""idc_triggers"": [], ""buzzer_active"": false, ""fuel_level_avg"": 0, ""lock_geo_alert"": false, ""operation_mode"": ""RENT"", ""battery_voltage"": 14.800000190734863, ""in_primary_zone"": true, ""lock_engine_alert"": false, ""in_restricted_zone"": false, ""onboard_geofencing"": false, ""speed_limit_active"": false}"
2023-07-17 13:12:35.441,5237,13,"359159972073523",20,"{""key"": false, ""flip"": false, ""zone"": false, ""speed"": 32.5, ""buzzer"": 0, ""engine"": true, ""in_zone"": true, ""ignition"": true, ""latitude"": 42.656165, ""direction"": 329, ""longitude"": 18.0507032, ""gsm_signal"": 30, ""sleep_mode"": false, ""staff_mode"": false, ""fault_codes"": [], ""speed_limit"": 46, ""engine_hours"": 1591, ""idc_triggers"": [], ""buzzer_active"": false, ""fuel_level_avg"": 0, ""lock_geo_alert"": false, ""operation_mode"": ""RENT"", ""battery_voltage"": 14.800000190734863, ""in_primary_zone"": true, ""lock_engine_alert"": false, ""in_restricted_zone"": false, ""onboard_geofencing"": false, ""speed_limit_active"": false}"
2023-07-17 13:12:34.841,5237,13,"359159972073523",20,"{""key"": false, ""flip"": false, ""zone"": false, ""speed"": 33.4, ""buzzer"": 0, ""engine"": true, ""in_zone"": true, ""ignition"": true, ""latitude"": 42.656095, ""direction"": 328, ""longitude"": 18.05076, ""gsm_signal"": 30, ""sleep_mode"": false, ""staff_mode"": false, ""fault_codes"": [], ""speed_limit"": 46, ""engine_hours"": 1591, ""idc_triggers"": [], ""buzzer_active"": false, ""fuel_level_avg"": 0, ""lock_geo_alert"": false, ""operation_mode"": ""RENT"", ""battery_voltage"": 14.800000190734863, ""in_primary_zone"": true, ""lock_engine_alert"": false, ""in_restricted_zone"": false, ""onboard_geofencing"": false, ""speed_limit_active"": false}"
2023-07-17 13:12:33.419,5237,13,"359159972073523",20,"{""key"": false, ""flip"": false, ""zone"": false, ""speed"": 33.7, ""buzzer"": 0, ""engine"": true, ""in_zone"": true, ""ignition"": true, ""latitude"": 42.6560233, ""direction"": 329, ""longitude"": 18.0508182, ""gsm_signal"": 31, ""sleep_mode"": false, ""staff_mode"": false, ""fault_codes"": [], ""speed_limit"": 46, ""engine_hours"": 1591, ""idc_triggers"": [], ""buzzer_active"": false, ""fuel_level_avg"": 0, ""lock_geo_alert"": false, ""operation_mode"": ""RENT"", ""battery_voltage"": 14.800000190734863, ""in_primary_zone"": true, ""lock_engine_alert"": false, ""in_restricted_zone"": false, ""onboard_geofencing"": false, ""speed_limit_active"": false}"
2023-07-17 13:12:32.444,5237,13,"359159972073523",20,"{""key"": false, ""flip"": false, ""zone"": false, ""speed"": 34.5, ""buzzer"": 0, ""engine"": true, ""in_zone"": true, ""ignition"": true, ""latitude"": 42.6559483, ""direction"": 331, ""longitude"": 18.050875, ""gsm_signal"": 31, ""sleep_mode"": false, ""staff_mode"": false, ""fault_codes"": [], ""speed_limit"": 46, ""engine_hours"": 1591, ""idc_triggers"": [], ""buzzer_active"": false, ""fuel_level_avg"": 0, ""lock_geo_alert"": false, ""operation_mode"": ""RENT"", ""battery_voltage"": 14.800000190734863, ""in_primary_zone"": true, ""lock_engine_alert"": false, ""in_restricted_zone"": false, ""onboard_geofencing"": false, ""speed_limit_active"": false}"
2023-07-17 13:12:31.445,5237,13,"359159972073523",20,"{""key"": false, ""flip"": false, ""zone"": false, ""speed"": 34.7, ""buzzer"": 0, ""engine"": true, ""in_zone"": true, ""ignition"": true, ""latitude"": 42.6558733, ""direction"": 330, ""longitude"": 18.0509316, ""gsm_signal"": 31, ""sleep_mode"": false, ""staff_mode"": false, ""fault_codes"": [], ""speed_limit"": 46, ""engine_hours"": 1591, ""idc_triggers"": [], ""buzzer_active"": false, ""fuel_level_avg"": 0, ""lock_geo_alert"": false, ""operation_mode"": ""RENT"", ""battery_voltage"": 14.800000190734863, ""in_primary_zone"": true, ""lock_engine_alert"": false, ""in_restricted_zone"": false, ""onboard_geofencing"": false, ""speed_limit_active"": false}"
2023-07-17 13:12:30.839,5237,13,"359159972073523",20,"{""key"": false, ""flip"": false, ""zone"": false, ""speed"": 34.3, ""buzzer"": 0, ""engine"": true, ""in_zone"": true, ""ignition"": true, ""latitude"": 42.6557983, ""direction"": 328, ""longitude"": 18.05099, ""gsm_signal"": 30, ""sleep_mode"": false, ""staff_mode"": false, ""fault_codes"": [], ""speed_limit"": 46, ""engine_hours"": 1591, ""idc_triggers"": [], ""buzzer_active"": false, ""fuel_level_avg"": 0, ""lock_geo_alert"": false, ""operation_mode"": ""RENT"", ""battery_voltage"": 14.800000190734863, ""in_primary_zone"": true, ""lock_engine_alert"": false, ""in_restricted_zone"": false, ""onboard_geofencing"": false, ""speed_limit_active"": false}"
2023-07-17 13:12:29.417,5237,13,"359159972073523",20,"{""key"": false, ""flip"": false, ""zone"": false, ""speed"": 35.3, ""buzzer"": 0, ""engine"": true, ""in_zone"": true, ""ignition"": true, ""latitude"": 42.655725, ""direction"": 326, ""longitude"": 18.0510532, ""gsm_signal"": 30, ""sleep_mode"": false, ""staff_mode"": false, ""fault_codes"": [], ""speed_limit"": 46, ""engine_hours"": 1591, ""idc_triggers"": [], ""buzzer_active"": false, ""fuel_level_avg"": 0, ""lock_geo_alert"": false, ""operation_mode"": ""RENT"", ""battery_voltage"": 14.800000190734863, ""in_primary_zone"": true, ""lock_engine_alert"": false, ""in_restricted_zone"": false, ""onboard_geofencing"": false, ""speed_limit_active"": false}"
2023-07-17 13:12:28.420,5237,13,"359159972073523",20,"{""key"": false, ""flip"": false, ""zone"": false, ""speed"": 35.0, ""buzzer"": 0, ""engine"": true, ""in_zone"": true, ""ignition"": true, ""latitude"": 42.6556516, ""direction"": 325, ""longitude"": 18.05112, ""gsm_signal"": 30, ""sleep_mode"": false, ""staff_mode"": false, ""fault_codes"": [], ""speed_limit"": 46, ""engine_hours"": 1591, ""idc_triggers"": [], ""buzzer_active"": false, ""fuel_level_avg"": 0, ""lock_geo_alert"": false, ""operation_mode"": ""RENT"", ""battery_voltage"": 14.800000190734863, ""in_primary_zone"": true, ""lock_engine_alert"": false, ""in_restricted_zone"": false, ""onboard_geofencing"": false, ""speed_limit_active"": false}"
2023-07-17 13:12:27.437,5237,13,"359159972073523",20,"{""key"": false, ""flip"": false, ""zone"": false, ""speed"": 34.5, ""buzzer"": 0, ""engine"": true, ""in_zone"": true, ""ignition"": true, ""latitude"": 42.65558, ""direction"": 325, ""longitude"": 18.0511866, ""gsm_signal"": 28, ""sleep_mode"": false, ""staff_mode"": false, ""fault_codes"": [], ""speed_limit"": 46, ""engine_hours"": 1591, ""idc_triggers"": [], ""buzzer_active"": false, ""fuel_level_avg"": 0, ""lock_geo_alert"": false, ""operation_mode"": ""RENT"", ""battery_voltage"": 14.800000190734863, ""in_primary_zone"": true, ""lock_engine_alert"": false, ""in_restricted_zone"": false, ""onboard_geofencing"": false, ""speed_limit_active"": false}"
2023-07-17 13:12:26.441,5237,13,"359159972073523",20,"{""key"": false, ""flip"": false, ""zone"": false, ""speed"": 31.7, ""buzzer"": 0, ""engine"": true, ""in_zone"": true, ""ignition"": true, ""latitude"": 42.6555116, ""direction"": 324, ""longitude"": 18.0512532, ""gsm_signal"": 28, ""sleep_mode"": false, ""staff_mode"": false, ""fault_codes"": [], ""speed_limit"": 46, ""engine_hours"": 1591, ""idc_triggers"": [], ""buzzer_active"": false, ""fuel_level_avg"": 0, ""lock_geo_alert"": false, ""operation_mode"": ""RENT"", ""battery_voltage"": 14.800000190734863, ""in_primary_zone"": true, ""lock_engine_alert"": false, ""in_restricted_zone"": false, ""onboard_geofencing"": false, ""speed_limit_active"": false}"
2023-07-17 13:12:25.842,5237,13,"359159972073523",20,"{""key"": false, ""flip"": false, ""zone"": false, ""speed"": 27.0, ""buzzer"": 0, ""engine"": true, ""in_zone"": true, ""ignition"": true, ""latitude"": 42.65545, ""direction"": 324, ""longitude"": 18.0513132, ""gsm_signal"": 28, ""sleep_mode"": false, ""staff_mode"": false, ""fault_codes"": [], ""speed_limit"": 46, ""engine_hours"": 1591, ""idc_triggers"": [], ""buzzer_active"": false, ""fuel_level_avg"": 0, ""lock_geo_alert"": false, ""operation_mode"": ""RENT"", ""battery_voltage"": 14.800000190734863, ""in_primary_zone"": true, ""lock_engine_alert"": false, ""in_restricted_zone"": false, ""onboard_geofencing"": false, ""speed_limit_active"": false}"
2023-07-17 13:12:24.420,5237,13,"359159972073523",20,"{""key"": false, ""flip"": false, ""zone"": false, ""speed"": 20.9, ""buzzer"": 0, ""engine"": true, ""in_zone"": true, ""ignition"": true, ""latitude"": 42.6553983, ""direction"": 327, ""longitude"": 18.0513616, ""gsm_signal"": 28, ""sleep_mode"": false, ""staff_mode"": false, ""fault_codes"": [], ""speed_limit"": 46, ""engine_hours"": 1591, ""idc_triggers"": [], ""buzzer_active"": false, ""fuel_level_avg"": 0, ""lock_geo_alert"": false, ""operation_mode"": ""RENT"", ""battery_voltage"": 14.800000190734863, ""in_primary_zone"": true, ""lock_engine_alert"": false, ""in_restricted_zone"": false, ""onboard_geofencing"": false, ""speed_limit_active"": false}"
2023-07-17 13:12:23.449,5237,13,"359159972073523",20,"{""key"": false, ""flip"": false, ""zone"": false, ""speed"": 18.4, ""buzzer"": 0, ""engine"": true, ""in_zone"": true, ""ignition"": true, ""latitude"": 42.655355, ""direction"": 326, ""longitude"": 18.0513982, ""gsm_signal"": 28, ""sleep_mode"": false, ""staff_mode"": false, ""fault_codes"": [], ""speed_limit"": 46, ""engine_hours"": 1591, ""idc_triggers"": [], ""buzzer_active"": false, ""fuel_level_avg"": 0, ""lock_geo_alert"": false, ""operation_mode"": ""RENT"", ""battery_voltage"": 14.800000190734863, ""in_primary_zone"": true, ""lock_engine_alert"": false, ""in_restricted_zone"": false, ""onboard_geofencing"": false, ""speed_limit_active"": false}"
2023-07-17 13:12:22.440,5237,13,"359159972073523",20,"{""key"": false, ""flip"": false, ""zone"": false, ""speed"": 16.3, ""buzzer"": 0, ""engine"": true, ""in_zone"": true, ""ignition"": true, ""latitude"": 42.6553183, ""direction"": 323, ""longitude"": 18.0514316, ""gsm_signal"": 28, ""sleep_mode"": false, ""staff_mode"": false, ""fault_codes"": [], ""speed_limit"": 46, ""engine_hours"": 1591, ""idc_triggers"": [], ""buzzer_active"": false, ""fuel_level_avg"": 0, ""lock_geo_alert"": false, ""operation_mode"": ""RENT"", ""battery_voltage"": 14.800000190734863, ""in_primary_zone"": true, ""lock_engine_alert"": false, ""in_restricted_zone"": false, ""onboard_geofencing"": false, ""speed_limit_active"": false}"
2023-07-17 13:12:21.839,5237,13,"359159972073523",20,"{""key"": false, ""flip"": false, ""zone"": false, ""speed"": 14.6, ""buzzer"": 0, ""engine"": true, ""in_zone"": true, ""ignition"": true, ""latitude"": 42.6552866, ""direction"": 318, ""longitude"": 18.051465, ""gsm_signal"": 28, ""sleep_mode"": false, ""staff_mode"": false, ""fault_codes"": [], ""speed_limit"": 46, ""engine_hours"": 1591, ""idc_triggers"": [], ""buzzer_active"": false, ""fuel_level_avg"": 0, ""lock_geo_alert"": false, ""operation_mode"": ""RENT"", ""battery_voltage"": 14.800000190734863, ""in_primary_zone"": true, ""lock_engine_alert"": false, ""in_restricted_zone"": false, ""onboard_geofencing"": false, ""speed_limit_active"": false}"
2023-07-17 13:12:20.419,5237,13,"359159972073523",20,"{""key"": false, ""flip"": false, ""zone"": false, ""speed"": 13.7, ""buzzer"": 0, ""engine"": true, ""in_zone"": true, ""ignition"": true, ""latitude"": 42.6552583, ""direction"": 315, ""longitude"": 18.051495, ""gsm_signal"": 28, ""sleep_mode"": false, ""staff_mode"": false, ""fault_codes"": [], ""speed_limit"": 46, ""engine_hours"": 1591, ""idc_triggers"": [], ""buzzer_active"": false, ""fuel_level_avg"": 0, ""lock_geo_alert"": false, ""operation_mode"": ""RENT"", ""battery_voltage"": 14.800000190734863, ""in_primary_zone"": true, ""lock_engine_alert"": false, ""in_restricted_zone"": false, ""onboard_geofencing"": false, ""speed_limit_active"": false}"
2023-07-17 13:12:19.422,5237,13,"359159972073523",20,"{""key"": false, ""flip"": false, ""zone"": false, ""speed"": 13.3, ""buzzer"": 0, ""engine"": true, ""in_zone"": true, ""ignition"": true, ""latitude"": 42.6552333, ""direction"": 314, ""longitude"": 18.0515266, ""gsm_signal"": 28, ""sleep_mode"": false, ""staff_mode"": false, ""fault_codes"": [], ""speed_limit"": 46, ""engine_hours"": 1591, ""idc_triggers"": [], ""buzzer_active"": false, ""fuel_level_avg"": 0, ""lock_geo_alert"": false, ""operation_mode"": ""RENT"", ""battery_voltage"": 14.800000190734863, ""in_primary_zone"": true, ""lock_engine_alert"": false, ""in_restricted_zone"": false, ""onboard_geofencing"": false, ""speed_limit_active"": false}"
2023-07-17 13:12:18.439,5237,13,"359159972073523",20,"{""key"": false, ""flip"": false, ""zone"": false, ""speed"": 13.2, ""buzzer"": 0, ""engine"": true, ""in_zone"": true, ""ignition"": true, ""latitude"": 42.65521, ""direction"": 315, ""longitude"": 18.0515582, ""gsm_signal"": 29, ""sleep_mode"": false, ""staff_mode"": false, ""fault_codes"": [], ""speed_limit"": 46, ""engine_hours"": 1591, ""idc_triggers"": [], ""buzzer_active"": false, ""fuel_level_avg"": 0, ""lock_geo_alert"": false, ""operation_mode"": ""RENT"", ""battery_voltage"": 14.899999618530273, ""in_primary_zone"": true, ""lock_engine_alert"": false, ""in_restricted_zone"": false, ""onboard_geofencing"": false, ""speed_limit_active"": false}"
2023-07-17 13:12:17.839,5237,13,"359159972073523",20,"{""key"": false, ""flip"": false, ""zone"": false, ""speed"": 11.1, ""buzzer"": 0, ""engine"": true, ""in_zone"": true, ""ignition"": true, ""latitude"": 42.6551866, ""direction"": 316, ""longitude"": 18.0515882, ""gsm_signal"": 29, ""sleep_mode"": false, ""staff_mode"": false, ""fault_codes"": [], ""speed_limit"": 46, ""engine_hours"": 1591, ""idc_triggers"": [], ""buzzer_active"": false, ""fuel_level_avg"": 0, ""lock_geo_alert"": false, ""operation_mode"": ""RENT"", ""battery_voltage"": 14.899999618530273, ""in_primary_zone"": true, ""lock_engine_alert"": false, ""in_restricted_zone"": false, ""onboard_geofencing"": false, ""speed_limit_active"": false}"
2023-07-17 13:12:16.422,5237,13,"359159972073523",20,"{""key"": false, ""flip"": false, ""zone"": false, ""speed"": 10.8, ""buzzer"": 0, ""engine"": true, ""in_zone"": true, ""ignition"": true, ""latitude"": 42.6551666, ""direction"": 316, ""longitude"": 18.051615, ""gsm_signal"": 29, ""sleep_mode"": false, ""staff_mode"": false, ""fault_codes"": [], ""speed_limit"": 46, ""engine_hours"": 1591, ""idc_triggers"": [], ""buzzer_active"": false, ""fuel_level_avg"": 0, ""lock_geo_alert"": false, ""operation_mode"": ""RENT"", ""battery_voltage"": 14.899999618530273, ""in_primary_zone"": true, ""lock_engine_alert"": false, ""in_restricted_zone"": false, ""onboard_geofencing"": false, ""speed_limit_active"": false}"
2023-07-17 13:12:15.520,5237,13,"359159972073523",20,"{""key"": false, ""flip"": false, ""zone"": false, ""speed"": 11.6, ""buzzer"": 0, ""engine"": true, ""in_zone"": true, ""ignition"": true, ""latitude"": 42.655145, ""direction"": 316, ""longitude"": 18.05164, ""gsm_signal"": 27, ""sleep_mode"": false, ""staff_mode"": false, ""fault_codes"": [], ""speed_limit"": 46, ""engine_hours"": 1591, ""idc_triggers"": [], ""buzzer_active"": false, ""fuel_level_avg"": 0, ""lock_geo_alert"": false, ""operation_mode"": ""RENT"", ""battery_voltage"": 14.899999618530273, ""in_primary_zone"": true, ""lock_engine_alert"": false, ""in_restricted_zone"": false, ""onboard_geofencing"": false, ""speed_limit_active"": false}"
2023-07-17 13:12:14.938,5237,13,"359159972073523",20,"{""key"": false, ""flip"": false, ""zone"": false, ""speed"": 10.9, ""buzzer"": 0, ""engine"": true, ""in_zone"": true, ""ignition"": true, ""latitude"": 42.6551233, ""direction"": 314, ""longitude"": 18.051665, ""gsm_signal"": 27, ""sleep_mode"": false, ""staff_mode"": false, ""fault_codes"": [], ""speed_limit"": 46, ""engine_hours"": 1591, ""idc_triggers"": [], ""buzzer_active"": false, ""fuel_level_avg"": 0, ""lock_geo_alert"": false, ""operation_mode"": ""RENT"", ""battery_voltage"": 14.899999618530273, ""in_primary_zone"": true, ""lock_engine_alert"": false, ""in_restricted_zone"": false, ""onboard_geofencing"": false, ""speed_limit_active"": false}"
2023-07-17 13:12:13.500,5237,13,"359159972073523",20,"{""key"": false, ""flip"": false, ""zone"": false, ""speed"": 10.2, ""buzzer"": 0, ""engine"": true, ""in_zone"": true, ""ignition"": true, ""latitude"": 42.6551033, ""direction"": 312, ""longitude"": 18.0516916, ""gsm_signal"": 27, ""sleep_mode"": false, ""staff_mode"": false, ""fault_codes"": [], ""speed_limit"": 46, ""engine_hours"": 1591, ""idc_triggers"": [], ""buzzer_active"": false, ""fuel_level_avg"": 0, ""lock_geo_alert"": false, ""operation_mode"": ""RENT"", ""battery_voltage"": 14.899999618530273, ""in_primary_zone"": true, ""lock_engine_alert"": false, ""in_restricted_zone"": false, ""onboard_geofencing"": false, ""speed_limit_active"": false}"
2023-07-17 13:12:12.479,5237,13,"359159972073523",20,"{""key"": false, ""flip"": false, ""zone"": false, ""speed"": 9.6, ""buzzer"": 0, ""engine"": true, ""in_zone"": true, ""ignition"": true, ""latitude"": 42.6550866, ""direction"": 312, ""longitude"": 18.0517166, ""gsm_signal"": 27, ""sleep_mode"": false, ""staff_mode"": false, ""fault_codes"": [], ""speed_limit"": 46, ""engine_hours"": 1591, ""idc_triggers"": [], ""buzzer_active"": false, ""fuel_level_avg"": 0, ""lock_geo_alert"": false, ""operation_mode"": ""RENT"", ""battery_voltage"": 14.899999618530273, ""in_primary_zone"": true, ""lock_engine_alert"": false, ""in_restricted_zone"": false, ""onboard_geofencing"": false, ""speed_limit_active"": false}"
2023-07-17 13:12:11.863,5237,13,"359159972073523",20,"{""key"": false, ""flip"": false, ""zone"": false, ""speed"": 7.7, ""buzzer"": 0, ""engine"": true, ""in_zone"": true, ""ignition"": true, ""latitude"": 42.6550716, ""direction"": 311, ""longitude"": 18.05174, ""gsm_signal"": 27, ""sleep_mode"": false, ""staff_mode"": false, ""fault_codes"": [], ""speed_limit"": 46, ""engine_hours"": 1591, ""idc_triggers"": [], ""buzzer_active"": false, ""fuel_level_avg"": 0, ""lock_geo_alert"": false, ""operation_mode"": ""RENT"", ""battery_voltage"": 14.899999618530273, ""in_primary_zone"": true, ""lock_engine_alert"": false, ""in_restricted_zone"": false, ""onboard_geofencing"": false, ""speed_limit_active"": false}"
2023-07-17 13:12:10.421,5237,13,"359159972073523",20,"{""key"": false, ""flip"": false, ""zone"": false, ""speed"": 6.1, ""buzzer"": 0, ""engine"": true, ""in_zone"": true, ""ignition"": true, ""latitude"": 42.65506, ""direction"": 309, ""longitude"": 18.0517566, ""gsm_signal"": 27, ""sleep_mode"": false, ""staff_mode"": false, ""fault_codes"": [], ""speed_limit"": 46, ""engine_hours"": 1591, ""idc_triggers"": [], ""buzzer_active"": false, ""fuel_level_avg"": 0, ""lock_geo_alert"": false, ""operation_mode"": ""RENT"", ""battery_voltage"": 14.899999618530273, ""in_primary_zone"": true, ""lock_engine_alert"": false, ""in_restricted_zone"": false, ""onboard_geofencing"": false, ""speed_limit_active"": false}"
2023-07-17 13:12:09.619,5237,13,"359159972073523",20,"{""key"": false, ""flip"": false, ""zone"": false, ""speed"": 5.2, ""buzzer"": 0, ""engine"": true, ""in_zone"": true, ""ignition"": true, ""latitude"": 42.6550483, ""direction"": 299, ""longitude"": 18.0517716, ""gsm_signal"": 29, ""sleep_mode"": false, ""staff_mode"": false, ""fault_codes"": [], ""speed_limit"": 46, ""engine_hours"": 1591, ""idc_triggers"": [], ""buzzer_active"": false, ""fuel_level_avg"": 0, ""lock_geo_alert"": false, ""operation_mode"": ""RENT"", ""battery_voltage"": 14.899999618530273, ""in_primary_zone"": true, ""lock_engine_alert"": false, ""in_restricted_zone"": false, ""onboard_geofencing"": false, ""speed_limit_active"": false}"
2023-07-17 13:12:08.861,5237,13,"359159972073523",20,"{""key"": false, ""flip"": false, ""zone"": false, ""speed"": 5.6, ""buzzer"": 0, ""engine"": true, ""in_zone"": true, ""ignition"": true, ""latitude"": 42.6550416, ""direction"": 286, ""longitude"": 18.0517866, ""gsm_signal"": 29, ""sleep_mode"": false, ""staff_mode"": false, ""fault_codes"": [], ""speed_limit"": 46, ""engine_hours"": 1591, ""idc_triggers"": [], ""buzzer_active"": false, ""fuel_level_avg"": 0, ""lock_geo_alert"": false, ""operation_mode"": ""RENT"", ""battery_voltage"": 14.899999618530273, ""in_primary_zone"": true, ""lock_engine_alert"": false, ""in_restricted_zone"": false, ""onboard_geofencing"": false, ""speed_limit_active"": false}"
2023-07-17 13:12:07.461,5237,13,"359159972073523",20,"{""key"": false, ""flip"": false, ""zone"": false, ""speed"": 5.9, ""buzzer"": 0, ""engine"": true, ""in_zone"": true, ""ignition"": true, ""latitude"": 42.6550383, ""direction"": 284, ""longitude"": 18.0518066, ""gsm_signal"": 29, ""sleep_mode"": false, ""staff_mode"": false, ""fault_codes"": [], ""speed_limit"": 46, ""engine_hours"": 1591, ""idc_triggers"": [], ""buzzer_active"": false, ""fuel_level_avg"": 0, ""lock_geo_alert"": false, ""operation_mode"": ""RENT"", ""battery_voltage"": 14.899999618530273, ""in_primary_zone"": true, ""lock_engine_alert"": false, ""in_restricted_zone"": false, ""onboard_geofencing"": false, ""speed_limit_active"": false}"
2023-07-17 13:12:06.521,5237,13,"359159972073523",20,"{""key"": false, ""flip"": false, ""zone"": false, ""speed"": 4.7, ""buzzer"": 0, ""engine"": true, ""in_zone"": true, ""ignition"": true, ""latitude"": 42.655035, ""direction"": 285, ""longitude"": 18.051825, ""gsm_signal"": 30, ""sleep_mode"": false, ""staff_mode"": false, ""fault_codes"": [], ""speed_limit"": 46, ""engine_hours"": 1591, ""idc_triggers"": [], ""buzzer_active"": false, ""fuel_level_avg"": 0, ""lock_geo_alert"": false, ""operation_mode"": ""RENT"", ""battery_voltage"": 14.899999618530273, ""in_primary_zone"": true, ""lock_engine_alert"": false, ""in_restricted_zone"": false, ""onboard_geofencing"": false, ""speed_limit_active"": false}"
2023-07-17 13:12:05.838,5237,13,"359159972073523",20,"{""key"": false, ""flip"": false, ""zone"": false, ""speed"": 5.0, ""buzzer"": 0, ""engine"": true, ""in_zone"": true, ""ignition"": true, ""latitude"": 42.6550316, ""direction"": 289, ""longitude"": 18.05184, ""gsm_signal"": 30, ""sleep_mode"": false, ""staff_mode"": false, ""fault_codes"": [], ""speed_limit"": 46, ""engine_hours"": 1591, ""idc_triggers"": [], ""buzzer_active"": false, ""fuel_level_avg"": 0, ""lock_geo_alert"": false, ""operation_mode"": ""RENT"", ""battery_voltage"": 14.899999618530273, ""in_primary_zone"": true, ""lock_engine_alert"": false, ""in_restricted_zone"": false, ""onboard_geofencing"": false, ""speed_limit_active"": false}"
2023-07-17 13:12:04.423,5237,13,"359159972073523",20,"{""key"": false, ""flip"": false, ""zone"": false, ""speed"": 4.9, ""buzzer"": 0, ""engine"": true, ""in_zone"": true, ""ignition"": true, ""latitude"": 42.6550283, ""direction"": 299, ""longitude"": 18.0518566, ""gsm_signal"": 30, ""sleep_mode"": false, ""staff_mode"": false, ""fault_codes"": [], ""speed_limit"": 46, ""engine_hours"": 1591, ""idc_triggers"": [], ""buzzer_active"": false, ""fuel_level_avg"": 0, ""lock_geo_alert"": false, ""operation_mode"": ""RENT"", ""battery_voltage"": 14.899999618530273, ""in_primary_zone"": true, ""lock_engine_alert"": false, ""in_restricted_zone"": false, ""onboard_geofencing"": false, ""speed_limit_active"": false}"
2023-07-17 13:12:03.558,5237,13,"359159972073523",20,"{""key"": false, ""flip"": false, ""zone"": false, ""speed"": 5.6, ""buzzer"": 0, ""engine"": true, ""in_zone"": true, ""ignition"": true, ""latitude"": 42.655025, ""direction"": 309, ""longitude"": 18.0518732, ""gsm_signal"": 29, ""sleep_mode"": false, ""staff_mode"": false, ""fault_codes"": [], ""speed_limit"": 46, ""engine_hours"": 1591, ""idc_triggers"": [], ""buzzer_active"": false, ""fuel_level_avg"": 0, ""lock_geo_alert"": false, ""operation_mode"": ""RENT"", ""battery_voltage"": 14.899999618530273, ""in_primary_zone"": true, ""lock_engine_alert"": false, ""in_restricted_zone"": false, ""onboard_geofencing"": false, ""speed_limit_active"": false}"
2023-07-17 13:12:02.861,5237,13,"359159972073523",20,"{""key"": false, ""flip"": false, ""zone"": false, ""speed"": 6.8, ""buzzer"": 0, ""engine"": true, ""in_zone"": true, ""ignition"": true, ""latitude"": 42.6550166, ""direction"": 315, ""longitude"": 18.0518882, ""gsm_signal"": 29, ""sleep_mode"": false, ""staff_mode"": false, ""fault_codes"": [], ""speed_limit"": 46, ""engine_hours"": 1591, ""idc_triggers"": [], ""buzzer_active"": false, ""fuel_level_avg"": 0, ""lock_geo_alert"": false, ""operation_mode"": ""RENT"", ""battery_voltage"": 14.899999618530273, ""in_primary_zone"": true, ""lock_engine_alert"": false, ""in_restricted_zone"": false, ""onboard_geofencing"": false, ""speed_limit_active"": false}"
2023-07-17 13:12:01.421,5237,13,"359159972073523",20,"{""key"": false, ""flip"": false, ""zone"": false, ""speed"": 7.3, ""buzzer"": 0, ""engine"": true, ""in_zone"": true, ""ignition"": true, ""latitude"": 42.6550033, ""direction"": 317, ""longitude"": 18.0519066, ""gsm_signal"": 29, ""sleep_mode"": false, ""staff_mode"": false, ""fault_codes"": [], ""speed_limit"": 46, ""engine_hours"": 1591, ""idc_triggers"": [], ""buzzer_active"": false, ""fuel_level_avg"": 0, ""lock_geo_alert"": false, ""operation_mode"": ""RENT"", ""battery_voltage"": 14.899999618530273, ""in_primary_zone"": true, ""lock_engine_alert"": false, ""in_restricted_zone"": false, ""onboard_geofencing"": false, ""speed_limit_active"": false}"
2023-07-17 13:12:00.601,5237,13,"359159972073523",20,"{""key"": false, ""flip"": false, ""zone"": false, ""speed"": 6.5, ""buzzer"": 0, ""engine"": true, ""in_zone"": true, ""ignition"": true, ""latitude"": 42.65499, ""direction"": 318, ""longitude"": 18.0519232, ""gsm_signal"": 29, ""sleep_mode"": false, ""staff_mode"": false, ""fault_codes"": [], ""speed_limit"": 46, ""engine_hours"": 1591, ""idc_triggers"": [], ""buzzer_active"": false, ""fuel_level_avg"": 0, ""lock_geo_alert"": false, ""operation_mode"": ""RENT"", ""battery_voltage"": 14.899999618530273, ""in_primary_zone"": true, ""lock_engine_alert"": false, ""in_restricted_zone"": false, ""onboard_geofencing"": false, ""speed_limit_active"": false}"
2023-07-17 13:11:59.924,5237,13,"359159972073523",20,"{""key"": false, ""flip"": false, ""zone"": false, ""speed"": 6.5, ""buzzer"": 0, ""engine"": true, ""in_zone"": true, ""ignition"": true, ""latitude"": 42.6549766, ""direction"": 319, ""longitude"": 18.0519366, ""gsm_signal"": 29, ""sleep_mode"": false, ""staff_mode"": false, ""fault_codes"": [], ""speed_limit"": 46, ""engine_hours"": 1591, ""idc_triggers"": [], ""buzzer_active"": false, ""fuel_level_avg"": 0, ""lock_geo_alert"": false, ""operation_mode"": ""RENT"", ""battery_voltage"": 14.899999618530273, ""in_primary_zone"": true, ""lock_engine_alert"": false, ""in_restricted_zone"": false, ""onboard_geofencing"": false, ""speed_limit_active"": false}"
2023-07-17 13:11:58.458,5237,13,"359159972073523",20,"{""key"": false, ""flip"": false, ""zone"": false, ""speed"": 11.1, ""buzzer"": 0, ""engine"": true, ""in_zone"": true, ""ignition"": true, ""latitude"": 42.6549616, ""direction"": 317, ""longitude"": 18.0519516, ""gsm_signal"": 29, ""sleep_mode"": false, ""staff_mode"": false, ""fault_codes"": [], ""speed_limit"": 46, ""engine_hours"": 1591, ""idc_triggers"": [], ""buzzer_active"": false, ""fuel_level_avg"": 0, ""lock_geo_alert"": false, ""operation_mode"": ""RENT"", ""battery_voltage"": 14.899999618530273, ""in_primary_zone"": true, ""lock_engine_alert"": false, ""in_restricted_zone"": false, ""onboard_geofencing"": false, ""speed_limit_active"": false}"
2023-07-17 13:11:57.618,5237,13,"359159972073523",20,"{""key"": false, ""flip"": false, ""zone"": false, ""speed"": 17.6, ""buzzer"": 0, ""engine"": true, ""in_zone"": true, ""ignition"": true, ""latitude"": 42.6549383, ""direction"": 317, ""longitude"": 18.0519816, ""gsm_signal"": 31, ""sleep_mode"": false, ""staff_mode"": false, ""fault_codes"": [], ""speed_limit"": 46, ""engine_hours"": 1591, ""idc_triggers"": [], ""buzzer_active"": false, ""fuel_level_avg"": 0, ""lock_geo_alert"": false, ""operation_mode"": ""RENT"", ""battery_voltage"": 14.899999618530273, ""in_primary_zone"": true, ""lock_engine_alert"": false, ""in_restricted_zone"": false, ""onboard_geofencing"": false, ""speed_limit_active"": false}"
2023-07-17 13:11:56.896,5237,13,"359159972073523",20,"{""key"": false, ""flip"": false, ""zone"": false, ""speed"": 25.0, ""buzzer"": 0, ""engine"": true, ""in_zone"": true, ""ignition"": true, ""latitude"": 42.6549016, ""direction"": 314, ""longitude"": 18.0520282, ""gsm_signal"": 31, ""sleep_mode"": false, ""staff_mode"": false, ""fault_codes"": [], ""speed_limit"": 46, ""engine_hours"": 1591, ""idc_triggers"": [], ""buzzer_active"": false, ""fuel_level_avg"": 0, ""lock_geo_alert"": false, ""operation_mode"": ""RENT"", ""battery_voltage"": 14.899999618530273, ""in_primary_zone"": true, ""lock_engine_alert"": false, ""in_restricted_zone"": false, ""onboard_geofencing"": false, ""speed_limit_active"": false}"
2023-07-17 13:11:55.439,5237,13,"359159972073523",20,"{""key"": false, ""flip"": false, ""zone"": false, ""speed"": 31.4, ""buzzer"": 0, ""engine"": true, ""in_zone"": true, ""ignition"": true, ""latitude"": 42.6548533, ""direction"": 314, ""longitude"": 18.0520916, ""gsm_signal"": 31, ""sleep_mode"": false, ""staff_mode"": false, ""fault_codes"": [], ""speed_limit"": 46, ""engine_hours"": 1591, ""idc_triggers"": [], ""buzzer_active"": false, ""fuel_level_avg"": 0, ""lock_geo_alert"": false, ""operation_mode"": ""RENT"", ""battery_voltage"": 14.899999618530273, ""in_primary_zone"": true, ""lock_engine_alert"": false, ""in_restricted_zone"": false, ""onboard_geofencing"": false, ""speed_limit_active"": false}"
2023-07-17 13:11:54.603,5237,13,"359159972073523",20,"{""key"": false, ""flip"": false, ""zone"": false, ""speed"": 38.4, ""buzzer"": 0, ""engine"": true, ""in_zone"": true, ""ignition"": true, ""latitude"": 42.654795, ""direction"": 314, ""longitude"": 18.0521732, ""gsm_signal"": 31, ""sleep_mode"": false, ""staff_mode"": false, ""fault_codes"": [], ""speed_limit"": 46, ""engine_hours"": 1591, ""idc_triggers"": [], ""buzzer_active"": false, ""fuel_level_avg"": 0, ""lock_geo_alert"": false, ""operation_mode"": ""RENT"", ""battery_voltage"": 14.899999618530273, ""in_primary_zone"": true, ""lock_engine_alert"": false, ""in_restricted_zone"": false, ""onboard_geofencing"": false, ""speed_limit_active"": false}"
2023-07-17 13:11:53.602,5237,13,"359159972073523",20,"{""key"": false, ""flip"": false, ""zone"": false, ""speed"": 40.5, ""buzzer"": 0, ""engine"": true, ""in_zone"": true, ""ignition"": true, ""latitude"": 42.654726600000004, ""direction"": 314, ""longitude"": 18.0522666, ""gsm_signal"": 31, ""sleep_mode"": false, ""staff_mode"": false, ""fault_codes"": [], ""speed_limit"": 46, ""engine_hours"": 1591, ""idc_triggers"": [], ""buzzer_active"": false, ""fuel_level_avg"": 0, ""lock_geo_alert"": false, ""operation_mode"": ""RENT"", ""battery_voltage"": 14.899999618530273, ""in_primary_zone"": true, ""lock_engine_alert"": false, ""in_restricted_zone"": false, ""onboard_geofencing"": false, ""speed_limit_active"": false}"
2023-07-17 13:11:52.842,5237,13,"359159972073523",20,"{""key"": false, ""flip"": false, ""zone"": false, ""speed"": 43.2, ""buzzer"": 0, ""engine"": true, ""in_zone"": true, ""ignition"": true, ""latitude"": 42.6546533, ""direction"": 317, ""longitude"": 18.0523666, ""gsm_signal"": 31, ""sleep_mode"": false, ""staff_mode"": false, ""fault_codes"": [], ""speed_limit"": 46, ""engine_hours"": 1591, ""idc_triggers"": [], ""buzzer_active"": false, ""fuel_level_avg"": 0, ""lock_geo_alert"": false, ""operation_mode"": ""RENT"", ""battery_voltage"": 14.899999618530273, ""in_primary_zone"": true, ""lock_engine_alert"": false, ""in_restricted_zone"": false, ""onboard_geofencing"": false, ""speed_limit_active"": false}"
2023-07-17 13:11:51.428,5237,13,"359159972073523",20,"{""key"": false, ""flip"": false, ""zone"": false, ""speed"": 46.0, ""buzzer"": 0, ""engine"": true, ""in_zone"": true, ""ignition"": true, ""latitude"": 42.6545733, ""direction"": 317, ""longitude"": 18.0524682, ""gsm_signal"": 30, ""sleep_mode"": false, ""staff_mode"": false, ""fault_codes"": [], ""speed_limit"": 46, ""engine_hours"": 1591, ""idc_triggers"": [], ""buzzer_active"": false, ""fuel_level_avg"": 0, ""lock_geo_alert"": false, ""operation_mode"": ""RENT"", ""battery_voltage"": 14.899999618530273, ""in_primary_zone"": true, ""lock_engine_alert"": false, ""in_restricted_zone"": false, ""onboard_geofencing"": false, ""speed_limit_active"": false}"
2023-07-17 13:11:50.444,5237,13,"359159972073523",20,"{""key"": false, ""flip"": false, ""zone"": false, ""speed"": 47.9, ""buzzer"": 0, ""engine"": true, ""in_zone"": true, ""ignition"": true, ""latitude"": 42.6544883, ""direction"": 316, ""longitude"": 18.0525766, ""gsm_signal"": 30, ""sleep_mode"": false, ""staff_mode"": false, ""fault_codes"": [], ""speed_limit"": 46, ""engine_hours"": 1591, ""idc_triggers"": [], ""buzzer_active"": false, ""fuel_level_avg"": 0, ""lock_geo_alert"": false, ""operation_mode"": ""RENT"", ""battery_voltage"": 14.899999618530273, ""in_primary_zone"": true, ""lock_engine_alert"": false, ""in_restricted_zone"": false, ""onboard_geofencing"": false, ""speed_limit_active"": false}"
2023-07-17 13:11:49.442,5237,13,"359159972073523",20,"{""key"": false, ""flip"": false, ""zone"": false, ""speed"": 49.5, ""buzzer"": 0, ""engine"": true, ""in_zone"": true, ""ignition"": true, ""latitude"": 42.6544, ""direction"": 317, ""longitude"": 18.05269, ""gsm_signal"": 30, ""sleep_mode"": false, ""staff_mode"": false, ""fault_codes"": [], ""speed_limit"": 46, ""engine_hours"": 1591, ""idc_triggers"": [], ""buzzer_active"": false, ""fuel_level_avg"": 0, ""lock_geo_alert"": false, ""operation_mode"": ""RENT"", ""battery_voltage"": 14.899999618530273, ""in_primary_zone"": true, ""lock_engine_alert"": false, ""in_restricted_zone"": false, ""onboard_geofencing"": false, ""speed_limit_active"": false}"
2023-07-17 13:11:48.839,5237,13,"359159972073523",20,"{""key"": false, ""flip"": false, ""zone"": false, ""speed"": 50.8, ""buzzer"": 0, ""engine"": true, ""in_zone"": true, ""ignition"": true, ""latitude"": 42.6543083, ""direction"": 317, ""longitude"": 18.052805, ""gsm_signal"": 30, ""sleep_mode"": false, ""staff_mode"": false, ""fault_codes"": [], ""speed_limit"": 46, ""engine_hours"": 1591, ""idc_triggers"": [], ""buzzer_active"": false, ""fuel_level_avg"": 0, ""lock_geo_alert"": false, ""operation_mode"": ""RENT"", ""battery_voltage"": 14.899999618530273, ""in_primary_zone"": true, ""lock_engine_alert"": false, ""in_restricted_zone"": false, ""onboard_geofencing"": false, ""speed_limit_active"": false}"
2023-07-17 13:11:47.419,5237,13,"359159972073523",20,"{""key"": false, ""flip"": false, ""zone"": false, ""speed"": 54.7, ""buzzer"": 0, ""engine"": true, ""in_zone"": true, ""ignition"": true, ""latitude"": 42.6542116, ""direction"": 316, ""longitude"": 18.052925, ""gsm_signal"": 30, ""sleep_mode"": false, ""staff_mode"": false, ""fault_codes"": [], ""speed_limit"": 46, ""engine_hours"": 1591, ""idc_triggers"": [], ""buzzer_active"": false, ""fuel_level_avg"": 0, ""lock_geo_alert"": false, ""operation_mode"": ""RENT"", ""battery_voltage"": 14.899999618530273, ""in_primary_zone"": true, ""lock_engine_alert"": false, ""in_restricted_zone"": false, ""onboard_geofencing"": false, ""speed_limit_active"": false}"
2023-07-17 13:11:46.422,5237,13,"359159972073523",20,"{""key"": false, ""flip"": false, ""zone"": false, ""speed"": 57.0, ""buzzer"": 0, ""engine"": true, ""in_zone"": true, ""ignition"": true, ""latitude"": 42.6541116, ""direction"": 316, ""longitude"": 18.0530532, ""gsm_signal"": 30, ""sleep_mode"": false, ""staff_mode"": false, ""fault_codes"": [], ""speed_limit"": 46, ""engine_hours"": 1591, ""idc_triggers"": [], ""buzzer_active"": false, ""fuel_level_avg"": 0, ""lock_geo_alert"": false, ""operation_mode"": ""RENT"", ""battery_voltage"": 14.899999618530273, ""in_primary_zone"": true, ""lock_engine_alert"": false, ""in_restricted_zone"": false, ""onboard_geofencing"": false, ""speed_limit_active"": false}"
2023-07-17 13:11:45.439,5237,13,"359159972073523",20,"{""key"": false, ""flip"": false, ""zone"": false, ""speed"": 58.0, ""buzzer"": 0, ""engine"": true, ""in_zone"": true, ""ignition"": true, ""latitude"": 42.6540083, ""direction"": 315, ""longitude"": 18.0531882, ""gsm_signal"": 29, ""sleep_mode"": false, ""staff_mode"": false, ""fault_codes"": [], ""speed_limit"": 46, ""engine_hours"": 1591, ""idc_triggers"": [], ""buzzer_active"": false, ""fuel_level_avg"": 0, ""lock_geo_alert"": false, ""operation_mode"": ""RENT"", ""battery_voltage"": 14.899999618530273, ""in_primary_zone"": true, ""lock_engine_alert"": false, ""in_restricted_zone"": false, ""onboard_geofencing"": false, ""speed_limit_active"": false}"
2023-07-17 13:11:44.441,5237,13,"359159972073523",20,"{""key"": false, ""flip"": false, ""zone"": false, ""speed"": 56.1, ""buzzer"": 0, ""engine"": true, ""in_zone"": true, ""ignition"": true, ""latitude"": 42.6539083, ""direction"": 313, ""longitude"": 18.0533282, ""gsm_signal"": 29, ""sleep_mode"": false, ""staff_mode"": false, ""fault_codes"": [], ""speed_limit"": 46, ""engine_hours"": 1591, ""idc_triggers"": [], ""buzzer_active"": false, ""fuel_level_avg"": 0, ""lock_geo_alert"": false, ""operation_mode"": ""RENT"", ""battery_voltage"": 14.899999618530273, ""in_primary_zone"": true, ""lock_engine_alert"": false, ""in_restricted_zone"": false, ""onboard_geofencing"": false, ""speed_limit_active"": false}"
2023-07-17 13:11:43.840,5237,13,"359159972073523",20,"{""key"": false, ""flip"": false, ""zone"": false, ""speed"": 54.9, ""buzzer"": 0, ""engine"": true, ""in_zone"": true, ""ignition"": true, ""latitude"": 42.6538116, ""direction"": 312, ""longitude"": 18.053465, ""gsm_signal"": 29, ""sleep_mode"": false, ""staff_mode"": false, ""fault_codes"": [], ""speed_limit"": 46, ""engine_hours"": 1591, ""idc_triggers"": [], ""buzzer_active"": false, ""fuel_level_avg"": 0, ""lock_geo_alert"": false, ""operation_mode"": ""RENT"", ""battery_voltage"": 14.899999618530273, ""in_primary_zone"": true, ""lock_engine_alert"": false, ""in_restricted_zone"": false, ""onboard_geofencing"": false, ""speed_limit_active"": false}"
2023-07-17 13:11:42.418,5237,13,"359159972073523",20,"{""key"": false, ""flip"": false, ""zone"": false, ""speed"": 52.9, ""buzzer"": 0, ""engine"": true, ""in_zone"": true, ""ignition"": true, ""latitude"": 42.65372, ""direction"": 312, ""longitude"": 18.0536016, ""gsm_signal"": 31, ""sleep_mode"": false, ""staff_mode"": false, ""fault_codes"": [], ""speed_limit"": 46, ""engine_hours"": 1591, ""idc_triggers"": [], ""buzzer_active"": false, ""fuel_level_avg"": 0, ""lock_geo_alert"": false, ""operation_mode"": ""RENT"", ""battery_voltage"": 14.899999618530273, ""in_primary_zone"": true, ""lock_engine_alert"": false, ""in_restricted_zone"": false, ""onboard_geofencing"": false, ""speed_limit_active"": false}"
2023-07-17 13:11:41.419,5237,13,"359159972073523",20,"{""key"": false, ""flip"": false, ""zone"": false, ""speed"": 53.3, ""buzzer"": 0, ""engine"": true, ""in_zone"": true, ""ignition"": true, ""latitude"": 42.6536316, ""direction"": 311, ""longitude"": 18.0537332, ""gsm_signal"": 31, ""sleep_mode"": false, ""staff_mode"": false, ""fault_codes"": [], ""speed_limit"": 46, ""engine_hours"": 1591, ""idc_triggers"": [], ""buzzer_active"": false, ""fuel_level_avg"": 0, ""lock_geo_alert"": false, ""operation_mode"": ""RENT"", ""battery_voltage"": 14.899999618530273, ""in_primary_zone"": true, ""lock_engine_alert"": false, ""in_restricted_zone"": false, ""onboard_geofencing"": false, ""speed_limit_active"": false}"
2023-07-17 13:11:40.439,5237,13,"359159972073523",20,"{""key"": false, ""flip"": false, ""zone"": false, ""speed"": 55.4, ""buzzer"": 0, ""engine"": true, ""in_zone"": true, ""ignition"": true, ""latitude"": 42.6535433, ""direction"": 310, ""longitude"": 18.0538716, ""gsm_signal"": 31, ""sleep_mode"": false, ""staff_mode"": false, ""fault_codes"": [], ""speed_limit"": 46, ""engine_hours"": 1591, ""idc_triggers"": [], ""buzzer_active"": false, ""fuel_level_avg"": 0, ""lock_geo_alert"": false, ""operation_mode"": ""RENT"", ""battery_voltage"": 14.899999618530273, ""in_primary_zone"": true, ""lock_engine_alert"": false, ""in_restricted_zone"": false, ""onboard_geofencing"": false, ""speed_limit_active"": false}"
2023-07-17 13:11:39.439,5237,13,"359159972073523",20,"{""key"": false, ""flip"": false, ""zone"": false, ""speed"": 56.6, ""buzzer"": 0, ""engine"": true, ""in_zone"": true, ""ignition"": true, ""latitude"": 42.6534533, ""direction"": 309, ""longitude"": 18.054015, ""gsm_signal"": 31, ""sleep_mode"": false, ""staff_mode"": false, ""fault_codes"": [], ""speed_limit"": 46, ""engine_hours"": 1591, ""idc_triggers"": [], ""buzzer_active"": false, ""fuel_level_avg"": 0, ""lock_geo_alert"": false, ""operation_mode"": ""RENT"", ""battery_voltage"": 14.899999618530273, ""in_primary_zone"": true, ""lock_engine_alert"": false, ""in_restricted_zone"": false, ""onboard_geofencing"": false, ""speed_limit_active"": false}"
2023-07-17 13:11:38.862,5237,13,"359159972073523",20,"{""key"": false, ""flip"": false, ""zone"": false, ""speed"": 55.4, ""buzzer"": 0, ""engine"": true, ""in_zone"": true, ""ignition"": true, ""latitude"": 42.6533633, ""direction"": 308, ""longitude"": 18.0541632, ""gsm_signal"": 31, ""sleep_mode"": false, ""staff_mode"": false, ""fault_codes"": [], ""speed_limit"": 46, ""engine_hours"": 1591, ""idc_triggers"": [], ""buzzer_active"": false, ""fuel_level_avg"": 0, ""lock_geo_alert"": false, ""operation_mode"": ""RENT"", ""battery_voltage"": 14.899999618530273, ""in_primary_zone"": true, ""lock_engine_alert"": false, ""in_restricted_zone"": false, ""onboard_geofencing"": false, ""speed_limit_active"": false}"
2023-07-17 13:11:37.422,5237,13,"359159972073523",20,"{""key"": false, ""flip"": false, ""zone"": false, ""speed"": 54.0, ""buzzer"": 0, ""engine"": true, ""in_zone"": true, ""ignition"": true, ""latitude"": 42.6532783, ""direction"": 309, ""longitude"": 18.0543082, ""gsm_signal"": 31, ""sleep_mode"": false, ""staff_mode"": false, ""fault_codes"": [], ""speed_limit"": 46, ""engine_hours"": 1591, ""idc_triggers"": [], ""buzzer_active"": false, ""fuel_level_avg"": 0, ""lock_geo_alert"": false, ""operation_mode"": ""RENT"", ""battery_voltage"": 14.899999618530273, ""in_primary_zone"": true, ""lock_engine_alert"": false, ""in_restricted_zone"": false, ""onboard_geofencing"": false, ""speed_limit_active"": false}"
2023-07-17 13:11:36.559,5237,13,"359159972073523",20,"{""key"": false, ""flip"": false, ""zone"": false, ""speed"": 51.9, ""buzzer"": 0, ""engine"": true, ""in_zone"": true, ""ignition"": true, ""latitude"": 42.6531933, ""direction"": 309, ""longitude"": 18.0544482, ""gsm_signal"": 31, ""sleep_mode"": false, ""staff_mode"": false, ""fault_codes"": [], ""speed_limit"": 46, ""engine_hours"": 1591, ""idc_triggers"": [], ""buzzer_active"": false, ""fuel_level_avg"": 0, ""lock_geo_alert"": false, ""operation_mode"": ""RENT"", ""battery_voltage"": 14.899999618530273, ""in_primary_zone"": true, ""lock_engine_alert"": false, ""in_restricted_zone"": false, ""onboard_geofencing"": false, ""speed_limit_active"": false}"
2023-07-17 13:11:35.886,5237,13,"359159972073523",20,"{""key"": false, ""flip"": false, ""zone"": false, ""speed"": 50.7, ""buzzer"": 0, ""engine"": true, ""in_zone"": true, ""ignition"": true, ""latitude"": 42.6531116, ""direction"": 310, ""longitude"": 18.0545816, ""gsm_signal"": 31, ""sleep_mode"": false, ""staff_mode"": false, ""fault_codes"": [], ""speed_limit"": 46, ""engine_hours"": 1591, ""idc_triggers"": [], ""buzzer_active"": false, ""fuel_level_avg"": 0, ""lock_geo_alert"": false, ""operation_mode"": ""RENT"", ""battery_voltage"": 14.899999618530273, ""in_primary_zone"": true, ""lock_engine_alert"": false, ""in_restricted_zone"": false, ""onboard_geofencing"": false, ""speed_limit_active"": false}"
2023-07-17 13:11:34.440,5237,13,"359159972073523",20,"{""key"": false, ""flip"": false, ""zone"": false, ""speed"": 48.7, ""buzzer"": 0, ""engine"": true, ""in_zone"": true, ""ignition"": true, ""latitude"": 42.65303, ""direction"": 311, ""longitude"": 18.05471, ""gsm_signal"": 31, ""sleep_mode"": false, ""staff_mode"": false, ""fault_codes"": [], ""speed_limit"": 46, ""engine_hours"": 1591, ""idc_triggers"": [], ""buzzer_active"": false, ""fuel_level_avg"": 0, ""lock_geo_alert"": false, ""operation_mode"": ""RENT"", ""battery_voltage"": 14.899999618530273, ""in_primary_zone"": true, ""lock_engine_alert"": false, ""in_restricted_zone"": false, ""onboard_geofencing"": false, ""speed_limit_active"": false}"
2023-07-17 13:11:33.481,5237,13,"359159972073523",20,"{""key"": false, ""flip"": false, ""zone"": false, ""speed"": 46.5, ""buzzer"": 0, ""engine"": true, ""in_zone"": true, ""ignition"": true, ""latitude"": 42.65295, ""direction"": 311, ""longitude"": 18.0548316, ""gsm_signal"": 31, ""sleep_mode"": false, ""staff_mode"": false, ""fault_codes"": [], ""speed_limit"": 46, ""engine_hours"": 1591, ""idc_triggers"": [], ""buzzer_active"": false, ""fuel_level_avg"": 0, ""lock_geo_alert"": false, ""operation_mode"": ""RENT"", ""battery_voltage"": 14.899999618530273, ""in_primary_zone"": true, ""lock_engine_alert"": false, ""in_restricted_zone"": false, ""onboard_geofencing"": false, ""speed_limit_active"": false}"
2023-07-17 13:11:32.543,5237,13,"359159972073523",20,"{""key"": false, ""flip"": false, ""zone"": false, ""speed"": 43.6, ""buzzer"": 0, ""engine"": true, ""in_zone"": true, ""ignition"": true, ""latitude"": 42.6528733, ""direction"": 313, ""longitude"": 18.054945, ""gsm_signal"": 31, ""sleep_mode"": false, ""staff_mode"": false, ""fault_codes"": [], ""speed_limit"": 46, ""engine_hours"": 1591, ""idc_triggers"": [], ""buzzer_active"": false, ""fuel_level_avg"": 0, ""lock_geo_alert"": false, ""operation_mode"": ""RENT"", ""battery_voltage"": 14.899999618530273, ""in_primary_zone"": true, ""lock_engine_alert"": false, ""in_restricted_zone"": false, ""onboard_geofencing"": false, ""speed_limit_active"": false}"
2023-07-17 13:11:31.878,5237,13,"359159972073523",20,"{""key"": false, ""flip"": false, ""zone"": false, ""speed"": 39.5, ""buzzer"": 0, ""engine"": true, ""in_zone"": true, ""ignition"": true, ""latitude"": 42.6528, ""direction"": 315, ""longitude"": 18.0550482, ""gsm_signal"": 31, ""sleep_mode"": false, ""staff_mode"": false, ""fault_codes"": [], ""speed_limit"": 46, ""engine_hours"": 1591, ""idc_triggers"": [], ""buzzer_active"": false, ""fuel_level_avg"": 0, ""lock_geo_alert"": false, ""operation_mode"": ""RENT"", ""battery_voltage"": 14.899999618530273, ""in_primary_zone"": true, ""lock_engine_alert"": false, ""in_restricted_zone"": false, ""onboard_geofencing"": false, ""speed_limit_active"": false}"
2023-07-17 13:11:30.440,5237,13,"359159972073523",20,"{""key"": false, ""flip"": false, ""zone"": false, ""speed"": 37.1, ""buzzer"": 0, ""engine"": true, ""in_zone"": true, ""ignition"": true, ""latitude"": 42.65273, ""direction"": 317, ""longitude"": 18.05514, ""gsm_signal"": 31, ""sleep_mode"": false, ""staff_mode"": false, ""fault_codes"": [], ""speed_limit"": 46, ""engine_hours"": 1591, ""idc_triggers"": [], ""buzzer_active"": false, ""fuel_level_avg"": 0, ""lock_geo_alert"": false, ""operation_mode"": ""RENT"", ""battery_voltage"": 14.899999618530273, ""in_primary_zone"": true, ""lock_engine_alert"": false, ""in_restricted_zone"": false, ""onboard_geofencing"": false, ""speed_limit_active"": false}"
2023-07-17 13:11:29.519,5237,13,"359159972073523",20,"{""key"": false, ""flip"": false, ""zone"": false, ""speed"": 35.3, ""buzzer"": 0, ""engine"": true, ""in_zone"": true, ""ignition"": true, ""latitude"": 42.6526616, ""direction"": 320, ""longitude"": 18.0552216, ""gsm_signal"": 31, ""sleep_mode"": false, ""staff_mode"": false, ""fault_codes"": [], ""speed_limit"": 46, ""engine_hours"": 1591, ""idc_triggers"": [], ""buzzer_active"": false, ""fuel_level_avg"": 0, ""lock_geo_alert"": false, ""operation_mode"": ""RENT"", ""battery_voltage"": 14.899999618530273, ""in_primary_zone"": true, ""lock_engine_alert"": false, ""in_restricted_zone"": false, ""onboard_geofencing"": false, ""speed_limit_active"": false}"
2023-07-17 13:11:28.841,5237,13,"359159972073523",20,"{""key"": false, ""flip"": false, ""zone"": false, ""speed"": 34.4, ""buzzer"": 0, ""engine"": true, ""in_zone"": true, ""ignition"": true, ""latitude"": 42.6525916, ""direction"": 327, ""longitude"": 18.055295, ""gsm_signal"": 31, ""sleep_mode"": false, ""staff_mode"": false, ""fault_codes"": [], ""speed_limit"": 46, ""engine_hours"": 1591, ""idc_triggers"": [], ""buzzer_active"": false, ""fuel_level_avg"": 0, ""lock_geo_alert"": false, ""operation_mode"": ""RENT"", ""battery_voltage"": 14.899999618530273, ""in_primary_zone"": true, ""lock_engine_alert"": false, ""in_restricted_zone"": false, ""onboard_geofencing"": false, ""speed_limit_active"": false}"
2023-07-17 13:11:27.418,5237,13,"359159972073523",20,"{""key"": false, ""flip"": false, ""zone"": false, ""speed"": 32.5, ""buzzer"": 0, ""engine"": true, ""in_zone"": true, ""ignition"": true, ""latitude"": 42.65252, ""direction"": 332, ""longitude"": 18.055355, ""gsm_signal"": 25, ""sleep_mode"": false, ""staff_mode"": false, ""fault_codes"": [], ""speed_limit"": 46, ""engine_hours"": 1591, ""idc_triggers"": [], ""buzzer_active"": false, ""fuel_level_avg"": 0, ""lock_geo_alert"": false, ""operation_mode"": ""RENT"", ""battery_voltage"": 14.899999618530273, ""in_primary_zone"": true, ""lock_engine_alert"": false, ""in_restricted_zone"": false, ""onboard_geofencing"": false, ""speed_limit_active"": false}"
2023-07-17 13:11:26.442,5237,13,"359159972073523",20,"{""key"": false, ""flip"": false, ""zone"": false, ""speed"": 31.0, ""buzzer"": 0, ""engine"": true, ""in_zone"": true, ""ignition"": true, ""latitude"": 42.6524483, ""direction"": 337, ""longitude"": 18.0554032, ""gsm_signal"": 25, ""sleep_mode"": false, ""staff_mode"": false, ""fault_codes"": [], ""speed_limit"": 46, ""engine_hours"": 1591, ""idc_triggers"": [], ""buzzer_active"": false, ""fuel_level_avg"": 0, ""lock_geo_alert"": false, ""operation_mode"": ""RENT"", ""battery_voltage"": 14.899999618530273, ""in_primary_zone"": true, ""lock_engine_alert"": false, ""in_restricted_zone"": false, ""onboard_geofencing"": false, ""speed_limit_active"": false}"
2023-07-17 13:11:25.439,5237,13,"359159972073523",20,"{""key"": false, ""flip"": false, ""zone"": false, ""speed"": 27.9, ""buzzer"": 0, ""engine"": true, ""in_zone"": true, ""ignition"": true, ""latitude"": 42.6523783, ""direction"": 341, ""longitude"": 18.0554416, ""gsm_signal"": 25, ""sleep_mode"": false, ""staff_mode"": false, ""fault_codes"": [], ""speed_limit"": 46, ""engine_hours"": 1591, ""idc_triggers"": [], ""buzzer_active"": false, ""fuel_level_avg"": 0, ""lock_geo_alert"": false, ""operation_mode"": ""RENT"", ""battery_voltage"": 14.899999618530273, ""in_primary_zone"": true, ""lock_engine_alert"": false, ""in_restricted_zone"": false, ""onboard_geofencing"": false, ""speed_limit_active"": false}"
2023-07-17 13:11:24.761,5237,13,"359159972073523",20,"{""key"": false, ""flip"": false, ""zone"": false, ""speed"": 24.2, ""buzzer"": 0, ""engine"": true, ""in_zone"": true, ""ignition"": true, ""latitude"": 42.652315, ""direction"": 344, ""longitude"": 18.05547, ""gsm_signal"": 25, ""sleep_mode"": false, ""staff_mode"": false, ""fault_codes"": [], ""speed_limit"": 46, ""engine_hours"": 1591, ""idc_triggers"": [], ""buzzer_active"": false, ""fuel_level_avg"": 0, ""lock_geo_alert"": false, ""operation_mode"": ""RENT"", ""battery_voltage"": 14.899999618530273, ""in_primary_zone"": true, ""lock_engine_alert"": false, ""in_restricted_zone"": false, ""onboard_geofencing"": false, ""speed_limit_active"": false}"
2023-07-17 13:11:23.460,5237,13,"359159972073523",20,"{""key"": false, ""flip"": false, ""zone"": false, ""speed"": 17.8, ""buzzer"": 0, ""engine"": true, ""in_zone"": true, ""ignition"": true, ""latitude"": 42.65226, ""direction"": 347, ""longitude"": 18.0554882, ""gsm_signal"": 25, ""sleep_mode"": false, ""staff_mode"": false, ""fault_codes"": [], ""speed_limit"": 46, ""engine_hours"": 1591, ""idc_triggers"": [], ""buzzer_active"": false, ""fuel_level_avg"": 0, ""lock_geo_alert"": false, ""operation_mode"": ""RENT"", ""battery_voltage"": 14.899999618530273, ""in_primary_zone"": true, ""lock_engine_alert"": false, ""in_restricted_zone"": false, ""onboard_geofencing"": false, ""speed_limit_active"": false}"
2023-07-17 13:11:22.439,5237,13,"359159972073523",20,"{""key"": false, ""flip"": false, ""zone"": false, ""speed"": 14.2, ""buzzer"": 0, ""engine"": true, ""in_zone"": true, ""ignition"": true, ""latitude"": 42.65222, ""direction"": 347, ""longitude"": 18.0555016, ""gsm_signal"": 25, ""sleep_mode"": false, ""staff_mode"": false, ""fault_codes"": [], ""speed_limit"": 46, ""engine_hours"": 1591, ""idc_triggers"": [], ""buzzer_active"": false, ""fuel_level_avg"": 0, ""lock_geo_alert"": false, ""operation_mode"": ""RENT"", ""battery_voltage"": 14.899999618530273, ""in_primary_zone"": true, ""lock_engine_alert"": false, ""in_restricted_zone"": false, ""onboard_geofencing"": false, ""speed_limit_active"": false}"
2023-07-17 13:11:21.839,5237,13,"359159972073523",20,"{""key"": false, ""flip"": false, ""zone"": false, ""speed"": 13.5, ""buzzer"": 0, ""engine"": true, ""in_zone"": true, ""ignition"": true, ""latitude"": 42.6521866, ""direction"": 349, ""longitude"": 18.0555116, ""gsm_signal"": 27, ""sleep_mode"": false, ""staff_mode"": false, ""fault_codes"": [], ""speed_limit"": 46, ""engine_hours"": 1591, ""idc_triggers"": [], ""buzzer_active"": false, ""fuel_level_avg"": 0, ""lock_geo_alert"": false, ""operation_mode"": ""RENT"", ""battery_voltage"": 14.899999618530273, ""in_primary_zone"": true, ""lock_engine_alert"": false, ""in_restricted_zone"": false, ""onboard_geofencing"": false, ""speed_limit_active"": false}"
2023-07-17 13:11:20.438,5237,13,"359159972073523",20,"{""key"": false, ""flip"": false, ""zone"": false, ""speed"": 14.0, ""buzzer"": 0, ""engine"": true, ""in_zone"": true, ""ignition"": true, ""latitude"": 42.6521533, ""direction"": 349, ""longitude"": 18.05552, ""gsm_signal"": 27, ""sleep_mode"": false, ""staff_mode"": false, ""fault_codes"": [], ""speed_limit"": 46, ""engine_hours"": 1591, ""idc_triggers"": [], ""buzzer_active"": false, ""fuel_level_avg"": 0, ""lock_geo_alert"": false, ""operation_mode"": ""RENT"", ""battery_voltage"": 14.899999618530273, ""in_primary_zone"": true, ""lock_engine_alert"": false, ""in_restricted_zone"": false, ""onboard_geofencing"": false, ""speed_limit_active"": false}"
2023-07-17 13:11:19.441,5237,13,"359159972073523",20,"{""key"": false, ""flip"": false, ""zone"": false, ""speed"": 15.7, ""buzzer"": 0, ""engine"": true, ""in_zone"": true, ""ignition"": true, ""latitude"": 42.6521166, ""direction"": 349, ""longitude"": 18.05553, ""gsm_signal"": 27, ""sleep_mode"": false, ""staff_mode"": false, ""fault_codes"": [], ""speed_limit"": 46, ""engine_hours"": 1591, ""idc_triggers"": [], ""buzzer_active"": false, ""fuel_level_avg"": 0, ""lock_geo_alert"": false, ""operation_mode"": ""RENT"", ""battery_voltage"": 14.899999618530273, ""in_primary_zone"": true, ""lock_engine_alert"": false, ""in_restricted_zone"": false, ""onboard_geofencing"": false, ""speed_limit_active"": false}"
2023-07-17 13:11:19.324,5237,13,"359159972073523",20,"{""key"": false, ""flip"": false, ""zone"": false, ""speed"": 18.7, ""buzzer"": 0, ""engine"": true, ""in_zone"": true, ""ignition"": true, ""latitude"": 42.6520766, ""direction"": 346, ""longitude"": 18.0555416, ""gsm_signal"": 27, ""sleep_mode"": false, ""staff_mode"": false, ""fault_codes"": [], ""speed_limit"": 46, ""engine_hours"": 1591, ""idc_triggers"": [], ""buzzer_active"": false, ""fuel_level_avg"": 0, ""lock_geo_alert"": false, ""operation_mode"": ""RENT"", ""battery_voltage"": 14.899999618530273, ""in_primary_zone"": true, ""lock_engine_alert"": false, ""in_restricted_zone"": false, ""onboard_geofencing"": false, ""speed_limit_active"": false}"
2023-07-17 13:11:17.497,5237,13,"359159972073523",20,"{""key"": false, ""flip"": false, ""zone"": false, ""speed"": 21.3, ""buzzer"": 0, ""engine"": true, ""in_zone"": true, ""ignition"": true, ""latitude"": 42.6520283, ""direction"": 346, ""longitude"": 18.0555566, ""gsm_signal"": 27, ""sleep_mode"": false, ""staff_mode"": false, ""fault_codes"": [], ""speed_limit"": 46, ""engine_hours"": 1591, ""idc_triggers"": [], ""buzzer_active"": false, ""fuel_level_avg"": 0, ""lock_geo_alert"": false, ""operation_mode"": ""RENT"", ""battery_voltage"": 14.899999618530273, ""in_primary_zone"": true, ""lock_engine_alert"": false, ""in_restricted_zone"": false, ""onboard_geofencing"": false, ""speed_limit_active"": false}"
2023-07-17 13:11:16.441,5237,13,"359159972073523",20,"{""key"": false, ""flip"": false, ""zone"": false, ""speed"": 23.8, ""buzzer"": 0, ""engine"": true, ""in_zone"": true, ""ignition"": true, ""latitude"": 42.651975, ""direction"": 344, ""longitude"": 18.0555766, ""gsm_signal"": 27, ""sleep_mode"": false, ""staff_mode"": false, ""fault_codes"": [], ""speed_limit"": 46, ""engine_hours"": 1591, ""idc_triggers"": [], ""buzzer_active"": false, ""fuel_level_avg"": 0, ""lock_geo_alert"": false, ""operation_mode"": ""RENT"", ""battery_voltage"": 14.800000190734863, ""in_primary_zone"": true, ""lock_engine_alert"": false, ""in_restricted_zone"": false, ""onboard_geofencing"": false, ""speed_limit_active"": false}"
2023-07-17 13:11:16.117,5237,13,"359159972073523",20,"{""key"": false, ""flip"": false, ""zone"": false, ""speed"": 22.9, ""buzzer"": 0, ""engine"": true, ""in_zone"": true, ""ignition"": true, ""latitude"": 42.6519183, ""direction"": 344, ""longitude"": 18.0555966, ""gsm_signal"": 22, ""sleep_mode"": false, ""staff_mode"": false, ""fault_codes"": [], ""speed_limit"": 46, ""engine_hours"": 1591, ""idc_triggers"": [], ""buzzer_active"": false, ""fuel_level_avg"": 0, ""lock_geo_alert"": false, ""operation_mode"": ""RENT"", ""battery_voltage"": 14.800000190734863, ""in_primary_zone"": true, ""lock_engine_alert"": false, ""in_restricted_zone"": false, ""onboard_geofencing"": false, ""speed_limit_active"": false}"
2023-07-17 13:11:16.058,5237,13,"359159972073523",20,"{""key"": false, ""flip"": false, ""zone"": false, ""speed"": 24.1, ""buzzer"": 0, ""engine"": true, ""in_zone"": true, ""ignition"": true, ""latitude"": 42.6518633, ""direction"": 343, ""longitude"": 18.0556166, ""gsm_signal"": 22, ""sleep_mode"": false, ""staff_mode"": false, ""fault_codes"": [], ""speed_limit"": 46, ""engine_hours"": 1591, ""idc_triggers"": [], ""buzzer_active"": false, ""fuel_level_avg"": 0, ""lock_geo_alert"": false, ""operation_mode"": ""RENT"", ""battery_voltage"": 14.800000190734863, ""in_primary_zone"": true, ""lock_engine_alert"": false, ""in_restricted_zone"": false, ""onboard_geofencing"": false, ""speed_limit_active"": false}"
2023-07-17 13:11:16.019,5237,13,"359159972073523",20,"{""key"": false, ""flip"": false, ""zone"": false, ""speed"": 28.7, ""buzzer"": 0, ""engine"": true, ""in_zone"": true, ""ignition"": true, ""latitude"": 42.6518033, ""direction"": 342, ""longitude"": 18.0556416, ""gsm_signal"": 22, ""sleep_mode"": false, ""staff_mode"": false, ""fault_codes"": [], ""speed_limit"": 46, ""engine_hours"": 1591, ""idc_triggers"": [], ""buzzer_active"": false, ""fuel_level_avg"": 0, ""lock_geo_alert"": false, ""operation_mode"": ""RENT"", ""battery_voltage"": 14.800000190734863, ""in_primary_zone"": true, ""lock_engine_alert"": false, ""in_restricted_zone"": false, ""onboard_geofencing"": false, ""speed_limit_active"": false}"
2023-07-17 13:11:15.918,5237,13,"359159972073523",20,"{""key"": false, ""flip"": false, ""zone"": false, ""speed"": 44.0, ""buzzer"": 0, ""engine"": true, ""in_zone"": true, ""ignition"": true, ""latitude"": 42.6516366, ""direction"": 337, ""longitude"": 18.05572, ""gsm_signal"": 21, ""sleep_mode"": false, ""staff_mode"": false, ""fault_codes"": [], ""speed_limit"": 46, ""engine_hours"": 1591, ""idc_triggers"": [], ""buzzer_active"": false, ""fuel_level_avg"": 0, ""lock_geo_alert"": false, ""operation_mode"": ""RENT"", ""battery_voltage"": 14.800000190734863, ""in_primary_zone"": true, ""lock_engine_alert"": false, ""in_restricted_zone"": false, ""onboard_geofencing"": false, ""speed_limit_active"": false}"
2023-07-17 13:11:14.104,5237,13,"359159972073523",20,"{""key"": false, ""flip"": false, ""zone"": false, ""speed"": 37.0, ""buzzer"": 0, ""engine"": true, ""in_zone"": true, ""ignition"": true, ""latitude"": 42.6517283, ""direction"": 339, ""longitude"": 18.0556732, ""gsm_signal"": 21, ""sleep_mode"": false, ""staff_mode"": false, ""fault_codes"": [], ""speed_limit"": 46, ""engine_hours"": 1591, ""idc_triggers"": [], ""buzzer_active"": false, ""fuel_level_avg"": 0, ""lock_geo_alert"": false, ""operation_mode"": ""RENT"", ""battery_voltage"": 14.800000190734863, ""in_primary_zone"": true, ""lock_engine_alert"": false, ""in_restricted_zone"": false, ""onboard_geofencing"": false, ""speed_limit_active"": false}"
2023-07-17 13:11:12.719,5237,13,"359159972073523",20,"{""key"": false, ""flip"": false, ""zone"": false, ""speed"": 44.0, ""buzzer"": 0, ""engine"": true, ""in_zone"": true, ""ignition"": true, ""latitude"": 42.6516366, ""direction"": 337, ""longitude"": 18.05572, ""gsm_signal"": 21, ""sleep_mode"": false, ""staff_mode"": false, ""fault_codes"": [], ""speed_limit"": 46, ""engine_hours"": 1591, ""idc_triggers"": [], ""buzzer_active"": false, ""fuel_level_avg"": 0, ""lock_geo_alert"": false, ""operation_mode"": ""RENT"", ""battery_voltage"": 14.800000190734863, ""in_primary_zone"": true, ""lock_engine_alert"": false, ""in_restricted_zone"": false, ""onboard_geofencing"": false, ""speed_limit_active"": false}"
2023-07-17 13:11:11.957,5237,13,"359159972073523",20,"{""key"": false, ""flip"": false, ""zone"": false, ""speed"": 50.6, ""buzzer"": 0, ""engine"": true, ""in_zone"": true, ""ignition"": true, ""latitude"": 42.6515316, ""direction"": 336, ""longitude"": 18.05578, ""gsm_signal"": 21, ""sleep_mode"": false, ""staff_mode"": false, ""fault_codes"": [], ""speed_limit"": 46, ""engine_hours"": 1591, ""idc_triggers"": [], ""buzzer_active"": false, ""fuel_level_avg"": 0, ""lock_geo_alert"": false, ""operation_mode"": ""RENT"", ""battery_voltage"": 14.800000190734863, ""in_primary_zone"": true, ""lock_engine_alert"": false, ""in_restricted_zone"": false, ""onboard_geofencing"": false, ""speed_limit_active"": false}"
2023-07-17 13:11:10.336,5237,13,"359159972073523",20,"{""key"": false, ""flip"": false, ""zone"": false, ""speed"": 49.4, ""buzzer"": 0, ""engine"": true, ""in_zone"": true, ""ignition"": true, ""latitude"": 42.651415, ""direction"": 338, ""longitude"": 18.055845, ""gsm_signal"": 20, ""sleep_mode"": false, ""staff_mode"": false, ""fault_codes"": [], ""speed_limit"": 46, ""engine_hours"": 1591, ""idc_triggers"": [], ""buzzer_active"": false, ""fuel_level_avg"": 0, ""lock_geo_alert"": false, ""operation_mode"": ""RENT"", ""battery_voltage"": 14.800000190734863, ""in_primary_zone"": true, ""lock_engine_alert"": false, ""in_restricted_zone"": false, ""onboard_geofencing"": false, ""speed_limit_active"": false}"
2023-07-17 13:11:08.535,5237,13,"359159972073523",20,"{""key"": false, ""flip"": false, ""zone"": false, ""speed"": 49.3, ""buzzer"": 0, ""engine"": true, ""in_zone"": true, ""ignition"": true, ""latitude"": 42.6513016, ""direction"": 337, ""longitude"": 18.0559082, ""gsm_signal"": 20, ""sleep_mode"": false, ""staff_mode"": false, ""fault_codes"": [], ""speed_limit"": 46, ""engine_hours"": 1591, ""idc_triggers"": [], ""buzzer_active"": false, ""fuel_level_avg"": 0, ""lock_geo_alert"": false, ""operation_mode"": ""RENT"", ""battery_voltage"": 14.800000190734863, ""in_primary_zone"": true, ""lock_engine_alert"": false, ""in_restricted_zone"": false, ""onboard_geofencing"": false, ""speed_limit_active"": false}"
2023-07-17 13:11:07.617,5237,13,"359159972073523",20,"{""key"": false, ""flip"": false, ""zone"": false, ""speed"": 49.3, ""buzzer"": 0, ""engine"": true, ""in_zone"": true, ""ignition"": true, ""latitude"": 42.6511866, ""direction"": 338, ""longitude"": 18.0559716, ""gsm_signal"": 20, ""sleep_mode"": false, ""staff_mode"": false, ""fault_codes"": [], ""speed_limit"": 46, ""engine_hours"": 1591, ""idc_triggers"": [], ""buzzer_active"": false, ""fuel_level_avg"": 0, ""lock_geo_alert"": false, ""operation_mode"": ""RENT"", ""battery_voltage"": 14.800000190734863, ""in_primary_zone"": true, ""lock_engine_alert"": false, ""in_restricted_zone"": false, ""onboard_geofencing"": false, ""speed_limit_active"": false}"
2023-07-17 13:11:06.454,5237,13,"359159972073523",20,"{""key"": false, ""flip"": false, ""zone"": false, ""speed"": 47.5, ""buzzer"": 0, ""engine"": true, ""in_zone"": true, ""ignition"": true, ""latitude"": 42.6510733, ""direction"": 340, ""longitude"": 18.0560316, ""gsm_signal"": 22, ""sleep_mode"": false, ""staff_mode"": false, ""fault_codes"": [], ""speed_limit"": 46, ""engine_hours"": 1591, ""idc_triggers"": [], ""buzzer_active"": false, ""fuel_level_avg"": 0, ""lock_geo_alert"": false, ""operation_mode"": ""RENT"", ""battery_voltage"": 14.800000190734863, ""in_primary_zone"": true, ""lock_engine_alert"": false, ""in_restricted_zone"": false, ""onboard_geofencing"": false, ""speed_limit_active"": false}"
2023-07-17 13:11:05.458,5237,13,"359159972073523",20,"{""key"": false, ""flip"": false, ""zone"": false, ""speed"": 45.4, ""buzzer"": 0, ""engine"": true, ""in_zone"": true, ""ignition"": true, ""latitude"": 42.6509633, ""direction"": 339, ""longitude"": 18.0560866, ""gsm_signal"": 22, ""sleep_mode"": false, ""staff_mode"": false, ""fault_codes"": [], ""speed_limit"": 46, ""engine_hours"": 1591, ""idc_triggers"": [], ""buzzer_active"": false, ""fuel_level_avg"": 0, ""lock_geo_alert"": false, ""operation_mode"": ""RENT"", ""battery_voltage"": 14.800000190734863, ""in_primary_zone"": true, ""lock_engine_alert"": false, ""in_restricted_zone"": false, ""onboard_geofencing"": false, ""speed_limit_active"": false}"
2023-07-17 13:11:05.303,5237,13,"359159972073523",20,"{""key"": false, ""flip"": false, ""zone"": false, ""speed"": 45.5, ""buzzer"": 0, ""engine"": true, ""in_zone"": true, ""ignition"": true, ""latitude"": 42.6508566, ""direction"": 338, ""longitude"": 18.05614, ""gsm_signal"": 22, ""sleep_mode"": false, ""staff_mode"": false, ""fault_codes"": [], ""speed_limit"": 46, ""engine_hours"": 1591, ""idc_triggers"": [], ""buzzer_active"": false, ""fuel_level_avg"": 0, ""lock_geo_alert"": false, ""operation_mode"": ""RENT"", ""battery_voltage"": 14.800000190734863, ""in_primary_zone"": true, ""lock_engine_alert"": false, ""in_restricted_zone"": false, ""onboard_geofencing"": false, ""speed_limit_active"": false}"
2023-07-17 13:11:03.417,5237,13,"359159972073523",20,"{""key"": false, ""flip"": false, ""zone"": false, ""speed"": 44.6, ""buzzer"": 0, ""engine"": true, ""in_zone"": true, ""ignition"": true, ""latitude"": 42.6507516, ""direction"": 338, ""longitude"": 18.0561966, ""gsm_signal"": 22, ""sleep_mode"": false, ""staff_mode"": false, ""fault_codes"": [], ""speed_limit"": 46, ""engine_hours"": 1591, ""idc_triggers"": [], ""buzzer_active"": false, ""fuel_level_avg"": 0, ""lock_geo_alert"": false, ""operation_mode"": ""RENT"", ""battery_voltage"": 14.800000190734863, ""in_primary_zone"": true, ""lock_engine_alert"": false, ""in_restricted_zone"": false, ""onboard_geofencing"": false, ""speed_limit_active"": false}"
2023-07-17 13:11:02.476,5237,13,"359159972073523",20,"{""key"": false, ""flip"": false, ""zone"": false, ""speed"": 43.3, ""buzzer"": 0, ""engine"": true, ""in_zone"": true, ""ignition"": true, ""latitude"": 42.6506483, ""direction"": 337, ""longitude"": 18.0562532, ""gsm_signal"": 22, ""sleep_mode"": false, ""staff_mode"": false, ""fault_codes"": [], ""speed_limit"": 46, ""engine_hours"": 1591, ""idc_triggers"": [], ""buzzer_active"": false, ""fuel_level_avg"": 0, ""lock_geo_alert"": false, ""operation_mode"": ""RENT"", ""battery_voltage"": 14.800000190734863, ""in_primary_zone"": true, ""lock_engine_alert"": false, ""in_restricted_zone"": false, ""onboard_geofencing"": false, ""speed_limit_active"": false}"
2023-07-17 13:11:01.466,5237,13,"359159972073523",20,"{""key"": false, ""flip"": false, ""zone"": false, ""speed"": 42.7, ""buzzer"": 0, ""engine"": true, ""in_zone"": true, ""ignition"": true, ""latitude"": 42.6505483, ""direction"": 337, ""longitude"": 18.0563082, ""gsm_signal"": 22, ""sleep_mode"": false, ""staff_mode"": false, ""fault_codes"": [], ""speed_limit"": 46, ""engine_hours"": 1591, ""idc_triggers"": [], ""buzzer_active"": false, ""fuel_level_avg"": 0, ""lock_geo_alert"": false, ""operation_mode"": ""RENT"", ""battery_voltage"": 14.800000190734863, ""in_primary_zone"": true, ""lock_engine_alert"": false, ""in_restricted_zone"": false, ""onboard_geofencing"": false, ""speed_limit_active"": false}"
2023-07-17 13:11:00.917,5237,13,"359159972073523",20,"{""key"": false, ""flip"": false, ""zone"": false, ""speed"": 42.7, ""buzzer"": 0, ""engine"": true, ""in_zone"": true, ""ignition"": true, ""latitude"": 42.65045, ""direction"": 336, ""longitude"": 18.056365, ""gsm_signal"": 22, ""sleep_mode"": false, ""staff_mode"": false, ""fault_codes"": [], ""speed_limit"": 46, ""engine_hours"": 1591, ""idc_triggers"": [], ""buzzer_active"": false, ""fuel_level_avg"": 0, ""lock_geo_alert"": false, ""operation_mode"": ""RENT"", ""battery_voltage"": 14.800000190734863, ""in_primary_zone"": true, ""lock_engine_alert"": false, ""in_restricted_zone"": false, ""onboard_geofencing"": false, ""speed_limit_active"": false}"
2023-07-17 13:10:59.435,5237,13,"359159972073523",20,"{""key"": false, ""flip"": false, ""zone"": false, ""speed"": 40.9, ""buzzer"": 0, ""engine"": true, ""in_zone"": true, ""ignition"": true, ""latitude"": 42.6503533, ""direction"": 333, ""longitude"": 18.0564232, ""gsm_signal"": 22, ""sleep_mode"": false, ""staff_mode"": false, ""fault_codes"": [], ""speed_limit"": 46, ""engine_hours"": 1591, ""idc_triggers"": [], ""buzzer_active"": false, ""fuel_level_avg"": 0, ""lock_geo_alert"": false, ""operation_mode"": ""RENT"", ""battery_voltage"": 14.800000190734863, ""in_primary_zone"": true, ""lock_engine_alert"": false, ""in_restricted_zone"": false, ""onboard_geofencing"": false, ""speed_limit_active"": false}"
2023-07-17 13:10:58.442,5237,13,"359159972073523",20,"{""key"": false, ""flip"": false, ""zone"": false, ""speed"": 38.6, ""buzzer"": 0, ""engine"": true, ""in_zone"": true, ""ignition"": true, ""latitude"": 42.6502633, ""direction"": 330, ""longitude"": 18.0564866, ""gsm_signal"": 22, ""sleep_mode"": false, ""staff_mode"": false, ""fault_codes"": [], ""speed_limit"": 46, ""engine_hours"": 1591, ""idc_triggers"": [], ""buzzer_active"": false, ""fuel_level_avg"": 0, ""lock_geo_alert"": false, ""operation_mode"": ""RENT"", ""battery_voltage"": 14.800000190734863, ""in_primary_zone"": true, ""lock_engine_alert"": false, ""in_restricted_zone"": false, ""onboard_geofencing"": false, ""speed_limit_active"": false}"
2023-07-17 13:10:57.458,5237,13,"359159972073523",20,"{""key"": false, ""flip"": false, ""zone"": false, ""speed"": 39.6, ""buzzer"": 0, ""engine"": true, ""in_zone"": true, ""ignition"": true, ""latitude"": 42.65018, ""direction"": 327, ""longitude"": 18.0565532, ""gsm_signal"": 24, ""sleep_mode"": false, ""staff_mode"": false, ""fault_codes"": [], ""speed_limit"": 46, ""engine_hours"": 1591, ""idc_triggers"": [], ""buzzer_active"": false, ""fuel_level_avg"": 0, ""lock_geo_alert"": false, ""operation_mode"": ""RENT"", ""battery_voltage"": 14.800000190734863, ""in_primary_zone"": true, ""lock_engine_alert"": false, ""in_restricted_zone"": false, ""onboard_geofencing"": false, ""speed_limit_active"": false}"
2023-07-17 13:10:56.457,5237,13,"359159972073523",20,"{""key"": false, ""flip"": false, ""zone"": false, ""speed"": 39.8, ""buzzer"": 0, ""engine"": true, ""in_zone"": true, ""ignition"": true, ""latitude"": 42.6500983, ""direction"": 323, ""longitude"": 18.0566282, ""gsm_signal"": 24, ""sleep_mode"": false, ""staff_mode"": false, ""fault_codes"": [], ""speed_limit"": 46, ""engine_hours"": 1591, ""idc_triggers"": [], ""buzzer_active"": false, ""fuel_level_avg"": 0, ""lock_geo_alert"": false, ""operation_mode"": ""RENT"", ""battery_voltage"": 14.800000190734863, ""in_primary_zone"": true, ""lock_engine_alert"": false, ""in_restricted_zone"": false, ""onboard_geofencing"": false, ""speed_limit_active"": false}"
2023-07-17 13:10:55.918,5237,13,"359159972073523",20,"{""key"": false, ""flip"": false, ""zone"": false, ""speed"": 37.8, ""buzzer"": 0, ""engine"": true, ""in_zone"": true, ""ignition"": true, ""latitude"": 42.65002, ""direction"": 321, ""longitude"": 18.05671, ""gsm_signal"": 24, ""sleep_mode"": false, ""staff_mode"": false, ""fault_codes"": [], ""speed_limit"": 46, ""engine_hours"": 1591, ""idc_triggers"": [], ""buzzer_active"": false, ""fuel_level_avg"": 0, ""lock_geo_alert"": false, ""operation_mode"": ""RENT"", ""battery_voltage"": 14.800000190734863, ""in_primary_zone"": true, ""lock_engine_alert"": false, ""in_restricted_zone"": false, ""onboard_geofencing"": false, ""speed_limit_active"": false}"
2023-07-17 13:10:54.438,5237,13,"359159972073523",20,"{""key"": false, ""flip"": false, ""zone"": false, ""speed"": 37.2, ""buzzer"": 0, ""engine"": true, ""in_zone"": true, ""ignition"": true, ""latitude"": 42.6499466, ""direction"": 320, ""longitude"": 18.05679, ""gsm_signal"": 26, ""sleep_mode"": false, ""staff_mode"": false, ""fault_codes"": [], ""speed_limit"": 46, ""engine_hours"": 1591, ""idc_triggers"": [], ""buzzer_active"": false, ""fuel_level_avg"": 0, ""lock_geo_alert"": false, ""operation_mode"": ""RENT"", ""battery_voltage"": 14.800000190734863, ""in_primary_zone"": true, ""lock_engine_alert"": false, ""in_restricted_zone"": false, ""onboard_geofencing"": false, ""speed_limit_active"": false}"
2023-07-17 13:10:53.537,5237,13,"359159972073523",20,"{""key"": false, ""flip"": false, ""zone"": false, ""speed"": 36.9, ""buzzer"": 0, ""engine"": true, ""in_zone"": true, ""ignition"": true, ""latitude"": 42.6498766, ""direction"": 319, ""longitude"": 18.0568716, ""gsm_signal"": 26, ""sleep_mode"": false, ""staff_mode"": false, ""fault_codes"": [], ""speed_limit"": 46, ""engine_hours"": 1591, ""idc_triggers"": [], ""buzzer_active"": false, ""fuel_level_avg"": 0, ""lock_geo_alert"": false, ""operation_mode"": ""RENT"", ""battery_voltage"": 14.800000190734863, ""in_primary_zone"": true, ""lock_engine_alert"": false, ""in_restricted_zone"": false, ""onboard_geofencing"": false, ""speed_limit_active"": false}"
2023-07-17 13:10:52.496,5237,13,"359159972073523",20,"{""key"": false, ""flip"": false, ""zone"": false, ""speed"": 35.1, ""buzzer"": 0, ""engine"": true, ""in_zone"": true, ""ignition"": true, ""latitude"": 42.6498083, ""direction"": 316, ""longitude"": 18.0569516, ""gsm_signal"": 26, ""sleep_mode"": false, ""staff_mode"": false, ""fault_codes"": [], ""speed_limit"": 46, ""engine_hours"": 1591, ""idc_triggers"": [], ""buzzer_active"": false, ""fuel_level_avg"": 0, ""lock_geo_alert"": false, ""operation_mode"": ""RENT"", ""battery_voltage"": 14.800000190734863, ""in_primary_zone"": true, ""lock_engine_alert"": false, ""in_restricted_zone"": false, ""onboard_geofencing"": false, ""speed_limit_active"": false}"
2023-07-17 13:10:51.915,5237,13,"359159972073523",20,"{""key"": false, ""flip"": false, ""zone"": false, ""speed"": 33.6, ""buzzer"": 0, ""engine"": true, ""in_zone"": true, ""ignition"": true, ""latitude"": 42.649745, ""direction"": 316, ""longitude"": 18.0570332, ""gsm_signal"": 28, ""sleep_mode"": false, ""staff_mode"": false, ""fault_codes"": [], ""speed_limit"": 46, ""engine_hours"": 1591, ""idc_triggers"": [], ""buzzer_active"": false, ""fuel_level_avg"": 0, ""lock_geo_alert"": false, ""operation_mode"": ""RENT"", ""battery_voltage"": 14.800000190734863, ""in_primary_zone"": true, ""lock_engine_alert"": false, ""in_restricted_zone"": false, ""onboard_geofencing"": false, ""speed_limit_active"": false}"
2023-07-17 13:10:50.434,5237,13,"359159972073523",20,"{""key"": false, ""flip"": false, ""zone"": false, ""speed"": 32.2, ""buzzer"": 0, ""engine"": true, ""in_zone"": true, ""ignition"": true, ""latitude"": 42.6496833, ""direction"": 317, ""longitude"": 18.0571116, ""gsm_signal"": 28, ""sleep_mode"": false, ""staff_mode"": false, ""fault_codes"": [], ""speed_limit"": 46, ""engine_hours"": 1591, ""idc_triggers"": [], ""buzzer_active"": false, ""fuel_level_avg"": 0, ""lock_geo_alert"": false, ""operation_mode"": ""RENT"", ""battery_voltage"": 14.800000190734863, ""in_primary_zone"": true, ""lock_engine_alert"": false, ""in_restricted_zone"": false, ""onboard_geofencing"": false, ""speed_limit_active"": false}"
2023-07-17 13:10:49.438,5237,13,"359159972073523",20,"{""key"": false, ""flip"": false, ""zone"": false, ""speed"": 30.4, ""buzzer"": 0, ""engine"": true, ""in_zone"": true, ""ignition"": true, ""latitude"": 42.649625, ""direction"": 320, ""longitude"": 18.0571832, ""gsm_signal"": 28, ""sleep_mode"": false, ""staff_mode"": false, ""fault_codes"": [], ""speed_limit"": 46, ""engine_hours"": 1591, ""idc_triggers"": [], ""buzzer_active"": false, ""fuel_level_avg"": 0, ""lock_geo_alert"": false, ""operation_mode"": ""RENT"", ""battery_voltage"": 14.800000190734863, ""in_primary_zone"": true, ""lock_engine_alert"": false, ""in_restricted_zone"": false, ""onboard_geofencing"": false, ""speed_limit_active"": false}"
2023-07-17 13:10:48.453,5237,13,"359159972073523",20,"{""key"": false, ""flip"": false, ""zone"": false, ""speed"": 29.5, ""buzzer"": 0, ""engine"": true, ""in_zone"": true, ""ignition"": true, ""latitude"": 42.649565, ""direction"": 325, ""longitude"": 18.0572466, ""gsm_signal"": 28, ""sleep_mode"": false, ""staff_mode"": false, ""fault_codes"": [], ""speed_limit"": 46, ""engine_hours"": 1591, ""idc_triggers"": [], ""buzzer_active"": false, ""fuel_level_avg"": 0, ""lock_geo_alert"": false, ""operation_mode"": ""RENT"", ""battery_voltage"": 14.800000190734863, ""in_primary_zone"": true, ""lock_engine_alert"": false, ""in_restricted_zone"": false, ""onboard_geofencing"": false, ""speed_limit_active"": false}"
2023-07-17 13:10:47.475,5237,13,"359159972073523",20,"{""key"": false, ""flip"": false, ""zone"": false, ""speed"": 28.7, ""buzzer"": 0, ""engine"": true, ""in_zone"": true, ""ignition"": true, ""latitude"": 42.6495033, ""direction"": 328, ""longitude"": 18.0573016, ""gsm_signal"": 28, ""sleep_mode"": false, ""staff_mode"": false, ""fault_codes"": [], ""speed_limit"": 46, ""engine_hours"": 1591, ""idc_triggers"": [], ""buzzer_active"": false, ""fuel_level_avg"": 0, ""lock_geo_alert"": false, ""operation_mode"": ""RENT"", ""battery_voltage"": 14.800000190734863, ""in_primary_zone"": true, ""lock_engine_alert"": false, ""in_restricted_zone"": false, ""onboard_geofencing"": false, ""speed_limit_active"": false}"
2023-07-17 13:10:46.916,5237,13,"359159972073523",20,"{""key"": false, ""flip"": false, ""zone"": false, ""speed"": 29.6, ""buzzer"": 0, ""engine"": true, ""in_zone"": true, ""ignition"": true, ""latitude"": 42.64944, ""direction"": 333, ""longitude"": 18.0573516, ""gsm_signal"": 28, ""sleep_mode"": false, ""staff_mode"": false, ""fault_codes"": [], ""speed_limit"": 46, ""engine_hours"": 1591, ""idc_triggers"": [], ""buzzer_active"": false, ""fuel_level_avg"": 0, ""lock_geo_alert"": false, ""operation_mode"": ""RENT"", ""battery_voltage"": 14.800000190734863, ""in_primary_zone"": true, ""lock_engine_alert"": false, ""in_restricted_zone"": false, ""onboard_geofencing"": false, ""speed_limit_active"": false}"
2023-07-17 13:10:45.436,5237,13,"359159972073523",20,"{""key"": false, ""flip"": false, ""zone"": false, ""speed"": 30.3, ""buzzer"": 0, ""engine"": true, ""in_zone"": true, ""ignition"": true, ""latitude"": 42.6493733, ""direction"": 335, ""longitude"": 18.057395, ""gsm_signal"": 28, ""sleep_mode"": false, ""staff_mode"": false, ""fault_codes"": [], ""speed_limit"": 46, ""engine_hours"": 1591, ""idc_triggers"": [], ""buzzer_active"": false, ""fuel_level_avg"": 0, ""lock_geo_alert"": false, ""operation_mode"": ""RENT"", ""battery_voltage"": 14.800000190734863, ""in_primary_zone"": true, ""lock_engine_alert"": false, ""in_restricted_zone"": false, ""onboard_geofencing"": false, ""speed_limit_active"": false}"
2023-07-17 13:10:44.457,5237,13,"359159972073523",20,"{""key"": false, ""flip"": false, ""zone"": false, ""speed"": 30.8, ""buzzer"": 0, ""engine"": true, ""in_zone"": true, ""ignition"": true, ""latitude"": 42.6493033, ""direction"": 334, ""longitude"": 18.0574382, ""gsm_signal"": 28, ""sleep_mode"": false, ""staff_mode"": false, ""fault_codes"": [], ""speed_limit"": 46, ""engine_hours"": 1591, ""idc_triggers"": [], ""buzzer_active"": false, ""fuel_level_avg"": 0, ""lock_geo_alert"": false, ""operation_mode"": ""RENT"", ""battery_voltage"": 14.800000190734863, ""in_primary_zone"": true, ""lock_engine_alert"": false, ""in_restricted_zone"": false, ""onboard_geofencing"": false, ""speed_limit_active"": false}"
2023-07-17 13:10:43.502,5237,13,"359159972073523",20,"{""key"": false, ""flip"": false, ""zone"": false, ""speed"": 31.5, ""buzzer"": 0, ""engine"": true, ""in_zone"": true, ""ignition"": true, ""latitude"": 42.6492333, ""direction"": 334, ""longitude"": 18.0574832, ""gsm_signal"": 28, ""sleep_mode"": false, ""staff_mode"": false, ""fault_codes"": [], ""speed_limit"": 46, ""engine_hours"": 1591, ""idc_triggers"": [], ""buzzer_active"": false, ""fuel_level_avg"": 0, ""lock_geo_alert"": false, ""operation_mode"": ""RENT"", ""battery_voltage"": 14.800000190734863, ""in_primary_zone"": true, ""lock_engine_alert"": false, ""in_restricted_zone"": false, ""onboard_geofencing"": false, ""speed_limit_active"": false}"
2023-07-17 13:10:42.917,5237,13,"359159972073523",20,"{""key"": false, ""flip"": false, ""zone"": false, ""speed"": 31.0, ""buzzer"": 0, ""engine"": true, ""in_zone"": true, ""ignition"": true, ""latitude"": 42.6491616, ""direction"": 333, ""longitude"": 18.0575316, ""gsm_signal"": 29, ""sleep_mode"": false, ""staff_mode"": false, ""fault_codes"": [], ""speed_limit"": 46, ""engine_hours"": 1591, ""idc_triggers"": [], ""buzzer_active"": false, ""fuel_level_avg"": 0, ""lock_geo_alert"": false, ""operation_mode"": ""RENT"", ""battery_voltage"": 14.800000190734863, ""in_primary_zone"": true, ""lock_engine_alert"": false, ""in_restricted_zone"": false, ""onboard_geofencing"": false, ""speed_limit_active"": false}"
2023-07-17 13:10:41.435,5237,13,"359159972073523",20,"{""key"": false, ""flip"": false, ""zone"": false, ""speed"": 31.0, ""buzzer"": 0, ""engine"": true, ""in_zone"": true, ""ignition"": true, ""latitude"": 42.6490916, ""direction"": 337, ""longitude"": 18.0575766, ""gsm_signal"": 29, ""sleep_mode"": false, ""staff_mode"": false, ""fault_codes"": [], ""speed_limit"": 46, ""engine_hours"": 1591, ""idc_triggers"": [], ""buzzer_active"": false, ""fuel_level_avg"": 0, ""lock_geo_alert"": false, ""operation_mode"": ""RENT"", ""battery_voltage"": 14.800000190734863, ""in_primary_zone"": true, ""lock_engine_alert"": false, ""in_restricted_zone"": false, ""onboard_geofencing"": false, ""speed_limit_active"": false}"
2023-07-17 13:10:40.438,5237,13,"359159972073523",20,"{""key"": false, ""flip"": false, ""zone"": false, ""speed"": 30.3, ""buzzer"": 0, ""engine"": true, ""in_zone"": true, ""ignition"": true, ""latitude"": 42.6490216, ""direction"": 332, ""longitude"": 18.0576216, ""gsm_signal"": 29, ""sleep_mode"": false, ""staff_mode"": false, ""fault_codes"": [], ""speed_limit"": 46, ""engine_hours"": 1591, ""idc_triggers"": [], ""buzzer_active"": false, ""fuel_level_avg"": 0, ""lock_geo_alert"": false, ""operation_mode"": ""RENT"", ""battery_voltage"": 14.800000190734863, ""in_primary_zone"": true, ""lock_engine_alert"": false, ""in_restricted_zone"": false, ""onboard_geofencing"": false, ""speed_limit_active"": false}"
2023-07-17 13:10:39.454,5237,13,"359159972073523",20,"{""key"": false, ""flip"": false, ""zone"": false, ""speed"": 29.9, ""buzzer"": 0, ""engine"": true, ""in_zone"": true, ""ignition"": true, ""latitude"": 42.648955, ""direction"": 330, ""longitude"": 18.05767, ""gsm_signal"": 29, ""sleep_mode"": false, ""staff_mode"": false, ""fault_codes"": [], ""speed_limit"": 46, ""engine_hours"": 1591, ""idc_triggers"": [], ""buzzer_active"": false, ""fuel_level_avg"": 0, ""lock_geo_alert"": false, ""operation_mode"": ""RENT"", ""battery_voltage"": 14.800000190734863, ""in_primary_zone"": true, ""lock_engine_alert"": false, ""in_restricted_zone"": false, ""onboard_geofencing"": false, ""speed_limit_active"": false}"
2023-07-17 13:10:38.476,5237,13,"359159972073523",20,"{""key"": false, ""flip"": false, ""zone"": false, ""speed"": 29.7, ""buzzer"": 0, ""engine"": true, ""in_zone"": true, ""ignition"": true, ""latitude"": 42.64889, ""direction"": 329, ""longitude"": 18.05772, ""gsm_signal"": 29, ""sleep_mode"": false, ""staff_mode"": false, ""fault_codes"": [], ""speed_limit"": 46, ""engine_hours"": 1591, ""idc_triggers"": [], ""buzzer_active"": false, ""fuel_level_avg"": 0, ""lock_geo_alert"": false, ""operation_mode"": ""RENT"", ""battery_voltage"": 14.800000190734863, ""in_primary_zone"": true, ""lock_engine_alert"": false, ""in_restricted_zone"": false, ""onboard_geofencing"": false, ""speed_limit_active"": false}"
2023-07-17 13:10:37.916,5237,13,"359159972073523",20,"{""key"": false, ""flip"": false, ""zone"": false, ""speed"": 31.0, ""buzzer"": 0, ""engine"": true, ""in_zone"": true, ""ignition"": true, ""latitude"": 42.648825, ""direction"": 327, ""longitude"": 18.0577732, ""gsm_signal"": 29, ""sleep_mode"": false, ""staff_mode"": false, ""fault_codes"": [], ""speed_limit"": 46, ""engine_hours"": 1591, ""idc_triggers"": [], ""buzzer_active"": false, ""fuel_level_avg"": 0, ""lock_geo_alert"": false, ""operation_mode"": ""RENT"", ""battery_voltage"": 14.800000190734863, ""in_primary_zone"": true, ""lock_engine_alert"": false, ""in_restricted_zone"": false, ""onboard_geofencing"": false, ""speed_limit_active"": false}"
2023-07-17 13:10:36.436,5237,13,"359159972073523",20,"{""key"": false, ""flip"": false, ""zone"": false, ""speed"": 31.3, ""buzzer"": 0, ""engine"": true, ""in_zone"": true, ""ignition"": true, ""latitude"": 42.64876, ""direction"": 324, ""longitude"": 18.0578316, ""gsm_signal"": 29, ""sleep_mode"": false, ""staff_mode"": false, ""fault_codes"": [], ""speed_limit"": 46, ""engine_hours"": 1591, ""idc_triggers"": [], ""buzzer_active"": false, ""fuel_level_avg"": 0, ""lock_geo_alert"": false, ""operation_mode"": ""RENT"", ""battery_voltage"": 14.800000190734863, ""in_primary_zone"": true, ""lock_engine_alert"": false, ""in_restricted_zone"": false, ""onboard_geofencing"": false, ""speed_limit_active"": false}"
2023-07-17 13:10:35.486,5237,13,"359159972073523",20,"{""key"": false, ""flip"": false, ""zone"": false, ""speed"": 32.7, ""buzzer"": 0, ""engine"": true, ""in_zone"": true, ""ignition"": true, ""latitude"": 42.6486966, ""direction"": 320, ""longitude"": 18.057895, ""gsm_signal"": 29, ""sleep_mode"": false, ""staff_mode"": false, ""fault_codes"": [], ""speed_limit"": 46, ""engine_hours"": 1591, ""idc_triggers"": [], ""buzzer_active"": false, ""fuel_level_avg"": 0, ""lock_geo_alert"": false, ""operation_mode"": ""RENT"", ""battery_voltage"": 14.800000190734863, ""in_primary_zone"": true, ""lock_engine_alert"": false, ""in_restricted_zone"": false, ""onboard_geofencing"": false, ""speed_limit_active"": false}"
2023-07-17 13:10:34.916,5237,13,"359159972073523",20,"{""key"": false, ""flip"": false, ""zone"": false, ""speed"": 30.9, ""buzzer"": 0, ""engine"": true, ""in_zone"": true, ""ignition"": true, ""latitude"": 42.648635, ""direction"": 316, ""longitude"": 18.057965, ""gsm_signal"": 29, ""sleep_mode"": false, ""staff_mode"": false, ""fault_codes"": [], ""speed_limit"": 46, ""engine_hours"": 1591, ""idc_triggers"": [], ""buzzer_active"": false, ""fuel_level_avg"": 0, ""lock_geo_alert"": false, ""operation_mode"": ""RENT"", ""battery_voltage"": 14.800000190734863, ""in_primary_zone"": true, ""lock_engine_alert"": false, ""in_restricted_zone"": false, ""onboard_geofencing"": false, ""speed_limit_active"": false}"
2023-07-17 13:10:33.435,5237,13,"359159972073523",20,"{""key"": false, ""flip"": false, ""zone"": false, ""speed"": 30.2, ""buzzer"": 0, ""engine"": true, ""in_zone"": true, ""ignition"": true, ""latitude"": 42.6485783, ""direction"": 315, ""longitude"": 18.0580366, ""gsm_signal"": 29, ""sleep_mode"": false, ""staff_mode"": false, ""fault_codes"": [], ""speed_limit"": 46, ""engine_hours"": 1591, ""idc_triggers"": [], ""buzzer_active"": false, ""fuel_level_avg"": 0, ""lock_geo_alert"": false, ""operation_mode"": ""RENT"", ""battery_voltage"": 14.800000190734863, ""in_primary_zone"": true, ""lock_engine_alert"": false, ""in_restricted_zone"": false, ""onboard_geofencing"": false, ""speed_limit_active"": false}"
2023-07-17 13:10:32.476,5237,13,"359159972073523",20,"{""key"": false, ""flip"": false, ""zone"": false, ""speed"": 29.9, ""buzzer"": 0, ""engine"": true, ""in_zone"": true, ""ignition"": true, ""latitude"": 42.6485233, ""direction"": 314, ""longitude"": 18.0581066, ""gsm_signal"": 29, ""sleep_mode"": false, ""staff_mode"": false, ""fault_codes"": [], ""speed_limit"": 46, ""engine_hours"": 1591, ""idc_triggers"": [], ""buzzer_active"": false, ""fuel_level_avg"": 0, ""lock_geo_alert"": false, ""operation_mode"": ""RENT"", ""battery_voltage"": 14.800000190734863, ""in_primary_zone"": true, ""lock_engine_alert"": false, ""in_restricted_zone"": false, ""onboard_geofencing"": false, ""speed_limit_active"": false}"
2023-07-17 13:10:31.915,5237,13,"359159972073523",20,"{""key"": false, ""flip"": false, ""zone"": false, ""speed"": 29.6, ""buzzer"": 0, ""engine"": true, ""in_zone"": true, ""ignition"": true, ""latitude"": 42.6484716, ""direction"": 314, ""longitude"": 18.0581782, ""gsm_signal"": 29, ""sleep_mode"": false, ""staff_mode"": false, ""fault_codes"": [], ""speed_limit"": 46, ""engine_hours"": 1591, ""idc_triggers"": [], ""buzzer_active"": false, ""fuel_level_avg"": 0, ""lock_geo_alert"": false, ""operation_mode"": ""RENT"", ""battery_voltage"": 14.800000190734863, ""in_primary_zone"": true, ""lock_engine_alert"": false, ""in_restricted_zone"": false, ""onboard_geofencing"": false, ""speed_limit_active"": false}"
2023-07-17 13:10:30.437,5237,13,"359159972073523",20,"{""key"": false, ""flip"": false, ""zone"": false, ""speed"": 29.1, ""buzzer"": 0, ""engine"": true, ""in_zone"": true, ""ignition"": true, ""latitude"": 42.64842, ""direction"": 312, ""longitude"": 18.05825, ""gsm_signal"": 30, ""sleep_mode"": false, ""staff_mode"": false, ""fault_codes"": [], ""speed_limit"": 46, ""engine_hours"": 1591, ""idc_triggers"": [], ""buzzer_active"": false, ""fuel_level_avg"": 0, ""lock_geo_alert"": false, ""operation_mode"": ""RENT"", ""battery_voltage"": 14.800000190734863, ""in_primary_zone"": true, ""lock_engine_alert"": false, ""in_restricted_zone"": false, ""onboard_geofencing"": false, ""speed_limit_active"": false}"
2023-07-17 13:10:29.457,5237,13,"359159972073523",20,"{""key"": false, ""flip"": false, ""zone"": false, ""speed"": 29.1, ""buzzer"": 0, ""engine"": true, ""in_zone"": true, ""ignition"": true, ""latitude"": 42.6483716, ""direction"": 309, ""longitude"": 18.0583232, ""gsm_signal"": 30, ""sleep_mode"": false, ""staff_mode"": false, ""fault_codes"": [], ""speed_limit"": 46, ""engine_hours"": 1591, ""idc_triggers"": [], ""buzzer_active"": false, ""fuel_level_avg"": 0, ""lock_geo_alert"": false, ""operation_mode"": ""RENT"", ""battery_voltage"": 14.800000190734863, ""in_primary_zone"": true, ""lock_engine_alert"": false, ""in_restricted_zone"": false, ""onboard_geofencing"": false, ""speed_limit_active"": false}"
2023-07-17 13:10:28.497,5237,13,"359159972073523",20,"{""key"": false, ""flip"": false, ""zone"": false, ""speed"": 27.9, ""buzzer"": 0, ""engine"": true, ""in_zone"": true, ""ignition"": true, ""latitude"": 42.6483266, ""direction"": 305, ""longitude"": 18.0584, ""gsm_signal"": 30, ""sleep_mode"": false, ""staff_mode"": false, ""fault_codes"": [], ""speed_limit"": 46, ""engine_hours"": 1591, ""idc_triggers"": [], ""buzzer_active"": false, ""fuel_level_avg"": 0, ""lock_geo_alert"": false, ""operation_mode"": ""RENT"", ""battery_voltage"": 14.800000190734863, ""in_primary_zone"": true, ""lock_engine_alert"": false, ""in_restricted_zone"": false, ""onboard_geofencing"": false, ""speed_limit_active"": false}"
2023-07-17 13:10:27.917,5237,13,"359159972073523",20,"{""key"": false, ""flip"": false, ""zone"": false, ""speed"": 28.0, ""buzzer"": 0, ""engine"": true, ""in_zone"": true, ""ignition"": true, ""latitude"": 42.6482883, ""direction"": 300, ""longitude"": 18.0584782, ""gsm_signal"": 30, ""sleep_mode"": false, ""staff_mode"": false, ""fault_codes"": [], ""speed_limit"": 46, ""engine_hours"": 1591, ""idc_triggers"": [], ""buzzer_active"": false, ""fuel_level_avg"": 0, ""lock_geo_alert"": false, ""operation_mode"": ""RENT"", ""battery_voltage"": 14.800000190734863, ""in_primary_zone"": true, ""lock_engine_alert"": false, ""in_restricted_zone"": false, ""onboard_geofencing"": false, ""speed_limit_active"": false}"
2023-07-17 13:10:26.435,5237,13,"359159972073523",20,"{""key"": false, ""flip"": false, ""zone"": false, ""speed"": 26.1, ""buzzer"": 0, ""engine"": true, ""in_zone"": true, ""ignition"": true, ""latitude"": 42.6482533, ""direction"": 300, ""longitude"": 18.0585582, ""gsm_signal"": 30, ""sleep_mode"": false, ""staff_mode"": false, ""fault_codes"": [], ""speed_limit"": 46, ""engine_hours"": 1591, ""idc_triggers"": [], ""buzzer_active"": false, ""fuel_level_avg"": 0, ""lock_geo_alert"": false, ""operation_mode"": ""RENT"", ""battery_voltage"": 14.800000190734863, ""in_primary_zone"": true, ""lock_engine_alert"": false, ""in_restricted_zone"": false, ""onboard_geofencing"": false, ""speed_limit_active"": false}"
2023-07-17 13:10:25.436,5237,13,"359159972073523",20,"{""key"": false, ""flip"": false, ""zone"": false, ""speed"": 24.4, ""buzzer"": 0, ""engine"": true, ""in_zone"": true, ""ignition"": true, ""latitude"": 42.6482216, ""direction"": 299, ""longitude"": 18.0586332, ""gsm_signal"": 30, ""sleep_mode"": false, ""staff_mode"": false, ""fault_codes"": [], ""speed_limit"": 46, ""engine_hours"": 1591, ""idc_triggers"": [], ""buzzer_active"": false, ""fuel_level_avg"": 0, ""lock_geo_alert"": false, ""operation_mode"": ""RENT"", ""battery_voltage"": 14.800000190734863, ""in_primary_zone"": true, ""lock_engine_alert"": false, ""in_restricted_zone"": false, ""onboard_geofencing"": false, ""speed_limit_active"": false}"
2023-07-17 13:10:24.454,5237,13,"359159972073523",20,"{""key"": false, ""flip"": false, ""zone"": false, ""speed"": 22.3, ""buzzer"": 0, ""engine"": true, ""in_zone"": true, ""ignition"": true, ""latitude"": 42.6481916, ""direction"": 296, ""longitude"": 18.058705, ""gsm_signal"": 29, ""sleep_mode"": false, ""staff_mode"": false, ""fault_codes"": [], ""speed_limit"": 46, ""engine_hours"": 1591, ""idc_triggers"": [], ""buzzer_active"": false, ""fuel_level_avg"": 0, ""lock_geo_alert"": false, ""operation_mode"": ""RENT"", ""battery_voltage"": 14.800000190734863, ""in_primary_zone"": true, ""lock_engine_alert"": false, ""in_restricted_zone"": false, ""onboard_geofencing"": false, ""speed_limit_active"": false}"
2023-07-17 13:10:23.475,5237,13,"359159972073523",20,"{""key"": false, ""flip"": false, ""zone"": false, ""speed"": 19.7, ""buzzer"": 0, ""engine"": true, ""in_zone"": true, ""ignition"": true, ""latitude"": 42.6481683, ""direction"": 294, ""longitude"": 18.05877, ""gsm_signal"": 29, ""sleep_mode"": false, ""staff_mode"": false, ""fault_codes"": [], ""speed_limit"": 46, ""engine_hours"": 1591, ""idc_triggers"": [], ""buzzer_active"": false, ""fuel_level_avg"": 0, ""lock_geo_alert"": false, ""operation_mode"": ""RENT"", ""battery_voltage"": 14.800000190734863, ""in_primary_zone"": true, ""lock_engine_alert"": false, ""in_restricted_zone"": false, ""onboard_geofencing"": false, ""speed_limit_active"": false}"
2023-07-17 13:10:22.917,5237,13,"359159972073523",20,"{""key"": false, ""flip"": false, ""zone"": false, ""speed"": 17.1, ""buzzer"": 0, ""engine"": true, ""in_zone"": true, ""ignition"": true, ""latitude"": 42.6481483, ""direction"": 295, ""longitude"": 18.0588282, ""gsm_signal"": 29, ""sleep_mode"": false, ""staff_mode"": false, ""fault_codes"": [], ""speed_limit"": 46, ""engine_hours"": 1591, ""idc_triggers"": [], ""buzzer_active"": false, ""fuel_level_avg"": 0, ""lock_geo_alert"": false, ""operation_mode"": ""RENT"", ""battery_voltage"": 14.800000190734863, ""in_primary_zone"": true, ""lock_engine_alert"": false, ""in_restricted_zone"": false, ""onboard_geofencing"": false, ""speed_limit_active"": false}"
2023-07-17 13:10:21.435,5237,13,"359159972073523",20,"{""key"": false, ""flip"": false, ""zone"": false, ""speed"": 15.5, ""buzzer"": 0, ""engine"": true, ""in_zone"": true, ""ignition"": true, ""latitude"": 42.6481316, ""direction"": 299, ""longitude"": 18.05888, ""gsm_signal"": 28, ""sleep_mode"": false, ""staff_mode"": false, ""fault_codes"": [], ""speed_limit"": 46, ""engine_hours"": 1591, ""idc_triggers"": [], ""buzzer_active"": false, ""fuel_level_avg"": 0, ""lock_geo_alert"": false, ""operation_mode"": ""RENT"", ""battery_voltage"": 14.800000190734863, ""in_primary_zone"": true, ""lock_engine_alert"": false, ""in_restricted_zone"": false, ""onboard_geofencing"": false, ""speed_limit_active"": false}"
2023-07-17 13:10:20.456,5237,13,"359159972073523",20,"{""key"": false, ""flip"": false, ""zone"": false, ""speed"": 16.6, ""buzzer"": 0, ""engine"": true, ""in_zone"": true, ""ignition"": true, ""latitude"": 42.6481116, ""direction"": 299, ""longitude"": 18.0589266, ""gsm_signal"": 28, ""sleep_mode"": false, ""staff_mode"": false, ""fault_codes"": [], ""speed_limit"": 46, ""engine_hours"": 1591, ""idc_triggers"": [], ""buzzer_active"": false, ""fuel_level_avg"": 0, ""lock_geo_alert"": false, ""operation_mode"": ""RENT"", ""battery_voltage"": 14.800000190734863, ""in_primary_zone"": true, ""lock_engine_alert"": false, ""in_restricted_zone"": false, ""onboard_geofencing"": false, ""speed_limit_active"": false}"
2023-07-17 13:10:19.456,5237,13,"359159972073523",20,"{""key"": false, ""flip"": false, ""zone"": false, ""speed"": 18.1, ""buzzer"": 0, ""engine"": true, ""in_zone"": true, ""ignition"": true, ""latitude"": 42.64809, ""direction"": 300, ""longitude"": 18.0589766, ""gsm_signal"": 28, ""sleep_mode"": false, ""staff_mode"": false, ""fault_codes"": [], ""speed_limit"": 46, ""engine_hours"": 1591, ""idc_triggers"": [], ""buzzer_active"": false, ""fuel_level_avg"": 0, ""lock_geo_alert"": false, ""operation_mode"": ""RENT"", ""battery_voltage"": 14.800000190734863, ""in_primary_zone"": true, ""lock_engine_alert"": false, ""in_restricted_zone"": false, ""onboard_geofencing"": false, ""speed_limit_active"": false}"
2023-07-17 13:10:18.916,5237,13,"359159972073523",20,"{""key"": false, ""flip"": false, ""zone"": false, ""speed"": 17.7, ""buzzer"": 0, ""engine"": true, ""in_zone"": true, ""ignition"": true, ""latitude"": 42.6480666, ""direction"": 301, ""longitude"": 18.05903, ""gsm_signal"": 28, ""sleep_mode"": false, ""staff_mode"": false, ""fault_codes"": [], ""speed_limit"": 46, ""engine_hours"": 1591, ""idc_triggers"": [], ""buzzer_active"": false, ""fuel_level_avg"": 0, ""lock_geo_alert"": false, ""operation_mode"": ""RENT"", ""battery_voltage"": 14.800000190734863, ""in_primary_zone"": true, ""lock_engine_alert"": false, ""in_restricted_zone"": false, ""onboard_geofencing"": false, ""speed_limit_active"": false}"
2023-07-17 13:10:17.433,5237,13,"359159972073523",20,"{""key"": false, ""flip"": false, ""zone"": false, ""speed"": 19.1, ""buzzer"": 0, ""engine"": true, ""in_zone"": true, ""ignition"": true, ""latitude"": 42.6480433, ""direction"": 302, ""longitude"": 18.0590816, ""gsm_signal"": 28, ""sleep_mode"": false, ""staff_mode"": false, ""fault_codes"": [], ""speed_limit"": 46, ""engine_hours"": 1591, ""idc_triggers"": [], ""buzzer_active"": false, ""fuel_level_avg"": 0, ""lock_geo_alert"": false, ""operation_mode"": ""RENT"", ""battery_voltage"": 14.800000190734863, ""in_primary_zone"": true, ""lock_engine_alert"": false, ""in_restricted_zone"": false, ""onboard_geofencing"": false, ""speed_limit_active"": false}"
2023-07-17 13:10:16.438,5237,13,"359159972073523",20,"{""key"": false, ""flip"": false, ""zone"": false, ""speed"": 19.5, ""buzzer"": 0, ""engine"": true, ""in_zone"": true, ""ignition"": true, ""latitude"": 42.6480166, ""direction"": 309, ""longitude"": 18.0591366, ""gsm_signal"": 28, ""sleep_mode"": false, ""staff_mode"": false, ""fault_codes"": [], ""speed_limit"": 46, ""engine_hours"": 1591, ""idc_triggers"": [], ""buzzer_active"": false, ""fuel_level_avg"": 0, ""lock_geo_alert"": false, ""operation_mode"": ""RENT"", ""battery_voltage"": 14.800000190734863, ""in_primary_zone"": true, ""lock_engine_alert"": false, ""in_restricted_zone"": false, ""onboard_geofencing"": false, ""speed_limit_active"": false}"
2023-07-17 13:10:15.454,5237,13,"359159972073523",20,"{""key"": false, ""flip"": false, ""zone"": false, ""speed"": 20.8, ""buzzer"": 0, ""engine"": true, ""in_zone"": true, ""ignition"": true, ""latitude"": 42.647985, ""direction"": 309, ""longitude"": 18.0591882, ""gsm_signal"": 30, ""sleep_mode"": false, ""staff_mode"": false, ""fault_codes"": [], ""speed_limit"": 46, ""engine_hours"": 1591, ""idc_triggers"": [], ""buzzer_active"": false, ""fuel_level_avg"": 0, ""lock_geo_alert"": false, ""operation_mode"": ""RENT"", ""battery_voltage"": 14.800000190734863, ""in_primary_zone"": true, ""lock_engine_alert"": false, ""in_restricted_zone"": false, ""onboard_geofencing"": false, ""speed_limit_active"": false}"
2023-07-17 13:10:14.474,5237,13,"359159972073523",20,"{""key"": false, ""flip"": false, ""zone"": false, ""speed"": 21.6, ""buzzer"": 0, ""engine"": true, ""in_zone"": true, ""ignition"": true, ""latitude"": 42.6479516, ""direction"": 305, ""longitude"": 18.0592432, ""gsm_signal"": 30, ""sleep_mode"": false, ""staff_mode"": false, ""fault_codes"": [], ""speed_limit"": 46, ""engine_hours"": 1591, ""idc_triggers"": [], ""buzzer_active"": false, ""fuel_level_avg"": 0, ""lock_geo_alert"": false, ""operation_mode"": ""RENT"", ""battery_voltage"": 14.800000190734863, ""in_primary_zone"": true, ""lock_engine_alert"": false, ""in_restricted_zone"": false, ""onboard_geofencing"": false, ""speed_limit_active"": false}"
2023-07-17 13:10:13.916,5237,13,"359159972073523",20,"{""key"": false, ""flip"": false, ""zone"": false, ""speed"": 23.1, ""buzzer"": 0, ""engine"": true, ""in_zone"": true, ""ignition"": true, ""latitude"": 42.64792, ""direction"": 301, ""longitude"": 18.059305, ""gsm_signal"": 30, ""sleep_mode"": false, ""staff_mode"": false, ""fault_codes"": [], ""speed_limit"": 46, ""engine_hours"": 1591, ""idc_triggers"": [], ""buzzer_active"": false, ""fuel_level_avg"": 0, ""lock_geo_alert"": false, ""operation_mode"": ""RENT"", ""battery_voltage"": 14.800000190734863, ""in_primary_zone"": true, ""lock_engine_alert"": false, ""in_restricted_zone"": false, ""onboard_geofencing"": false, ""speed_limit_active"": false}"
2023-07-17 13:10:12.435,5237,13,"359159972073523",20,"{""key"": false, ""flip"": false, ""zone"": false, ""speed"": 25.8, ""buzzer"": 0, ""engine"": true, ""in_zone"": true, ""ignition"": true, ""latitude"": 42.6478883, ""direction"": 303, ""longitude"": 18.059375, ""gsm_signal"": 30, ""sleep_mode"": false, ""staff_mode"": false, ""fault_codes"": [], ""speed_limit"": 46, ""engine_hours"": 1591, ""idc_triggers"": [], ""buzzer_active"": false, ""fuel_level_avg"": 0, ""lock_geo_alert"": false, ""operation_mode"": ""RENT"", ""battery_voltage"": 14.800000190734863, ""in_primary_zone"": true, ""lock_engine_alert"": false, ""in_restricted_zone"": false, ""onboard_geofencing"": false, ""speed_limit_active"": false}"
2023-07-17 13:10:11.434,5237,13,"359159972073523",20,"{""key"": false, ""flip"": false, ""zone"": false, ""speed"": 25.6, ""buzzer"": 0, ""engine"": true, ""in_zone"": true, ""ignition"": true, ""latitude"": 42.6478533, ""direction"": 304, ""longitude"": 18.0594482, ""gsm_signal"": 30, ""sleep_mode"": false, ""staff_mode"": false, ""fault_codes"": [], ""speed_limit"": 46, ""engine_hours"": 1591, ""idc_triggers"": [], ""buzzer_active"": false, ""fuel_level_avg"": 0, ""lock_geo_alert"": false, ""operation_mode"": ""RENT"", ""battery_voltage"": 14.800000190734863, ""in_primary_zone"": true, ""lock_engine_alert"": false, ""in_restricted_zone"": false, ""onboard_geofencing"": false, ""speed_limit_active"": false}"
2023-07-17 13:10:10.436,5237,13,"359159972073523",20,"{""key"": false, ""flip"": false, ""zone"": false, ""speed"": 24.7, ""buzzer"": 0, ""engine"": true, ""in_zone"": true, ""ignition"": true, ""latitude"": 42.6478183, ""direction"": 301, ""longitude"": 18.05952, ""gsm_signal"": 30, ""sleep_mode"": false, ""staff_mode"": false, ""fault_codes"": [], ""speed_limit"": 46, ""engine_hours"": 1591, ""idc_triggers"": [], ""buzzer_active"": false, ""fuel_level_avg"": 0, ""lock_geo_alert"": false, ""operation_mode"": ""RENT"", ""battery_voltage"": 14.800000190734863, ""in_primary_zone"": true, ""lock_engine_alert"": false, ""in_restricted_zone"": false, ""onboard_geofencing"": false, ""speed_limit_active"": false}"
2023-07-17 13:10:09.418,5237,13,"359159972073523",20,"{""key"": false, ""flip"": false, ""zone"": false, ""speed"": 25.3, ""buzzer"": 0, ""engine"": true, ""in_zone"": true, ""ignition"": true, ""latitude"": 42.647785, ""direction"": 305, ""longitude"": 18.0595916, ""gsm_signal"": 31, ""sleep_mode"": false, ""staff_mode"": false, ""fault_codes"": [], ""speed_limit"": 46, ""engine_hours"": 1591, ""idc_triggers"": [], ""buzzer_active"": false, ""fuel_level_avg"": 0, ""lock_geo_alert"": false, ""operation_mode"": ""RENT"", ""battery_voltage"": 14.800000190734863, ""in_primary_zone"": true, ""lock_engine_alert"": false, ""in_restricted_zone"": false, ""onboard_geofencing"": false, ""speed_limit_active"": false}"
2023-07-17 13:10:08.435,5237,13,"359159972073523",20,"{""key"": false, ""flip"": false, ""zone"": false, ""speed"": 24.9, ""buzzer"": 0, ""engine"": true, ""in_zone"": true, ""ignition"": true, ""latitude"": 42.6477483, ""direction"": 307, ""longitude"": 18.0596582, ""gsm_signal"": 31, ""sleep_mode"": false, ""staff_mode"": false, ""fault_codes"": [], ""speed_limit"": 46, ""engine_hours"": 1591, ""idc_triggers"": [], ""buzzer_active"": false, ""fuel_level_avg"": 0, ""lock_geo_alert"": false, ""operation_mode"": ""RENT"", ""battery_voltage"": 14.800000190734863, ""in_primary_zone"": true, ""lock_engine_alert"": false, ""in_restricted_zone"": false, ""onboard_geofencing"": false, ""speed_limit_active"": false}"
2023-07-17 13:10:07.439,5237,13,"359159972073523",20,"{""key"": false, ""flip"": false, ""zone"": false, ""speed"": 24.7, ""buzzer"": 0, ""engine"": true, ""in_zone"": true, ""ignition"": true, ""latitude"": 42.647710000000004, ""direction"": 308, ""longitude"": 18.059725, ""gsm_signal"": 31, ""sleep_mode"": false, ""staff_mode"": false, ""fault_codes"": [], ""speed_limit"": 46, ""engine_hours"": 1591, ""idc_triggers"": [], ""buzzer_active"": false, ""fuel_level_avg"": 0, ""lock_geo_alert"": false, ""operation_mode"": ""RENT"", ""battery_voltage"": 14.800000190734863, ""in_primary_zone"": true, ""lock_engine_alert"": false, ""in_restricted_zone"": false, ""onboard_geofencing"": false, ""speed_limit_active"": false}"
2023-07-17 13:10:06.454,5237,13,"359159972073523",20,"{""key"": false, ""flip"": false, ""zone"": false, ""speed"": 23.4, ""buzzer"": 0, ""engine"": true, ""in_zone"": true, ""ignition"": true, ""latitude"": 42.6476716, ""direction"": 310, ""longitude"": 18.05979, ""gsm_signal"": 31, ""sleep_mode"": false, ""staff_mode"": false, ""fault_codes"": [], ""speed_limit"": 46, ""engine_hours"": 1591, ""idc_triggers"": [], ""buzzer_active"": false, ""fuel_level_avg"": 0, ""lock_geo_alert"": false, ""operation_mode"": ""RENT"", ""battery_voltage"": 14.800000190734863, ""in_primary_zone"": true, ""lock_engine_alert"": false, ""in_restricted_zone"": false, ""onboard_geofencing"": false, ""speed_limit_active"": false}"
2023-07-17 13:10:05.473,5237,13,"359159972073523",20,"{""key"": false, ""flip"": false, ""zone"": false, ""speed"": 23.1, ""buzzer"": 0, ""engine"": true, ""in_zone"": true, ""ignition"": true, ""latitude"": 42.6476333, ""direction"": 309, ""longitude"": 18.05985, ""gsm_signal"": 31, ""sleep_mode"": false, ""staff_mode"": false, ""fault_codes"": [], ""speed_limit"": 46, ""engine_hours"": 1591, ""idc_triggers"": [], ""buzzer_active"": false, ""fuel_level_avg"": 0, ""lock_geo_alert"": false, ""operation_mode"": ""RENT"", ""battery_voltage"": 14.800000190734863, ""in_primary_zone"": true, ""lock_engine_alert"": false, ""in_restricted_zone"": false, ""onboard_geofencing"": false, ""speed_limit_active"": false}"
2023-07-17 13:10:04.917,5237,13,"359159972073523",20,"{""key"": false, ""flip"": false, ""zone"": false, ""speed"": 24.0, ""buzzer"": 0, ""engine"": true, ""in_zone"": true, ""ignition"": true, ""latitude"": 42.647595, ""direction"": 310, ""longitude"": 18.05991, ""gsm_signal"": 31, ""sleep_mode"": false, ""staff_mode"": false, ""fault_codes"": [], ""speed_limit"": 46, ""engine_hours"": 1591, ""idc_triggers"": [], ""buzzer_active"": false, ""fuel_level_avg"": 0, ""lock_geo_alert"": false, ""operation_mode"": ""RENT"", ""battery_voltage"": 14.800000190734863, ""in_primary_zone"": true, ""lock_engine_alert"": false, ""in_restricted_zone"": false, ""onboard_geofencing"": false, ""speed_limit_active"": false}"
2023-07-17 13:10:03.418,5237,13,"359159972073523",20,"{""key"": false, ""flip"": false, ""zone"": false, ""speed"": 25.3, ""buzzer"": 0, ""engine"": true, ""in_zone"": true, ""ignition"": true, ""latitude"": 42.6475516, ""direction"": 313, ""longitude"": 18.05997, ""gsm_signal"": 31, ""sleep_mode"": false, ""staff_mode"": false, ""fault_codes"": [], ""speed_limit"": 46, ""engine_hours"": 1591, ""idc_triggers"": [], ""buzzer_active"": false, ""fuel_level_avg"": 0, ""lock_geo_alert"": false, ""operation_mode"": ""RENT"", ""battery_voltage"": 14.800000190734863, ""in_primary_zone"": true, ""lock_engine_alert"": false, ""in_restricted_zone"": false, ""onboard_geofencing"": false, ""speed_limit_active"": false}"
2023-07-17 13:10:02.435,5237,13,"359159972073523",20,"{""key"": false, ""flip"": false, ""zone"": false, ""speed"": 27.8, ""buzzer"": 0, ""engine"": true, ""in_zone"": true, ""ignition"": true, ""latitude"": 42.6475066, ""direction"": 312, ""longitude"": 18.060035, ""gsm_signal"": 31, ""sleep_mode"": false, ""staff_mode"": false, ""fault_codes"": [], ""speed_limit"": 46, ""engine_hours"": 1591, ""idc_triggers"": [], ""buzzer_active"": false, ""fuel_level_avg"": 0, ""lock_geo_alert"": false, ""operation_mode"": ""RENT"", ""battery_voltage"": 14.800000190734863, ""in_primary_zone"": true, ""lock_engine_alert"": false, ""in_restricted_zone"": false, ""onboard_geofencing"": false, ""speed_limit_active"": false}"
2023-07-17 13:10:01.438,5237,13,"359159972073523",20,"{""key"": false, ""flip"": false, ""zone"": false, ""speed"": 30.9, ""buzzer"": 0, ""engine"": true, ""in_zone"": true, ""ignition"": true, ""latitude"": 42.6474583, ""direction"": 312, ""longitude"": 18.0601066, ""gsm_signal"": 31, ""sleep_mode"": false, ""staff_mode"": false, ""fault_codes"": [], ""speed_limit"": 46, ""engine_hours"": 1591, ""idc_triggers"": [], ""buzzer_active"": false, ""fuel_level_avg"": 0, ""lock_geo_alert"": false, ""operation_mode"": ""RENT"", ""battery_voltage"": 14.800000190734863, ""in_primary_zone"": true, ""lock_engine_alert"": false, ""in_restricted_zone"": false, ""onboard_geofencing"": false, ""speed_limit_active"": false}"
2023-07-17 13:10:00.454,5237,13,"359159972073523",20,"{""key"": false, ""flip"": false, ""zone"": false, ""speed"": 31.2, ""buzzer"": 0, ""engine"": true, ""in_zone"": true, ""ignition"": true, ""latitude"": 42.6474066, ""direction"": 313, ""longitude"": 18.060185, ""gsm_signal"": 30, ""sleep_mode"": false, ""staff_mode"": false, ""fault_codes"": [], ""speed_limit"": 46, ""engine_hours"": 1591, ""idc_triggers"": [], ""buzzer_active"": false, ""fuel_level_avg"": 0, ""lock_geo_alert"": false, ""operation_mode"": ""RENT"", ""battery_voltage"": 14.800000190734863, ""in_primary_zone"": true, ""lock_engine_alert"": false, ""in_restricted_zone"": false, ""onboard_geofencing"": false, ""speed_limit_active"": false}"
2023-07-17 13:09:59.476,5237,13,"359159972073523",20,"{""key"": false, ""flip"": false, ""zone"": false, ""speed"": 31.9, ""buzzer"": 0, ""engine"": true, ""in_zone"": true, ""ignition"": true, ""latitude"": 42.6473516, ""direction"": 314, ""longitude"": 18.06026, ""gsm_signal"": 30, ""sleep_mode"": false, ""staff_mode"": false, ""fault_codes"": [], ""speed_limit"": 46, ""engine_hours"": 1591, ""idc_triggers"": [], ""buzzer_active"": false, ""fuel_level_avg"": 0, ""lock_geo_alert"": false, ""operation_mode"": ""RENT"", ""battery_voltage"": 14.800000190734863, ""in_primary_zone"": true, ""lock_engine_alert"": false, ""in_restricted_zone"": false, ""onboard_geofencing"": false, ""speed_limit_active"": false}"
2023-07-17 13:09:58.917,5237,13,"359159972073523",20,"{""key"": false, ""flip"": false, ""zone"": false, ""speed"": 32.6, ""buzzer"": 0, ""engine"": true, ""in_zone"": true, ""ignition"": true, ""latitude"": 42.647295, ""direction"": 313, ""longitude"": 18.0603382, ""gsm_signal"": 30, ""sleep_mode"": false, ""staff_mode"": false, ""fault_codes"": [], ""speed_limit"": 46, ""engine_hours"": 1591, ""idc_triggers"": [], ""buzzer_active"": false, ""fuel_level_avg"": 0, ""lock_geo_alert"": false, ""operation_mode"": ""RENT"", ""battery_voltage"": 14.800000190734863, ""in_primary_zone"": true, ""lock_engine_alert"": false, ""in_restricted_zone"": false, ""onboard_geofencing"": false, ""speed_limit_active"": false}"
2023-07-17 13:09:57.442,5237,13,"359159972073523",20,"{""key"": false, ""flip"": false, ""zone"": false, ""speed"": 31.9, ""buzzer"": 0, ""engine"": true, ""in_zone"": true, ""ignition"": true, ""latitude"": 42.6472383, ""direction"": 313, ""longitude"": 18.060415, ""gsm_signal"": 30, ""sleep_mode"": false, ""staff_mode"": false, ""fault_codes"": [], ""speed_limit"": 46, ""engine_hours"": 1591, ""idc_triggers"": [], ""buzzer_active"": false, ""fuel_level_avg"": 0, ""lock_geo_alert"": false, ""operation_mode"": ""RENT"", ""battery_voltage"": 14.800000190734863, ""in_primary_zone"": true, ""lock_engine_alert"": false, ""in_restricted_zone"": false, ""onboard_geofencing"": false, ""speed_limit_active"": false}"
2023-07-17 13:09:56.476,5237,13,"359159972073523",20,"{""key"": false, ""flip"": false, ""zone"": false, ""speed"": 32.5, ""buzzer"": 0, ""engine"": true, ""in_zone"": true, ""ignition"": true, ""latitude"": 42.6471833, ""direction"": 313, ""longitude"": 18.0604932, ""gsm_signal"": 30, ""sleep_mode"": false, ""staff_mode"": false, ""fault_codes"": [], ""speed_limit"": 46, ""engine_hours"": 1591, ""idc_triggers"": [], ""buzzer_active"": false, ""fuel_level_avg"": 0, ""lock_geo_alert"": false, ""operation_mode"": ""RENT"", ""battery_voltage"": 14.800000190734863, ""in_primary_zone"": true, ""lock_engine_alert"": false, ""in_restricted_zone"": false, ""onboard_geofencing"": false, ""speed_limit_active"": false}"
2023-07-17 13:09:55.917,5237,13,"359159972073523",20,"{""key"": false, ""flip"": false, ""zone"": false, ""speed"": 32.9, ""buzzer"": 0, ""engine"": true, ""in_zone"": true, ""ignition"": true, ""latitude"": 42.6471283, ""direction"": 311, ""longitude"": 18.0605732, ""gsm_signal"": 30, ""sleep_mode"": false, ""staff_mode"": false, ""fault_codes"": [], ""speed_limit"": 46, ""engine_hours"": 1591, ""idc_triggers"": [], ""buzzer_active"": false, ""fuel_level_avg"": 0, ""lock_geo_alert"": false, ""operation_mode"": ""RENT"", ""battery_voltage"": 14.800000190734863, ""in_primary_zone"": true, ""lock_engine_alert"": false, ""in_restricted_zone"": false, ""onboard_geofencing"": false, ""speed_limit_active"": false}"
2023-07-17 13:09:54.440,5237,13,"359159972073523",20,"{""key"": false, ""flip"": false, ""zone"": false, ""speed"": 35.0, ""buzzer"": 0, ""engine"": true, ""in_zone"": true, ""ignition"": true, ""latitude"": 42.6470733, ""direction"": 306, ""longitude"": 18.06066, ""gsm_signal"": 31, ""sleep_mode"": false, ""staff_mode"": false, ""fault_codes"": [], ""speed_limit"": 46, ""engine_hours"": 1591, ""idc_triggers"": [], ""buzzer_active"": false, ""fuel_level_avg"": 0, ""lock_geo_alert"": false, ""operation_mode"": ""RENT"", ""battery_voltage"": 14.800000190734863, ""in_primary_zone"": true, ""lock_engine_alert"": false, ""in_restricted_zone"": false, ""onboard_geofencing"": false, ""speed_limit_active"": false}"
2023-07-17 13:09:53.457,5237,13,"359159972073523",20,"{""key"": false, ""flip"": false, ""zone"": false, ""speed"": 36.0, ""buzzer"": 0, ""engine"": true, ""in_zone"": true, ""ignition"": true, ""latitude"": 42.6470216, ""direction"": 303, ""longitude"": 18.060755, ""gsm_signal"": 31, ""sleep_mode"": false, ""staff_mode"": false, ""fault_codes"": [], ""speed_limit"": 46, ""engine_hours"": 1591, ""idc_triggers"": [], ""buzzer_active"": false, ""fuel_level_avg"": 0, ""lock_geo_alert"": false, ""operation_mode"": ""RENT"", ""battery_voltage"": 14.800000190734863, ""in_primary_zone"": true, ""lock_engine_alert"": false, ""in_restricted_zone"": false, ""onboard_geofencing"": false, ""speed_limit_active"": false}"
2023-07-17 13:09:53.036,5237,13,"359159972073523",20,"{""key"": false, ""flip"": false, ""zone"": false, ""speed"": 36.3, ""buzzer"": 0, ""engine"": true, ""in_zone"": true, ""ignition"": true, ""latitude"": 42.646975, ""direction"": 297, ""longitude"": 18.06086, ""gsm_signal"": 31, ""sleep_mode"": false, ""staff_mode"": false, ""fault_codes"": [], ""speed_limit"": 46, ""engine_hours"": 1591, ""idc_triggers"": [], ""buzzer_active"": false, ""fuel_level_avg"": 0, ""lock_geo_alert"": false, ""operation_mode"": ""RENT"", ""battery_voltage"": 14.800000190734863, ""in_primary_zone"": true, ""lock_engine_alert"": false, ""in_restricted_zone"": false, ""onboard_geofencing"": false, ""speed_limit_active"": false}"
2023-07-17 13:09:51.418,5237,13,"359159972073523",20,"{""key"": false, ""flip"": false, ""zone"": false, ""speed"": 36.6, ""buzzer"": 0, ""engine"": true, ""in_zone"": true, ""ignition"": true, ""latitude"": 42.6469333, ""direction"": 295, ""longitude"": 18.0609682, ""gsm_signal"": 31, ""sleep_mode"": false, ""staff_mode"": false, ""fault_codes"": [], ""speed_limit"": 46, ""engine_hours"": 1591, ""idc_triggers"": [], ""buzzer_active"": false, ""fuel_level_avg"": 0, ""lock_geo_alert"": false, ""operation_mode"": ""RENT"", ""battery_voltage"": 14.800000190734863, ""in_primary_zone"": true, ""lock_engine_alert"": false, ""in_restricted_zone"": false, ""onboard_geofencing"": false, ""speed_limit_active"": false}"
2023-07-17 13:09:50.463,5237,13,"359159972073523",20,"{""key"": false, ""flip"": false, ""zone"": false, ""speed"": 37.4, ""buzzer"": 0, ""engine"": true, ""in_zone"": true, ""ignition"": true, ""latitude"": 42.6468933, ""direction"": 295, ""longitude"": 18.0610816, ""gsm_signal"": 31, ""sleep_mode"": false, ""staff_mode"": false, ""fault_codes"": [], ""speed_limit"": 46, ""engine_hours"": 1591, ""idc_triggers"": [], ""buzzer_active"": false, ""fuel_level_avg"": 0, ""lock_geo_alert"": false, ""operation_mode"": ""RENT"", ""battery_voltage"": 14.800000190734863, ""in_primary_zone"": true, ""lock_engine_alert"": false, ""in_restricted_zone"": false, ""onboard_geofencing"": false, ""speed_limit_active"": false}"
2023-07-17 13:09:49.454,5237,13,"359159972073523",20,"{""key"": false, ""flip"": false, ""zone"": false, ""speed"": 37.2, ""buzzer"": 0, ""engine"": true, ""in_zone"": true, ""ignition"": true, ""latitude"": 42.6468516, ""direction"": 295, ""longitude"": 18.061195, ""gsm_signal"": 31, ""sleep_mode"": false, ""staff_mode"": false, ""fault_codes"": [], ""speed_limit"": 46, ""engine_hours"": 1591, ""idc_triggers"": [], ""buzzer_active"": false, ""fuel_level_avg"": 0, ""lock_geo_alert"": false, ""operation_mode"": ""RENT"", ""battery_voltage"": 14.800000190734863, ""in_primary_zone"": true, ""lock_engine_alert"": false, ""in_restricted_zone"": false, ""onboard_geofencing"": false, ""speed_limit_active"": false}"
2023-07-17 13:09:48.914,5237,13,"359159972073523",20,"{""key"": false, ""flip"": false, ""zone"": false, ""speed"": 34.8, ""buzzer"": 0, ""engine"": true, ""in_zone"": true, ""ignition"": true, ""latitude"": 42.6468133, ""direction"": 295, ""longitude"": 18.0613066, ""gsm_signal"": 31, ""sleep_mode"": false, ""staff_mode"": false, ""fault_codes"": [], ""speed_limit"": 46, ""engine_hours"": 1591, ""idc_triggers"": [], ""buzzer_active"": false, ""fuel_level_avg"": 0, ""lock_geo_alert"": false, ""operation_mode"": ""RENT"", ""battery_voltage"": 14.800000190734863, ""in_primary_zone"": true, ""lock_engine_alert"": false, ""in_restricted_zone"": false, ""onboard_geofencing"": false, ""speed_limit_active"": false}"
2023-07-17 13:09:47.415,5237,13,"359159972073523",20,"{""key"": false, ""flip"": false, ""zone"": false, ""speed"": 33.5, ""buzzer"": 0, ""engine"": true, ""in_zone"": true, ""ignition"": true, ""latitude"": 42.646775, ""direction"": 297, ""longitude"": 18.0614116, ""gsm_signal"": 31, ""sleep_mode"": false, ""staff_mode"": false, ""fault_codes"": [], ""speed_limit"": 46, ""engine_hours"": 1591, ""idc_triggers"": [], ""buzzer_active"": false, ""fuel_level_avg"": 0, ""lock_geo_alert"": false, ""operation_mode"": ""RENT"", ""battery_voltage"": 14.800000190734863, ""in_primary_zone"": true, ""lock_engine_alert"": false, ""in_restricted_zone"": false, ""onboard_geofencing"": false, ""speed_limit_active"": false}"
2023-07-17 13:09:46.436,5237,13,"359159972073523",20,"{""key"": false, ""flip"": false, ""zone"": false, ""speed"": 33.0, ""buzzer"": 0, ""engine"": true, ""in_zone"": true, ""ignition"": true, ""latitude"": 42.6467366, ""direction"": 297, ""longitude"": 18.0615132, ""gsm_signal"": 31, ""sleep_mode"": false, ""staff_mode"": false, ""fault_codes"": [], ""speed_limit"": 46, ""engine_hours"": 1591, ""idc_triggers"": [], ""buzzer_active"": false, ""fuel_level_avg"": 0, ""lock_geo_alert"": false, ""operation_mode"": ""RENT"", ""battery_voltage"": 14.800000190734863, ""in_primary_zone"": true, ""lock_engine_alert"": false, ""in_restricted_zone"": false, ""onboard_geofencing"": false, ""speed_limit_active"": false}"
2023-07-17 13:09:45.453,5237,13,"359159972073523",20,"{""key"": false, ""flip"": false, ""zone"": false, ""speed"": 32.0, ""buzzer"": 0, ""engine"": true, ""in_zone"": true, ""ignition"": true, ""latitude"": 42.6467, ""direction"": 297, ""longitude"": 18.0616116, ""gsm_signal"": 31, ""sleep_mode"": false, ""staff_mode"": false, ""fault_codes"": [], ""speed_limit"": 46, ""engine_hours"": 1591, ""idc_triggers"": [], ""buzzer_active"": false, ""fuel_level_avg"": 0, ""lock_geo_alert"": false, ""operation_mode"": ""RENT"", ""battery_voltage"": 14.800000190734863, ""in_primary_zone"": true, ""lock_engine_alert"": false, ""in_restricted_zone"": false, ""onboard_geofencing"": false, ""speed_limit_active"": false}"
2023-07-17 13:09:44.474,5237,13,"359159972073523",20,"{""key"": false, ""flip"": false, ""zone"": false, ""speed"": 31.1, ""buzzer"": 0, ""engine"": true, ""in_zone"": true, ""ignition"": true, ""latitude"": 42.646665, ""direction"": 298, ""longitude"": 18.0617082, ""gsm_signal"": 31, ""sleep_mode"": false, ""staff_mode"": false, ""fault_codes"": [], ""speed_limit"": 46, ""engine_hours"": 1591, ""idc_triggers"": [], ""buzzer_active"": false, ""fuel_level_avg"": 0, ""lock_geo_alert"": false, ""operation_mode"": ""RENT"", ""battery_voltage"": 14.800000190734863, ""in_primary_zone"": true, ""lock_engine_alert"": false, ""in_restricted_zone"": false, ""onboard_geofencing"": false, ""speed_limit_active"": false}"
2023-07-17 13:09:43.918,5237,13,"359159972073523",20,"{""key"": false, ""flip"": false, ""zone"": false, ""speed"": 29.2, ""buzzer"": 0, ""engine"": true, ""in_zone"": true, ""ignition"": true, ""latitude"": 42.6466283, ""direction"": 299, ""longitude"": 18.0617982, ""gsm_signal"": 31, ""sleep_mode"": false, ""staff_mode"": false, ""fault_codes"": [], ""speed_limit"": 46, ""engine_hours"": 1591, ""idc_triggers"": [], ""buzzer_active"": false, ""fuel_level_avg"": 0, ""lock_geo_alert"": false, ""operation_mode"": ""RENT"", ""battery_voltage"": 14.800000190734863, ""in_primary_zone"": true, ""lock_engine_alert"": false, ""in_restricted_zone"": false, ""onboard_geofencing"": false, ""speed_limit_active"": false}"
2023-07-17 13:09:42.420,5237,13,"359159972073523",20,"{""key"": false, ""flip"": false, ""zone"": false, ""speed"": 26.2, ""buzzer"": 0, ""engine"": true, ""in_zone"": true, ""ignition"": true, ""latitude"": 42.6465916, ""direction"": 301, ""longitude"": 18.0618816, ""gsm_signal"": 31, ""sleep_mode"": false, ""staff_mode"": false, ""fault_codes"": [], ""speed_limit"": 46, ""engine_hours"": 1591, ""idc_triggers"": [], ""buzzer_active"": false, ""fuel_level_avg"": 0, ""lock_geo_alert"": false, ""operation_mode"": ""RENT"", ""battery_voltage"": 14.800000190734863, ""in_primary_zone"": true, ""lock_engine_alert"": false, ""in_restricted_zone"": false, ""onboard_geofencing"": false, ""speed_limit_active"": false}"
2023-07-17 13:09:41.435,5237,13,"359159972073523",20,"{""key"": false, ""flip"": false, ""zone"": false, ""speed"": 22.6, ""buzzer"": 0, ""engine"": true, ""in_zone"": true, ""ignition"": true, ""latitude"": 42.6465583, ""direction"": 302, ""longitude"": 18.0619532, ""gsm_signal"": 31, ""sleep_mode"": false, ""staff_mode"": false, ""fault_codes"": [], ""speed_limit"": 46, ""engine_hours"": 1591, ""idc_triggers"": [], ""buzzer_active"": false, ""fuel_level_avg"": 0, ""lock_geo_alert"": false, ""operation_mode"": ""RENT"", ""battery_voltage"": 14.800000190734863, ""in_primary_zone"": true, ""lock_engine_alert"": false, ""in_restricted_zone"": false, ""onboard_geofencing"": false, ""speed_limit_active"": false}"
2023-07-17 13:09:40.437,5237,13,"359159972073523",20,"{""key"": false, ""flip"": false, ""zone"": false, ""speed"": 20.8, ""buzzer"": 0, ""engine"": true, ""in_zone"": true, ""ignition"": true, ""latitude"": 42.6465283, ""direction"": 302, ""longitude"": 18.0620166, ""gsm_signal"": 31, ""sleep_mode"": false, ""staff_mode"": false, ""fault_codes"": [], ""speed_limit"": 46, ""engine_hours"": 1591, ""idc_triggers"": [], ""buzzer_active"": false, ""fuel_level_avg"": 0, ""lock_geo_alert"": false, ""operation_mode"": ""RENT"", ""battery_voltage"": 14.800000190734863, ""in_primary_zone"": true, ""lock_engine_alert"": false, ""in_restricted_zone"": false, ""onboard_geofencing"": false, ""speed_limit_active"": false}"
2023-07-17 13:09:39.453,5237,13,"359159972073523",20,"{""key"": false, ""flip"": false, ""zone"": false, ""speed"": 21.1, ""buzzer"": 0, ""engine"": true, ""in_zone"": true, ""ignition"": true, ""latitude"": 42.6465016, ""direction"": 301, ""longitude"": 18.0620766, ""gsm_signal"": 31, ""sleep_mode"": false, ""staff_mode"": false, ""fault_codes"": [], ""speed_limit"": 46, ""engine_hours"": 1591, ""idc_triggers"": [], ""buzzer_active"": false, ""fuel_level_avg"": 0, ""lock_geo_alert"": false, ""operation_mode"": ""RENT"", ""battery_voltage"": 14.800000190734863, ""in_primary_zone"": true, ""lock_engine_alert"": false, ""in_restricted_zone"": false, ""onboard_geofencing"": false, ""speed_limit_active"": false}"
2023-07-17 13:09:38.475,5237,13,"359159972073523",20,"{""key"": false, ""flip"": false, ""zone"": false, ""speed"": 24.0, ""buzzer"": 0, ""engine"": true, ""in_zone"": true, ""ignition"": true, ""latitude"": 42.6464716, ""direction"": 300, ""longitude"": 18.06214, ""gsm_signal"": 31, ""sleep_mode"": false, ""staff_mode"": false, ""fault_codes"": [], ""speed_limit"": 46, ""engine_hours"": 1591, ""idc_triggers"": [], ""buzzer_active"": false, ""fuel_level_avg"": 0, ""lock_geo_alert"": false, ""operation_mode"": ""RENT"", ""battery_voltage"": 14.800000190734863, ""in_primary_zone"": true, ""lock_engine_alert"": false, ""in_restricted_zone"": false, ""onboard_geofencing"": false, ""speed_limit_active"": false}"
2023-07-17 13:09:37.917,5237,13,"359159972073523",20,"{""key"": false, ""flip"": false, ""zone"": false, ""speed"": 28.0, ""buzzer"": 0, ""engine"": true, ""in_zone"": true, ""ignition"": true, ""latitude"": 42.64644, ""direction"": 299, ""longitude"": 18.0622132, ""gsm_signal"": 31, ""sleep_mode"": false, ""staff_mode"": false, ""fault_codes"": [], ""speed_limit"": 46, ""engine_hours"": 1591, ""idc_triggers"": [], ""buzzer_active"": false, ""fuel_level_avg"": 0, ""lock_geo_alert"": false, ""operation_mode"": ""RENT"", ""battery_voltage"": 14.800000190734863, ""in_primary_zone"": true, ""lock_engine_alert"": false, ""in_restricted_zone"": false, ""onboard_geofencing"": false, ""speed_limit_active"": false}"
2023-07-17 13:09:36.436,5237,13,"359159972073523",20,"{""key"": false, ""flip"": false, ""zone"": false, ""speed"": 34.3, ""buzzer"": 0, ""engine"": true, ""in_zone"": true, ""ignition"": true, ""latitude"": 42.646405, ""direction"": 297, ""longitude"": 18.0623, ""gsm_signal"": 31, ""sleep_mode"": false, ""staff_mode"": false, ""fault_codes"": [], ""speed_limit"": 46, ""engine_hours"": 1591, ""idc_triggers"": [], ""buzzer_active"": false, ""fuel_level_avg"": 0, ""lock_geo_alert"": false, ""operation_mode"": ""RENT"", ""battery_voltage"": 14.800000190734863, ""in_primary_zone"": true, ""lock_engine_alert"": false, ""in_restricted_zone"": false, ""onboard_geofencing"": false, ""speed_limit_active"": false}"
2023-07-17 13:09:35.476,5237,13,"359159972073523",20,"{""key"": false, ""flip"": false, ""zone"": false, ""speed"": 41.0, ""buzzer"": 0, ""engine"": true, ""in_zone"": true, ""ignition"": true, ""latitude"": 42.6463633, ""direction"": 295, ""longitude"": 18.06241, ""gsm_signal"": 31, ""sleep_mode"": false, ""staff_mode"": false, ""fault_codes"": [], ""speed_limit"": 46, ""engine_hours"": 1591, ""idc_triggers"": [], ""buzzer_active"": false, ""fuel_level_avg"": 0, ""lock_geo_alert"": false, ""operation_mode"": ""RENT"", ""battery_voltage"": 14.800000190734863, ""in_primary_zone"": true, ""lock_engine_alert"": false, ""in_restricted_zone"": false, ""onboard_geofencing"": false, ""speed_limit_active"": false}"
2023-07-17 13:09:34.932,5237,13,"359159972073523",20,"{""key"": false, ""flip"": false, ""zone"": false, ""speed"": 47.9, ""buzzer"": 0, ""engine"": true, ""in_zone"": true, ""ignition"": true, ""latitude"": 42.6463166, ""direction"": 294, ""longitude"": 18.0625416, ""gsm_signal"": 31, ""sleep_mode"": false, ""staff_mode"": false, ""fault_codes"": [], ""speed_limit"": 46, ""engine_hours"": 1591, ""idc_triggers"": [], ""buzzer_active"": false, ""fuel_level_avg"": 0, ""lock_geo_alert"": false, ""operation_mode"": ""RENT"", ""battery_voltage"": 14.800000190734863, ""in_primary_zone"": true, ""lock_engine_alert"": false, ""in_restricted_zone"": false, ""onboard_geofencing"": false, ""speed_limit_active"": false}"
2023-07-17 13:09:33.417,5237,13,"359159972073523",20,"{""key"": false, ""flip"": false, ""zone"": false, ""speed"": 55.0, ""buzzer"": 0, ""engine"": true, ""in_zone"": true, ""ignition"": true, ""latitude"": 42.646265, ""direction"": 293, ""longitude"": 18.062695, ""gsm_signal"": 31, ""sleep_mode"": false, ""staff_mode"": false, ""fault_codes"": [], ""speed_limit"": 46, ""engine_hours"": 1591, ""idc_triggers"": [], ""buzzer_active"": false, ""fuel_level_avg"": 0, ""lock_geo_alert"": false, ""operation_mode"": ""RENT"", ""battery_voltage"": 14.800000190734863, ""in_primary_zone"": true, ""lock_engine_alert"": false, ""in_restricted_zone"": false, ""onboard_geofencing"": false, ""speed_limit_active"": false}"
2023-07-17 13:09:32.433,5237,13,"359159972073523",20,"{""key"": false, ""flip"": false, ""zone"": false, ""speed"": 54.7, ""buzzer"": 0, ""engine"": true, ""in_zone"": true, ""ignition"": true, ""latitude"": 42.646209999999996, ""direction"": 293, ""longitude"": 18.0628666, ""gsm_signal"": 31, ""sleep_mode"": false, ""staff_mode"": false, ""fault_codes"": [], ""speed_limit"": 46, ""engine_hours"": 1591, ""idc_triggers"": [], ""buzzer_active"": false, ""fuel_level_avg"": 0, ""lock_geo_alert"": false, ""operation_mode"": ""RENT"", ""battery_voltage"": 14.800000190734863, ""in_primary_zone"": true, ""lock_engine_alert"": false, ""in_restricted_zone"": false, ""onboard_geofencing"": false, ""speed_limit_active"": false}"
2023-07-17 13:09:31.437,5237,13,"359159972073523",20,"{""key"": false, ""flip"": false, ""zone"": false, ""speed"": 55.2, ""buzzer"": 0, ""engine"": true, ""in_zone"": true, ""ignition"": true, ""latitude"": 42.6461533, ""direction"": 293, ""longitude"": 18.0630366, ""gsm_signal"": 31, ""sleep_mode"": false, ""staff_mode"": false, ""fault_codes"": [], ""speed_limit"": 46, ""engine_hours"": 1591, ""idc_triggers"": [], ""buzzer_active"": false, ""fuel_level_avg"": 0, ""lock_geo_alert"": false, ""operation_mode"": ""RENT"", ""battery_voltage"": 14.800000190734863, ""in_primary_zone"": true, ""lock_engine_alert"": false, ""in_restricted_zone"": false, ""onboard_geofencing"": false, ""speed_limit_active"": false}"
2023-07-17 13:09:30.453,5237,13,"359159972073523",20,"{""key"": false, ""flip"": false, ""zone"": false, ""speed"": 57.5, ""buzzer"": 0, ""engine"": true, ""in_zone"": true, ""ignition"": true, ""latitude"": 42.6460983, ""direction"": 292, ""longitude"": 18.06321, ""gsm_signal"": 31, ""sleep_mode"": false, ""staff_mode"": false, ""fault_codes"": [], ""speed_limit"": 46, ""engine_hours"": 1591, ""idc_triggers"": [], ""buzzer_active"": false, ""fuel_level_avg"": 0, ""lock_geo_alert"": false, ""operation_mode"": ""RENT"", ""battery_voltage"": 14.800000190734863, ""in_primary_zone"": true, ""lock_engine_alert"": false, ""in_restricted_zone"": false, ""onboard_geofencing"": false, ""speed_limit_active"": false}"
2023-07-17 13:09:29.476,5237,13,"359159972073523",20,"{""key"": false, ""flip"": false, ""zone"": false, ""speed"": 58.7, ""buzzer"": 0, ""engine"": true, ""in_zone"": true, ""ignition"": true, ""latitude"": 42.6460433, ""direction"": 292, ""longitude"": 18.0633916, ""gsm_signal"": 31, ""sleep_mode"": false, ""staff_mode"": false, ""fault_codes"": [], ""speed_limit"": 46, ""engine_hours"": 1591, ""idc_triggers"": [], ""buzzer_active"": false, ""fuel_level_avg"": 0, ""lock_geo_alert"": false, ""operation_mode"": ""RENT"", ""battery_voltage"": 14.800000190734863, ""in_primary_zone"": true, ""lock_engine_alert"": false, ""in_restricted_zone"": false, ""onboard_geofencing"": false, ""speed_limit_active"": false}"
2023-07-17 13:09:28.917,5237,13,"359159972073523",20,"{""key"": false, ""flip"": false, ""zone"": false, ""speed"": 57.8, ""buzzer"": 0, ""engine"": true, ""in_zone"": true, ""ignition"": true, ""latitude"": 42.6459883, ""direction"": 292, ""longitude"": 18.0635766, ""gsm_signal"": 31, ""sleep_mode"": false, ""staff_mode"": false, ""fault_codes"": [], ""speed_limit"": 46, ""engine_hours"": 1591, ""idc_triggers"": [], ""buzzer_active"": false, ""fuel_level_avg"": 0, ""lock_geo_alert"": false, ""operation_mode"": ""RENT"", ""battery_voltage"": 14.800000190734863, ""in_primary_zone"": true, ""lock_engine_alert"": false, ""in_restricted_zone"": false, ""onboard_geofencing"": false, ""speed_limit_active"": false}"
2023-07-17 13:09:27.434,5237,13,"359159972073523",20,"{""key"": false, ""flip"": false, ""zone"": false, ""speed"": 57.2, ""buzzer"": 0, ""engine"": true, ""in_zone"": true, ""ignition"": true, ""latitude"": 42.645935, ""direction"": 292, ""longitude"": 18.0637566, ""gsm_signal"": 31, ""sleep_mode"": false, ""staff_mode"": false, ""fault_codes"": [], ""speed_limit"": 46, ""engine_hours"": 1591, ""idc_triggers"": [], ""buzzer_active"": false, ""fuel_level_avg"": 0, ""lock_geo_alert"": false, ""operation_mode"": ""RENT"", ""battery_voltage"": 14.800000190734863, ""in_primary_zone"": true, ""lock_engine_alert"": false, ""in_restricted_zone"": false, ""onboard_geofencing"": false, ""speed_limit_active"": false}"
2023-07-17 13:09:26.476,5237,13,"359159972073523",20,"{""key"": false, ""flip"": false, ""zone"": false, ""speed"": 55.2, ""buzzer"": 0, ""engine"": true, ""in_zone"": true, ""ignition"": true, ""latitude"": 42.6458816, ""direction"": 291, ""longitude"": 18.063935, ""gsm_signal"": 31, ""sleep_mode"": false, ""staff_mode"": false, ""fault_codes"": [], ""speed_limit"": 46, ""engine_hours"": 1591, ""idc_triggers"": [], ""buzzer_active"": false, ""fuel_level_avg"": 0, ""lock_geo_alert"": false, ""operation_mode"": ""RENT"", ""battery_voltage"": 14.800000190734863, ""in_primary_zone"": true, ""lock_engine_alert"": false, ""in_restricted_zone"": false, ""onboard_geofencing"": false, ""speed_limit_active"": false}"
2023-07-17 13:09:25.917,5237,13,"359159972073523",20,"{""key"": false, ""flip"": false, ""zone"": false, ""speed"": 54.2, ""buzzer"": 0, ""engine"": true, ""in_zone"": true, ""ignition"": true, ""latitude"": 42.6458316, ""direction"": 291, ""longitude"": 18.0641082, ""gsm_signal"": 31, ""sleep_mode"": false, ""staff_mode"": false, ""fault_codes"": [], ""speed_limit"": 46, ""engine_hours"": 1591, ""idc_triggers"": [], ""buzzer_active"": false, ""fuel_level_avg"": 0, ""lock_geo_alert"": false, ""operation_mode"": ""RENT"", ""battery_voltage"": 14.800000190734863, ""in_primary_zone"": true, ""lock_engine_alert"": false, ""in_restricted_zone"": false, ""onboard_geofencing"": false, ""speed_limit_active"": false}"
2023-07-17 13:09:24.416,5237,13,"359159972073523",20,"{""key"": false, ""flip"": false, ""zone"": false, ""speed"": 52.7, ""buzzer"": 0, ""engine"": true, ""in_zone"": true, ""ignition"": true, ""latitude"": 42.6457833, ""direction"": 290, ""longitude"": 18.06428, ""gsm_signal"": 31, ""sleep_mode"": false, ""staff_mode"": false, ""fault_codes"": [], ""speed_limit"": 46, ""engine_hours"": 1591, ""idc_triggers"": [], ""buzzer_active"": false, ""fuel_level_avg"": 0, ""lock_geo_alert"": false, ""operation_mode"": ""RENT"", ""battery_voltage"": 14.800000190734863, ""in_primary_zone"": true, ""lock_engine_alert"": false, ""in_restricted_zone"": false, ""onboard_geofencing"": false, ""speed_limit_active"": false}"
2023-07-17 13:09:23.434,5237,13,"359159972073523",20,"{""key"": false, ""flip"": false, ""zone"": false, ""speed"": 51.5, ""buzzer"": 0, ""engine"": true, ""in_zone"": true, ""ignition"": true, ""latitude"": 42.6457383, ""direction"": 290, ""longitude"": 18.0644466, ""gsm_signal"": 31, ""sleep_mode"": false, ""staff_mode"": false, ""fault_codes"": [], ""speed_limit"": 46, ""engine_hours"": 1591, ""idc_triggers"": [], ""buzzer_active"": false, ""fuel_level_avg"": 0, ""lock_geo_alert"": false, ""operation_mode"": ""RENT"", ""battery_voltage"": 14.800000190734863, ""in_primary_zone"": true, ""lock_engine_alert"": false, ""in_restricted_zone"": false, ""onboard_geofencing"": false, ""speed_limit_active"": false}"
2023-07-17 13:09:22.437,5237,13,"359159972073523",20,"{""key"": false, ""flip"": false, ""zone"": false, ""speed"": 50.0, ""buzzer"": 0, ""engine"": true, ""in_zone"": true, ""ignition"": true, ""latitude"": 42.6456933, ""direction"": 291, ""longitude"": 18.0646082, ""gsm_signal"": 31, ""sleep_mode"": false, ""staff_mode"": false, ""fault_codes"": [], ""speed_limit"": 46, ""engine_hours"": 1591, ""idc_triggers"": [], ""buzzer_active"": false, ""fuel_level_avg"": 0, ""lock_geo_alert"": false, ""operation_mode"": ""RENT"", ""battery_voltage"": 14.800000190734863, ""in_primary_zone"": true, ""lock_engine_alert"": false, ""in_restricted_zone"": false, ""onboard_geofencing"": false, ""speed_limit_active"": false}"
2023-07-17 13:09:21.435,5237,13,"359159972073523",20,"{""key"": false, ""flip"": false, ""zone"": false, ""speed"": 48.6, ""buzzer"": 0, ""engine"": true, ""in_zone"": true, ""ignition"": true, ""latitude"": 42.6456483, ""direction"": 292, ""longitude"": 18.064765, ""gsm_signal"": 31, ""sleep_mode"": false, ""staff_mode"": false, ""fault_codes"": [], ""speed_limit"": 46, ""engine_hours"": 1591, ""idc_triggers"": [], ""buzzer_active"": false, ""fuel_level_avg"": 0, ""lock_geo_alert"": false, ""operation_mode"": ""RENT"", ""battery_voltage"": 14.800000190734863, ""in_primary_zone"": true, ""lock_engine_alert"": false, ""in_restricted_zone"": false, ""onboard_geofencing"": false, ""speed_limit_active"": false}"
2023-07-17 13:09:20.475,5237,13,"359159972073523",20,"{""key"": false, ""flip"": false, ""zone"": false, ""speed"": 48.1, ""buzzer"": 0, ""engine"": true, ""in_zone"": true, ""ignition"": true, ""latitude"": 42.6456016, ""direction"": 293, ""longitude"": 18.0649182, ""gsm_signal"": 31, ""sleep_mode"": false, ""staff_mode"": false, ""fault_codes"": [], ""speed_limit"": 46, ""engine_hours"": 1591, ""idc_triggers"": [], ""buzzer_active"": false, ""fuel_level_avg"": 0, ""lock_geo_alert"": false, ""operation_mode"": ""RENT"", ""battery_voltage"": 14.800000190734863, ""in_primary_zone"": true, ""lock_engine_alert"": false, ""in_restricted_zone"": false, ""onboard_geofencing"": false, ""speed_limit_active"": false}"
2023-07-17 13:09:19.917,5237,13,"359159972073523",20,"{""key"": false, ""flip"": false, ""zone"": false, ""speed"": 48.0, ""buzzer"": 0, ""engine"": true, ""in_zone"": true, ""ignition"": true, ""latitude"": 42.6455533, ""direction"": 294, ""longitude"": 18.0650682, ""gsm_signal"": 31, ""sleep_mode"": false, ""staff_mode"": false, ""fault_codes"": [], ""speed_limit"": 46, ""engine_hours"": 1591, ""idc_triggers"": [], ""buzzer_active"": false, ""fuel_level_avg"": 0, ""lock_geo_alert"": false, ""operation_mode"": ""RENT"", ""battery_voltage"": 14.800000190734863, ""in_primary_zone"": true, ""lock_engine_alert"": false, ""in_restricted_zone"": false, ""onboard_geofencing"": false, ""speed_limit_active"": false}"
2023-07-17 13:09:18.416,5237,13,"359159972073523",20,"{""key"": false, ""flip"": false, ""zone"": false, ""speed"": 46.5, ""buzzer"": 0, ""engine"": true, ""in_zone"": true, ""ignition"": true, ""latitude"": 42.645505, ""direction"": 294, ""longitude"": 18.065215, ""gsm_signal"": 31, ""sleep_mode"": false, ""staff_mode"": false, ""fault_codes"": [], ""speed_limit"": 46, ""engine_hours"": 1591, ""idc_triggers"": [], ""buzzer_active"": false, ""fuel_level_avg"": 0, ""lock_geo_alert"": false, ""operation_mode"": ""RENT"", ""battery_voltage"": 14.800000190734863, ""in_primary_zone"": true, ""lock_engine_alert"": false, ""in_restricted_zone"": false, ""onboard_geofencing"": false, ""speed_limit_active"": false}"
2023-07-17 13:09:17.457,5237,13,"359159972073523",20,"{""key"": false, ""flip"": false, ""zone"": false, ""speed"": 45.7, ""buzzer"": 0, ""engine"": true, ""in_zone"": true, ""ignition"": true, ""latitude"": 42.645455, ""direction"": 295, ""longitude"": 18.0653566, ""gsm_signal"": 31, ""sleep_mode"": false, ""staff_mode"": false, ""fault_codes"": [], ""speed_limit"": 46, ""engine_hours"": 1591, ""idc_triggers"": [], ""buzzer_active"": false, ""fuel_level_avg"": 0, ""lock_geo_alert"": false, ""operation_mode"": ""RENT"", ""battery_voltage"": 14.800000190734863, ""in_primary_zone"": true, ""lock_engine_alert"": false, ""in_restricted_zone"": false, ""onboard_geofencing"": false, ""speed_limit_active"": false}"
2023-07-17 13:09:16.456,5237,13,"359159972073523",20,"{""key"": false, ""flip"": false, ""zone"": false, ""speed"": 47.0, ""buzzer"": 0, ""engine"": true, ""in_zone"": true, ""ignition"": true, ""latitude"": 42.645405, ""direction"": 296, ""longitude"": 18.0654966, ""gsm_signal"": 31, ""sleep_mode"": false, ""staff_mode"": false, ""fault_codes"": [], ""speed_limit"": 46, ""engine_hours"": 1591, ""idc_triggers"": [], ""buzzer_active"": false, ""fuel_level_avg"": 0, ""lock_geo_alert"": false, ""operation_mode"": ""RENT"", ""battery_voltage"": 14.800000190734863, ""in_primary_zone"": true, ""lock_engine_alert"": false, ""in_restricted_zone"": false, ""onboard_geofencing"": false, ""speed_limit_active"": false}"
2023-07-17 13:09:15.914,5237,13,"359159972073523",20,"{""key"": false, ""flip"": false, ""zone"": false, ""speed"": 46.4, ""buzzer"": 0, ""engine"": true, ""in_zone"": true, ""ignition"": true, ""latitude"": 42.6453533, ""direction"": 296, ""longitude"": 18.06564, ""gsm_signal"": 31, ""sleep_mode"": false, ""staff_mode"": false, ""fault_codes"": [], ""speed_limit"": 46, ""engine_hours"": 1591, ""idc_triggers"": [], ""buzzer_active"": false, ""fuel_level_avg"": 0, ""lock_geo_alert"": false, ""operation_mode"": ""RENT"", ""battery_voltage"": 14.800000190734863, ""in_primary_zone"": true, ""lock_engine_alert"": false, ""in_restricted_zone"": false, ""onboard_geofencing"": false, ""speed_limit_active"": false}"
2023-07-17 13:09:14.419,5237,13,"359159972073523",20,"{""key"": false, ""flip"": false, ""zone"": false, ""speed"": 46.3, ""buzzer"": 0, ""engine"": true, ""in_zone"": true, ""ignition"": true, ""latitude"": 42.6453033, ""direction"": 296, ""longitude"": 18.06578, ""gsm_signal"": 31, ""sleep_mode"": false, ""staff_mode"": false, ""fault_codes"": [], ""speed_limit"": 46, ""engine_hours"": 1591, ""idc_triggers"": [], ""buzzer_active"": false, ""fuel_level_avg"": 0, ""lock_geo_alert"": false, ""operation_mode"": ""RENT"", ""battery_voltage"": 14.800000190734863, ""in_primary_zone"": true, ""lock_engine_alert"": false, ""in_restricted_zone"": false, ""onboard_geofencing"": false, ""speed_limit_active"": false}"
2023-07-17 13:09:13.437,5237,13,"359159972073523",20,"{""key"": false, ""flip"": false, ""zone"": false, ""speed"": 46.2, ""buzzer"": 0, ""engine"": true, ""in_zone"": true, ""ignition"": true, ""latitude"": 42.6452516, ""direction"": 297, ""longitude"": 18.06592, ""gsm_signal"": 31, ""sleep_mode"": false, ""staff_mode"": false, ""fault_codes"": [], ""speed_limit"": 46, ""engine_hours"": 1591, ""idc_triggers"": [], ""buzzer_active"": false, ""fuel_level_avg"": 0, ""lock_geo_alert"": false, ""operation_mode"": ""RENT"", ""battery_voltage"": 14.800000190734863, ""in_primary_zone"": true, ""lock_engine_alert"": false, ""in_restricted_zone"": false, ""onboard_geofencing"": false, ""speed_limit_active"": false}"
2023-07-17 13:09:12.455,5237,13,"359159972073523",20,"{""key"": false, ""flip"": false, ""zone"": false, ""speed"": 45.2, ""buzzer"": 0, ""engine"": true, ""in_zone"": true, ""ignition"": true, ""latitude"": 42.6451966, ""direction"": 299, ""longitude"": 18.066055, ""gsm_signal"": 31, ""sleep_mode"": false, ""staff_mode"": false, ""fault_codes"": [], ""speed_limit"": 46, ""engine_hours"": 1591, ""idc_triggers"": [], ""buzzer_active"": false, ""fuel_level_avg"": 0, ""lock_geo_alert"": false, ""operation_mode"": ""RENT"", ""battery_voltage"": 14.800000190734863, ""in_primary_zone"": true, ""lock_engine_alert"": false, ""in_restricted_zone"": false, ""onboard_geofencing"": false, ""speed_limit_active"": false}"
2023-07-17 13:09:11.474,5237,13,"359159972073523",20,"{""key"": false, ""flip"": false, ""zone"": false, ""speed"": 45.4, ""buzzer"": 0, ""engine"": true, ""in_zone"": true, ""ignition"": true, ""latitude"": 42.6451416, ""direction"": 298, ""longitude"": 18.0661882, ""gsm_signal"": 31, ""sleep_mode"": false, ""staff_mode"": false, ""fault_codes"": [], ""speed_limit"": 46, ""engine_hours"": 1591, ""idc_triggers"": [], ""buzzer_active"": false, ""fuel_level_avg"": 0, ""lock_geo_alert"": false, ""operation_mode"": ""RENT"", ""battery_voltage"": 14.800000190734863, ""in_primary_zone"": true, ""lock_engine_alert"": false, ""in_restricted_zone"": false, ""onboard_geofencing"": false, ""speed_limit_active"": false}"
2023-07-17 13:09:10.917,5237,13,"359159972073523",20,"{""key"": false, ""flip"": false, ""zone"": false, ""speed"": 46.7, ""buzzer"": 0, ""engine"": true, ""in_zone"": true, ""ignition"": true, ""latitude"": 42.6450866, ""direction"": 298, ""longitude"": 18.066325, ""gsm_signal"": 31, ""sleep_mode"": false, ""staff_mode"": false, ""fault_codes"": [], ""speed_limit"": 46, ""engine_hours"": 1591, ""idc_triggers"": [], ""buzzer_active"": false, ""fuel_level_avg"": 0, ""lock_geo_alert"": false, ""operation_mode"": ""RENT"", ""battery_voltage"": 14.800000190734863, ""in_primary_zone"": true, ""lock_engine_alert"": false, ""in_restricted_zone"": false, ""onboard_geofencing"": false, ""speed_limit_active"": false}"
2023-07-17 13:09:09.452,5237,13,"359159972073523",20,"{""key"": false, ""flip"": false, ""zone"": false, ""speed"": 46.2, ""buzzer"": 0, ""engine"": true, ""in_zone"": true, ""ignition"": true, ""latitude"": 42.6450316, ""direction"": 299, ""longitude"": 18.0664632, ""gsm_signal"": 31, ""sleep_mode"": false, ""staff_mode"": false, ""fault_codes"": [], ""speed_limit"": 46, ""engine_hours"": 1591, ""idc_triggers"": [], ""buzzer_active"": false, ""fuel_level_avg"": 0, ""lock_geo_alert"": false, ""operation_mode"": ""RENT"", ""battery_voltage"": 14.800000190734863, ""in_primary_zone"": true, ""lock_engine_alert"": false, ""in_restricted_zone"": false, ""onboard_geofencing"": false, ""speed_limit_active"": false}"
2023-07-17 13:09:08.857,5237,13,"359159972073523",20,"{""key"": false, ""flip"": false, ""zone"": false, ""speed"": 48.8, ""buzzer"": 0, ""engine"": true, ""in_zone"": true, ""ignition"": true, ""latitude"": 42.6449733, ""direction"": 298, ""longitude"": 18.0666016, ""gsm_signal"": 31, ""sleep_mode"": false, ""staff_mode"": false, ""fault_codes"": [], ""speed_limit"": 46, ""engine_hours"": 1591, ""idc_triggers"": [], ""buzzer_active"": false, ""fuel_level_avg"": 0, ""lock_geo_alert"": false, ""operation_mode"": ""RENT"", ""battery_voltage"": 14.800000190734863, ""in_primary_zone"": true, ""lock_engine_alert"": false, ""in_restricted_zone"": false, ""onboard_geofencing"": false, ""speed_limit_active"": false}"
2023-07-17 13:09:07.917,5237,13,"359159972073523",20,"{""key"": false, ""flip"": false, ""zone"": false, ""speed"": 49.6, ""buzzer"": 0, ""engine"": true, ""in_zone"": true, ""ignition"": true, ""latitude"": 42.644915, ""direction"": 298, ""longitude"": 18.0667482, ""gsm_signal"": 31, ""sleep_mode"": false, ""staff_mode"": false, ""fault_codes"": [], ""speed_limit"": 46, ""engine_hours"": 1591, ""idc_triggers"": [], ""buzzer_active"": false, ""fuel_level_avg"": 0, ""lock_geo_alert"": false, ""operation_mode"": ""RENT"", ""battery_voltage"": 14.800000190734863, ""in_primary_zone"": true, ""lock_engine_alert"": false, ""in_restricted_zone"": false, ""onboard_geofencing"": false, ""speed_limit_active"": false}"
2023-07-17 13:09:06.436,5237,13,"359159972073523",20,"{""key"": false, ""flip"": false, ""zone"": false, ""speed"": 50.0, ""buzzer"": 0, ""engine"": true, ""in_zone"": true, ""ignition"": true, ""latitude"": 42.6448566, ""direction"": 298, ""longitude"": 18.0668966, ""gsm_signal"": 31, ""sleep_mode"": false, ""staff_mode"": false, ""fault_codes"": [], ""speed_limit"": 46, ""engine_hours"": 1591, ""idc_triggers"": [], ""buzzer_active"": false, ""fuel_level_avg"": 0, ""lock_geo_alert"": false, ""operation_mode"": ""RENT"", ""battery_voltage"": 14.800000190734863, ""in_primary_zone"": true, ""lock_engine_alert"": false, ""in_restricted_zone"": false, ""onboard_geofencing"": false, ""speed_limit_active"": false}"
2023-07-17 13:09:05.476,5237,13,"359159972073523",20,"{""key"": false, ""flip"": false, ""zone"": false, ""speed"": 50.0, ""buzzer"": 0, ""engine"": true, ""in_zone"": true, ""ignition"": true, ""latitude"": 42.6447966, ""direction"": 298, ""longitude"": 18.067045, ""gsm_signal"": 31, ""sleep_mode"": false, ""staff_mode"": false, ""fault_codes"": [], ""speed_limit"": 46, ""engine_hours"": 1591, ""idc_triggers"": [], ""buzzer_active"": false, ""fuel_level_avg"": 0, ""lock_geo_alert"": false, ""operation_mode"": ""RENT"", ""battery_voltage"": 14.800000190734863, ""in_primary_zone"": true, ""lock_engine_alert"": false, ""in_restricted_zone"": false, ""onboard_geofencing"": false, ""speed_limit_active"": false}"
2023-07-17 13:09:04.917,5237,13,"359159972073523",20,"{""key"": false, ""flip"": false, ""zone"": false, ""speed"": 48.9, ""buzzer"": 0, ""engine"": true, ""in_zone"": true, ""ignition"": true, ""latitude"": 42.644735, ""direction"": 298, ""longitude"": 18.0671932, ""gsm_signal"": 31, ""sleep_mode"": false, ""staff_mode"": false, ""fault_codes"": [], ""speed_limit"": 46, ""engine_hours"": 1591, ""idc_triggers"": [], ""buzzer_active"": false, ""fuel_level_avg"": 0, ""lock_geo_alert"": false, ""operation_mode"": ""RENT"", ""battery_voltage"": 14.800000190734863, ""in_primary_zone"": true, ""lock_engine_alert"": false, ""in_restricted_zone"": false, ""onboard_geofencing"": false, ""speed_limit_active"": false}"
2023-07-17 13:09:03.439,5237,13,"359159972073523",20,"{""key"": false, ""flip"": false, ""zone"": false, ""speed"": 47.4, ""buzzer"": 0, ""engine"": true, ""in_zone"": true, ""ignition"": true, ""latitude"": 42.6446783, ""direction"": 297, ""longitude"": 18.0673366, ""gsm_signal"": 31, ""sleep_mode"": false, ""staff_mode"": false, ""fault_codes"": [], ""speed_limit"": 46, ""engine_hours"": 1591, ""idc_triggers"": [], ""buzzer_active"": false, ""fuel_level_avg"": 0, ""lock_geo_alert"": false, ""operation_mode"": ""RENT"", ""battery_voltage"": 14.800000190734863, ""in_primary_zone"": true, ""lock_engine_alert"": false, ""in_restricted_zone"": false, ""onboard_geofencing"": false, ""speed_limit_active"": false}"
2023-07-17 13:09:02.476,5237,13,"359159972073523",20,"{""key"": false, ""flip"": false, ""zone"": false, ""speed"": 47.0, ""buzzer"": 0, ""engine"": true, ""in_zone"": true, ""ignition"": true, ""latitude"": 42.6446233, ""direction"": 296, ""longitude"": 18.0674782, ""gsm_signal"": 31, ""sleep_mode"": false, ""staff_mode"": false, ""fault_codes"": [], ""speed_limit"": 46, ""engine_hours"": 1591, ""idc_triggers"": [], ""buzzer_active"": false, ""fuel_level_avg"": 0, ""lock_geo_alert"": false, ""operation_mode"": ""RENT"", ""battery_voltage"": 14.800000190734863, ""in_primary_zone"": true, ""lock_engine_alert"": false, ""in_restricted_zone"": false, ""onboard_geofencing"": false, ""speed_limit_active"": false}"
2023-07-17 13:09:01.917,5237,13,"359159972073523",20,"{""key"": false, ""flip"": false, ""zone"": false, ""speed"": 45.8, ""buzzer"": 0, ""engine"": true, ""in_zone"": true, ""ignition"": true, ""latitude"": 42.6445716, ""direction"": 296, ""longitude"": 18.06762, ""gsm_signal"": 31, ""sleep_mode"": false, ""staff_mode"": false, ""fault_codes"": [], ""speed_limit"": 46, ""engine_hours"": 1591, ""idc_triggers"": [], ""buzzer_active"": false, ""fuel_level_avg"": 0, ""lock_geo_alert"": false, ""operation_mode"": ""RENT"", ""battery_voltage"": 14.800000190734863, ""in_primary_zone"": true, ""lock_engine_alert"": false, ""in_restricted_zone"": false, ""onboard_geofencing"": false, ""speed_limit_active"": false}"
2023-07-17 13:09:00.418,5237,13,"359159972073523",20,"{""key"": false, ""flip"": false, ""zone"": false, ""speed"": 45.9, ""buzzer"": 0, ""engine"": true, ""in_zone"": true, ""ignition"": true, ""latitude"": 42.6445216, ""direction"": 296, ""longitude"": 18.06776, ""gsm_signal"": 31, ""sleep_mode"": false, ""staff_mode"": false, ""fault_codes"": [], ""speed_limit"": 46, ""engine_hours"": 1591, ""idc_triggers"": [], ""buzzer_active"": false, ""fuel_level_avg"": 0, ""lock_geo_alert"": false, ""operation_mode"": ""RENT"", ""battery_voltage"": 14.800000190734863, ""in_primary_zone"": true, ""lock_engine_alert"": false, ""in_restricted_zone"": false, ""onboard_geofencing"": false, ""speed_limit_active"": false}"
2023-07-17 13:08:59.456,5237,13,"359159972073523",20,"{""key"": false, ""flip"": false, ""zone"": false, ""speed"": 46.8, ""buzzer"": 0, ""engine"": true, ""in_zone"": true, ""ignition"": true, ""latitude"": 42.64447, ""direction"": 296, ""longitude"": 18.0679, ""gsm_signal"": 31, ""sleep_mode"": false, ""staff_mode"": false, ""fault_codes"": [], ""speed_limit"": 46, ""engine_hours"": 1591, ""idc_triggers"": [], ""buzzer_active"": false, ""fuel_level_avg"": 0, ""lock_geo_alert"": false, ""operation_mode"": ""RENT"", ""battery_voltage"": 14.800000190734863, ""in_primary_zone"": true, ""lock_engine_alert"": false, ""in_restricted_zone"": false, ""onboard_geofencing"": false, ""speed_limit_active"": false}"
2023-07-17 13:08:58.456,5237,13,"359159972073523",20,"{""key"": false, ""flip"": false, ""zone"": false, ""speed"": 45.7, ""buzzer"": 0, ""engine"": true, ""in_zone"": true, ""ignition"": true, ""latitude"": 42.6444183, ""direction"": 297, ""longitude"": 18.06804, ""gsm_signal"": 31, ""sleep_mode"": false, ""staff_mode"": false, ""fault_codes"": [], ""speed_limit"": 46, ""engine_hours"": 1591, ""idc_triggers"": [], ""buzzer_active"": false, ""fuel_level_avg"": 0, ""lock_geo_alert"": false, ""operation_mode"": ""RENT"", ""battery_voltage"": 14.800000190734863, ""in_primary_zone"": true, ""lock_engine_alert"": false, ""in_restricted_zone"": false, ""onboard_geofencing"": false, ""speed_limit_active"": false}"
2023-07-17 13:08:57.915,5237,13,"359159972073523",20,"{""key"": false, ""flip"": false, ""zone"": false, ""speed"": 42.7, ""buzzer"": 0, ""engine"": true, ""in_zone"": true, ""ignition"": true, ""latitude"": 42.6443683, ""direction"": 295, ""longitude"": 18.0681766, ""gsm_signal"": 31, ""sleep_mode"": false, ""staff_mode"": false, ""fault_codes"": [], ""speed_limit"": 46, ""engine_hours"": 1591, ""idc_triggers"": [], ""buzzer_active"": false, ""fuel_level_avg"": 0, ""lock_geo_alert"": false, ""operation_mode"": ""RENT"", ""battery_voltage"": 14.800000190734863, ""in_primary_zone"": true, ""lock_engine_alert"": false, ""in_restricted_zone"": false, ""onboard_geofencing"": false, ""speed_limit_active"": false}"
2023-07-17 13:08:56.415,5237,13,"359159972073523",20,"{""key"": false, ""flip"": false, ""zone"": false, ""speed"": 41.6, ""buzzer"": 0, ""engine"": true, ""in_zone"": true, ""ignition"": true, ""latitude"": 42.6443233, ""direction"": 294, ""longitude"": 18.0683066, ""gsm_signal"": 31, ""sleep_mode"": false, ""staff_mode"": false, ""fault_codes"": [], ""speed_limit"": 46, ""engine_hours"": 1591, ""idc_triggers"": [], ""buzzer_active"": false, ""fuel_level_avg"": 0, ""lock_geo_alert"": false, ""operation_mode"": ""RENT"", ""battery_voltage"": 14.800000190734863, ""in_primary_zone"": true, ""lock_engine_alert"": false, ""in_restricted_zone"": false, ""onboard_geofencing"": false, ""speed_limit_active"": false}"
2023-07-17 13:08:55.437,5237,13,"359159972073523",20,"{""key"": false, ""flip"": false, ""zone"": false, ""speed"": 42.0, ""buzzer"": 0, ""engine"": true, ""in_zone"": true, ""ignition"": true, ""latitude"": 42.6442816, ""direction"": 293, ""longitude"": 18.068435, ""gsm_signal"": 31, ""sleep_mode"": false, ""staff_mode"": false, ""fault_codes"": [], ""speed_limit"": 46, ""engine_hours"": 1591, ""idc_triggers"": [], ""buzzer_active"": false, ""fuel_level_avg"": 0, ""lock_geo_alert"": false, ""operation_mode"": ""RENT"", ""battery_voltage"": 14.800000190734863, ""in_primary_zone"": true, ""lock_engine_alert"": false, ""in_restricted_zone"": false, ""onboard_geofencing"": false, ""speed_limit_active"": false}"
2023-07-17 13:08:54.454,5237,13,"359159972073523",20,"{""key"": false, ""flip"": false, ""zone"": false, ""speed"": 41.3, ""buzzer"": 0, ""engine"": true, ""in_zone"": true, ""ignition"": true, ""latitude"": 42.6442383, ""direction"": 294, ""longitude"": 18.068565, ""gsm_signal"": 31, ""sleep_mode"": false, ""staff_mode"": false, ""fault_codes"": [], ""speed_limit"": 46, ""engine_hours"": 1591, ""idc_triggers"": [], ""buzzer_active"": false, ""fuel_level_avg"": 0, ""lock_geo_alert"": false, ""operation_mode"": ""RENT"", ""battery_voltage"": 14.800000190734863, ""in_primary_zone"": true, ""lock_engine_alert"": false, ""in_restricted_zone"": false, ""onboard_geofencing"": false, ""speed_limit_active"": false}"
2023-07-17 13:08:53.476,5237,13,"359159972073523",20,"{""key"": false, ""flip"": false, ""zone"": false, ""speed"": 40.9, ""buzzer"": 0, ""engine"": true, ""in_zone"": true, ""ignition"": true, ""latitude"": 42.6441966, ""direction"": 292, ""longitude"": 18.0686916, ""gsm_signal"": 31, ""sleep_mode"": false, ""staff_mode"": false, ""fault_codes"": [], ""speed_limit"": 46, ""engine_hours"": 1591, ""idc_triggers"": [], ""buzzer_active"": false, ""fuel_level_avg"": 0, ""lock_geo_alert"": false, ""operation_mode"": ""RENT"", ""battery_voltage"": 14.800000190734863, ""in_primary_zone"": true, ""lock_engine_alert"": false, ""in_restricted_zone"": false, ""onboard_geofencing"": false, ""speed_limit_active"": false}"
2023-07-17 13:08:52.977,5237,13,"359159972073523",20,"{""key"": false, ""flip"": false, ""zone"": false, ""speed"": 39.5, ""buzzer"": 0, ""engine"": true, ""in_zone"": true, ""ignition"": true, ""latitude"": 42.6441583, ""direction"": 292, ""longitude"": 18.0688182, ""gsm_signal"": 31, ""sleep_mode"": false, ""staff_mode"": false, ""fault_codes"": [], ""speed_limit"": 46, ""engine_hours"": 1591, ""idc_triggers"": [], ""buzzer_active"": false, ""fuel_level_avg"": 0, ""lock_geo_alert"": false, ""operation_mode"": ""RENT"", ""battery_voltage"": 14.800000190734863, ""in_primary_zone"": true, ""lock_engine_alert"": false, ""in_restricted_zone"": false, ""onboard_geofencing"": false, ""speed_limit_active"": false}"
2023-07-17 13:08:51.434,5237,13,"359159972073523",20,"{""key"": false, ""flip"": false, ""zone"": false, ""speed"": 36.4, ""buzzer"": 0, ""engine"": true, ""in_zone"": true, ""ignition"": true, ""latitude"": 42.6441216, ""direction"": 291, ""longitude"": 18.06894, ""gsm_signal"": 31, ""sleep_mode"": false, ""staff_mode"": false, ""fault_codes"": [], ""speed_limit"": 46, ""engine_hours"": 1591, ""idc_triggers"": [], ""buzzer_active"": false, ""fuel_level_avg"": 0, ""lock_geo_alert"": false, ""operation_mode"": ""RENT"", ""battery_voltage"": 14.800000190734863, ""in_primary_zone"": true, ""lock_engine_alert"": false, ""in_restricted_zone"": false, ""onboard_geofencing"": false, ""speed_limit_active"": false}"
2023-07-17 13:08:50.457,5237,13,"359159972073523",20,"{""key"": false, ""flip"": false, ""zone"": false, ""speed"": 32.7, ""buzzer"": 0, ""engine"": true, ""in_zone"": true, ""ignition"": true, ""latitude"": 42.6440883, ""direction"": 293, ""longitude"": 18.06905, ""gsm_signal"": 31, ""sleep_mode"": false, ""staff_mode"": false, ""fault_codes"": [], ""speed_limit"": 46, ""engine_hours"": 1591, ""idc_triggers"": [], ""buzzer_active"": false, ""fuel_level_avg"": 0, ""lock_geo_alert"": false, ""operation_mode"": ""RENT"", ""battery_voltage"": 14.800000190734863, ""in_primary_zone"": true, ""lock_engine_alert"": false, ""in_restricted_zone"": false, ""onboard_geofencing"": false, ""speed_limit_active"": false}"
2023-07-17 13:08:49.454,5237,13,"359159972073523",20,"{""key"": false, ""flip"": false, ""zone"": false, ""speed"": 27.1, ""buzzer"": 0, ""engine"": true, ""in_zone"": true, ""ignition"": true, ""latitude"": 42.6440583, ""direction"": 294, ""longitude"": 18.0691466, ""gsm_signal"": 31, ""sleep_mode"": false, ""staff_mode"": false, ""fault_codes"": [], ""speed_limit"": 46, ""engine_hours"": 1591, ""idc_triggers"": [], ""buzzer_active"": false, ""fuel_level_avg"": 0, ""lock_geo_alert"": false, ""operation_mode"": ""RENT"", ""battery_voltage"": 14.800000190734863, ""in_primary_zone"": true, ""lock_engine_alert"": false, ""in_restricted_zone"": false, ""onboard_geofencing"": false, ""speed_limit_active"": false}"
2023-07-17 13:08:48.915,5237,13,"359159972073523",20,"{""key"": false, ""flip"": false, ""zone"": false, ""speed"": 21.7, ""buzzer"": 0, ""engine"": true, ""in_zone"": true, ""ignition"": true, ""latitude"": 42.6440333, ""direction"": 293, ""longitude"": 18.069225, ""gsm_signal"": 31, ""sleep_mode"": false, ""staff_mode"": false, ""fault_codes"": [], ""speed_limit"": 46, ""engine_hours"": 1591, ""idc_triggers"": [], ""buzzer_active"": false, ""fuel_level_avg"": 0, ""lock_geo_alert"": false, ""operation_mode"": ""RENT"", ""battery_voltage"": 14.800000190734863, ""in_primary_zone"": true, ""lock_engine_alert"": false, ""in_restricted_zone"": false, ""onboard_geofencing"": false, ""speed_limit_active"": false}"
2023-07-17 13:08:47.435,5237,13,"359159972073523",20,"{""key"": false, ""flip"": false, ""zone"": false, ""speed"": 19.4, ""buzzer"": 0, ""engine"": true, ""in_zone"": true, ""ignition"": true, ""latitude"": 42.6440116, ""direction"": 290, ""longitude"": 18.0692916, ""gsm_signal"": 31, ""sleep_mode"": false, ""staff_mode"": false, ""fault_codes"": [], ""speed_limit"": 46, ""engine_hours"": 1591, ""idc_triggers"": [], ""buzzer_active"": false, ""fuel_level_avg"": 0, ""lock_geo_alert"": false, ""operation_mode"": ""RENT"", ""battery_voltage"": 14.800000190734863, ""in_primary_zone"": true, ""lock_engine_alert"": false, ""in_restricted_zone"": false, ""onboard_geofencing"": false, ""speed_limit_active"": false}"
2023-07-17 13:08:46.437,5237,13,"359159972073523",20,"{""key"": false, ""flip"": false, ""zone"": false, ""speed"": 17.4, ""buzzer"": 0, ""engine"": true, ""in_zone"": true, ""ignition"": true, ""latitude"": 42.6439966, ""direction"": 287, ""longitude"": 18.0693532, ""gsm_signal"": 31, ""sleep_mode"": false, ""staff_mode"": false, ""fault_codes"": [], ""speed_limit"": 46, ""engine_hours"": 1591, ""idc_triggers"": [], ""buzzer_active"": false, ""fuel_level_avg"": 0, ""lock_geo_alert"": false, ""operation_mode"": ""RENT"", ""battery_voltage"": 14.800000190734863, ""in_primary_zone"": true, ""lock_engine_alert"": false, ""in_restricted_zone"": false, ""onboard_geofencing"": false, ""speed_limit_active"": false}"
2023-07-17 13:08:45.454,5237,13,"359159972073523",20,"{""key"": false, ""flip"": false, ""zone"": false, ""speed"": 13.9, ""buzzer"": 0, ""engine"": true, ""in_zone"": true, ""ignition"": true, ""latitude"": 42.6439833, ""direction"": 289, ""longitude"": 18.069405, ""gsm_signal"": 31, ""sleep_mode"": false, ""staff_mode"": false, ""fault_codes"": [], ""speed_limit"": 46, ""engine_hours"": 1591, ""idc_triggers"": [], ""buzzer_active"": false, ""fuel_level_avg"": 0, ""lock_geo_alert"": false, ""operation_mode"": ""RENT"", ""battery_voltage"": 14.800000190734863, ""in_primary_zone"": true, ""lock_engine_alert"": false, ""in_restricted_zone"": false, ""onboard_geofencing"": false, ""speed_limit_active"": false}"
2023-07-17 13:08:44.465,5237,13,"359159972073523",20,"{""key"": false, ""flip"": false, ""zone"": false, ""speed"": 9.4, ""buzzer"": 0, ""engine"": true, ""in_zone"": true, ""ignition"": true, ""latitude"": 42.6439733, ""direction"": 292, ""longitude"": 18.069445, ""gsm_signal"": 31, ""sleep_mode"": false, ""staff_mode"": false, ""fault_codes"": [], ""speed_limit"": 46, ""engine_hours"": 1591, ""idc_triggers"": [], ""buzzer_active"": false, ""fuel_level_avg"": 0, ""lock_geo_alert"": false, ""operation_mode"": ""RENT"", ""battery_voltage"": 14.800000190734863, ""in_primary_zone"": true, ""lock_engine_alert"": false, ""in_restricted_zone"": false, ""onboard_geofencing"": false, ""speed_limit_active"": false}"
2023-07-17 13:08:43.875,5237,13,"359159972073523",20,"{""key"": false, ""flip"": false, ""zone"": false, ""speed"": 6.8, ""buzzer"": 0, ""engine"": true, ""in_zone"": true, ""ignition"": true, ""latitude"": 42.6439666, ""direction"": 297, ""longitude"": 18.0694716, ""gsm_signal"": 31, ""sleep_mode"": false, ""staff_mode"": false, ""fault_codes"": [], ""speed_limit"": 46, ""engine_hours"": 1591, ""idc_triggers"": [], ""buzzer_active"": false, ""fuel_level_avg"": 0, ""lock_geo_alert"": false, ""operation_mode"": ""RENT"", ""battery_voltage"": 14.800000190734863, ""in_primary_zone"": true, ""lock_engine_alert"": false, ""in_restricted_zone"": false, ""onboard_geofencing"": false, ""speed_limit_active"": false}"
2023-07-17 13:08:42.419,5237,13,"359159972073523",20,"{""key"": false, ""flip"": false, ""zone"": false, ""speed"": 4.5, ""buzzer"": 0, ""engine"": true, ""in_zone"": true, ""ignition"": true, ""latitude"": 42.64396, ""direction"": 310, ""longitude"": 18.0694916, ""gsm_signal"": 31, ""sleep_mode"": false, ""staff_mode"": false, ""fault_codes"": [], ""speed_limit"": 46, ""engine_hours"": 1591, ""idc_triggers"": [], ""buzzer_active"": false, ""fuel_level_avg"": 0, ""lock_geo_alert"": false, ""operation_mode"": ""RENT"", ""battery_voltage"": 14.800000190734863, ""in_primary_zone"": true, ""lock_engine_alert"": false, ""in_restricted_zone"": false, ""onboard_geofencing"": false, ""speed_limit_active"": false}"
2023-07-17 13:08:41.519,5237,13,"359159972073523",20,"{""key"": false, ""flip"": false, ""zone"": false, ""speed"": 3.1, ""buzzer"": 0, ""engine"": true, ""in_zone"": true, ""ignition"": true, ""latitude"": 42.643955, ""direction"": 327, ""longitude"": 18.0695016, ""gsm_signal"": 31, ""sleep_mode"": false, ""staff_mode"": false, ""fault_codes"": [], ""speed_limit"": 46, ""engine_hours"": 1591, ""idc_triggers"": [], ""buzzer_active"": false, ""fuel_level_avg"": 0, ""lock_geo_alert"": false, ""operation_mode"": ""RENT"", ""battery_voltage"": 14.800000190734863, ""in_primary_zone"": true, ""lock_engine_alert"": false, ""in_restricted_zone"": false, ""onboard_geofencing"": false, ""speed_limit_active"": false}"
2023-07-17 13:08:40.499,5237,13,"359159972073523",20,"{""key"": false, ""flip"": false, ""zone"": false, ""speed"": 2.9, ""buzzer"": 0, ""engine"": true, ""in_zone"": true, ""ignition"": true, ""latitude"": 42.6439483, ""direction"": 345, ""longitude"": 18.0695082, ""gsm_signal"": 31, ""sleep_mode"": false, ""staff_mode"": false, ""fault_codes"": [], ""speed_limit"": 46, ""engine_hours"": 1591, ""idc_triggers"": [], ""buzzer_active"": false, ""fuel_level_avg"": 0, ""lock_geo_alert"": false, ""operation_mode"": ""RENT"", ""battery_voltage"": 14.800000190734863, ""in_primary_zone"": true, ""lock_engine_alert"": false, ""in_restricted_zone"": false, ""onboard_geofencing"": false, ""speed_limit_active"": false}"
2023-07-17 13:08:39.916,5237,13,"359159972073523",20,"{""key"": false, ""flip"": false, ""zone"": false, ""speed"": 3.1, ""buzzer"": 0, ""engine"": true, ""in_zone"": true, ""ignition"": true, ""latitude"": 42.6439416, ""direction"": 359, ""longitude"": 18.0695132, ""gsm_signal"": 31, ""sleep_mode"": false, ""staff_mode"": false, ""fault_codes"": [], ""speed_limit"": 46, ""engine_hours"": 1591, ""idc_triggers"": [], ""buzzer_active"": false, ""fuel_level_avg"": 0, ""lock_geo_alert"": false, ""operation_mode"": ""RENT"", ""battery_voltage"": 14.800000190734863, ""in_primary_zone"": true, ""lock_engine_alert"": false, ""in_restricted_zone"": false, ""onboard_geofencing"": false, ""speed_limit_active"": false}"
2023-07-17 13:08:38.416,5237,13,"359159972073523",20,"{""key"": false, ""flip"": false, ""zone"": false, ""speed"": 3.3, ""buzzer"": 0, ""engine"": true, ""in_zone"": true, ""ignition"": true, ""latitude"": 42.6439333, ""direction"": 22, ""longitude"": 18.0695182, ""gsm_signal"": 31, ""sleep_mode"": false, ""staff_mode"": false, ""fault_codes"": [], ""speed_limit"": 46, ""engine_hours"": 1591, ""idc_triggers"": [], ""buzzer_active"": false, ""fuel_level_avg"": 0, ""lock_geo_alert"": false, ""operation_mode"": ""RENT"", ""battery_voltage"": 14.800000190734863, ""in_primary_zone"": true, ""lock_engine_alert"": false, ""in_restricted_zone"": false, ""onboard_geofencing"": false, ""speed_limit_active"": false}"
2023-07-17 13:08:37.438,5237,13,"359159972073523",20,"{""key"": false, ""flip"": false, ""zone"": false, ""speed"": 3.7, ""buzzer"": 0, ""engine"": true, ""in_zone"": true, ""ignition"": true, ""latitude"": 42.643925, ""direction"": 33, ""longitude"": 18.069515, ""gsm_signal"": 31, ""sleep_mode"": false, ""staff_mode"": false, ""fault_codes"": [], ""speed_limit"": 46, ""engine_hours"": 1591, ""idc_triggers"": [], ""buzzer_active"": false, ""fuel_level_avg"": 0, ""lock_geo_alert"": false, ""operation_mode"": ""RENT"", ""battery_voltage"": 14.800000190734863, ""in_primary_zone"": true, ""lock_engine_alert"": false, ""in_restricted_zone"": false, ""onboard_geofencing"": false, ""speed_limit_active"": false}"
2023-07-17 13:08:36.456,5237,13,"359159972073523",20,"{""key"": false, ""flip"": false, ""zone"": false, ""speed"": 3.5, ""buzzer"": 0, ""engine"": true, ""in_zone"": true, ""ignition"": true, ""latitude"": 42.643915, ""direction"": 59, ""longitude"": 18.0695116, ""gsm_signal"": 30, ""sleep_mode"": false, ""staff_mode"": false, ""fault_codes"": [], ""speed_limit"": 46, ""engine_hours"": 1591, ""idc_triggers"": [], ""buzzer_active"": false, ""fuel_level_avg"": 0, ""lock_geo_alert"": false, ""operation_mode"": ""RENT"", ""battery_voltage"": 14.800000190734863, ""in_primary_zone"": true, ""lock_engine_alert"": false, ""in_restricted_zone"": false, ""onboard_geofencing"": false, ""speed_limit_active"": false}"
2023-07-17 13:08:35.476,5237,13,"359159972073523",20,"{""key"": false, ""flip"": false, ""zone"": false, ""speed"": 3.3, ""buzzer"": 0, ""engine"": true, ""in_zone"": true, ""ignition"": true, ""latitude"": 42.64391, ""direction"": 87, ""longitude"": 18.0695016, ""gsm_signal"": 30, ""sleep_mode"": false, ""staff_mode"": false, ""fault_codes"": [], ""speed_limit"": 46, ""engine_hours"": 1591, ""idc_triggers"": [], ""buzzer_active"": false, ""fuel_level_avg"": 0, ""lock_geo_alert"": false, ""operation_mode"": ""RENT"", ""battery_voltage"": 14.800000190734863, ""in_primary_zone"": true, ""lock_engine_alert"": false, ""in_restricted_zone"": false, ""onboard_geofencing"": false, ""speed_limit_active"": false}"
2023-07-17 13:08:34.917,5237,13,"359159972073523",20,"{""key"": false, ""flip"": false, ""zone"": false, ""speed"": 2.9, ""buzzer"": 0, ""engine"": true, ""in_zone"": true, ""ignition"": true, ""latitude"": 42.6439066, ""direction"": 112, ""longitude"": 18.06949, ""gsm_signal"": 30, ""sleep_mode"": false, ""staff_mode"": false, ""fault_codes"": [], ""speed_limit"": 46, ""engine_hours"": 1591, ""idc_triggers"": [], ""buzzer_active"": false, ""fuel_level_avg"": 0, ""lock_geo_alert"": false, ""operation_mode"": ""RENT"", ""battery_voltage"": 14.800000190734863, ""in_primary_zone"": true, ""lock_engine_alert"": false, ""in_restricted_zone"": false, ""onboard_geofencing"": false, ""speed_limit_active"": false}"
2023-07-17 13:08:33.435,5237,13,"359159972073523",20,"{""key"": false, ""flip"": false, ""zone"": false, ""speed"": 2.2, ""buzzer"": 0, ""engine"": true, ""in_zone"": true, ""ignition"": true, ""latitude"": 42.6439083, ""direction"": 157, ""longitude"": 18.0694832, ""gsm_signal"": 31, ""sleep_mode"": false, ""staff_mode"": false, ""fault_codes"": [], ""speed_limit"": 46, ""engine_hours"": 1591, ""idc_triggers"": [], ""buzzer_active"": false, ""fuel_level_avg"": 0, ""lock_geo_alert"": false, ""operation_mode"": ""RENT"", ""battery_voltage"": 14.800000190734863, ""in_primary_zone"": true, ""lock_engine_alert"": false, ""in_restricted_zone"": false, ""onboard_geofencing"": false, ""speed_limit_active"": false}"
2023-07-17 13:08:32.435,5237,13,"359159972073523",20,"{""key"": false, ""flip"": false, ""zone"": false, ""speed"": 2.4, ""buzzer"": 0, ""engine"": true, ""in_zone"": true, ""ignition"": true, ""latitude"": 42.6439116, ""direction"": 171, ""longitude"": 18.06948, ""gsm_signal"": 31, ""sleep_mode"": false, ""staff_mode"": false, ""fault_codes"": [], ""speed_limit"": 46, ""engine_hours"": 1591, ""idc_triggers"": [], ""buzzer_active"": false, ""fuel_level_avg"": 0, ""lock_geo_alert"": false, ""operation_mode"": ""RENT"", ""battery_voltage"": 14.800000190734863, ""in_primary_zone"": true, ""lock_engine_alert"": false, ""in_restricted_zone"": false, ""onboard_geofencing"": false, ""speed_limit_active"": false}"
2023-07-17 13:08:31.439,5237,13,"359159972073523",20,"{""key"": false, ""flip"": false, ""zone"": false, ""speed"": 2.6, ""buzzer"": 0, ""engine"": true, ""in_zone"": true, ""ignition"": true, ""latitude"": 42.643915, ""direction"": 189, ""longitude"": 18.0694766, ""gsm_signal"": 31, ""sleep_mode"": false, ""staff_mode"": false, ""fault_codes"": [], ""speed_limit"": 46, ""engine_hours"": 1591, ""idc_triggers"": [], ""buzzer_active"": false, ""fuel_level_avg"": 0, ""lock_geo_alert"": false, ""operation_mode"": ""RENT"", ""battery_voltage"": 14.800000190734863, ""in_primary_zone"": true, ""lock_engine_alert"": false, ""in_restricted_zone"": false, ""onboard_geofencing"": false, ""speed_limit_active"": false}"
2023-07-17 13:08:30.454,5237,13,"359159972073523",20,"{""key"": false, ""flip"": false, ""zone"": false, ""speed"": 3.4, ""buzzer"": 0, ""engine"": true, ""in_zone"": true, ""ignition"": true, ""latitude"": 42.6439216, ""direction"": 201, ""longitude"": 18.069475, ""gsm_signal"": 31, ""sleep_mode"": false, ""staff_mode"": false, ""fault_codes"": [], ""speed_limit"": 46, ""engine_hours"": 1591, ""idc_triggers"": [], ""buzzer_active"": false, ""fuel_level_avg"": 0, ""lock_geo_alert"": false, ""operation_mode"": ""RENT"", ""battery_voltage"": 14.800000190734863, ""in_primary_zone"": true, ""lock_engine_alert"": false, ""in_restricted_zone"": false, ""onboard_geofencing"": false, ""speed_limit_active"": false}"
2023-07-17 13:08:29.474,5237,13,"359159972073523",20,"{""key"": false, ""flip"": false, ""zone"": false, ""speed"": 3.6, ""buzzer"": 0, ""engine"": true, ""in_zone"": true, ""ignition"": true, ""latitude"": 42.6439316, ""direction"": 212, ""longitude"": 18.0694782, ""gsm_signal"": 31, ""sleep_mode"": false, ""staff_mode"": false, ""fault_codes"": [], ""speed_limit"": 46, ""engine_hours"": 1591, ""idc_triggers"": [], ""buzzer_active"": false, ""fuel_level_avg"": 0, ""lock_geo_alert"": false, ""operation_mode"": ""RENT"", ""battery_voltage"": 14.800000190734863, ""in_primary_zone"": true, ""lock_engine_alert"": false, ""in_restricted_zone"": false, ""onboard_geofencing"": false, ""speed_limit_active"": false}"
2023-07-17 13:08:28.916,5237,13,"359159972073523",20,"{""key"": false, ""flip"": false, ""zone"": false, ""speed"": 4.5, ""buzzer"": 0, ""engine"": true, ""in_zone"": true, ""ignition"": true, ""latitude"": 42.64394, ""direction"": 225, ""longitude"": 18.0694832, ""gsm_signal"": 31, ""sleep_mode"": false, ""staff_mode"": false, ""fault_codes"": [], ""speed_limit"": 46, ""engine_hours"": 1591, ""idc_triggers"": [], ""buzzer_active"": false, ""fuel_level_avg"": 0, ""lock_geo_alert"": false, ""operation_mode"": ""RENT"", ""battery_voltage"": 14.800000190734863, ""in_primary_zone"": true, ""lock_engine_alert"": false, ""in_restricted_zone"": false, ""onboard_geofencing"": false, ""speed_limit_active"": false}"
2023-07-17 13:08:27.418,5237,13,"359159972073523",20,"{""key"": false, ""flip"": false, ""zone"": false, ""speed"": 5.3, ""buzzer"": 0, ""engine"": true, ""in_zone"": true, ""ignition"": true, ""latitude"": 42.6439483, ""direction"": 233, ""longitude"": 18.069495, ""gsm_signal"": 31, ""sleep_mode"": false, ""staff_mode"": false, ""fault_codes"": [], ""speed_limit"": 46, ""engine_hours"": 1591, ""idc_triggers"": [], ""buzzer_active"": false, ""fuel_level_avg"": 0, ""lock_geo_alert"": false, ""operation_mode"": ""RENT"", ""battery_voltage"": 14.800000190734863, ""in_primary_zone"": true, ""lock_engine_alert"": false, ""in_restricted_zone"": false, ""onboard_geofencing"": false, ""speed_limit_active"": false}"
2023-07-17 13:08:26.458,5237,13,"359159972073523",20,"{""key"": false, ""flip"": false, ""zone"": false, ""speed"": 5.3, ""buzzer"": 0, ""engine"": true, ""in_zone"": true, ""ignition"": true, ""latitude"": 42.6439566, ""direction"": 244, ""longitude"": 18.0695082, ""gsm_signal"": 31, ""sleep_mode"": false, ""staff_mode"": false, ""fault_codes"": [], ""speed_limit"": 46, ""engine_hours"": 1591, ""idc_triggers"": [], ""buzzer_active"": false, ""fuel_level_avg"": 0, ""lock_geo_alert"": false, ""operation_mode"": ""RENT"", ""battery_voltage"": 14.800000190734863, ""in_primary_zone"": true, ""lock_engine_alert"": false, ""in_restricted_zone"": false, ""onboard_geofencing"": false, ""speed_limit_active"": false}"
2023-07-17 13:08:25.496,5237,13,"359159972073523",20,"{""key"": false, ""flip"": false, ""zone"": false, ""speed"": 5.8, ""buzzer"": 0, ""engine"": true, ""in_zone"": true, ""ignition"": true, ""latitude"": 42.6439633, ""direction"": 252, ""longitude"": 18.069525, ""gsm_signal"": 31, ""sleep_mode"": false, ""staff_mode"": false, ""fault_codes"": [], ""speed_limit"": 46, ""engine_hours"": 1591, ""idc_triggers"": [], ""buzzer_active"": false, ""fuel_level_avg"": 0, ""lock_geo_alert"": false, ""operation_mode"": ""RENT"", ""battery_voltage"": 14.800000190734863, ""in_primary_zone"": true, ""lock_engine_alert"": false, ""in_restricted_zone"": false, ""onboard_geofencing"": false, ""speed_limit_active"": false}"
2023-07-17 13:08:24.916,5237,13,"359159972073523",20,"{""key"": false, ""flip"": false, ""zone"": false, ""speed"": 6.5, ""buzzer"": 0, ""engine"": true, ""in_zone"": true, ""ignition"": true, ""latitude"": 42.6439683, ""direction"": 262, ""longitude"": 18.069545, ""gsm_signal"": 31, ""sleep_mode"": false, ""staff_mode"": false, ""fault_codes"": [], ""speed_limit"": 46, ""engine_hours"": 1591, ""idc_triggers"": [], ""buzzer_active"": false, ""fuel_level_avg"": 0, ""lock_geo_alert"": false, ""operation_mode"": ""RENT"", ""battery_voltage"": 14.800000190734863, ""in_primary_zone"": true, ""lock_engine_alert"": false, ""in_restricted_zone"": false, ""onboard_geofencing"": false, ""speed_limit_active"": false}"
2023-07-17 13:08:23.435,5237,13,"359159972073523",20,"{""key"": false, ""flip"": false, ""zone"": false, ""speed"": 6.2, ""buzzer"": 0, ""engine"": true, ""in_zone"": true, ""ignition"": true, ""latitude"": 42.6439716, ""direction"": 270, ""longitude"": 18.0695666, ""gsm_signal"": 31, ""sleep_mode"": false, ""staff_mode"": false, ""fault_codes"": [], ""speed_limit"": 46, ""engine_hours"": 1591, ""idc_triggers"": [], ""buzzer_active"": false, ""fuel_level_avg"": 0, ""lock_geo_alert"": false, ""operation_mode"": ""RENT"", ""battery_voltage"": 14.800000190734863, ""in_primary_zone"": true, ""lock_engine_alert"": false, ""in_restricted_zone"": false, ""onboard_geofencing"": false, ""speed_limit_active"": false}"
2023-07-17 13:08:22.437,5237,13,"359159972073523",20,"{""key"": false, ""flip"": false, ""zone"": false, ""speed"": 7.9, ""buzzer"": 0, ""engine"": true, ""in_zone"": true, ""ignition"": true, ""latitude"": 42.6439716, ""direction"": 275, ""longitude"": 18.069585, ""gsm_signal"": 31, ""sleep_mode"": false, ""staff_mode"": false, ""fault_codes"": [], ""speed_limit"": 46, ""engine_hours"": 1591, ""idc_triggers"": [], ""buzzer_active"": false, ""fuel_level_avg"": 0, ""lock_geo_alert"": false, ""operation_mode"": ""RENT"", ""battery_voltage"": 14.800000190734863, ""in_primary_zone"": true, ""lock_engine_alert"": false, ""in_restricted_zone"": false, ""onboard_geofencing"": false, ""speed_limit_active"": false}"
2023-07-17 13:08:21.455,5237,13,"359159972073523",20,"{""key"": false, ""flip"": false, ""zone"": false, ""speed"": 7.4, ""buzzer"": 0, ""engine"": true, ""in_zone"": true, ""ignition"": true, ""latitude"": 42.6439683, ""direction"": 283, ""longitude"": 18.06961, ""gsm_signal"": 31, ""sleep_mode"": false, ""staff_mode"": false, ""fault_codes"": [], ""speed_limit"": 46, ""engine_hours"": 1591, ""idc_triggers"": [], ""buzzer_active"": false, ""fuel_level_avg"": 0, ""lock_geo_alert"": false, ""operation_mode"": ""RENT"", ""battery_voltage"": 14.800000190734863, ""in_primary_zone"": true, ""lock_engine_alert"": false, ""in_restricted_zone"": false, ""onboard_geofencing"": false, ""speed_limit_active"": false}"
2023-07-17 13:08:20.474,5237,13,"359159972073523",20,"{""key"": false, ""flip"": false, ""zone"": false, ""speed"": 7.7, ""buzzer"": 0, ""engine"": true, ""in_zone"": true, ""ignition"": true, ""latitude"": 42.643965, ""direction"": 289, ""longitude"": 18.069635, ""gsm_signal"": 31, ""sleep_mode"": false, ""staff_mode"": false, ""fault_codes"": [], ""speed_limit"": 46, ""engine_hours"": 1591, ""idc_triggers"": [], ""buzzer_active"": false, ""fuel_level_avg"": 0, ""lock_geo_alert"": false, ""operation_mode"": ""RENT"", ""battery_voltage"": 14.800000190734863, ""in_primary_zone"": true, ""lock_engine_alert"": false, ""in_restricted_zone"": false, ""onboard_geofencing"": false, ""speed_limit_active"": false}"
2023-07-17 13:08:19.917,5237,13,"359159972073523",20,"{""key"": false, ""flip"": false, ""zone"": false, ""speed"": 9.3, ""buzzer"": 0, ""engine"": true, ""in_zone"": true, ""ignition"": true, ""latitude"": 42.6439583, ""direction"": 294, ""longitude"": 18.0696616, ""gsm_signal"": 31, ""sleep_mode"": false, ""staff_mode"": false, ""fault_codes"": [], ""speed_limit"": 46, ""engine_hours"": 1591, ""idc_triggers"": [], ""buzzer_active"": false, ""fuel_level_avg"": 0, ""lock_geo_alert"": false, ""operation_mode"": ""RENT"", ""battery_voltage"": 14.800000190734863, ""in_primary_zone"": true, ""lock_engine_alert"": false, ""in_restricted_zone"": false, ""onboard_geofencing"": false, ""speed_limit_active"": false}"
2023-07-17 13:08:18.436,5237,13,"359159972073523",20,"{""key"": false, ""flip"": false, ""zone"": false, ""speed"": 8.6, ""buzzer"": 0, ""engine"": true, ""in_zone"": true, ""ignition"": true, ""latitude"": 42.64395, ""direction"": 298, ""longitude"": 18.0696916, ""gsm_signal"": 31, ""sleep_mode"": false, ""staff_mode"": false, ""fault_codes"": [], ""speed_limit"": 46, ""engine_hours"": 1591, ""idc_triggers"": [], ""buzzer_active"": false, ""fuel_level_avg"": 0, ""lock_geo_alert"": false, ""operation_mode"": ""RENT"", ""battery_voltage"": 14.800000190734863, ""in_primary_zone"": true, ""lock_engine_alert"": false, ""in_restricted_zone"": false, ""onboard_geofencing"": false, ""speed_limit_active"": false}"
2023-07-17 13:08:17.475,5237,13,"359159972073523",20,"{""key"": false, ""flip"": false, ""zone"": false, ""speed"": 9.0, ""buzzer"": 0, ""engine"": true, ""in_zone"": true, ""ignition"": true, ""latitude"": 42.64394, ""direction"": 306, ""longitude"": 18.0697166, ""gsm_signal"": 31, ""sleep_mode"": false, ""staff_mode"": false, ""fault_codes"": [], ""speed_limit"": 46, ""engine_hours"": 1591, ""idc_triggers"": [], ""buzzer_active"": false, ""fuel_level_avg"": 0, ""lock_geo_alert"": false, ""operation_mode"": ""RENT"", ""battery_voltage"": 14.800000190734863, ""in_primary_zone"": true, ""lock_engine_alert"": false, ""in_restricted_zone"": false, ""onboard_geofencing"": false, ""speed_limit_active"": false}"
2023-07-17 13:08:16.917,5237,13,"359159972073523",20,"{""key"": false, ""flip"": false, ""zone"": false, ""speed"": 9.5, ""buzzer"": 0, ""engine"": true, ""in_zone"": true, ""ignition"": true, ""latitude"": 42.6439266, ""direction"": 306, ""longitude"": 18.0697416, ""gsm_signal"": 31, ""sleep_mode"": false, ""staff_mode"": false, ""fault_codes"": [], ""speed_limit"": 46, ""engine_hours"": 1591, ""idc_triggers"": [], ""buzzer_active"": false, ""fuel_level_avg"": 0, ""lock_geo_alert"": false, ""operation_mode"": ""RENT"", ""battery_voltage"": 14.800000190734863, ""in_primary_zone"": true, ""lock_engine_alert"": false, ""in_restricted_zone"": false, ""onboard_geofencing"": false, ""speed_limit_active"": false}"
2023-07-17 13:08:15.437,5237,13,"359159972073523",20,"{""key"": false, ""flip"": false, ""zone"": false, ""speed"": 7.1, ""buzzer"": 0, ""engine"": true, ""in_zone"": true, ""ignition"": true, ""latitude"": 42.6439133, ""direction"": 303, ""longitude"": 18.0697666, ""gsm_signal"": 31, ""sleep_mode"": false, ""staff_mode"": false, ""fault_codes"": [], ""speed_limit"": 46, ""engine_hours"": 1591, ""idc_triggers"": [], ""buzzer_active"": false, ""fuel_level_avg"": 0, ""lock_geo_alert"": false, ""operation_mode"": ""RENT"", ""battery_voltage"": 14.800000190734863, ""in_primary_zone"": true, ""lock_engine_alert"": false, ""in_restricted_zone"": false, ""onboard_geofencing"": false, ""speed_limit_active"": false}"
2023-07-17 13:08:14.475,5237,13,"359159972073523",20,"{""key"": false, ""flip"": false, ""zone"": false, ""speed"": 6.5, ""buzzer"": 0, ""engine"": true, ""in_zone"": true, ""ignition"": true, ""latitude"": 42.6439033, ""direction"": 304, ""longitude"": 18.069785, ""gsm_signal"": 31, ""sleep_mode"": false, ""staff_mode"": false, ""fault_codes"": [], ""speed_limit"": 46, ""engine_hours"": 1591, ""idc_triggers"": [], ""buzzer_active"": false, ""fuel_level_avg"": 0, ""lock_geo_alert"": false, ""operation_mode"": ""RENT"", ""battery_voltage"": 14.800000190734863, ""in_primary_zone"": true, ""lock_engine_alert"": false, ""in_restricted_zone"": false, ""onboard_geofencing"": false, ""speed_limit_active"": false}"
2023-07-17 13:08:13.917,5237,13,"359159972073523",20,"{""key"": false, ""flip"": false, ""zone"": false, ""speed"": 10.4, ""buzzer"": 0, ""engine"": true, ""in_zone"": true, ""ignition"": true, ""latitude"": 42.6438916, ""direction"": 301, ""longitude"": 18.069805, ""gsm_signal"": 31, ""sleep_mode"": false, ""staff_mode"": false, ""fault_codes"": [], ""speed_limit"": 46, ""engine_hours"": 1591, ""idc_triggers"": [], ""buzzer_active"": false, ""fuel_level_avg"": 0, ""lock_geo_alert"": false, ""operation_mode"": ""RENT"", ""battery_voltage"": 14.800000190734863, ""in_primary_zone"": true, ""lock_engine_alert"": false, ""in_restricted_zone"": false, ""onboard_geofencing"": false, ""speed_limit_active"": false}"
2023-07-17 13:08:12.416,5237,13,"359159972073523",20,"{""key"": false, ""flip"": false, ""zone"": false, ""speed"": 16.9, ""buzzer"": 0, ""engine"": true, ""in_zone"": true, ""ignition"": true, ""latitude"": 42.643875, ""direction"": 301, ""longitude"": 18.06984, ""gsm_signal"": 31, ""sleep_mode"": false, ""staff_mode"": false, ""fault_codes"": [], ""speed_limit"": 46, ""engine_hours"": 1591, ""idc_triggers"": [], ""buzzer_active"": false, ""fuel_level_avg"": 0, ""lock_geo_alert"": false, ""operation_mode"": ""RENT"", ""battery_voltage"": 14.800000190734863, ""in_primary_zone"": true, ""lock_engine_alert"": false, ""in_restricted_zone"": false, ""onboard_geofencing"": false, ""speed_limit_active"": false}"
2023-07-17 13:08:11.457,5237,13,"359159972073523",20,"{""key"": false, ""flip"": false, ""zone"": false, ""speed"": 24.9, ""buzzer"": 0, ""engine"": true, ""in_zone"": true, ""ignition"": true, ""latitude"": 42.6438516, ""direction"": 298, ""longitude"": 18.0698966, ""gsm_signal"": 31, ""sleep_mode"": false, ""staff_mode"": false, ""fault_codes"": [], ""speed_limit"": 46, ""engine_hours"": 1591, ""idc_triggers"": [], ""buzzer_active"": false, ""fuel_level_avg"": 0, ""lock_geo_alert"": false, ""operation_mode"": ""RENT"", ""battery_voltage"": 14.800000190734863, ""in_primary_zone"": true, ""lock_engine_alert"": false, ""in_restricted_zone"": false, ""onboard_geofencing"": false, ""speed_limit_active"": false}"
2023-07-17 13:08:10.496,5237,13,"359159972073523",20,"{""key"": false, ""flip"": false, ""zone"": false, ""speed"": 33.3, ""buzzer"": 0, ""engine"": true, ""in_zone"": true, ""ignition"": true, ""latitude"": 42.6438183, ""direction"": 299, ""longitude"": 18.0699782, ""gsm_signal"": 31, ""sleep_mode"": false, ""staff_mode"": false, ""fault_codes"": [], ""speed_limit"": 46, ""engine_hours"": 1591, ""idc_triggers"": [], ""buzzer_active"": false, ""fuel_level_avg"": 0, ""lock_geo_alert"": false, ""operation_mode"": ""RENT"", ""battery_voltage"": 14.800000190734863, ""in_primary_zone"": true, ""lock_engine_alert"": false, ""in_restricted_zone"": false, ""onboard_geofencing"": false, ""speed_limit_active"": false}"
2023-07-17 13:08:09.917,5237,13,"359159972073523",20,"{""key"": false, ""flip"": false, ""zone"": false, ""speed"": 43.3, ""buzzer"": 0, ""engine"": true, ""in_zone"": true, ""ignition"": true, ""latitude"": 42.643775, ""direction"": 297, ""longitude"": 18.070085, ""gsm_signal"": 31, ""sleep_mode"": false, ""staff_mode"": false, ""fault_codes"": [], ""speed_limit"": 46, ""engine_hours"": 1591, ""idc_triggers"": [], ""buzzer_active"": false, ""fuel_level_avg"": 0, ""lock_geo_alert"": false, ""operation_mode"": ""RENT"", ""battery_voltage"": 14.800000190734863, ""in_primary_zone"": true, ""lock_engine_alert"": false, ""in_restricted_zone"": false, ""onboard_geofencing"": false, ""speed_limit_active"": false}"
2023-07-17 13:08:08.436,5237,13,"359159972073523",20,"{""key"": false, ""flip"": false, ""zone"": false, ""speed"": 51.7, ""buzzer"": 0, ""engine"": true, ""in_zone"": true, ""ignition"": true, ""latitude"": 42.64372, ""direction"": 299, ""longitude"": 18.0702216, ""gsm_signal"": 31, ""sleep_mode"": false, ""staff_mode"": false, ""fault_codes"": [], ""speed_limit"": 46, ""engine_hours"": 1591, ""idc_triggers"": [], ""buzzer_active"": false, ""fuel_level_avg"": 0, ""lock_geo_alert"": false, ""operation_mode"": ""RENT"", ""battery_voltage"": 14.800000190734863, ""in_primary_zone"": true, ""lock_engine_alert"": false, ""in_restricted_zone"": false, ""onboard_geofencing"": false, ""speed_limit_active"": false}"
2023-07-17 13:08:07.438,5237,13,"359159972073523",20,"{""key"": false, ""flip"": false, ""zone"": false, ""speed"": 50.4, ""buzzer"": 0, ""engine"": true, ""in_zone"": true, ""ignition"": true, ""latitude"": 42.6436583, ""direction"": 298, ""longitude"": 18.070375, ""gsm_signal"": 31, ""sleep_mode"": false, ""staff_mode"": false, ""fault_codes"": [], ""speed_limit"": 46, ""engine_hours"": 1591, ""idc_triggers"": [], ""buzzer_active"": false, ""fuel_level_avg"": 0, ""lock_geo_alert"": false, ""operation_mode"": ""RENT"", ""battery_voltage"": 14.800000190734863, ""in_primary_zone"": true, ""lock_engine_alert"": false, ""in_restricted_zone"": false, ""onboard_geofencing"": false, ""speed_limit_active"": false}"
2023-07-17 13:08:06.438,5237,13,"359159972073523",20,"{""key"": false, ""flip"": false, ""zone"": false, ""speed"": 51.3, ""buzzer"": 0, ""engine"": true, ""in_zone"": true, ""ignition"": true, ""latitude"": 42.6436, ""direction"": 297, ""longitude"": 18.0705266, ""gsm_signal"": 31, ""sleep_mode"": false, ""staff_mode"": false, ""fault_codes"": [], ""speed_limit"": 46, ""engine_hours"": 1591, ""idc_triggers"": [], ""buzzer_active"": false, ""fuel_level_avg"": 0, ""lock_geo_alert"": false, ""operation_mode"": ""RENT"", ""battery_voltage"": 14.800000190734863, ""in_primary_zone"": true, ""lock_engine_alert"": false, ""in_restricted_zone"": false, ""onboard_geofencing"": false, ""speed_limit_active"": false}"
2023-07-17 13:08:05.457,5237,13,"359159972073523",20,"{""key"": false, ""flip"": false, ""zone"": false, ""speed"": 53.3, ""buzzer"": 0, ""engine"": true, ""in_zone"": true, ""ignition"": true, ""latitude"": 42.6435383, ""direction"": 297, ""longitude"": 18.0706816, ""gsm_signal"": 31, ""sleep_mode"": false, ""staff_mode"": false, ""fault_codes"": [], ""speed_limit"": 46, ""engine_hours"": 1591, ""idc_triggers"": [], ""buzzer_active"": false, ""fuel_level_avg"": 0, ""lock_geo_alert"": false, ""operation_mode"": ""RENT"", ""battery_voltage"": 14.800000190734863, ""in_primary_zone"": true, ""lock_engine_alert"": false, ""in_restricted_zone"": false, ""onboard_geofencing"": false, ""speed_limit_active"": false}"
2023-07-17 13:08:04.501,5237,13,"359159972073523",20,"{""key"": false, ""flip"": false, ""zone"": false, ""speed"": 52.8, ""buzzer"": 0, ""engine"": true, ""in_zone"": true, ""ignition"": true, ""latitude"": 42.6434766, ""direction"": 297, ""longitude"": 18.0708416, ""gsm_signal"": 31, ""sleep_mode"": false, ""staff_mode"": false, ""fault_codes"": [], ""speed_limit"": 46, ""engine_hours"": 1591, ""idc_triggers"": [], ""buzzer_active"": false, ""fuel_level_avg"": 0, ""lock_geo_alert"": false, ""operation_mode"": ""RENT"", ""battery_voltage"": 14.800000190734863, ""in_primary_zone"": true, ""lock_engine_alert"": false, ""in_restricted_zone"": false, ""onboard_geofencing"": false, ""speed_limit_active"": false}"
2023-07-17 13:08:03.916,5237,13,"359159972073523",20,"{""key"": false, ""flip"": false, ""zone"": false, ""speed"": 52.9, ""buzzer"": 0, ""engine"": true, ""in_zone"": true, ""ignition"": true, ""latitude"": 42.643415, ""direction"": 298, ""longitude"": 18.0709982, ""gsm_signal"": 31, ""sleep_mode"": false, ""staff_mode"": false, ""fault_codes"": [], ""speed_limit"": 46, ""engine_hours"": 1591, ""idc_triggers"": [], ""buzzer_active"": false, ""fuel_level_avg"": 0, ""lock_geo_alert"": false, ""operation_mode"": ""RENT"", ""battery_voltage"": 14.800000190734863, ""in_primary_zone"": true, ""lock_engine_alert"": false, ""in_restricted_zone"": false, ""onboard_geofencing"": false, ""speed_limit_active"": false}"
2023-07-17 13:08:02.415,5237,13,"359159972073523",20,"{""key"": false, ""flip"": false, ""zone"": false, ""speed"": 53.5, ""buzzer"": 0, ""engine"": true, ""in_zone"": true, ""ignition"": true, ""latitude"": 42.6433516, ""direction"": 298, ""longitude"": 18.0711566, ""gsm_signal"": 31, ""sleep_mode"": false, ""staff_mode"": false, ""fault_codes"": [], ""speed_limit"": 46, ""engine_hours"": 1591, ""idc_triggers"": [], ""buzzer_active"": false, ""fuel_level_avg"": 0, ""lock_geo_alert"": false, ""operation_mode"": ""RENT"", ""battery_voltage"": 14.800000190734863, ""in_primary_zone"": true, ""lock_engine_alert"": false, ""in_restricted_zone"": false, ""onboard_geofencing"": false, ""speed_limit_active"": false}"
2023-07-17 13:08:01.456,5237,13,"359159972073523",20,"{""key"": false, ""flip"": false, ""zone"": false, ""speed"": 53.5, ""buzzer"": 0, ""engine"": true, ""in_zone"": true, ""ignition"": true, ""latitude"": 42.6432883, ""direction"": 297, ""longitude"": 18.0713166, ""gsm_signal"": 31, ""sleep_mode"": false, ""staff_mode"": false, ""fault_codes"": [], ""speed_limit"": 46, ""engine_hours"": 1591, ""idc_triggers"": [], ""buzzer_active"": false, ""fuel_level_avg"": 0, ""lock_geo_alert"": false, ""operation_mode"": ""RENT"", ""battery_voltage"": 14.800000190734863, ""in_primary_zone"": true, ""lock_engine_alert"": false, ""in_restricted_zone"": false, ""onboard_geofencing"": false, ""speed_limit_active"": false}"
2023-07-17 13:08:00.478,5237,13,"359159972073523",20,"{""key"": false, ""flip"": false, ""zone"": false, ""speed"": 53.2, ""buzzer"": 0, ""engine"": true, ""in_zone"": true, ""ignition"": true, ""latitude"": 42.643225, ""direction"": 297, ""longitude"": 18.071475, ""gsm_signal"": 31, ""sleep_mode"": false, ""staff_mode"": false, ""fault_codes"": [], ""speed_limit"": 46, ""engine_hours"": 1591, ""idc_triggers"": [], ""buzzer_active"": false, ""fuel_level_avg"": 0, ""lock_geo_alert"": false, ""operation_mode"": ""RENT"", ""battery_voltage"": 14.800000190734863, ""in_primary_zone"": true, ""lock_engine_alert"": false, ""in_restricted_zone"": false, ""onboard_geofencing"": false, ""speed_limit_active"": false}"
2023-07-17 13:07:59.914,5237,13,"359159972073523",20,"{""key"": false, ""flip"": false, ""zone"": false, ""speed"": 53.8, ""buzzer"": 0, ""engine"": true, ""in_zone"": true, ""ignition"": true, ""latitude"": 42.6431633, ""direction"": 297, ""longitude"": 18.071635, ""gsm_signal"": 31, ""sleep_mode"": false, ""staff_mode"": false, ""fault_codes"": [], ""speed_limit"": 46, ""engine_hours"": 1591, ""idc_triggers"": [], ""buzzer_active"": false, ""fuel_level_avg"": 0, ""lock_geo_alert"": false, ""operation_mode"": ""RENT"", ""battery_voltage"": 14.800000190734863, ""in_primary_zone"": true, ""lock_engine_alert"": false, ""in_restricted_zone"": false, ""onboard_geofencing"": false, ""speed_limit_active"": false}"
2023-07-17 13:07:58.414,5237,13,"359159972073523",20,"{""key"": false, ""flip"": false, ""zone"": false, ""speed"": 52.7, ""buzzer"": 0, ""engine"": true, ""in_zone"": true, ""ignition"": true, ""latitude"": 42.6431016, ""direction"": 296, ""longitude"": 18.0717966, ""gsm_signal"": 31, ""sleep_mode"": false, ""staff_mode"": false, ""fault_codes"": [], ""speed_limit"": 46, ""engine_hours"": 1591, ""idc_triggers"": [], ""buzzer_active"": false, ""fuel_level_avg"": 0, ""lock_geo_alert"": false, ""operation_mode"": ""RENT"", ""battery_voltage"": 14.800000190734863, ""in_primary_zone"": true, ""lock_engine_alert"": false, ""in_restricted_zone"": false, ""onboard_geofencing"": false, ""speed_limit_active"": false}"
2023-07-17 13:07:57.417,5237,13,"359159972073523",20,"{""key"": false, ""flip"": false, ""zone"": false, ""speed"": 51.3, ""buzzer"": 0, ""engine"": true, ""in_zone"": true, ""ignition"": true, ""latitude"": 42.643045, ""direction"": 294, ""longitude"": 18.0719566, ""gsm_signal"": 31, ""sleep_mode"": false, ""staff_mode"": false, ""fault_codes"": [], ""speed_limit"": 46, ""engine_hours"": 1591, ""idc_triggers"": [], ""buzzer_active"": false, ""fuel_level_avg"": 0, ""lock_geo_alert"": false, ""operation_mode"": ""RENT"", ""battery_voltage"": 14.800000190734863, ""in_primary_zone"": true, ""lock_engine_alert"": false, ""in_restricted_zone"": false, ""onboard_geofencing"": false, ""speed_limit_active"": false}"
2023-07-17 13:07:56.459,5237,13,"359159972073523",20,"{""key"": false, ""flip"": false, ""zone"": false, ""speed"": 50.3, ""buzzer"": 0, ""engine"": true, ""in_zone"": true, ""ignition"": true, ""latitude"": 42.6429916, ""direction"": 294, ""longitude"": 18.0721132, ""gsm_signal"": 31, ""sleep_mode"": false, ""staff_mode"": false, ""fault_codes"": [], ""speed_limit"": 46, ""engine_hours"": 1591, ""idc_triggers"": [], ""buzzer_active"": false, ""fuel_level_avg"": 0, ""lock_geo_alert"": false, ""operation_mode"": ""RENT"", ""battery_voltage"": 14.800000190734863, ""in_primary_zone"": true, ""lock_engine_alert"": false, ""in_restricted_zone"": false, ""onboard_geofencing"": false, ""speed_limit_active"": false}"
2023-07-17 13:07:55.497,5237,13,"359159972073523",20,"{""key"": false, ""flip"": false, ""zone"": false, ""speed"": 49.8, ""buzzer"": 0, ""engine"": true, ""in_zone"": true, ""ignition"": true, ""latitude"": 42.64294, ""direction"": 294, ""longitude"": 18.0722682, ""gsm_signal"": 31, ""sleep_mode"": false, ""staff_mode"": false, ""fault_codes"": [], ""speed_limit"": 46, ""engine_hours"": 1591, ""idc_triggers"": [], ""buzzer_active"": false, ""fuel_level_avg"": 0, ""lock_geo_alert"": false, ""operation_mode"": ""RENT"", ""battery_voltage"": 14.800000190734863, ""in_primary_zone"": true, ""lock_engine_alert"": false, ""in_restricted_zone"": false, ""onboard_geofencing"": false, ""speed_limit_active"": false}"
2023-07-17 13:07:54.915,5237,13,"359159972073523",20,"{""key"": false, ""flip"": false, ""zone"": false, ""speed"": 49.3, ""buzzer"": 0, ""engine"": true, ""in_zone"": true, ""ignition"": true, ""latitude"": 42.64289, ""direction"": 293, ""longitude"": 18.0724216, ""gsm_signal"": 31, ""sleep_mode"": false, ""staff_mode"": false, ""fault_codes"": [], ""speed_limit"": 46, ""engine_hours"": 1591, ""idc_triggers"": [], ""buzzer_active"": false, ""fuel_level_avg"": 0, ""lock_geo_alert"": false, ""operation_mode"": ""RENT"", ""battery_voltage"": 14.800000190734863, ""in_primary_zone"": true, ""lock_engine_alert"": false, ""in_restricted_zone"": false, ""onboard_geofencing"": false, ""speed_limit_active"": false}"
2023-07-17 13:07:53.417,5237,13,"359159972073523",20,"{""key"": false, ""flip"": false, ""zone"": false, ""speed"": 47.1, ""buzzer"": 0, ""engine"": true, ""in_zone"": true, ""ignition"": true, ""latitude"": 42.64284, ""direction"": 293, ""longitude"": 18.0725732, ""gsm_signal"": 31, ""sleep_mode"": false, ""staff_mode"": false, ""fault_codes"": [], ""speed_limit"": 46, ""engine_hours"": 1591, ""idc_triggers"": [], ""buzzer_active"": false, ""fuel_level_avg"": 0, ""lock_geo_alert"": false, ""operation_mode"": ""RENT"", ""battery_voltage"": 14.800000190734863, ""in_primary_zone"": true, ""lock_engine_alert"": false, ""in_restricted_zone"": false, ""onboard_geofencing"": false, ""speed_limit_active"": false}"
2023-07-17 13:07:52.450,5237,13,"359159972073523",20,"{""key"": false, ""flip"": false, ""zone"": false, ""speed"": 46.0, ""buzzer"": 0, ""engine"": true, ""in_zone"": true, ""ignition"": true, ""latitude"": 42.6427933, ""direction"": 293, ""longitude"": 18.0727182, ""gsm_signal"": 31, ""sleep_mode"": false, ""staff_mode"": false, ""fault_codes"": [], ""speed_limit"": 46, ""engine_hours"": 1591, ""idc_triggers"": [], ""buzzer_active"": false, ""fuel_level_avg"": 0, ""lock_geo_alert"": false, ""operation_mode"": ""RENT"", ""battery_voltage"": 14.800000190734863, ""in_primary_zone"": true, ""lock_engine_alert"": false, ""in_restricted_zone"": false, ""onboard_geofencing"": false, ""speed_limit_active"": false}"
2023-07-17 13:07:51.437,5237,13,"359159972073523",20,"{""key"": false, ""flip"": false, ""zone"": false, ""speed"": 44.1, ""buzzer"": 0, ""engine"": true, ""in_zone"": true, ""ignition"": true, ""latitude"": 42.6427483, ""direction"": 292, ""longitude"": 18.0728616, ""gsm_signal"": 31, ""sleep_mode"": false, ""staff_mode"": false, ""fault_codes"": [], ""speed_limit"": 46, ""engine_hours"": 1591, ""idc_triggers"": [], ""buzzer_active"": false, ""fuel_level_avg"": 0, ""lock_geo_alert"": false, ""operation_mode"": ""RENT"", ""battery_voltage"": 14.800000190734863, ""in_primary_zone"": true, ""lock_engine_alert"": false, ""in_restricted_zone"": false, ""onboard_geofencing"": false, ""speed_limit_active"": false}"
2023-07-17 13:07:50.475,5237,13,"359159972073523",20,"{""key"": false, ""flip"": false, ""zone"": false, ""speed"": 43.0, ""buzzer"": 0, ""engine"": true, ""in_zone"": true, ""ignition"": true, ""latitude"": 42.6427066, ""direction"": 292, ""longitude"": 18.0729982, ""gsm_signal"": 31, ""sleep_mode"": false, ""staff_mode"": false, ""fault_codes"": [], ""speed_limit"": 46, ""engine_hours"": 1591, ""idc_triggers"": [], ""buzzer_active"": false, ""fuel_level_avg"": 0, ""lock_geo_alert"": false, ""operation_mode"": ""RENT"", ""battery_voltage"": 14.800000190734863, ""in_primary_zone"": true, ""lock_engine_alert"": false, ""in_restricted_zone"": false, ""onboard_geofencing"": false, ""speed_limit_active"": false}"
2023-07-17 13:07:49.917,5237,13,"359159972073523",20,"{""key"": false, ""flip"": false, ""zone"": false, ""speed"": 42.9, ""buzzer"": 0, ""engine"": true, ""in_zone"": true, ""ignition"": true, ""latitude"": 42.642665, ""direction"": 292, ""longitude"": 18.0731332, ""gsm_signal"": 31, ""sleep_mode"": false, ""staff_mode"": false, ""fault_codes"": [], ""speed_limit"": 46, ""engine_hours"": 1591, ""idc_triggers"": [], ""buzzer_active"": false, ""fuel_level_avg"": 0, ""lock_geo_alert"": false, ""operation_mode"": ""RENT"", ""battery_voltage"": 14.800000190734863, ""in_primary_zone"": true, ""lock_engine_alert"": false, ""in_restricted_zone"": false, ""onboard_geofencing"": false, ""speed_limit_active"": false}"
2023-07-17 13:07:48.435,5237,13,"359159972073523",20,"{""key"": false, ""flip"": false, ""zone"": false, ""speed"": 46.1, ""buzzer"": 0, ""engine"": true, ""in_zone"": true, ""ignition"": true, ""latitude"": 42.6426233, ""direction"": 291, ""longitude"": 18.07327, ""gsm_signal"": 31, ""sleep_mode"": false, ""staff_mode"": false, ""fault_codes"": [], ""speed_limit"": 46, ""engine_hours"": 1591, ""idc_triggers"": [], ""buzzer_active"": false, ""fuel_level_avg"": 0, ""lock_geo_alert"": false, ""operation_mode"": ""RENT"", ""battery_voltage"": 14.800000190734863, ""in_primary_zone"": true, ""lock_engine_alert"": false, ""in_restricted_zone"": false, ""onboard_geofencing"": false, ""speed_limit_active"": false}"
2023-07-17 13:07:47.475,5237,13,"359159972073523",20,"{""key"": false, ""flip"": false, ""zone"": false, ""speed"": 46.5, ""buzzer"": 0, ""engine"": true, ""in_zone"": true, ""ignition"": true, ""latitude"": 42.6425816, ""direction"": 291, ""longitude"": 18.0734166, ""gsm_signal"": 31, ""sleep_mode"": false, ""staff_mode"": false, ""fault_codes"": [], ""speed_limit"": 46, ""engine_hours"": 1591, ""idc_triggers"": [], ""buzzer_active"": false, ""fuel_level_avg"": 0, ""lock_geo_alert"": false, ""operation_mode"": ""RENT"", ""battery_voltage"": 14.800000190734863, ""in_primary_zone"": true, ""lock_engine_alert"": false, ""in_restricted_zone"": false, ""onboard_geofencing"": false, ""speed_limit_active"": false}"
2023-07-17 13:07:46.916,5237,13,"359159972073523",20,"{""key"": false, ""flip"": false, ""zone"": false, ""speed"": 44.8, ""buzzer"": 0, ""engine"": true, ""in_zone"": true, ""ignition"": true, ""latitude"": 42.6425383, ""direction"": 293, ""longitude"": 18.07356, ""gsm_signal"": 31, ""sleep_mode"": false, ""staff_mode"": false, ""fault_codes"": [], ""speed_limit"": 46, ""engine_hours"": 1591, ""idc_triggers"": [], ""buzzer_active"": false, ""fuel_level_avg"": 0, ""lock_geo_alert"": false, ""operation_mode"": ""RENT"", ""battery_voltage"": 14.800000190734863, ""in_primary_zone"": true, ""lock_engine_alert"": false, ""in_restricted_zone"": false, ""onboard_geofencing"": false, ""speed_limit_active"": false}"
2023-07-17 13:07:45.417,5237,13,"359159972073523",20,"{""key"": false, ""flip"": false, ""zone"": false, ""speed"": 42.6, ""buzzer"": 0, ""engine"": true, ""in_zone"": true, ""ignition"": true, ""latitude"": 42.642495, ""direction"": 294, ""longitude"": 18.0736966, ""gsm_signal"": 31, ""sleep_mode"": false, ""staff_mode"": false, ""fault_codes"": [], ""speed_limit"": 46, ""engine_hours"": 1591, ""idc_triggers"": [], ""buzzer_active"": false, ""fuel_level_avg"": 0, ""lock_geo_alert"": false, ""operation_mode"": ""RENT"", ""battery_voltage"": 14.800000190734863, ""in_primary_zone"": true, ""lock_engine_alert"": false, ""in_restricted_zone"": false, ""onboard_geofencing"": false, ""speed_limit_active"": false}"
2023-07-17 13:07:44.434,5237,13,"359159972073523",20,"{""key"": false, ""flip"": false, ""zone"": false, ""speed"": 41.8, ""buzzer"": 0, ""engine"": true, ""in_zone"": true, ""ignition"": true, ""latitude"": 42.6424516, ""direction"": 294, ""longitude"": 18.0738282, ""gsm_signal"": 31, ""sleep_mode"": false, ""staff_mode"": false, ""fault_codes"": [], ""speed_limit"": 46, ""engine_hours"": 1591, ""idc_triggers"": [], ""buzzer_active"": false, ""fuel_level_avg"": 0, ""lock_geo_alert"": false, ""operation_mode"": ""RENT"", ""battery_voltage"": 14.800000190734863, ""in_primary_zone"": true, ""lock_engine_alert"": false, ""in_restricted_zone"": false, ""onboard_geofencing"": false, ""speed_limit_active"": false}"
2023-07-17 13:07:43.457,5237,13,"359159972073523",20,"{""key"": false, ""flip"": false, ""zone"": false, ""speed"": 40.8, ""buzzer"": 0, ""engine"": true, ""in_zone"": true, ""ignition"": true, ""latitude"": 42.6424083, ""direction"": 295, ""longitude"": 18.0739566, ""gsm_signal"": 31, ""sleep_mode"": false, ""staff_mode"": false, ""fault_codes"": [], ""speed_limit"": 46, ""engine_hours"": 1591, ""idc_triggers"": [], ""buzzer_active"": false, ""fuel_level_avg"": 0, ""lock_geo_alert"": false, ""operation_mode"": ""RENT"", ""battery_voltage"": 14.800000190734863, ""in_primary_zone"": true, ""lock_engine_alert"": false, ""in_restricted_zone"": false, ""onboard_geofencing"": false, ""speed_limit_active"": false}"
2023-07-17 13:07:42.479,5237,13,"359159972073523",20,"{""key"": false, ""flip"": false, ""zone"": false, ""speed"": 41.4, ""buzzer"": 0, ""engine"": true, ""in_zone"": true, ""ignition"": true, ""latitude"": 42.642365, ""direction"": 295, ""longitude"": 18.0740832, ""gsm_signal"": 31, ""sleep_mode"": false, ""staff_mode"": false, ""fault_codes"": [], ""speed_limit"": 46, ""engine_hours"": 1591, ""idc_triggers"": [], ""buzzer_active"": false, ""fuel_level_avg"": 0, ""lock_geo_alert"": false, ""operation_mode"": ""RENT"", ""battery_voltage"": 14.800000190734863, ""in_primary_zone"": true, ""lock_engine_alert"": false, ""in_restricted_zone"": false, ""onboard_geofencing"": false, ""speed_limit_active"": false}"
2023-07-17 13:07:41.913,5237,13,"359159972073523",20,"{""key"": false, ""flip"": false, ""zone"": false, ""speed"": 43.5, ""buzzer"": 0, ""engine"": true, ""in_zone"": true, ""ignition"": true, ""latitude"": 42.6423183, ""direction"": 295, ""longitude"": 18.0742116, ""gsm_signal"": 31, ""sleep_mode"": false, ""staff_mode"": false, ""fault_codes"": [], ""speed_limit"": 46, ""engine_hours"": 1591, ""idc_triggers"": [], ""buzzer_active"": false, ""fuel_level_avg"": 0, ""lock_geo_alert"": false, ""operation_mode"": ""RENT"", ""battery_voltage"": 14.800000190734863, ""in_primary_zone"": true, ""lock_engine_alert"": false, ""in_restricted_zone"": false, ""onboard_geofencing"": false, ""speed_limit_active"": false}"
2023-07-17 13:07:40.420,5237,13,"359159972073523",20,"{""key"": false, ""flip"": false, ""zone"": false, ""speed"": 45.9, ""buzzer"": 0, ""engine"": true, ""in_zone"": true, ""ignition"": true, ""latitude"": 42.6422716, ""direction"": 295, ""longitude"": 18.0743466, ""gsm_signal"": 31, ""sleep_mode"": false, ""staff_mode"": false, ""fault_codes"": [], ""speed_limit"": 46, ""engine_hours"": 1591, ""idc_triggers"": [], ""buzzer_active"": false, ""fuel_level_avg"": 0, ""lock_geo_alert"": false, ""operation_mode"": ""RENT"", ""battery_voltage"": 14.800000190734863, ""in_primary_zone"": true, ""lock_engine_alert"": false, ""in_restricted_zone"": false, ""onboard_geofencing"": false, ""speed_limit_active"": false}"
2023-07-17 13:07:39.455,5237,13,"359159972073523",20,"{""key"": false, ""flip"": false, ""zone"": false, ""speed"": 45.4, ""buzzer"": 0, ""engine"": true, ""in_zone"": true, ""ignition"": true, ""latitude"": 42.6422216, ""direction"": 295, ""longitude"": 18.074485, ""gsm_signal"": 31, ""sleep_mode"": false, ""staff_mode"": false, ""fault_codes"": [], ""speed_limit"": 46, ""engine_hours"": 1591, ""idc_triggers"": [], ""buzzer_active"": false, ""fuel_level_avg"": 0, ""lock_geo_alert"": false, ""operation_mode"": ""RENT"", ""battery_voltage"": 14.800000190734863, ""in_primary_zone"": true, ""lock_engine_alert"": false, ""in_restricted_zone"": false, ""onboard_geofencing"": false, ""speed_limit_active"": false}"
2023-07-17 13:07:38.477,5237,13,"359159972073523",20,"{""key"": false, ""flip"": false, ""zone"": false, ""speed"": 43.5, ""buzzer"": 0, ""engine"": true, ""in_zone"": true, ""ignition"": true, ""latitude"": 42.6421733, ""direction"": 294, ""longitude"": 18.0746232, ""gsm_signal"": 31, ""sleep_mode"": false, ""staff_mode"": false, ""fault_codes"": [], ""speed_limit"": 46, ""engine_hours"": 1591, ""idc_triggers"": [], ""buzzer_active"": false, ""fuel_level_avg"": 0, ""lock_geo_alert"": false, ""operation_mode"": ""RENT"", ""battery_voltage"": 14.800000190734863, ""in_primary_zone"": true, ""lock_engine_alert"": false, ""in_restricted_zone"": false, ""onboard_geofencing"": false, ""speed_limit_active"": false}"
2023-07-17 13:07:37.919,5237,13,"359159972073523",20,"{""key"": false, ""flip"": false, ""zone"": false, ""speed"": 44.0, ""buzzer"": 0, ""engine"": true, ""in_zone"": true, ""ignition"": true, ""latitude"": 42.6421283, ""direction"": 294, ""longitude"": 18.0747566, ""gsm_signal"": 31, ""sleep_mode"": false, ""staff_mode"": false, ""fault_codes"": [], ""speed_limit"": 46, ""engine_hours"": 1591, ""idc_triggers"": [], ""buzzer_active"": false, ""fuel_level_avg"": 0, ""lock_geo_alert"": false, ""operation_mode"": ""RENT"", ""battery_voltage"": 14.800000190734863, ""in_primary_zone"": true, ""lock_engine_alert"": false, ""in_restricted_zone"": false, ""onboard_geofencing"": false, ""speed_limit_active"": false}"
2023-07-17 13:07:36.455,5237,13,"359159972073523",20,"{""key"": false, ""flip"": false, ""zone"": false, ""speed"": 45.3, ""buzzer"": 0, ""engine"": true, ""in_zone"": true, ""ignition"": true, ""latitude"": 42.6420833, ""direction"": 294, ""longitude"": 18.074893199999998, ""gsm_signal"": 31, ""sleep_mode"": false, ""staff_mode"": false, ""fault_codes"": [], ""speed_limit"": 46, ""engine_hours"": 1591, ""idc_triggers"": [], ""buzzer_active"": false, ""fuel_level_avg"": 0, ""lock_geo_alert"": false, ""operation_mode"": ""RENT"", ""battery_voltage"": 14.800000190734863, ""in_primary_zone"": true, ""lock_engine_alert"": false, ""in_restricted_zone"": false, ""onboard_geofencing"": false, ""speed_limit_active"": false}"
2023-07-17 13:07:35.476,5237,13,"359159972073523",20,"{""key"": false, ""flip"": false, ""zone"": false, ""speed"": 44.2, ""buzzer"": 0, ""engine"": true, ""in_zone"": true, ""ignition"": true, ""latitude"": 42.6420366, ""direction"": 294, ""longitude"": 18.0750316, ""gsm_signal"": 31, ""sleep_mode"": false, ""staff_mode"": false, ""fault_codes"": [], ""speed_limit"": 46, ""engine_hours"": 1591, ""idc_triggers"": [], ""buzzer_active"": false, ""fuel_level_avg"": 0, ""lock_geo_alert"": false, ""operation_mode"": ""RENT"", ""battery_voltage"": 14.800000190734863, ""in_primary_zone"": true, ""lock_engine_alert"": false, ""in_restricted_zone"": false, ""onboard_geofencing"": false, ""speed_limit_active"": false}"
2023-07-17 13:07:34.917,5237,13,"359159972073523",20,"{""key"": false, ""flip"": false, ""zone"": false, ""speed"": 43.3, ""buzzer"": 0, ""engine"": true, ""in_zone"": true, ""ignition"": true, ""latitude"": 42.64199, ""direction"": 295, ""longitude"": 18.0751682, ""gsm_signal"": 31, ""sleep_mode"": false, ""staff_mode"": false, ""fault_codes"": [], ""speed_limit"": 46, ""engine_hours"": 1591, ""idc_triggers"": [], ""buzzer_active"": false, ""fuel_level_avg"": 0, ""lock_geo_alert"": false, ""operation_mode"": ""RENT"", ""battery_voltage"": 14.800000190734863, ""in_primary_zone"": true, ""lock_engine_alert"": false, ""in_restricted_zone"": false, ""onboard_geofencing"": false, ""speed_limit_active"": false}"
2023-07-17 13:07:33.453,5237,13,"359159972073523",20,"{""key"": false, ""flip"": false, ""zone"": false, ""speed"": 43.0, ""buzzer"": 0, ""engine"": true, ""in_zone"": true, ""ignition"": true, ""latitude"": 42.6419433, ""direction"": 296, ""longitude"": 18.0753, ""gsm_signal"": 31, ""sleep_mode"": false, ""staff_mode"": false, ""fault_codes"": [], ""speed_limit"": 46, ""engine_hours"": 1591, ""idc_triggers"": [], ""buzzer_active"": false, ""fuel_level_avg"": 0, ""lock_geo_alert"": false, ""operation_mode"": ""RENT"", ""battery_voltage"": 14.800000190734863, ""in_primary_zone"": true, ""lock_engine_alert"": false, ""in_restricted_zone"": false, ""onboard_geofencing"": false, ""speed_limit_active"": false}"
2023-07-17 13:07:32.475,5237,13,"359159972073523",20,"{""key"": false, ""flip"": false, ""zone"": false, ""speed"": 43.0, ""buzzer"": 0, ""engine"": true, ""in_zone"": true, ""ignition"": true, ""latitude"": 42.641895, ""direction"": 297, ""longitude"": 18.07543, ""gsm_signal"": 31, ""sleep_mode"": false, ""staff_mode"": false, ""fault_codes"": [], ""speed_limit"": 46, ""engine_hours"": 1591, ""idc_triggers"": [], ""buzzer_active"": false, ""fuel_level_avg"": 0, ""lock_geo_alert"": false, ""operation_mode"": ""RENT"", ""battery_voltage"": 14.800000190734863, ""in_primary_zone"": true, ""lock_engine_alert"": false, ""in_restricted_zone"": false, ""onboard_geofencing"": false, ""speed_limit_active"": false}"
2023-07-17 13:07:31.916,5237,13,"359159972073523",20,"{""key"": false, ""flip"": false, ""zone"": false, ""speed"": 42.0, ""buzzer"": 0, ""engine"": true, ""in_zone"": true, ""ignition"": true, ""latitude"": 42.6418466, ""direction"": 297, ""longitude"": 18.0755582, ""gsm_signal"": 31, ""sleep_mode"": false, ""staff_mode"": false, ""fault_codes"": [], ""speed_limit"": 46, ""engine_hours"": 1591, ""idc_triggers"": [], ""buzzer_active"": false, ""fuel_level_avg"": 0, ""lock_geo_alert"": false, ""operation_mode"": ""RENT"", ""battery_voltage"": 14.800000190734863, ""in_primary_zone"": true, ""lock_engine_alert"": false, ""in_restricted_zone"": false, ""onboard_geofencing"": false, ""speed_limit_active"": false}"
2023-07-17 13:07:30.436,5237,13,"359159972073523",20,"{""key"": false, ""flip"": false, ""zone"": false, ""speed"": 40.4, ""buzzer"": 0, ""engine"": true, ""in_zone"": true, ""ignition"": true, ""latitude"": 42.6417983, ""direction"": 297, ""longitude"": 18.0756832, ""gsm_signal"": 31, ""sleep_mode"": false, ""staff_mode"": false, ""fault_codes"": [], ""speed_limit"": 46, ""engine_hours"": 1591, ""idc_triggers"": [], ""buzzer_active"": false, ""fuel_level_avg"": 0, ""lock_geo_alert"": false, ""operation_mode"": ""RENT"", ""battery_voltage"": 14.800000190734863, ""in_primary_zone"": true, ""lock_engine_alert"": false, ""in_restricted_zone"": false, ""onboard_geofencing"": false, ""speed_limit_active"": false}"
2023-07-17 13:07:29.476,5237,13,"359159972073523",20,"{""key"": false, ""flip"": false, ""zone"": false, ""speed"": 38.3, ""buzzer"": 0, ""engine"": true, ""in_zone"": true, ""ignition"": true, ""latitude"": 42.6417533, ""direction"": 297, ""longitude"": 18.0758032, ""gsm_signal"": 31, ""sleep_mode"": false, ""staff_mode"": false, ""fault_codes"": [], ""speed_limit"": 46, ""engine_hours"": 1591, ""idc_triggers"": [], ""buzzer_active"": false, ""fuel_level_avg"": 0, ""lock_geo_alert"": false, ""operation_mode"": ""RENT"", ""battery_voltage"": 14.800000190734863, ""in_primary_zone"": true, ""lock_engine_alert"": false, ""in_restricted_zone"": false, ""onboard_geofencing"": false, ""speed_limit_active"": false}"
2023-07-17 13:07:28.917,5237,13,"359159972073523",20,"{""key"": false, ""flip"": false, ""zone"": false, ""speed"": 36.9, ""buzzer"": 0, ""engine"": true, ""in_zone"": true, ""ignition"": true, ""latitude"": 42.64171, ""direction"": 299, ""longitude"": 18.0759166, ""gsm_signal"": 31, ""sleep_mode"": false, ""staff_mode"": false, ""fault_codes"": [], ""speed_limit"": 46, ""engine_hours"": 1591, ""idc_triggers"": [], ""buzzer_active"": false, ""fuel_level_avg"": 0, ""lock_geo_alert"": false, ""operation_mode"": ""RENT"", ""battery_voltage"": 14.800000190734863, ""in_primary_zone"": true, ""lock_engine_alert"": false, ""in_restricted_zone"": false, ""onboard_geofencing"": false, ""speed_limit_active"": false}"
2023-07-17 13:07:27.418,5237,13,"359159972073523",20,"{""key"": false, ""flip"": false, ""zone"": false, ""speed"": 35.8, ""buzzer"": 0, ""engine"": true, ""in_zone"": true, ""ignition"": true, ""latitude"": 42.641665, ""direction"": 300, ""longitude"": 18.0760232, ""gsm_signal"": 31, ""sleep_mode"": false, ""staff_mode"": false, ""fault_codes"": [], ""speed_limit"": 46, ""engine_hours"": 1591, ""idc_triggers"": [], ""buzzer_active"": false, ""fuel_level_avg"": 0, ""lock_geo_alert"": false, ""operation_mode"": ""RENT"", ""battery_voltage"": 14.800000190734863, ""in_primary_zone"": true, ""lock_engine_alert"": false, ""in_restricted_zone"": false, ""onboard_geofencing"": false, ""speed_limit_active"": false}"
2023-07-17 13:07:26.453,5237,13,"359159972073523",20,"{""key"": false, ""flip"": false, ""zone"": false, ""speed"": 34.0, ""buzzer"": 0, ""engine"": true, ""in_zone"": true, ""ignition"": true, ""latitude"": 42.64162, ""direction"": 300, ""longitude"": 18.0761266, ""gsm_signal"": 31, ""sleep_mode"": false, ""staff_mode"": false, ""fault_codes"": [], ""speed_limit"": 46, ""engine_hours"": 1591, ""idc_triggers"": [], ""buzzer_active"": false, ""fuel_level_avg"": 0, ""lock_geo_alert"": false, ""operation_mode"": ""RENT"", ""battery_voltage"": 14.800000190734863, ""in_primary_zone"": true, ""lock_engine_alert"": false, ""in_restricted_zone"": false, ""onboard_geofencing"": false, ""speed_limit_active"": false}"
2023-07-17 13:07:25.455,5237,13,"359159972073523",20,"{""key"": false, ""flip"": false, ""zone"": false, ""speed"": 33.8, ""buzzer"": 0, ""engine"": true, ""in_zone"": true, ""ignition"": true, ""latitude"": 42.6415783, ""direction"": 300, ""longitude"": 18.0762266, ""gsm_signal"": 31, ""sleep_mode"": false, ""staff_mode"": false, ""fault_codes"": [], ""speed_limit"": 46, ""engine_hours"": 1591, ""idc_triggers"": [], ""buzzer_active"": false, ""fuel_level_avg"": 0, ""lock_geo_alert"": false, ""operation_mode"": ""RENT"", ""battery_voltage"": 14.800000190734863, ""in_primary_zone"": true, ""lock_engine_alert"": false, ""in_restricted_zone"": false, ""onboard_geofencing"": false, ""speed_limit_active"": false}"
2023-07-17 13:07:24.914,5237,13,"359159972073523",20,"{""key"": false, ""flip"": false, ""zone"": false, ""speed"": 32.9, ""buzzer"": 0, ""engine"": true, ""in_zone"": true, ""ignition"": true, ""latitude"": 42.6415366, ""direction"": 299, ""longitude"": 18.076325, ""gsm_signal"": 31, ""sleep_mode"": false, ""staff_mode"": false, ""fault_codes"": [], ""speed_limit"": 46, ""engine_hours"": 1591, ""idc_triggers"": [], ""buzzer_active"": false, ""fuel_level_avg"": 0, ""lock_geo_alert"": false, ""operation_mode"": ""RENT"", ""battery_voltage"": 14.800000190734863, ""in_primary_zone"": true, ""lock_engine_alert"": false, ""in_restricted_zone"": false, ""onboard_geofencing"": false, ""speed_limit_active"": false}"
2023-07-17 13:07:23.415,5237,13,"359159972073523",20,"{""key"": false, ""flip"": false, ""zone"": false, ""speed"": 32.8, ""buzzer"": 0, ""engine"": true, ""in_zone"": true, ""ignition"": true, ""latitude"": 42.641496599999996, ""direction"": 298, ""longitude"": 18.0764216, ""gsm_signal"": 31, ""sleep_mode"": false, ""staff_mode"": false, ""fault_codes"": [], ""speed_limit"": 46, ""engine_hours"": 1591, ""idc_triggers"": [], ""buzzer_active"": false, ""fuel_level_avg"": 0, ""lock_geo_alert"": false, ""operation_mode"": ""RENT"", ""battery_voltage"": 14.800000190734863, ""in_primary_zone"": true, ""lock_engine_alert"": false, ""in_restricted_zone"": false, ""onboard_geofencing"": false, ""speed_limit_active"": false}"
2023-07-17 13:07:22.437,5237,13,"359159972073523",20,"{""key"": false, ""flip"": false, ""zone"": false, ""speed"": 32.1, ""buzzer"": 0, ""engine"": true, ""in_zone"": true, ""ignition"": true, ""latitude"": 42.6414583, ""direction"": 298, ""longitude"": 18.0765182, ""gsm_signal"": 31, ""sleep_mode"": false, ""staff_mode"": false, ""fault_codes"": [], ""speed_limit"": 46, ""engine_hours"": 1591, ""idc_triggers"": [], ""buzzer_active"": false, ""fuel_level_avg"": 0, ""lock_geo_alert"": false, ""operation_mode"": ""RENT"", ""battery_voltage"": 14.800000190734863, ""in_primary_zone"": true, ""lock_engine_alert"": false, ""in_restricted_zone"": false, ""onboard_geofencing"": false, ""speed_limit_active"": false}"
2023-07-17 13:07:21.455,5237,13,"359159972073523",20,"{""key"": false, ""flip"": false, ""zone"": false, ""speed"": 29.6, ""buzzer"": 0, ""engine"": true, ""in_zone"": true, ""ignition"": true, ""latitude"": 42.64142, ""direction"": 299, ""longitude"": 18.07661, ""gsm_signal"": 30, ""sleep_mode"": false, ""staff_mode"": false, ""fault_codes"": [], ""speed_limit"": 46, ""engine_hours"": 1591, ""idc_triggers"": [], ""buzzer_active"": false, ""fuel_level_avg"": 0, ""lock_geo_alert"": false, ""operation_mode"": ""RENT"", ""battery_voltage"": 14.800000190734863, ""in_primary_zone"": true, ""lock_engine_alert"": false, ""in_restricted_zone"": false, ""onboard_geofencing"": false, ""speed_limit_active"": false}"
2023-07-17 13:07:20.475,5237,13,"359159972073523",20,"{""key"": false, ""flip"": false, ""zone"": false, ""speed"": 26.9, ""buzzer"": 0, ""engine"": true, ""in_zone"": true, ""ignition"": true, ""latitude"": 42.641385, ""direction"": 300, ""longitude"": 18.076695, ""gsm_signal"": 30, ""sleep_mode"": false, ""staff_mode"": false, ""fault_codes"": [], ""speed_limit"": 46, ""engine_hours"": 1591, ""idc_triggers"": [], ""buzzer_active"": false, ""fuel_level_avg"": 0, ""lock_geo_alert"": false, ""operation_mode"": ""RENT"", ""battery_voltage"": 14.800000190734863, ""in_primary_zone"": true, ""lock_engine_alert"": false, ""in_restricted_zone"": false, ""onboard_geofencing"": false, ""speed_limit_active"": false}"
2023-07-17 13:07:19.916,5237,13,"359159972073523",20,"{""key"": false, ""flip"": false, ""zone"": false, ""speed"": 24.5, ""buzzer"": 0, ""engine"": true, ""in_zone"": true, ""ignition"": true, ""latitude"": 42.6413516, ""direction"": 299, ""longitude"": 18.0767716, ""gsm_signal"": 30, ""sleep_mode"": false, ""staff_mode"": false, ""fault_codes"": [], ""speed_limit"": 46, ""engine_hours"": 1591, ""idc_triggers"": [], ""buzzer_active"": false, ""fuel_level_avg"": 0, ""lock_geo_alert"": false, ""operation_mode"": ""RENT"", ""battery_voltage"": 14.800000190734863, ""in_primary_zone"": true, ""lock_engine_alert"": false, ""in_restricted_zone"": false, ""onboard_geofencing"": false, ""speed_limit_active"": false}"
2023-07-17 13:07:18.434,5237,13,"359159972073523",20,"{""key"": false, ""flip"": false, ""zone"": false, ""speed"": 22.5, ""buzzer"": 0, ""engine"": true, ""in_zone"": true, ""ignition"": true, ""latitude"": 42.6413233, ""direction"": 298, ""longitude"": 18.0768432, ""gsm_signal"": 31, ""sleep_mode"": false, ""staff_mode"": false, ""fault_codes"": [], ""speed_limit"": 46, ""engine_hours"": 1591, ""idc_triggers"": [], ""buzzer_active"": false, ""fuel_level_avg"": 0, ""lock_geo_alert"": false, ""operation_mode"": ""RENT"", ""battery_voltage"": 14.800000190734863, ""in_primary_zone"": true, ""lock_engine_alert"": false, ""in_restricted_zone"": false, ""onboard_geofencing"": false, ""speed_limit_active"": false}"
2023-07-17 13:07:17.474,5237,13,"359159972073523",20,"{""key"": false, ""flip"": false, ""zone"": false, ""speed"": 20.0, ""buzzer"": 0, ""engine"": true, ""in_zone"": true, ""ignition"": true, ""latitude"": 42.6412966, ""direction"": 299, ""longitude"": 18.0769082, ""gsm_signal"": 31, ""sleep_mode"": false, ""staff_mode"": false, ""fault_codes"": [], ""speed_limit"": 46, ""engine_hours"": 1591, ""idc_triggers"": [], ""buzzer_active"": false, ""fuel_level_avg"": 0, ""lock_geo_alert"": false, ""operation_mode"": ""RENT"", ""battery_voltage"": 14.800000190734863, ""in_primary_zone"": true, ""lock_engine_alert"": false, ""in_restricted_zone"": false, ""onboard_geofencing"": false, ""speed_limit_active"": false}"
2023-07-17 13:07:16.917,5237,13,"359159972073523",20,"{""key"": false, ""flip"": false, ""zone"": false, ""speed"": 18.6, ""buzzer"": 0, ""engine"": true, ""in_zone"": true, ""ignition"": true, ""latitude"": 42.6412716, ""direction"": 304, ""longitude"": 18.0769666, ""gsm_signal"": 31, ""sleep_mode"": false, ""staff_mode"": false, ""fault_codes"": [], ""speed_limit"": 46, ""engine_hours"": 1591, ""idc_triggers"": [], ""buzzer_active"": false, ""fuel_level_avg"": 0, ""lock_geo_alert"": false, ""operation_mode"": ""RENT"", ""battery_voltage"": 14.800000190734863, ""in_primary_zone"": true, ""lock_engine_alert"": false, ""in_restricted_zone"": false, ""onboard_geofencing"": false, ""speed_limit_active"": false}"
2023-07-17 13:07:15.435,5237,13,"359159972073523",20,"{""key"": false, ""flip"": false, ""zone"": false, ""speed"": 17.5, ""buzzer"": 0, ""engine"": true, ""in_zone"": true, ""ignition"": true, ""latitude"": 42.641245, ""direction"": 311, ""longitude"": 18.0770166, ""gsm_signal"": 31, ""sleep_mode"": false, ""staff_mode"": false, ""fault_codes"": [], ""speed_limit"": 46, ""engine_hours"": 1591, ""idc_triggers"": [], ""buzzer_active"": false, ""fuel_level_avg"": 0, ""lock_geo_alert"": false, ""operation_mode"": ""RENT"", ""battery_voltage"": 14.800000190734863, ""in_primary_zone"": true, ""lock_engine_alert"": false, ""in_restricted_zone"": false, ""onboard_geofencing"": false, ""speed_limit_active"": false}"
2023-07-17 13:07:14.480,5237,13,"359159972073523",20,"{""key"": false, ""flip"": false, ""zone"": false, ""speed"": 16.0, ""buzzer"": 0, ""engine"": true, ""in_zone"": true, ""ignition"": true, ""latitude"": 42.641215, ""direction"": 319, ""longitude"": 18.0770582, ""gsm_signal"": 31, ""sleep_mode"": false, ""staff_mode"": false, ""fault_codes"": [], ""speed_limit"": 46, ""engine_hours"": 1591, ""idc_triggers"": [], ""buzzer_active"": false, ""fuel_level_avg"": 0, ""lock_geo_alert"": false, ""operation_mode"": ""RENT"", ""battery_voltage"": 14.800000190734863, ""in_primary_zone"": true, ""lock_engine_alert"": false, ""in_restricted_zone"": false, ""onboard_geofencing"": false, ""speed_limit_active"": false}"
2023-07-17 13:07:13.919,5237,13,"359159972073523",20,"{""key"": false, ""flip"": false, ""zone"": false, ""speed"": 14.8, ""buzzer"": 0, ""engine"": true, ""in_zone"": true, ""ignition"": true, ""latitude"": 42.641185, ""direction"": 327, ""longitude"": 18.0770916, ""gsm_signal"": 31, ""sleep_mode"": false, ""staff_mode"": false, ""fault_codes"": [], ""speed_limit"": 46, ""engine_hours"": 1591, ""idc_triggers"": [], ""buzzer_active"": false, ""fuel_level_avg"": 0, ""lock_geo_alert"": false, ""operation_mode"": ""RENT"", ""battery_voltage"": 14.800000190734863, ""in_primary_zone"": true, ""lock_engine_alert"": false, ""in_restricted_zone"": false, ""onboard_geofencing"": false, ""speed_limit_active"": false}"
2023-07-17 13:07:12.418,5237,13,"359159972073523",20,"{""key"": false, ""flip"": false, ""zone"": false, ""speed"": 14.1, ""buzzer"": 0, ""engine"": true, ""in_zone"": true, ""ignition"": true, ""latitude"": 42.6411533, ""direction"": 338, ""longitude"": 18.0771166, ""gsm_signal"": 28, ""sleep_mode"": false, ""staff_mode"": false, ""fault_codes"": [], ""speed_limit"": 46, ""engine_hours"": 1591, ""idc_triggers"": [], ""buzzer_active"": false, ""fuel_level_avg"": 0, ""lock_geo_alert"": false, ""operation_mode"": ""RENT"", ""battery_voltage"": 14.800000190734863, ""in_primary_zone"": true, ""lock_engine_alert"": false, ""in_restricted_zone"": false, ""onboard_geofencing"": false, ""speed_limit_active"": false}"
2023-07-17 13:07:11.436,5237,13,"359159972073523",20,"{""key"": false, ""flip"": false, ""zone"": false, ""speed"": 13.0, ""buzzer"": 0, ""engine"": true, ""in_zone"": true, ""ignition"": true, ""latitude"": 42.64112, ""direction"": 352, ""longitude"": 18.0771316, ""gsm_signal"": 28, ""sleep_mode"": false, ""staff_mode"": false, ""fault_codes"": [], ""speed_limit"": 46, ""engine_hours"": 1591, ""idc_triggers"": [], ""buzzer_active"": false, ""fuel_level_avg"": 0, ""lock_geo_alert"": false, ""operation_mode"": ""RENT"", ""battery_voltage"": 14.800000190734863, ""in_primary_zone"": true, ""lock_engine_alert"": false, ""in_restricted_zone"": false, ""onboard_geofencing"": false, ""speed_limit_active"": false}"
2023-07-17 13:07:10.457,5237,13,"359159972073523",20,"{""key"": false, ""flip"": false, ""zone"": false, ""speed"": 12.4, ""buzzer"": 0, ""engine"": true, ""in_zone"": true, ""ignition"": true, ""latitude"": 42.6410883, ""direction"": 8, ""longitude"": 18.0771366, ""gsm_signal"": 28, ""sleep_mode"": false, ""staff_mode"": false, ""fault_codes"": [], ""speed_limit"": 46, ""engine_hours"": 1591, ""idc_triggers"": [], ""buzzer_active"": false, ""fuel_level_avg"": 0, ""lock_geo_alert"": false, ""operation_mode"": ""RENT"", ""battery_voltage"": 14.800000190734863, ""in_primary_zone"": true, ""lock_engine_alert"": false, ""in_restricted_zone"": false, ""onboard_geofencing"": false, ""speed_limit_active"": false}"
2023-07-17 13:07:09.475,5237,13,"359159972073523",20,"{""key"": false, ""flip"": false, ""zone"": false, ""speed"": 11.8, ""buzzer"": 0, ""engine"": true, ""in_zone"": true, ""ignition"": true, ""latitude"": 42.6410583, ""direction"": 25, ""longitude"": 18.0771282, ""gsm_signal"": 27, ""sleep_mode"": false, ""staff_mode"": false, ""fault_codes"": [], ""speed_limit"": 46, ""engine_hours"": 1591, ""idc_triggers"": [], ""buzzer_active"": false, ""fuel_level_avg"": 0, ""lock_geo_alert"": false, ""operation_mode"": ""RENT"", ""battery_voltage"": 14.800000190734863, ""in_primary_zone"": true, ""lock_engine_alert"": false, ""in_restricted_zone"": false, ""onboard_geofencing"": false, ""speed_limit_active"": false}"
2023-07-17 13:07:08.913,5237,13,"359159972073523",20,"{""key"": false, ""flip"": false, ""zone"": false, ""speed"": 10.7, ""buzzer"": 0, ""engine"": true, ""in_zone"": true, ""ignition"": true, ""latitude"": 42.6410333, ""direction"": 43, ""longitude"": 18.07711, ""gsm_signal"": 27, ""sleep_mode"": false, ""staff_mode"": false, ""fault_codes"": [], ""speed_limit"": 46, ""engine_hours"": 1591, ""idc_triggers"": [], ""buzzer_active"": false, ""fuel_level_avg"": 0, ""lock_geo_alert"": false, ""operation_mode"": ""RENT"", ""battery_voltage"": 14.800000190734863, ""in_primary_zone"": true, ""lock_engine_alert"": false, ""in_restricted_zone"": false, ""onboard_geofencing"": false, ""speed_limit_active"": false}"
2023-07-17 13:07:07.414,5237,13,"359159972073523",20,"{""key"": false, ""flip"": false, ""zone"": false, ""speed"": 11.2, ""buzzer"": 0, ""engine"": true, ""in_zone"": true, ""ignition"": true, ""latitude"": 42.6410133, ""direction"": 55, ""longitude"": 18.0770832, ""gsm_signal"": 27, ""sleep_mode"": false, ""staff_mode"": false, ""fault_codes"": [], ""speed_limit"": 46, ""engine_hours"": 1591, ""idc_triggers"": [], ""buzzer_active"": false, ""fuel_level_avg"": 0, ""lock_geo_alert"": false, ""operation_mode"": ""RENT"", ""battery_voltage"": 14.800000190734863, ""in_primary_zone"": true, ""lock_engine_alert"": false, ""in_restricted_zone"": false, ""onboard_geofencing"": false, ""speed_limit_active"": false}"
2023-07-17 13:07:06.419,5237,13,"359159972073523",20,"{""key"": false, ""flip"": false, ""zone"": false, ""speed"": 11.9, ""buzzer"": 0, ""engine"": true, ""in_zone"": true, ""ignition"": true, ""latitude"": 42.6409966, ""direction"": 65, ""longitude"": 18.0770516, ""gsm_signal"": 27, ""sleep_mode"": false, ""staff_mode"": false, ""fault_codes"": [], ""speed_limit"": 46, ""engine_hours"": 1591, ""idc_triggers"": [], ""buzzer_active"": false, ""fuel_level_avg"": 0, ""lock_geo_alert"": false, ""operation_mode"": ""RENT"", ""battery_voltage"": 14.800000190734863, ""in_primary_zone"": true, ""lock_engine_alert"": false, ""in_restricted_zone"": false, ""onboard_geofencing"": false, ""speed_limit_active"": false}"
2023-07-17 13:07:05.835,5237,13,"359159972073523",20,"{""key"": false, ""flip"": false, ""zone"": false, ""speed"": 11.7, ""buzzer"": 0, ""engine"": true, ""in_zone"": true, ""ignition"": true, ""latitude"": 42.6409833, ""direction"": 79, ""longitude"": 18.077015, ""gsm_signal"": 27, ""sleep_mode"": false, ""staff_mode"": false, ""fault_codes"": [], ""speed_limit"": 46, ""engine_hours"": 1591, ""idc_triggers"": [], ""buzzer_active"": false, ""fuel_level_avg"": 0, ""lock_geo_alert"": false, ""operation_mode"": ""RENT"", ""battery_voltage"": 14.800000190734863, ""in_primary_zone"": true, ""lock_engine_alert"": false, ""in_restricted_zone"": false, ""onboard_geofencing"": false, ""speed_limit_active"": false}"
2023-07-17 13:07:04.916,5237,13,"359159972073523",20,"{""key"": false, ""flip"": false, ""zone"": false, ""speed"": 11.0, ""buzzer"": 0, ""engine"": true, ""in_zone"": true, ""ignition"": true, ""latitude"": 42.6409766, ""direction"": 93, ""longitude"": 18.0769766, ""gsm_signal"": 27, ""sleep_mode"": false, ""staff_mode"": false, ""fault_codes"": [], ""speed_limit"": 46, ""engine_hours"": 1591, ""idc_triggers"": [], ""buzzer_active"": false, ""fuel_level_avg"": 0, ""lock_geo_alert"": false, ""operation_mode"": ""RENT"", ""battery_voltage"": 14.800000190734863, ""in_primary_zone"": true, ""lock_engine_alert"": false, ""in_restricted_zone"": false, ""onboard_geofencing"": false, ""speed_limit_active"": false}"
2023-07-17 13:07:03.434,5237,13,"359159972073523",20,"{""key"": false, ""flip"": false, ""zone"": false, ""speed"": 12.4, ""buzzer"": 0, ""engine"": true, ""in_zone"": true, ""ignition"": true, ""latitude"": 42.64098, ""direction"": 105, ""longitude"": 18.0769382, ""gsm_signal"": 29, ""sleep_mode"": false, ""staff_mode"": false, ""fault_codes"": [], ""speed_limit"": 46, ""engine_hours"": 1591, ""idc_triggers"": [], ""buzzer_active"": false, ""fuel_level_avg"": 0, ""lock_geo_alert"": false, ""operation_mode"": ""RENT"", ""battery_voltage"": 14.800000190734863, ""in_primary_zone"": true, ""lock_engine_alert"": false, ""in_restricted_zone"": false, ""onboard_geofencing"": false, ""speed_limit_active"": false}"
2023-07-17 13:07:02.475,5237,13,"359159972073523",20,"{""key"": false, ""flip"": false, ""zone"": false, ""speed"": 12.3, ""buzzer"": 0, ""engine"": true, ""in_zone"": true, ""ignition"": true, ""latitude"": 42.6409883, ""direction"": 116, ""longitude"": 18.0768982, ""gsm_signal"": 29, ""sleep_mode"": false, ""staff_mode"": false, ""fault_codes"": [], ""speed_limit"": 46, ""engine_hours"": 1591, ""idc_triggers"": [], ""buzzer_active"": false, ""fuel_level_avg"": 0, ""lock_geo_alert"": false, ""operation_mode"": ""RENT"", ""battery_voltage"": 14.800000190734863, ""in_primary_zone"": true, ""lock_engine_alert"": false, ""in_restricted_zone"": false, ""onboard_geofencing"": false, ""speed_limit_active"": false}"
2023-07-17 13:07:01.920,5237,13,"359159972073523",20,"{""key"": false, ""flip"": false, ""zone"": false, ""speed"": 13.8, ""buzzer"": 0, ""engine"": true, ""in_zone"": true, ""ignition"": true, ""latitude"": 42.641005, ""direction"": 117, ""longitude"": 18.07686, ""gsm_signal"": 29, ""sleep_mode"": false, ""staff_mode"": false, ""fault_codes"": [], ""speed_limit"": 46, ""engine_hours"": 1591, ""idc_triggers"": [], ""buzzer_active"": false, ""fuel_level_avg"": 0, ""lock_geo_alert"": false, ""operation_mode"": ""RENT"", ""battery_voltage"": 14.800000190734863, ""in_primary_zone"": true, ""lock_engine_alert"": false, ""in_restricted_zone"": false, ""onboard_geofencing"": false, ""speed_limit_active"": false}"
2023-07-17 13:07:00.417,5237,13,"359159972073523",20,"{""key"": false, ""flip"": false, ""zone"": false, ""speed"": 17.1, ""buzzer"": 0, ""engine"": true, ""in_zone"": true, ""ignition"": true, ""latitude"": 42.64102, ""direction"": 113, ""longitude"": 18.0768166, ""gsm_signal"": 31, ""sleep_mode"": false, ""staff_mode"": false, ""fault_codes"": [], ""speed_limit"": 46, ""engine_hours"": 1591, ""idc_triggers"": [], ""buzzer_active"": false, ""fuel_level_avg"": 0, ""lock_geo_alert"": false, ""operation_mode"": ""RENT"", ""battery_voltage"": 14.800000190734863, ""in_primary_zone"": true, ""lock_engine_alert"": false, ""in_restricted_zone"": false, ""onboard_geofencing"": false, ""speed_limit_active"": false}"
2023-07-17 13:06:59.435,5237,13,"359159972073523",20,"{""key"": false, ""flip"": false, ""zone"": false, ""speed"": 22.7, ""buzzer"": 0, ""engine"": true, ""in_zone"": true, ""ignition"": true, ""latitude"": 42.6410383, ""direction"": 110, ""longitude"": 18.0767582, ""gsm_signal"": 31, ""sleep_mode"": false, ""staff_mode"": false, ""fault_codes"": [], ""speed_limit"": 46, ""engine_hours"": 1591, ""idc_triggers"": [], ""buzzer_active"": false, ""fuel_level_avg"": 0, ""lock_geo_alert"": false, ""operation_mode"": ""RENT"", ""battery_voltage"": 14.800000190734863, ""in_primary_zone"": true, ""lock_engine_alert"": false, ""in_restricted_zone"": false, ""onboard_geofencing"": false, ""speed_limit_active"": false}"
2023-07-17 13:06:58.440,5237,13,"359159972073523",20,"{""key"": false, ""flip"": false, ""zone"": false, ""speed"": 28.8, ""buzzer"": 0, ""engine"": true, ""in_zone"": true, ""ignition"": true, ""latitude"": 42.6410566, ""direction"": 104, ""longitude"": 18.07668, ""gsm_signal"": 31, ""sleep_mode"": false, ""staff_mode"": false, ""fault_codes"": [], ""speed_limit"": 46, ""engine_hours"": 1591, ""idc_triggers"": [], ""buzzer_active"": false, ""fuel_level_avg"": 0, ""lock_geo_alert"": false, ""operation_mode"": ""RENT"", ""battery_voltage"": 14.800000190734863, ""in_primary_zone"": true, ""lock_engine_alert"": false, ""in_restricted_zone"": false, ""onboard_geofencing"": false, ""speed_limit_active"": false}"
2023-07-17 13:06:57.455,5237,13,"359159972073523",20,"{""key"": false, ""flip"": false, ""zone"": false, ""speed"": 36.4, ""buzzer"": 0, ""engine"": true, ""in_zone"": true, ""ignition"": true, ""latitude"": 42.641075, ""direction"": 102, ""longitude"": 18.0765766, ""gsm_signal"": 31, ""sleep_mode"": false, ""staff_mode"": false, ""fault_codes"": [], ""speed_limit"": 46, ""engine_hours"": 1591, ""idc_triggers"": [], ""buzzer_active"": false, ""fuel_level_avg"": 0, ""lock_geo_alert"": false, ""operation_mode"": ""RENT"", ""battery_voltage"": 14.800000190734863, ""in_primary_zone"": true, ""lock_engine_alert"": false, ""in_restricted_zone"": false, ""onboard_geofencing"": false, ""speed_limit_active"": false}"
2023-07-17 13:06:56.477,5237,13,"359159972073523",20,"{""key"": false, ""flip"": false, ""zone"": false, ""speed"": 41.2, ""buzzer"": 0, ""engine"": true, ""in_zone"": true, ""ignition"": true, ""latitude"": 42.641095, ""direction"": 102, ""longitude"": 18.0764516, ""gsm_signal"": 31, ""sleep_mode"": false, ""staff_mode"": false, ""fault_codes"": [], ""speed_limit"": 46, ""engine_hours"": 1591, ""idc_triggers"": [], ""buzzer_active"": false, ""fuel_level_avg"": 0, ""lock_geo_alert"": false, ""operation_mode"": ""RENT"", ""battery_voltage"": 14.800000190734863, ""in_primary_zone"": true, ""lock_engine_alert"": false, ""in_restricted_zone"": false, ""onboard_geofencing"": false, ""speed_limit_active"": false}"
2023-07-17 13:06:55.918,5237,13,"359159972073523",20,"{""key"": false, ""flip"": false, ""zone"": false, ""speed"": 45.6, ""buzzer"": 0, ""engine"": true, ""in_zone"": true, ""ignition"": true, ""latitude"": 42.6411166, ""direction"": 100, ""longitude"": 18.0763116, ""gsm_signal"": 31, ""sleep_mode"": false, ""staff_mode"": false, ""fault_codes"": [], ""speed_limit"": 46, ""engine_hours"": 1591, ""idc_triggers"": [], ""buzzer_active"": false, ""fuel_level_avg"": 0, ""lock_geo_alert"": false, ""operation_mode"": ""RENT"", ""battery_voltage"": 14.800000190734863, ""in_primary_zone"": true, ""lock_engine_alert"": false, ""in_restricted_zone"": false, ""onboard_geofencing"": false, ""speed_limit_active"": false}"
2023-07-17 13:06:54.435,5237,13,"359159972073523",20,"{""key"": false, ""flip"": false, ""zone"": false, ""speed"": 46.2, ""buzzer"": 0, ""engine"": true, ""in_zone"": true, ""ignition"": true, ""latitude"": 42.6411383, ""direction"": 100, ""longitude"": 18.0761582, ""gsm_signal"": 31, ""sleep_mode"": false, ""staff_mode"": false, ""fault_codes"": [], ""speed_limit"": 46, ""engine_hours"": 1591, ""idc_triggers"": [], ""buzzer_active"": false, ""fuel_level_avg"": 0, ""lock_geo_alert"": false, ""operation_mode"": ""RENT"", ""battery_voltage"": 14.800000190734863, ""in_primary_zone"": true, ""lock_engine_alert"": false, ""in_restricted_zone"": false, ""onboard_geofencing"": false, ""speed_limit_active"": false}"
2023-07-17 13:06:53.459,5237,13,"359159972073523",20,"{""key"": false, ""flip"": false, ""zone"": false, ""speed"": 47.1, ""buzzer"": 0, ""engine"": true, ""in_zone"": true, ""ignition"": true, ""latitude"": 42.64116, ""direction"": 101, ""longitude"": 18.0760032, ""gsm_signal"": 31, ""sleep_mode"": false, ""staff_mode"": false, ""fault_codes"": [], ""speed_limit"": 46, ""engine_hours"": 1591, ""idc_triggers"": [], ""buzzer_active"": false, ""fuel_level_avg"": 0, ""lock_geo_alert"": false, ""operation_mode"": ""RENT"", ""battery_voltage"": 14.800000190734863, ""in_primary_zone"": true, ""lock_engine_alert"": false, ""in_restricted_zone"": false, ""onboard_geofencing"": false, ""speed_limit_active"": false}"
2023-07-17 13:06:52.977,5237,13,"359159972073523",20,"{""key"": false, ""flip"": false, ""zone"": false, ""speed"": 48.2, ""buzzer"": 0, ""engine"": true, ""in_zone"": true, ""ignition"": true, ""latitude"": 42.641185, ""direction"": 102, ""longitude"": 18.075845, ""gsm_signal"": 31, ""sleep_mode"": false, ""staff_mode"": false, ""fault_codes"": [], ""speed_limit"": 46, ""engine_hours"": 1591, ""idc_triggers"": [], ""buzzer_active"": false, ""fuel_level_avg"": 0, ""lock_geo_alert"": false, ""operation_mode"": ""RENT"", ""battery_voltage"": 14.800000190734863, ""in_primary_zone"": true, ""lock_engine_alert"": false, ""in_restricted_zone"": false, ""onboard_geofencing"": false, ""speed_limit_active"": false}"
2023-07-17 13:06:51.436,5237,13,"359159972073523",20,"{""key"": false, ""flip"": false, ""zone"": false, ""speed"": 48.3, ""buzzer"": 0, ""engine"": true, ""in_zone"": true, ""ignition"": true, ""latitude"": 42.6412116, ""direction"": 102, ""longitude"": 18.0756866, ""gsm_signal"": 31, ""sleep_mode"": false, ""staff_mode"": false, ""fault_codes"": [], ""speed_limit"": 46, ""engine_hours"": 1591, ""idc_triggers"": [], ""buzzer_active"": false, ""fuel_level_avg"": 0, ""lock_geo_alert"": false, ""operation_mode"": ""RENT"", ""battery_voltage"": 14.800000190734863, ""in_primary_zone"": true, ""lock_engine_alert"": false, ""in_restricted_zone"": false, ""onboard_geofencing"": false, ""speed_limit_active"": false}"
2023-07-17 13:06:50.457,5237,13,"359159972073523",20,"{""key"": false, ""flip"": false, ""zone"": false, ""speed"": 50.9, ""buzzer"": 0, ""engine"": true, ""in_zone"": true, ""ignition"": true, ""latitude"": 42.6412366, ""direction"": 101, ""longitude"": 18.0755232, ""gsm_signal"": 31, ""sleep_mode"": false, ""staff_mode"": false, ""fault_codes"": [], ""speed_limit"": 46, ""engine_hours"": 1591, ""idc_triggers"": [], ""buzzer_active"": false, ""fuel_level_avg"": 0, ""lock_geo_alert"": false, ""operation_mode"": ""RENT"", ""battery_voltage"": 14.800000190734863, ""in_primary_zone"": true, ""lock_engine_alert"": false, ""in_restricted_zone"": false, ""onboard_geofencing"": false, ""speed_limit_active"": false}"
2023-07-17 13:06:49.456,5237,13,"359159972073523",20,"{""key"": false, ""flip"": false, ""zone"": false, ""speed"": 52.4, ""buzzer"": 0, ""engine"": true, ""in_zone"": true, ""ignition"": true, ""latitude"": 42.6412616, ""direction"": 101, ""longitude"": 18.0753532, ""gsm_signal"": 31, ""sleep_mode"": false, ""staff_mode"": false, ""fault_codes"": [], ""speed_limit"": 46, ""engine_hours"": 1591, ""idc_triggers"": [], ""buzzer_active"": false, ""fuel_level_avg"": 0, ""lock_geo_alert"": false, ""operation_mode"": ""RENT"", ""battery_voltage"": 14.800000190734863, ""in_primary_zone"": true, ""lock_engine_alert"": false, ""in_restricted_zone"": false, ""onboard_geofencing"": false, ""speed_limit_active"": false}"
2023-07-17 13:06:48.916,5237,13,"359159972073523",20,"{""key"": false, ""flip"": false, ""zone"": false, ""speed"": 49.9, ""buzzer"": 0, ""engine"": true, ""in_zone"": true, ""ignition"": true, ""latitude"": 42.6412883, ""direction"": 102, ""longitude"": 18.0751816, ""gsm_signal"": 31, ""sleep_mode"": false, ""staff_mode"": false, ""fault_codes"": [], ""speed_limit"": 46, ""engine_hours"": 1591, ""idc_triggers"": [], ""buzzer_active"": false, ""fuel_level_avg"": 0, ""lock_geo_alert"": false, ""operation_mode"": ""RENT"", ""battery_voltage"": 14.800000190734863, ""in_primary_zone"": true, ""lock_engine_alert"": false, ""in_restricted_zone"": false, ""onboard_geofencing"": false, ""speed_limit_active"": false}"
2023-07-17 13:06:47.417,5237,13,"359159972073523",20,"{""key"": false, ""flip"": false, ""zone"": false, ""speed"": 50.6, ""buzzer"": 0, ""engine"": true, ""in_zone"": true, ""ignition"": true, ""latitude"": 42.641315, ""direction"": 101, ""longitude"": 18.075015, ""gsm_signal"": 31, ""sleep_mode"": false, ""staff_mode"": false, ""fault_codes"": [], ""speed_limit"": 46, ""engine_hours"": 1591, ""idc_triggers"": [], ""buzzer_active"": false, ""fuel_level_avg"": 0, ""lock_geo_alert"": false, ""operation_mode"": ""RENT"", ""battery_voltage"": 14.800000190734863, ""in_primary_zone"": true, ""lock_engine_alert"": false, ""in_restricted_zone"": false, ""onboard_geofencing"": false, ""speed_limit_active"": false}"
2023-07-17 13:06:46.436,5237,13,"359159972073523",20,"{""key"": false, ""flip"": false, ""zone"": false, ""speed"": 50.5, ""buzzer"": 0, ""engine"": true, ""in_zone"": true, ""ignition"": true, ""latitude"": 42.6413416, ""direction"": 102, ""longitude"": 18.0748482, ""gsm_signal"": 31, ""sleep_mode"": false, ""staff_mode"": false, ""fault_codes"": [], ""speed_limit"": 46, ""engine_hours"": 1591, ""idc_triggers"": [], ""buzzer_active"": false, ""fuel_level_avg"": 0, ""lock_geo_alert"": false, ""operation_mode"": ""RENT"", ""battery_voltage"": 14.800000190734863, ""in_primary_zone"": true, ""lock_engine_alert"": false, ""in_restricted_zone"": false, ""onboard_geofencing"": false, ""speed_limit_active"": false}"
2023-07-17 13:06:45.438,5237,13,"359159972073523",20,"{""key"": false, ""flip"": false, ""zone"": false, ""speed"": 48.1, ""buzzer"": 0, ""engine"": true, ""in_zone"": true, ""ignition"": true, ""latitude"": 42.6413683, ""direction"": 102, ""longitude"": 18.0746832, ""gsm_signal"": 31, ""sleep_mode"": false, ""staff_mode"": false, ""fault_codes"": [], ""speed_limit"": 46, ""engine_hours"": 1591, ""idc_triggers"": [], ""buzzer_active"": false, ""fuel_level_avg"": 0, ""lock_geo_alert"": false, ""operation_mode"": ""RENT"", ""battery_voltage"": 14.800000190734863, ""in_primary_zone"": true, ""lock_engine_alert"": false, ""in_restricted_zone"": false, ""onboard_geofencing"": false, ""speed_limit_active"": false}"
2023-07-17 13:06:44.477,5237,13,"359159972073523",20,"{""key"": false, ""flip"": false, ""zone"": false, ""speed"": 45.9, ""buzzer"": 0, ""engine"": true, ""in_zone"": true, ""ignition"": true, ""latitude"": 42.6413933, ""direction"": 103, ""longitude"": 18.074525, ""gsm_signal"": 31, ""sleep_mode"": false, ""staff_mode"": false, ""fault_codes"": [], ""speed_limit"": 46, ""engine_hours"": 1591, ""idc_triggers"": [], ""buzzer_active"": false, ""fuel_level_avg"": 0, ""lock_geo_alert"": false, ""operation_mode"": ""RENT"", ""battery_voltage"": 14.800000190734863, ""in_primary_zone"": true, ""lock_engine_alert"": false, ""in_restricted_zone"": false, ""onboard_geofencing"": false, ""speed_limit_active"": false}"
2023-07-17 13:06:43.918,5237,13,"359159972073523",20,"{""key"": false, ""flip"": false, ""zone"": false, ""speed"": 45.0, ""buzzer"": 0, ""engine"": true, ""in_zone"": true, ""ignition"": true, ""latitude"": 42.64142, ""direction"": 103, ""longitude"": 18.074375, ""gsm_signal"": 31, ""sleep_mode"": false, ""staff_mode"": false, ""fault_codes"": [], ""speed_limit"": 46, ""engine_hours"": 1591, ""idc_triggers"": [], ""buzzer_active"": false, ""fuel_level_avg"": 0, ""lock_geo_alert"": false, ""operation_mode"": ""RENT"", ""battery_voltage"": 14.800000190734863, ""in_primary_zone"": true, ""lock_engine_alert"": false, ""in_restricted_zone"": false, ""onboard_geofencing"": false, ""speed_limit_active"": false}"
2023-07-17 13:06:42.437,5237,13,"359159972073523",20,"{""key"": false, ""flip"": false, ""zone"": false, ""speed"": 43.4, ""buzzer"": 0, ""engine"": true, ""in_zone"": true, ""ignition"": true, ""latitude"": 42.6414483, ""direction"": 105, ""longitude"": 18.0742282, ""gsm_signal"": 31, ""sleep_mode"": false, ""staff_mode"": false, ""fault_codes"": [], ""speed_limit"": 46, ""engine_hours"": 1591, ""idc_triggers"": [], ""buzzer_active"": false, ""fuel_level_avg"": 0, ""lock_geo_alert"": false, ""operation_mode"": ""RENT"", ""battery_voltage"": 14.800000190734863, ""in_primary_zone"": true, ""lock_engine_alert"": false, ""in_restricted_zone"": false, ""onboard_geofencing"": false, ""speed_limit_active"": false}"
2023-07-17 13:06:41.457,5237,13,"359159972073523",20,"{""key"": false, ""flip"": false, ""zone"": false, ""speed"": 40.2, ""buzzer"": 0, ""engine"": true, ""in_zone"": true, ""ignition"": true, ""latitude"": 42.6414766, ""direction"": 105, ""longitude"": 18.07409, ""gsm_signal"": 31, ""sleep_mode"": false, ""staff_mode"": false, ""fault_codes"": [], ""speed_limit"": 46, ""engine_hours"": 1591, ""idc_triggers"": [], ""buzzer_active"": false, ""fuel_level_avg"": 0, ""lock_geo_alert"": false, ""operation_mode"": ""RENT"", ""battery_voltage"": 14.800000190734863, ""in_primary_zone"": true, ""lock_engine_alert"": false, ""in_restricted_zone"": false, ""onboard_geofencing"": false, ""speed_limit_active"": false}"
2023-07-17 13:06:40.978,5237,13,"359159972073523",20,"{""key"": false, ""flip"": false, ""zone"": false, ""speed"": 39.7, ""buzzer"": 0, ""engine"": true, ""in_zone"": true, ""ignition"": true, ""latitude"": 42.6415033, ""direction"": 105, ""longitude"": 18.0739582, ""gsm_signal"": 31, ""sleep_mode"": false, ""staff_mode"": false, ""fault_codes"": [], ""speed_limit"": 46, ""engine_hours"": 1591, ""idc_triggers"": [], ""buzzer_active"": false, ""fuel_level_avg"": 0, ""lock_geo_alert"": false, ""operation_mode"": ""RENT"", ""battery_voltage"": 14.800000190734863, ""in_primary_zone"": true, ""lock_engine_alert"": false, ""in_restricted_zone"": false, ""onboard_geofencing"": false, ""speed_limit_active"": false}"
2023-07-17 13:06:39.436,5237,13,"359159972073523",20,"{""key"": false, ""flip"": false, ""zone"": false, ""speed"": 36.9, ""buzzer"": 0, ""engine"": true, ""in_zone"": true, ""ignition"": true, ""latitude"": 42.6415283, ""direction"": 106, ""longitude"": 18.0738316, ""gsm_signal"": 31, ""sleep_mode"": false, ""staff_mode"": false, ""fault_codes"": [], ""speed_limit"": 46, ""engine_hours"": 1591, ""idc_triggers"": [], ""buzzer_active"": false, ""fuel_level_avg"": 0, ""lock_geo_alert"": false, ""operation_mode"": ""RENT"", ""battery_voltage"": 14.800000190734863, ""in_primary_zone"": true, ""lock_engine_alert"": false, ""in_restricted_zone"": false, ""onboard_geofencing"": false, ""speed_limit_active"": false}"
2023-07-17 13:06:38.475,5237,13,"359159972073523",20,"{""key"": false, ""flip"": false, ""zone"": false, ""speed"": 34.1, ""buzzer"": 0, ""engine"": true, ""in_zone"": true, ""ignition"": true, ""latitude"": 42.6415533, ""direction"": 106, ""longitude"": 18.0737132, ""gsm_signal"": 31, ""sleep_mode"": false, ""staff_mode"": false, ""fault_codes"": [], ""speed_limit"": 46, ""engine_hours"": 1591, ""idc_triggers"": [], ""buzzer_active"": false, ""fuel_level_avg"": 0, ""lock_geo_alert"": false, ""operation_mode"": ""RENT"", ""battery_voltage"": 14.800000190734863, ""in_primary_zone"": true, ""lock_engine_alert"": false, ""in_restricted_zone"": false, ""onboard_geofencing"": false, ""speed_limit_active"": false}"
2023-07-17 13:06:37.918,5237,13,"359159972073523",20,"{""key"": false, ""flip"": false, ""zone"": false, ""speed"": 30.5, ""buzzer"": 0, ""engine"": true, ""in_zone"": true, ""ignition"": true, ""latitude"": 42.6415783, ""direction"": 106, ""longitude"": 18.0736066, ""gsm_signal"": 31, ""sleep_mode"": false, ""staff_mode"": false, ""fault_codes"": [], ""speed_limit"": 46, ""engine_hours"": 1591, ""idc_triggers"": [], ""buzzer_active"": false, ""fuel_level_avg"": 0, ""lock_geo_alert"": false, ""operation_mode"": ""RENT"", ""battery_voltage"": 14.800000190734863, ""in_primary_zone"": true, ""lock_engine_alert"": false, ""in_restricted_zone"": false, ""onboard_geofencing"": false, ""speed_limit_active"": false}"
2023-07-17 13:06:36.418,5237,13,"359159972073523",20,"{""key"": false, ""flip"": false, ""zone"": false, ""speed"": 27.5, ""buzzer"": 0, ""engine"": true, ""in_zone"": true, ""ignition"": true, ""latitude"": 42.6415983, ""direction"": 106, ""longitude"": 18.07351, ""gsm_signal"": 31, ""sleep_mode"": false, ""staff_mode"": false, ""fault_codes"": [], ""speed_limit"": 46, ""engine_hours"": 1591, ""idc_triggers"": [], ""buzzer_active"": false, ""fuel_level_avg"": 0, ""lock_geo_alert"": false, ""operation_mode"": ""RENT"", ""battery_voltage"": 14.800000190734863, ""in_primary_zone"": true, ""lock_engine_alert"": false, ""in_restricted_zone"": false, ""onboard_geofencing"": false, ""speed_limit_active"": false}"
2023-07-17 13:06:35.435,5237,13,"359159972073523",20,"{""key"": false, ""flip"": false, ""zone"": false, ""speed"": 26.0, ""buzzer"": 0, ""engine"": true, ""in_zone"": true, ""ignition"": true, ""latitude"": 42.6416183, ""direction"": 107, ""longitude"": 18.0734232, ""gsm_signal"": 31, ""sleep_mode"": false, ""staff_mode"": false, ""fault_codes"": [], ""speed_limit"": 46, ""engine_hours"": 1591, ""idc_triggers"": [], ""buzzer_active"": false, ""fuel_level_avg"": 0, ""lock_geo_alert"": false, ""operation_mode"": ""RENT"", ""battery_voltage"": 14.800000190734863, ""in_primary_zone"": true, ""lock_engine_alert"": false, ""in_restricted_zone"": false, ""onboard_geofencing"": false, ""speed_limit_active"": false}"
2023-07-17 13:06:34.456,5237,13,"359159972073523",20,"{""key"": false, ""flip"": false, ""zone"": false, ""speed"": 24.5, ""buzzer"": 0, ""engine"": true, ""in_zone"": true, ""ignition"": true, ""latitude"": 42.6416383, ""direction"": 108, ""longitude"": 18.0733416, ""gsm_signal"": 31, ""sleep_mode"": false, ""staff_mode"": false, ""fault_codes"": [], ""speed_limit"": 46, ""engine_hours"": 1591, ""idc_triggers"": [], ""buzzer_active"": false, ""fuel_level_avg"": 0, ""lock_geo_alert"": false, ""operation_mode"": ""RENT"", ""battery_voltage"": 14.800000190734863, ""in_primary_zone"": true, ""lock_engine_alert"": false, ""in_restricted_zone"": false, ""onboard_geofencing"": false, ""speed_limit_active"": false}"
2023-07-17 13:06:33.495,5237,13,"359159972073523",20,"{""key"": false, ""flip"": false, ""zone"": false, ""speed"": 21.8, ""buzzer"": 0, ""engine"": true, ""in_zone"": true, ""ignition"": true, ""latitude"": 42.6416566, ""direction"": 107, ""longitude"": 18.073265, ""gsm_signal"": 31, ""sleep_mode"": false, ""staff_mode"": false, ""fault_codes"": [], ""speed_limit"": 46, ""engine_hours"": 1591, ""idc_triggers"": [], ""buzzer_active"": false, ""fuel_level_avg"": 0, ""lock_geo_alert"": false, ""operation_mode"": ""RENT"", ""battery_voltage"": 14.800000190734863, ""in_primary_zone"": true, ""lock_engine_alert"": false, ""in_restricted_zone"": false, ""onboard_geofencing"": false, ""speed_limit_active"": false}"
2023-07-17 13:06:32.914,5237,13,"359159972073523",20,"{""key"": false, ""flip"": false, ""zone"": false, ""speed"": 18.5, ""buzzer"": 0, ""engine"": true, ""in_zone"": true, ""ignition"": true, ""latitude"": 42.6416733, ""direction"": 108, ""longitude"": 18.0732, ""gsm_signal"": 31, ""sleep_mode"": false, ""staff_mode"": false, ""fault_codes"": [], ""speed_limit"": 46, ""engine_hours"": 1591, ""idc_triggers"": [], ""buzzer_active"": false, ""fuel_level_avg"": 0, ""lock_geo_alert"": false, ""operation_mode"": ""RENT"", ""battery_voltage"": 14.800000190734863, ""in_primary_zone"": true, ""lock_engine_alert"": false, ""in_restricted_zone"": false, ""onboard_geofencing"": false, ""speed_limit_active"": false}"
2023-07-17 13:06:31.414,5237,13,"359159972073523",20,"{""key"": false, ""flip"": false, ""zone"": false, ""speed"": 17.3, ""buzzer"": 0, ""engine"": true, ""in_zone"": true, ""ignition"": true, ""latitude"": 42.6416866, ""direction"": 106, ""longitude"": 18.07314, ""gsm_signal"": 31, ""sleep_mode"": false, ""staff_mode"": false, ""fault_codes"": [], ""speed_limit"": 46, ""engine_hours"": 1591, ""idc_triggers"": [], ""buzzer_active"": false, ""fuel_level_avg"": 0, ""lock_geo_alert"": false, ""operation_mode"": ""RENT"", ""battery_voltage"": 14.800000190734863, ""in_primary_zone"": true, ""lock_engine_alert"": false, ""in_restricted_zone"": false, ""onboard_geofencing"": false, ""speed_limit_active"": false}"
2023-07-17 13:06:30.419,5237,13,"359159972073523",20,"{""key"": false, ""flip"": false, ""zone"": false, ""speed"": 17.4, ""buzzer"": 0, ""engine"": true, ""in_zone"": true, ""ignition"": true, ""latitude"": 42.6416983, ""direction"": 104, ""longitude"": 18.0730816, ""gsm_signal"": 31, ""sleep_mode"": false, ""staff_mode"": false, ""fault_codes"": [], ""speed_limit"": 46, ""engine_hours"": 1591, ""idc_triggers"": [], ""buzzer_active"": false, ""fuel_level_avg"": 0, ""lock_geo_alert"": false, ""operation_mode"": ""RENT"", ""battery_voltage"": 14.800000190734863, ""in_primary_zone"": true, ""lock_engine_alert"": false, ""in_restricted_zone"": false, ""onboard_geofencing"": false, ""speed_limit_active"": false}"
2023-07-17 13:06:29.434,5237,13,"359159972073523",20,"{""key"": false, ""flip"": false, ""zone"": false, ""speed"": 16.5, ""buzzer"": 0, ""engine"": true, ""in_zone"": true, ""ignition"": true, ""latitude"": 42.64171, ""direction"": 100, ""longitude"": 18.073025, ""gsm_signal"": 31, ""sleep_mode"": false, ""staff_mode"": false, ""fault_codes"": [], ""speed_limit"": 46, ""engine_hours"": 1591, ""idc_triggers"": [], ""buzzer_active"": false, ""fuel_level_avg"": 0, ""lock_geo_alert"": false, ""operation_mode"": ""RENT"", ""battery_voltage"": 14.800000190734863, ""in_primary_zone"": true, ""lock_engine_alert"": false, ""in_restricted_zone"": false, ""onboard_geofencing"": false, ""speed_limit_active"": false}"
2023-07-17 13:06:28.498,5237,13,"359159972073523",20,"{""key"": false, ""flip"": false, ""zone"": false, ""speed"": 14.6, ""buzzer"": 0, ""engine"": true, ""in_zone"": true, ""ignition"": true, ""latitude"": 42.6417183, ""direction"": 97, ""longitude"": 18.0729716, ""gsm_signal"": 31, ""sleep_mode"": false, ""staff_mode"": false, ""fault_codes"": [], ""speed_limit"": 46, ""engine_hours"": 1591, ""idc_triggers"": [], ""buzzer_active"": false, ""fuel_level_avg"": 0, ""lock_geo_alert"": false, ""operation_mode"": ""RENT"", ""battery_voltage"": 14.800000190734863, ""in_primary_zone"": true, ""lock_engine_alert"": false, ""in_restricted_zone"": false, ""onboard_geofencing"": false, ""speed_limit_active"": false}"
2023-07-17 13:06:27.916,5237,13,"359159972073523",20,"{""key"": false, ""flip"": false, ""zone"": false, ""speed"": 13.0, ""buzzer"": 0, ""engine"": true, ""in_zone"": true, ""ignition"": true, ""latitude"": 42.6417233, ""direction"": 95, ""longitude"": 18.0729232, ""gsm_signal"": 31, ""sleep_mode"": false, ""staff_mode"": false, ""fault_codes"": [], ""speed_limit"": 46, ""engine_hours"": 1591, ""idc_triggers"": [], ""buzzer_active"": false, ""fuel_level_avg"": 0, ""lock_geo_alert"": false, ""operation_mode"": ""RENT"", ""battery_voltage"": 14.800000190734863, ""in_primary_zone"": true, ""lock_engine_alert"": false, ""in_restricted_zone"": false, ""onboard_geofencing"": false, ""speed_limit_active"": false}"
2023-07-17 13:06:26.415,5237,13,"359159972073523",20,"{""key"": false, ""flip"": false, ""zone"": false, ""speed"": 10.8, ""buzzer"": 0, ""engine"": true, ""in_zone"": true, ""ignition"": true, ""latitude"": 42.6417266, ""direction"": 92, ""longitude"": 18.0728816, ""gsm_signal"": 31, ""sleep_mode"": false, ""staff_mode"": false, ""fault_codes"": [], ""speed_limit"": 46, ""engine_hours"": 1591, ""idc_triggers"": [], ""buzzer_active"": false, ""fuel_level_avg"": 0, ""lock_geo_alert"": false, ""operation_mode"": ""RENT"", ""battery_voltage"": 14.800000190734863, ""in_primary_zone"": true, ""lock_engine_alert"": false, ""in_restricted_zone"": false, ""onboard_geofencing"": false, ""speed_limit_active"": false}"
2023-07-17 13:06:25.456,5237,13,"359159972073523",20,"{""key"": false, ""flip"": false, ""zone"": false, ""speed"": 9.1, ""buzzer"": 0, ""engine"": true, ""in_zone"": true, ""ignition"": true, ""latitude"": 42.6417283, ""direction"": 86, ""longitude"": 18.0728482, ""gsm_signal"": 31, ""sleep_mode"": false, ""staff_mode"": false, ""fault_codes"": [], ""speed_limit"": 46, ""engine_hours"": 1591, ""idc_triggers"": [], ""buzzer_active"": false, ""fuel_level_avg"": 0, ""lock_geo_alert"": false, ""operation_mode"": ""RENT"", ""battery_voltage"": 14.800000190734863, ""in_primary_zone"": true, ""lock_engine_alert"": false, ""in_restricted_zone"": false, ""onboard_geofencing"": false, ""speed_limit_active"": false}"
2023-07-17 13:06:24.477,5237,13,"359159972073523",20,"{""key"": false, ""flip"": false, ""zone"": false, ""speed"": 8.1, ""buzzer"": 0, ""engine"": true, ""in_zone"": true, ""ignition"": true, ""latitude"": 42.6417266, ""direction"": 77, ""longitude"": 18.0728182, ""gsm_signal"": 29, ""sleep_mode"": false, ""staff_mode"": false, ""fault_codes"": [], ""speed_limit"": 46, ""engine_hours"": 1591, ""idc_triggers"": [], ""buzzer_active"": false, ""fuel_level_avg"": 0, ""lock_geo_alert"": false, ""operation_mode"": ""RENT"", ""battery_voltage"": 14.800000190734863, ""in_primary_zone"": true, ""lock_engine_alert"": false, ""in_restricted_zone"": false, ""onboard_geofencing"": false, ""speed_limit_active"": false}"
2023-07-17 13:06:23.914,5237,13,"359159972073523",20,"{""key"": false, ""flip"": false, ""zone"": false, ""speed"": 8.2, ""buzzer"": 0, ""engine"": true, ""in_zone"": true, ""ignition"": true, ""latitude"": 42.6417233, ""direction"": 72, ""longitude"": 18.0727916, ""gsm_signal"": 29, ""sleep_mode"": false, ""staff_mode"": false, ""fault_codes"": [], ""speed_limit"": 46, ""engine_hours"": 1591, ""idc_triggers"": [], ""buzzer_active"": false, ""fuel_level_avg"": 0, ""lock_geo_alert"": false, ""operation_mode"": ""RENT"", ""battery_voltage"": 14.800000190734863, ""in_primary_zone"": true, ""lock_engine_alert"": false, ""in_restricted_zone"": false, ""onboard_geofencing"": false, ""speed_limit_active"": false}"
2023-07-17 13:06:22.444,5237,13,"359159972073523",20,"{""key"": false, ""flip"": false, ""zone"": false, ""speed"": 8.0, ""buzzer"": 0, ""engine"": true, ""in_zone"": true, ""ignition"": true, ""latitude"": 42.6417166, ""direction"": 73, ""longitude"": 18.072765, ""gsm_signal"": 29, ""sleep_mode"": false, ""staff_mode"": false, ""fault_codes"": [], ""speed_limit"": 46, ""engine_hours"": 1591, ""idc_triggers"": [], ""buzzer_active"": false, ""fuel_level_avg"": 0, ""lock_geo_alert"": false, ""operation_mode"": ""RENT"", ""battery_voltage"": 14.800000190734863, ""in_primary_zone"": true, ""lock_engine_alert"": false, ""in_restricted_zone"": false, ""onboard_geofencing"": false, ""speed_limit_active"": false}"
2023-07-17 13:06:21.456,5237,13,"359159972073523",20,"{""key"": false, ""flip"": false, ""zone"": false, ""speed"": 8.5, ""buzzer"": 0, ""engine"": true, ""in_zone"": true, ""ignition"": true, ""latitude"": 42.64171, ""direction"": 78, ""longitude"": 18.0727382, ""gsm_signal"": 31, ""sleep_mode"": false, ""staff_mode"": false, ""fault_codes"": [], ""speed_limit"": 46, ""engine_hours"": 1591, ""idc_triggers"": [], ""buzzer_active"": false, ""fuel_level_avg"": 0, ""lock_geo_alert"": false, ""operation_mode"": ""RENT"", ""battery_voltage"": 14.800000190734863, ""in_primary_zone"": true, ""lock_engine_alert"": false, ""in_restricted_zone"": false, ""onboard_geofencing"": false, ""speed_limit_active"": false}"
2023-07-17 13:06:20.475,5237,13,"359159972073523",20,"{""key"": false, ""flip"": false, ""zone"": false, ""speed"": 8.6, ""buzzer"": 0, ""engine"": true, ""in_zone"": true, ""ignition"": true, ""latitude"": 42.641705, ""direction"": 85, ""longitude"": 18.07271, ""gsm_signal"": 31, ""sleep_mode"": false, ""staff_mode"": false, ""fault_codes"": [], ""speed_limit"": 46, ""engine_hours"": 1591, ""idc_triggers"": [], ""buzzer_active"": false, ""fuel_level_avg"": 0, ""lock_geo_alert"": false, ""operation_mode"": ""RENT"", ""battery_voltage"": 14.800000190734863, ""in_primary_zone"": true, ""lock_engine_alert"": false, ""in_restricted_zone"": false, ""onboard_geofencing"": false, ""speed_limit_active"": false}"
2023-07-17 13:06:19.918,5237,13,"359159972073523",20,"{""key"": false, ""flip"": false, ""zone"": false, ""speed"": 7.1, ""buzzer"": 0, ""engine"": true, ""in_zone"": true, ""ignition"": true, ""latitude"": 42.6417033, ""direction"": 103, ""longitude"": 18.0726832, ""gsm_signal"": 31, ""sleep_mode"": false, ""staff_mode"": false, ""fault_codes"": [], ""speed_limit"": 46, ""engine_hours"": 1591, ""idc_triggers"": [], ""buzzer_active"": false, ""fuel_level_avg"": 0, ""lock_geo_alert"": false, ""operation_mode"": ""RENT"", ""battery_voltage"": 14.800000190734863, ""in_primary_zone"": true, ""lock_engine_alert"": false, ""in_restricted_zone"": false, ""onboard_geofencing"": false, ""speed_limit_active"": false}"
2023-07-17 13:06:18.435,5237,13,"359159972073523",20,"{""key"": false, ""flip"": false, ""zone"": false, ""speed"": 8.1, ""buzzer"": 0, ""engine"": true, ""in_zone"": true, ""ignition"": true, ""latitude"": 42.641705, ""direction"": 115, ""longitude"": 18.0726582, ""gsm_signal"": 31, ""sleep_mode"": false, ""staff_mode"": false, ""fault_codes"": [], ""speed_limit"": 46, ""engine_hours"": 1591, ""idc_triggers"": [], ""buzzer_active"": false, ""fuel_level_avg"": 0, ""lock_geo_alert"": false, ""operation_mode"": ""RENT"", ""battery_voltage"": 14.800000190734863, ""in_primary_zone"": true, ""lock_engine_alert"": false, ""in_restricted_zone"": false, ""onboard_geofencing"": false, ""speed_limit_active"": false}"
2023-07-17 13:06:17.463,5237,13,"359159972073523",20,"{""key"": false, ""flip"": false, ""zone"": false, ""speed"": 10.8, ""buzzer"": 0, ""engine"": true, ""in_zone"": true, ""ignition"": true, ""latitude"": 42.641715, ""direction"": 123, ""longitude"": 18.07263, ""gsm_signal"": 31, ""sleep_mode"": false, ""staff_mode"": false, ""fault_codes"": [], ""speed_limit"": 46, ""engine_hours"": 1591, ""idc_triggers"": [], ""buzzer_active"": false, ""fuel_level_avg"": 0, ""lock_geo_alert"": false, ""operation_mode"": ""RENT"", ""battery_voltage"": 14.800000190734863, ""in_primary_zone"": true, ""lock_engine_alert"": false, ""in_restricted_zone"": false, ""onboard_geofencing"": false, ""speed_limit_active"": false}"
2023-07-17 13:06:16.920,5237,13,"359159972073523",20,"{""key"": false, ""flip"": false, ""zone"": false, ""speed"": 14.6, ""buzzer"": 0, ""engine"": true, ""in_zone"": true, ""ignition"": true, ""latitude"": 42.6417316, ""direction"": 126, ""longitude"": 18.0725966, ""gsm_signal"": 31, ""sleep_mode"": false, ""staff_mode"": false, ""fault_codes"": [], ""speed_limit"": 46, ""engine_hours"": 1591, ""idc_triggers"": [], ""buzzer_active"": false, ""fuel_level_avg"": 0, ""lock_geo_alert"": false, ""operation_mode"": ""RENT"", ""battery_voltage"": 14.800000190734863, ""in_primary_zone"": true, ""lock_engine_alert"": false, ""in_restricted_zone"": false, ""onboard_geofencing"": false, ""speed_limit_active"": false}"
2023-07-17 13:06:15.435,5237,13,"359159972073523",20,"{""key"": false, ""flip"": false, ""zone"": false, ""speed"": 20.2, ""buzzer"": 0, ""engine"": true, ""in_zone"": true, ""ignition"": true, ""latitude"": 42.6417566, ""direction"": 124, ""longitude"": 18.0725516, ""gsm_signal"": 31, ""sleep_mode"": false, ""staff_mode"": false, ""fault_codes"": [], ""speed_limit"": 46, ""engine_hours"": 1591, ""idc_triggers"": [], ""buzzer_active"": false, ""fuel_level_avg"": 0, ""lock_geo_alert"": false, ""operation_mode"": ""RENT"", ""battery_voltage"": 14.800000190734863, ""in_primary_zone"": true, ""lock_engine_alert"": false, ""in_restricted_zone"": false, ""onboard_geofencing"": false, ""speed_limit_active"": false}"
2023-07-17 13:06:14.476,5237,13,"359159972073523",20,"{""key"": false, ""flip"": false, ""zone"": false, ""speed"": 26.9, ""buzzer"": 0, ""engine"": true, ""in_zone"": true, ""ignition"": true, ""latitude"": 42.6417883, ""direction"": 121, ""longitude"": 18.07249, ""gsm_signal"": 31, ""sleep_mode"": false, ""staff_mode"": false, ""fault_codes"": [], ""speed_limit"": 46, ""engine_hours"": 1591, ""idc_triggers"": [], ""buzzer_active"": false, ""fuel_level_avg"": 0, ""lock_geo_alert"": false, ""operation_mode"": ""RENT"", ""battery_voltage"": 14.800000190734863, ""in_primary_zone"": true, ""lock_engine_alert"": false, ""in_restricted_zone"": false, ""onboard_geofencing"": false, ""speed_limit_active"": false}"
2023-07-17 13:06:13.924,5237,13,"359159972073523",20,"{""key"": false, ""flip"": false, ""zone"": false, ""speed"": 34.4, ""buzzer"": 0, ""engine"": true, ""in_zone"": true, ""ignition"": true, ""latitude"": 42.641825, ""direction"": 119, ""longitude"": 18.072405, ""gsm_signal"": 31, ""sleep_mode"": false, ""staff_mode"": false, ""fault_codes"": [], ""speed_limit"": 46, ""engine_hours"": 1591, ""idc_triggers"": [], ""buzzer_active"": false, ""fuel_level_avg"": 0, ""lock_geo_alert"": false, ""operation_mode"": ""RENT"", ""battery_voltage"": 14.800000190734863, ""in_primary_zone"": true, ""lock_engine_alert"": false, ""in_restricted_zone"": false, ""onboard_geofencing"": false, ""speed_limit_active"": false}"
2023-07-17 13:06:12.434,5237,13,"359159972073523",20,"{""key"": false, ""flip"": false, ""zone"": false, ""speed"": 40.6, ""buzzer"": 0, ""engine"": true, ""in_zone"": true, ""ignition"": true, ""latitude"": 42.64187, ""direction"": 119, ""longitude"": 18.0722982, ""gsm_signal"": 31, ""sleep_mode"": false, ""staff_mode"": false, ""fault_codes"": [], ""speed_limit"": 46, ""engine_hours"": 1591, ""idc_triggers"": [], ""buzzer_active"": false, ""fuel_level_avg"": 0, ""lock_geo_alert"": false, ""operation_mode"": ""RENT"", ""battery_voltage"": 14.800000190734863, ""in_primary_zone"": true, ""lock_engine_alert"": false, ""in_restricted_zone"": false, ""onboard_geofencing"": false, ""speed_limit_active"": false}"
2023-07-17 13:06:11.475,5237,13,"359159972073523",20,"{""key"": false, ""flip"": false, ""zone"": false, ""speed"": 43.9, ""buzzer"": 0, ""engine"": true, ""in_zone"": true, ""ignition"": true, ""latitude"": 42.64192, ""direction"": 119, ""longitude"": 18.072175, ""gsm_signal"": 31, ""sleep_mode"": false, ""staff_mode"": false, ""fault_codes"": [], ""speed_limit"": 46, ""engine_hours"": 1591, ""idc_triggers"": [], ""buzzer_active"": false, ""fuel_level_avg"": 0, ""lock_geo_alert"": false, ""operation_mode"": ""RENT"", ""battery_voltage"": 14.800000190734863, ""in_primary_zone"": true, ""lock_engine_alert"": false, ""in_restricted_zone"": false, ""onboard_geofencing"": false, ""speed_limit_active"": false}"
2023-07-17 13:06:10.918,5237,13,"359159972073523",20,"{""key"": false, ""flip"": false, ""zone"": false, ""speed"": 46.3, ""buzzer"": 0, ""engine"": true, ""in_zone"": true, ""ignition"": true, ""latitude"": 42.6419766, ""direction"": 120, ""longitude"": 18.0720432, ""gsm_signal"": 31, ""sleep_mode"": false, ""staff_mode"": false, ""fault_codes"": [], ""speed_limit"": 46, ""engine_hours"": 1591, ""idc_triggers"": [], ""buzzer_active"": false, ""fuel_level_avg"": 0, ""lock_geo_alert"": false, ""operation_mode"": ""RENT"", ""battery_voltage"": 14.800000190734863, ""in_primary_zone"": true, ""lock_engine_alert"": false, ""in_restricted_zone"": false, ""onboard_geofencing"": false, ""speed_limit_active"": false}"
2023-07-17 13:06:09.429,5237,13,"359159972073523",20,"{""key"": false, ""flip"": false, ""zone"": false, ""speed"": 49.5, ""buzzer"": 0, ""engine"": true, ""in_zone"": true, ""ignition"": true, ""latitude"": 42.642035, ""direction"": 120, ""longitude"": 18.071905, ""gsm_signal"": 31, ""sleep_mode"": false, ""staff_mode"": false, ""fault_codes"": [], ""speed_limit"": 46, ""engine_hours"": 1591, ""idc_triggers"": [], ""buzzer_active"": false, ""fuel_level_avg"": 0, ""lock_geo_alert"": false, ""operation_mode"": ""RENT"", ""battery_voltage"": 14.800000190734863, ""in_primary_zone"": true, ""lock_engine_alert"": false, ""in_restricted_zone"": false, ""onboard_geofencing"": false, ""speed_limit_active"": false}"
2023-07-17 13:06:08.433,5237,13,"359159972073523",20,"{""key"": false, ""flip"": false, ""zone"": false, ""speed"": 54.6, ""buzzer"": 0, ""engine"": true, ""in_zone"": true, ""ignition"": true, ""latitude"": 42.6421016, ""direction"": 122, ""longitude"": 18.0717566, ""gsm_signal"": 31, ""sleep_mode"": false, ""staff_mode"": false, ""fault_codes"": [], ""speed_limit"": 46, ""engine_hours"": 1591, ""idc_triggers"": [], ""buzzer_active"": false, ""fuel_level_avg"": 0, ""lock_geo_alert"": false, ""operation_mode"": ""RENT"", ""battery_voltage"": 14.800000190734863, ""in_primary_zone"": true, ""lock_engine_alert"": false, ""in_restricted_zone"": false, ""onboard_geofencing"": false, ""speed_limit_active"": false}"
2023-07-17 13:06:07.455,5237,13,"359159972073523",20,"{""key"": false, ""flip"": false, ""zone"": false, ""speed"": 56.0, ""buzzer"": 0, ""engine"": true, ""in_zone"": true, ""ignition"": true, ""latitude"": 42.6421766, ""direction"": 122, ""longitude"": 18.0715982, ""gsm_signal"": 31, ""sleep_mode"": false, ""staff_mode"": false, ""fault_codes"": [], ""speed_limit"": 46, ""engine_hours"": 1591, ""idc_triggers"": [], ""buzzer_active"": false, ""fuel_level_avg"": 0, ""lock_geo_alert"": false, ""operation_mode"": ""RENT"", ""battery_voltage"": 14.800000190734863, ""in_primary_zone"": true, ""lock_engine_alert"": false, ""in_restricted_zone"": false, ""onboard_geofencing"": false, ""speed_limit_active"": false}"
2023-07-17 13:06:06.915,5237,13,"359159972073523",20,"{""key"": false, ""flip"": false, ""zone"": false, ""speed"": 56.3, ""buzzer"": 0, ""engine"": true, ""in_zone"": true, ""ignition"": true, ""latitude"": 42.6422533, ""direction"": 122, ""longitude"": 18.07144, ""gsm_signal"": 31, ""sleep_mode"": false, ""staff_mode"": false, ""fault_codes"": [], ""speed_limit"": 46, ""engine_hours"": 1591, ""idc_triggers"": [], ""buzzer_active"": false, ""fuel_level_avg"": 0, ""lock_geo_alert"": false, ""operation_mode"": ""RENT"", ""battery_voltage"": 14.800000190734863, ""in_primary_zone"": true, ""lock_engine_alert"": false, ""in_restricted_zone"": false, ""onboard_geofencing"": false, ""speed_limit_active"": false}"
2023-07-17 13:06:05.415,5237,13,"359159972073523",20,"{""key"": false, ""flip"": false, ""zone"": false, ""speed"": 56.3, ""buzzer"": 0, ""engine"": true, ""in_zone"": true, ""ignition"": true, ""latitude"": 42.64233, ""direction"": 123, ""longitude"": 18.07128, ""gsm_signal"": 31, ""sleep_mode"": false, ""staff_mode"": false, ""fault_codes"": [], ""speed_limit"": 46, ""engine_hours"": 1591, ""idc_triggers"": [], ""buzzer_active"": false, ""fuel_level_avg"": 0, ""lock_geo_alert"": false, ""operation_mode"": ""RENT"", ""battery_voltage"": 14.800000190734863, ""in_primary_zone"": true, ""lock_engine_alert"": false, ""in_restricted_zone"": false, ""onboard_geofencing"": false, ""speed_limit_active"": false}"
2023-07-17 13:06:04.437,5237,13,"359159972073523",20,"{""key"": false, ""flip"": false, ""zone"": false, ""speed"": 56.0, ""buzzer"": 0, ""engine"": true, ""in_zone"": true, ""ignition"": true, ""latitude"": 42.6424083, ""direction"": 123, ""longitude"": 18.07112, ""gsm_signal"": 31, ""sleep_mode"": false, ""staff_mode"": false, ""fault_codes"": [], ""speed_limit"": 46, ""engine_hours"": 1591, ""idc_triggers"": [], ""buzzer_active"": false, ""fuel_level_avg"": 0, ""lock_geo_alert"": false, ""operation_mode"": ""RENT"", ""battery_voltage"": 14.800000190734863, ""in_primary_zone"": true, ""lock_engine_alert"": false, ""in_restricted_zone"": false, ""onboard_geofencing"": false, ""speed_limit_active"": false}"
2023-07-17 13:06:03.441,5237,13,"359159972073523",20,"{""key"": false, ""flip"": false, ""zone"": false, ""speed"": 55.9, ""buzzer"": 0, ""engine"": true, ""in_zone"": true, ""ignition"": true, ""latitude"": 42.642485, ""direction"": 123, ""longitude"": 18.0709616, ""gsm_signal"": 31, ""sleep_mode"": false, ""staff_mode"": false, ""fault_codes"": [], ""speed_limit"": 46, ""engine_hours"": 1591, ""idc_triggers"": [], ""buzzer_active"": false, ""fuel_level_avg"": 0, ""lock_geo_alert"": false, ""operation_mode"": ""RENT"", ""battery_voltage"": 14.800000190734863, ""in_primary_zone"": true, ""lock_engine_alert"": false, ""in_restricted_zone"": false, ""onboard_geofencing"": false, ""speed_limit_active"": false}"
2023-07-17 13:06:02.475,5237,13,"359159972073523",20,"{""key"": false, ""flip"": false, ""zone"": false, ""speed"": 54.5, ""buzzer"": 0, ""engine"": true, ""in_zone"": true, ""ignition"": true, ""latitude"": 42.6425633, ""direction"": 124, ""longitude"": 18.070805, ""gsm_signal"": 31, ""sleep_mode"": false, ""staff_mode"": false, ""fault_codes"": [], ""speed_limit"": 46, ""engine_hours"": 1591, ""idc_triggers"": [], ""buzzer_active"": false, ""fuel_level_avg"": 0, ""lock_geo_alert"": false, ""operation_mode"": ""RENT"", ""battery_voltage"": 14.800000190734863, ""in_primary_zone"": true, ""lock_engine_alert"": false, ""in_restricted_zone"": false, ""onboard_geofencing"": false, ""speed_limit_active"": false}"
2023-07-17 13:06:01.920,5237,13,"359159972073523",20,"{""key"": false, ""flip"": false, ""zone"": false, ""speed"": 54.0, ""buzzer"": 0, ""engine"": true, ""in_zone"": true, ""ignition"": true, ""latitude"": 42.6426433, ""direction"": 126, ""longitude"": 18.070655, ""gsm_signal"": 31, ""sleep_mode"": false, ""staff_mode"": false, ""fault_codes"": [], ""speed_limit"": 46, ""engine_hours"": 1591, ""idc_triggers"": [], ""buzzer_active"": false, ""fuel_level_avg"": 0, ""lock_geo_alert"": false, ""operation_mode"": ""RENT"", ""battery_voltage"": 14.800000190734863, ""in_primary_zone"": true, ""lock_engine_alert"": false, ""in_restricted_zone"": false, ""onboard_geofencing"": false, ""speed_limit_active"": false}"
2023-07-17 13:06:00.436,5237,13,"359159972073523",20,"{""key"": false, ""flip"": false, ""zone"": false, ""speed"": 53.6, ""buzzer"": 0, ""engine"": true, ""in_zone"": true, ""ignition"": true, ""latitude"": 42.6427233, ""direction"": 125, ""longitude"": 18.0705066, ""gsm_signal"": 31, ""sleep_mode"": false, ""staff_mode"": false, ""fault_codes"": [], ""speed_limit"": 46, ""engine_hours"": 1591, ""idc_triggers"": [], ""buzzer_active"": false, ""fuel_level_avg"": 0, ""lock_geo_alert"": false, ""operation_mode"": ""RENT"", ""battery_voltage"": 14.800000190734863, ""in_primary_zone"": true, ""lock_engine_alert"": false, ""in_restricted_zone"": false, ""onboard_geofencing"": false, ""speed_limit_active"": false}"
2023-07-17 13:05:59.479,5237,13,"359159972073523",20,"{""key"": false, ""flip"": false, ""zone"": false, ""speed"": 51.2, ""buzzer"": 0, ""engine"": true, ""in_zone"": true, ""ignition"": true, ""latitude"": 42.6428016, ""direction"": 125, ""longitude"": 18.0703616, ""gsm_signal"": 31, ""sleep_mode"": false, ""staff_mode"": false, ""fault_codes"": [], ""speed_limit"": 46, ""engine_hours"": 1591, ""idc_triggers"": [], ""buzzer_active"": false, ""fuel_level_avg"": 0, ""lock_geo_alert"": false, ""operation_mode"": ""RENT"", ""battery_voltage"": 14.800000190734863, ""in_primary_zone"": true, ""lock_engine_alert"": false, ""in_restricted_zone"": false, ""onboard_geofencing"": false, ""speed_limit_active"": false}"
2023-07-17 13:05:58.918,5237,13,"359159972073523",20,"{""key"": false, ""flip"": false, ""zone"": false, ""speed"": 49.2, ""buzzer"": 0, ""engine"": true, ""in_zone"": true, ""ignition"": true, ""latitude"": 42.642875, ""direction"": 124, ""longitude"": 18.0702216, ""gsm_signal"": 31, ""sleep_mode"": false, ""staff_mode"": false, ""fault_codes"": [], ""speed_limit"": 46, ""engine_hours"": 1591, ""idc_triggers"": [], ""buzzer_active"": false, ""fuel_level_avg"": 0, ""lock_geo_alert"": false, ""operation_mode"": ""RENT"", ""battery_voltage"": 14.800000190734863, ""in_primary_zone"": true, ""lock_engine_alert"": false, ""in_restricted_zone"": false, ""onboard_geofencing"": false, ""speed_limit_active"": false}"
2023-07-17 13:05:57.435,5237,13,"359159972073523",20,"{""key"": false, ""flip"": false, ""zone"": false, ""speed"": 47.9, ""buzzer"": 0, ""engine"": true, ""in_zone"": true, ""ignition"": true, ""latitude"": 42.642945, ""direction"": 124, ""longitude"": 18.070085, ""gsm_signal"": 31, ""sleep_mode"": false, ""staff_mode"": false, ""fault_codes"": [], ""speed_limit"": 46, ""engine_hours"": 1591, ""idc_triggers"": [], ""buzzer_active"": false, ""fuel_level_avg"": 0, ""lock_geo_alert"": false, ""operation_mode"": ""RENT"", ""battery_voltage"": 14.800000190734863, ""in_primary_zone"": true, ""lock_engine_alert"": false, ""in_restricted_zone"": false, ""onboard_geofencing"": false, ""speed_limit_active"": false}"
2023-07-17 13:05:56.476,5237,13,"359159972073523",20,"{""key"": false, ""flip"": false, ""zone"": false, ""speed"": 46.6, ""buzzer"": 0, ""engine"": true, ""in_zone"": true, ""ignition"": true, ""latitude"": 42.6430116, ""direction"": 122, ""longitude"": 18.06995, ""gsm_signal"": 31, ""sleep_mode"": false, ""staff_mode"": false, ""fault_codes"": [], ""speed_limit"": 46, ""engine_hours"": 1591, ""idc_triggers"": [], ""buzzer_active"": false, ""fuel_level_avg"": 0, ""lock_geo_alert"": false, ""operation_mode"": ""RENT"", ""battery_voltage"": 14.800000190734863, ""in_primary_zone"": true, ""lock_engine_alert"": false, ""in_restricted_zone"": false, ""onboard_geofencing"": false, ""speed_limit_active"": false}"
2023-07-17 13:05:55.918,5237,13,"359159972073523",20,"{""key"": false, ""flip"": false, ""zone"": false, ""speed"": 45.8, ""buzzer"": 0, ""engine"": true, ""in_zone"": true, ""ignition"": true, ""latitude"": 42.643075, ""direction"": 120, ""longitude"": 18.0698166, ""gsm_signal"": 31, ""sleep_mode"": false, ""staff_mode"": false, ""fault_codes"": [], ""speed_limit"": 46, ""engine_hours"": 1591, ""idc_triggers"": [], ""buzzer_active"": false, ""fuel_level_avg"": 0, ""lock_geo_alert"": false, ""operation_mode"": ""RENT"", ""battery_voltage"": 14.800000190734863, ""in_primary_zone"": true, ""lock_engine_alert"": false, ""in_restricted_zone"": false, ""onboard_geofencing"": false, ""speed_limit_active"": false}"
2023-07-17 13:05:54.437,5237,13,"359159972073523",20,"{""key"": false, ""flip"": false, ""zone"": false, ""speed"": 45.4, ""buzzer"": 0, ""engine"": true, ""in_zone"": true, ""ignition"": true, ""latitude"": 42.6431333, ""direction"": 119, ""longitude"": 18.0696832, ""gsm_signal"": 31, ""sleep_mode"": false, ""staff_mode"": false, ""fault_codes"": [], ""speed_limit"": 46, ""engine_hours"": 1591, ""idc_triggers"": [], ""buzzer_active"": false, ""fuel_level_avg"": 0, ""lock_geo_alert"": false, ""operation_mode"": ""RENT"", ""battery_voltage"": 14.800000190734863, ""in_primary_zone"": true, ""lock_engine_alert"": false, ""in_restricted_zone"": false, ""onboard_geofencing"": false, ""speed_limit_active"": false}"
2023-07-17 13:05:53.475,5237,13,"359159972073523",20,"{""key"": false, ""flip"": false, ""zone"": false, ""speed"": 43.8, ""buzzer"": 0, ""engine"": true, ""in_zone"": true, ""ignition"": true, ""latitude"": 42.6431883, ""direction"": 117, ""longitude"": 18.06955, ""gsm_signal"": 31, ""sleep_mode"": false, ""staff_mode"": false, ""fault_codes"": [], ""speed_limit"": 46, ""engine_hours"": 1591, ""idc_triggers"": [], ""buzzer_active"": false, ""fuel_level_avg"": 0, ""lock_geo_alert"": false, ""operation_mode"": ""RENT"", ""battery_voltage"": 14.800000190734863, ""in_primary_zone"": true, ""lock_engine_alert"": false, ""in_restricted_zone"": false, ""onboard_geofencing"": false, ""speed_limit_active"": false}"
2023-07-17 13:05:52.917,5237,13,"359159972073523",20,"{""key"": false, ""flip"": false, ""zone"": false, ""speed"": 43.5, ""buzzer"": 0, ""engine"": true, ""in_zone"": true, ""ignition"": true, ""latitude"": 42.6432383, ""direction"": 115, ""longitude"": 18.0694182, ""gsm_signal"": 31, ""sleep_mode"": false, ""staff_mode"": false, ""fault_codes"": [], ""speed_limit"": 46, ""engine_hours"": 1591, ""idc_triggers"": [], ""buzzer_active"": false, ""fuel_level_avg"": 0, ""lock_geo_alert"": false, ""operation_mode"": ""RENT"", ""battery_voltage"": 14.800000190734863, ""in_primary_zone"": true, ""lock_engine_alert"": false, ""in_restricted_zone"": false, ""onboard_geofencing"": false, ""speed_limit_active"": false}"
2023-07-17 13:05:51.436,5237,13,"359159972073523",20,"{""key"": false, ""flip"": false, ""zone"": false, ""speed"": 42.8, ""buzzer"": 0, ""engine"": true, ""in_zone"": true, ""ignition"": true, ""latitude"": 42.643285, ""direction"": 115, ""longitude"": 18.069285, ""gsm_signal"": 31, ""sleep_mode"": false, ""staff_mode"": false, ""fault_codes"": [], ""speed_limit"": 46, ""engine_hours"": 1591, ""idc_triggers"": [], ""buzzer_active"": false, ""fuel_level_avg"": 0, ""lock_geo_alert"": false, ""operation_mode"": ""RENT"", ""battery_voltage"": 14.800000190734863, ""in_primary_zone"": true, ""lock_engine_alert"": false, ""in_restricted_zone"": false, ""onboard_geofencing"": false, ""speed_limit_active"": false}"
2023-07-17 13:05:50.476,5237,13,"359159972073523",20,"{""key"": false, ""flip"": false, ""zone"": false, ""speed"": 42.0, ""buzzer"": 0, ""engine"": true, ""in_zone"": true, ""ignition"": true, ""latitude"": 42.6433283, ""direction"": 113, ""longitude"": 18.0691532, ""gsm_signal"": 31, ""sleep_mode"": false, ""staff_mode"": false, ""fault_codes"": [], ""speed_limit"": 46, ""engine_hours"": 1591, ""idc_triggers"": [], ""buzzer_active"": false, ""fuel_level_avg"": 0, ""lock_geo_alert"": false, ""operation_mode"": ""RENT"", ""battery_voltage"": 14.800000190734863, ""in_primary_zone"": true, ""lock_engine_alert"": false, ""in_restricted_zone"": false, ""onboard_geofencing"": false, ""speed_limit_active"": false}"
2023-07-17 13:05:49.917,5237,13,"359159972073523",20,"{""key"": false, ""flip"": false, ""zone"": false, ""speed"": 38.6, ""buzzer"": 0, ""engine"": true, ""in_zone"": true, ""ignition"": true, ""latitude"": 42.64337, ""direction"": 111, ""longitude"": 18.0690232, ""gsm_signal"": 31, ""sleep_mode"": false, ""staff_mode"": false, ""fault_codes"": [], ""speed_limit"": 46, ""engine_hours"": 1591, ""idc_triggers"": [], ""buzzer_active"": false, ""fuel_level_avg"": 0, ""lock_geo_alert"": false, ""operation_mode"": ""RENT"", ""battery_voltage"": 14.800000190734863, ""in_primary_zone"": true, ""lock_engine_alert"": false, ""in_restricted_zone"": false, ""onboard_geofencing"": false, ""speed_limit_active"": false}"
2023-07-17 13:05:48.417,5237,13,"359159972073523",20,"{""key"": false, ""flip"": false, ""zone"": false, ""speed"": 35.8, ""buzzer"": 0, ""engine"": true, ""in_zone"": true, ""ignition"": true, ""latitude"": 42.6434033, ""direction"": 111, ""longitude"": 18.0689032, ""gsm_signal"": 31, ""sleep_mode"": false, ""staff_mode"": false, ""fault_codes"": [], ""speed_limit"": 46, ""engine_hours"": 1591, ""idc_triggers"": [], ""buzzer_active"": false, ""fuel_level_avg"": 0, ""lock_geo_alert"": false, ""operation_mode"": ""RENT"", ""battery_voltage"": 14.800000190734863, ""in_primary_zone"": true, ""lock_engine_alert"": false, ""in_restricted_zone"": false, ""onboard_geofencing"": false, ""speed_limit_active"": false}"
2023-07-17 13:05:47.434,5237,13,"359159972073523",20,"{""key"": false, ""flip"": false, ""zone"": false, ""speed"": 35.1, ""buzzer"": 0, ""engine"": true, ""in_zone"": true, ""ignition"": true, ""latitude"": 42.643435, ""direction"": 110, ""longitude"": 18.06879, ""gsm_signal"": 31, ""sleep_mode"": false, ""staff_mode"": false, ""fault_codes"": [], ""speed_limit"": 46, ""engine_hours"": 1591, ""idc_triggers"": [], ""buzzer_active"": false, ""fuel_level_avg"": 0, ""lock_geo_alert"": false, ""operation_mode"": ""RENT"", ""battery_voltage"": 14.800000190734863, ""in_primary_zone"": true, ""lock_engine_alert"": false, ""in_restricted_zone"": false, ""onboard_geofencing"": false, ""speed_limit_active"": false}"
2023-07-17 13:05:46.497,5237,13,"359159972073523",20,"{""key"": false, ""flip"": false, ""zone"": false, ""speed"": 33.2, ""buzzer"": 0, ""engine"": true, ""in_zone"": true, ""ignition"": true, ""latitude"": 42.643465, ""direction"": 109, ""longitude"": 18.0686782, ""gsm_signal"": 31, ""sleep_mode"": false, ""staff_mode"": false, ""fault_codes"": [], ""speed_limit"": 46, ""engine_hours"": 1591, ""idc_triggers"": [], ""buzzer_active"": false, ""fuel_level_avg"": 0, ""lock_geo_alert"": false, ""operation_mode"": ""RENT"", ""battery_voltage"": 14.800000190734863, ""in_primary_zone"": true, ""lock_engine_alert"": false, ""in_restricted_zone"": false, ""onboard_geofencing"": false, ""speed_limit_active"": false}"
2023-07-17 13:05:45.916,5237,13,"359159972073523",20,"{""key"": false, ""flip"": false, ""zone"": false, ""speed"": 31.7, ""buzzer"": 0, ""engine"": true, ""in_zone"": true, ""ignition"": true, ""latitude"": 42.6434916, ""direction"": 107, ""longitude"": 18.0685716, ""gsm_signal"": 31, ""sleep_mode"": false, ""staff_mode"": false, ""fault_codes"": [], ""speed_limit"": 46, ""engine_hours"": 1591, ""idc_triggers"": [], ""buzzer_active"": false, ""fuel_level_avg"": 0, ""lock_geo_alert"": false, ""operation_mode"": ""RENT"", ""battery_voltage"": 14.800000190734863, ""in_primary_zone"": true, ""lock_engine_alert"": false, ""in_restricted_zone"": false, ""onboard_geofencing"": false, ""speed_limit_active"": false}"
2023-07-17 13:05:44.434,5237,13,"359159972073523",20,"{""key"": false, ""flip"": false, ""zone"": false, ""speed"": 32.6, ""buzzer"": 0, ""engine"": true, ""in_zone"": true, ""ignition"": true, ""latitude"": 42.643515, ""direction"": 105, ""longitude"": 18.0684682, ""gsm_signal"": 31, ""sleep_mode"": false, ""staff_mode"": false, ""fault_codes"": [], ""speed_limit"": 46, ""engine_hours"": 1591, ""idc_triggers"": [], ""buzzer_active"": false, ""fuel_level_avg"": 0, ""lock_geo_alert"": false, ""operation_mode"": ""RENT"", ""battery_voltage"": 14.800000190734863, ""in_primary_zone"": true, ""lock_engine_alert"": false, ""in_restricted_zone"": false, ""onboard_geofencing"": false, ""speed_limit_active"": false}"
2023-07-17 13:05:43.497,5237,13,"359159972073523",20,"{""key"": false, ""flip"": false, ""zone"": false, ""speed"": 35.5, ""buzzer"": 0, ""engine"": true, ""in_zone"": true, ""ignition"": true, ""latitude"": 42.6435383, ""direction"": 104, ""longitude"": 18.0683582, ""gsm_signal"": 31, ""sleep_mode"": false, ""staff_mode"": false, ""fault_codes"": [], ""speed_limit"": 46, ""engine_hours"": 1591, ""idc_triggers"": [], ""buzzer_active"": false, ""fuel_level_avg"": 0, ""lock_geo_alert"": false, ""operation_mode"": ""RENT"", ""battery_voltage"": 14.800000190734863, ""in_primary_zone"": true, ""lock_engine_alert"": false, ""in_restricted_zone"": false, ""onboard_geofencing"": false, ""speed_limit_active"": false}"
2023-07-17 13:05:42.915,5237,13,"359159972073523",20,"{""key"": false, ""flip"": false, ""zone"": false, ""speed"": 39.5, ""buzzer"": 0, ""engine"": true, ""in_zone"": true, ""ignition"": true, ""latitude"": 42.6435616, ""direction"": 103, ""longitude"": 18.0682382, ""gsm_signal"": 31, ""sleep_mode"": false, ""staff_mode"": false, ""fault_codes"": [], ""speed_limit"": 46, ""engine_hours"": 1591, ""idc_triggers"": [], ""buzzer_active"": false, ""fuel_level_avg"": 0, ""lock_geo_alert"": false, ""operation_mode"": ""RENT"", ""battery_voltage"": 14.800000190734863, ""in_primary_zone"": true, ""lock_engine_alert"": false, ""in_restricted_zone"": false, ""onboard_geofencing"": false, ""speed_limit_active"": false}"
2023-07-17 13:05:41.415,5237,13,"359159972073523",20,"{""key"": false, ""flip"": false, ""zone"": false, ""speed"": 46.9, ""buzzer"": 0, ""engine"": true, ""in_zone"": true, ""ignition"": true, ""latitude"": 42.6435866, ""direction"": 103, ""longitude"": 18.0681, ""gsm_signal"": 31, ""sleep_mode"": false, ""staff_mode"": false, ""fault_codes"": [], ""speed_limit"": 46, ""engine_hours"": 1591, ""idc_triggers"": [], ""buzzer_active"": false, ""fuel_level_avg"": 0, ""lock_geo_alert"": false, ""operation_mode"": ""RENT"", ""battery_voltage"": 14.800000190734863, ""in_primary_zone"": true, ""lock_engine_alert"": false, ""in_restricted_zone"": false, ""onboard_geofencing"": false, ""speed_limit_active"": false}"
2023-07-17 13:05:40.415,5237,13,"359159972073523",20,"{""key"": false, ""flip"": false, ""zone"": false, ""speed"": 51.1, ""buzzer"": 0, ""engine"": true, ""in_zone"": true, ""ignition"": true, ""latitude"": 42.6436133, ""direction"": 103, ""longitude"": 18.0679416, ""gsm_signal"": 31, ""sleep_mode"": false, ""staff_mode"": false, ""fault_codes"": [], ""speed_limit"": 46, ""engine_hours"": 1591, ""idc_triggers"": [], ""buzzer_active"": false, ""fuel_level_avg"": 0, ""lock_geo_alert"": false, ""operation_mode"": ""RENT"", ""battery_voltage"": 14.800000190734863, ""in_primary_zone"": true, ""lock_engine_alert"": false, ""in_restricted_zone"": false, ""onboard_geofencing"": false, ""speed_limit_active"": false}"
2023-07-17 13:05:39.454,5237,13,"359159972073523",20,"{""key"": false, ""flip"": false, ""zone"": false, ""speed"": 56.1, ""buzzer"": 0, ""engine"": true, ""in_zone"": true, ""ignition"": true, ""latitude"": 42.6436433, ""direction"": 102, ""longitude"": 18.0677682, ""gsm_signal"": 31, ""sleep_mode"": false, ""staff_mode"": false, ""fault_codes"": [], ""speed_limit"": 46, ""engine_hours"": 1591, ""idc_triggers"": [], ""buzzer_active"": false, ""fuel_level_avg"": 0, ""lock_geo_alert"": false, ""operation_mode"": ""RENT"", ""battery_voltage"": 14.800000190734863, ""in_primary_zone"": true, ""lock_engine_alert"": false, ""in_restricted_zone"": false, ""onboard_geofencing"": false, ""speed_limit_active"": false}"
2023-07-17 13:05:38.475,5237,13,"359159972073523",20,"{""key"": false, ""flip"": false, ""zone"": false, ""speed"": 57.4, ""buzzer"": 0, ""engine"": true, ""in_zone"": true, ""ignition"": true, ""latitude"": 42.6436766, ""direction"": 103, ""longitude"": 18.0675816, ""gsm_signal"": 31, ""sleep_mode"": false, ""staff_mode"": false, ""fault_codes"": [], ""speed_limit"": 46, ""engine_hours"": 1591, ""idc_triggers"": [], ""buzzer_active"": false, ""fuel_level_avg"": 0, ""lock_geo_alert"": false, ""operation_mode"": ""RENT"", ""battery_voltage"": 14.800000190734863, ""in_primary_zone"": true, ""lock_engine_alert"": false, ""in_restricted_zone"": false, ""onboard_geofencing"": false, ""speed_limit_active"": false}"
2023-07-17 13:05:37.916,5237,13,"359159972073523",20,"{""key"": false, ""flip"": false, ""zone"": false, ""speed"": 55.2, ""buzzer"": 0, ""engine"": true, ""in_zone"": true, ""ignition"": true, ""latitude"": 42.64371, ""direction"": 105, ""longitude"": 18.067395, ""gsm_signal"": 31, ""sleep_mode"": false, ""staff_mode"": false, ""fault_codes"": [], ""speed_limit"": 46, ""engine_hours"": 1591, ""idc_triggers"": [], ""buzzer_active"": false, ""fuel_level_avg"": 0, ""lock_geo_alert"": false, ""operation_mode"": ""RENT"", ""battery_voltage"": 14.800000190734863, ""in_primary_zone"": true, ""lock_engine_alert"": false, ""in_restricted_zone"": false, ""onboard_geofencing"": false, ""speed_limit_active"": false}"
2023-07-17 13:05:36.452,5237,13,"359159972073523",20,"{""key"": false, ""flip"": false, ""zone"": false, ""speed"": 54.3, ""buzzer"": 0, ""engine"": true, ""in_zone"": true, ""ignition"": true, ""latitude"": 42.6437483, ""direction"": 106, ""longitude"": 18.0672166, ""gsm_signal"": 31, ""sleep_mode"": false, ""staff_mode"": false, ""fault_codes"": [], ""speed_limit"": 46, ""engine_hours"": 1591, ""idc_triggers"": [], ""buzzer_active"": false, ""fuel_level_avg"": 0, ""lock_geo_alert"": false, ""operation_mode"": ""RENT"", ""battery_voltage"": 14.800000190734863, ""in_primary_zone"": true, ""lock_engine_alert"": false, ""in_restricted_zone"": false, ""onboard_geofencing"": false, ""speed_limit_active"": false}"
2023-07-17 13:05:35.488,5237,13,"359159972073523",20,"{""key"": false, ""flip"": false, ""zone"": false, ""speed"": 55.3, ""buzzer"": 0, ""engine"": true, ""in_zone"": true, ""ignition"": true, ""latitude"": 42.6437866, ""direction"": 107, ""longitude"": 18.06704, ""gsm_signal"": 31, ""sleep_mode"": false, ""staff_mode"": false, ""fault_codes"": [], ""speed_limit"": 46, ""engine_hours"": 1591, ""idc_triggers"": [], ""buzzer_active"": false, ""fuel_level_avg"": 0, ""lock_geo_alert"": false, ""operation_mode"": ""RENT"", ""battery_voltage"": 14.800000190734863, ""in_primary_zone"": true, ""lock_engine_alert"": false, ""in_restricted_zone"": false, ""onboard_geofencing"": false, ""speed_limit_active"": false}"
2023-07-17 13:05:34.917,5237,13,"359159972073523",20,"{""key"": false, ""flip"": false, ""zone"": false, ""speed"": 55.2, ""buzzer"": 0, ""engine"": true, ""in_zone"": true, ""ignition"": true, ""latitude"": 42.6438283, ""direction"": 106, ""longitude"": 18.06686, ""gsm_signal"": 31, ""sleep_mode"": false, ""staff_mode"": false, ""fault_codes"": [], ""speed_limit"": 46, ""engine_hours"": 1591, ""idc_triggers"": [], ""buzzer_active"": false, ""fuel_level_avg"": 0, ""lock_geo_alert"": false, ""operation_mode"": ""RENT"", ""battery_voltage"": 14.800000190734863, ""in_primary_zone"": true, ""lock_engine_alert"": false, ""in_restricted_zone"": false, ""onboard_geofencing"": false, ""speed_limit_active"": false}"
2023-07-17 13:05:33.439,5237,13,"359159972073523",20,"{""key"": false, ""flip"": false, ""zone"": false, ""speed"": 55.4, ""buzzer"": 0, ""engine"": true, ""in_zone"": true, ""ignition"": true, ""latitude"": 42.6438683, ""direction"": 107, ""longitude"": 18.0666816, ""gsm_signal"": 31, ""sleep_mode"": false, ""staff_mode"": false, ""fault_codes"": [], ""speed_limit"": 46, ""engine_hours"": 1591, ""idc_triggers"": [], ""buzzer_active"": false, ""fuel_level_avg"": 0, ""lock_geo_alert"": false, ""operation_mode"": ""RENT"", ""battery_voltage"": 14.800000190734863, ""in_primary_zone"": true, ""lock_engine_alert"": false, ""in_restricted_zone"": false, ""onboard_geofencing"": false, ""speed_limit_active"": false}"
2023-07-17 13:05:32.475,5237,13,"359159972073523",20,"{""key"": false, ""flip"": false, ""zone"": false, ""speed"": 58.5, ""buzzer"": 0, ""engine"": true, ""in_zone"": true, ""ignition"": true, ""latitude"": 42.64391, ""direction"": 107, ""longitude"": 18.0664982, ""gsm_signal"": 31, ""sleep_mode"": false, ""staff_mode"": false, ""fault_codes"": [], ""speed_limit"": 46, ""engine_hours"": 1591, ""idc_triggers"": [], ""buzzer_active"": false, ""fuel_level_avg"": 0, ""lock_geo_alert"": false, ""operation_mode"": ""RENT"", ""battery_voltage"": 14.800000190734863, ""in_primary_zone"": true, ""lock_engine_alert"": false, ""in_restricted_zone"": false, ""onboard_geofencing"": false, ""speed_limit_active"": false}"
2023-07-17 13:05:31.916,5237,13,"359159972073523",20,"{""key"": false, ""flip"": false, ""zone"": false, ""speed"": 58.8, ""buzzer"": 0, ""engine"": true, ""in_zone"": true, ""ignition"": true, ""latitude"": 42.643955, ""direction"": 107, ""longitude"": 18.06631, ""gsm_signal"": 31, ""sleep_mode"": false, ""staff_mode"": false, ""fault_codes"": [], ""speed_limit"": 46, ""engine_hours"": 1591, ""idc_triggers"": [], ""buzzer_active"": false, ""fuel_level_avg"": 0, ""lock_geo_alert"": false, ""operation_mode"": ""RENT"", ""battery_voltage"": 14.800000190734863, ""in_primary_zone"": true, ""lock_engine_alert"": false, ""in_restricted_zone"": false, ""onboard_geofencing"": false, ""speed_limit_active"": false}"
2023-07-17 13:05:30.436,5237,13,"359159972073523",20,"{""key"": false, ""flip"": false, ""zone"": false, ""speed"": 57.7, ""buzzer"": 0, ""engine"": true, ""in_zone"": true, ""ignition"": true, ""latitude"": 42.644, ""direction"": 108, ""longitude"": 18.06612, ""gsm_signal"": 31, ""sleep_mode"": false, ""staff_mode"": false, ""fault_codes"": [], ""speed_limit"": 46, ""engine_hours"": 1591, ""idc_triggers"": [], ""buzzer_active"": false, ""fuel_level_avg"": 0, ""lock_geo_alert"": false, ""operation_mode"": ""RENT"", ""battery_voltage"": 14.800000190734863, ""in_primary_zone"": true, ""lock_engine_alert"": false, ""in_restricted_zone"": false, ""onboard_geofencing"": false, ""speed_limit_active"": false}"
2023-07-17 13:05:29.477,5237,13,"359159972073523",20,"{""key"": false, ""flip"": false, ""zone"": false, ""speed"": 57.2, ""buzzer"": 0, ""engine"": true, ""in_zone"": true, ""ignition"": true, ""latitude"": 42.6440466, ""direction"": 109, ""longitude"": 18.0659366, ""gsm_signal"": 31, ""sleep_mode"": false, ""staff_mode"": false, ""fault_codes"": [], ""speed_limit"": 46, ""engine_hours"": 1591, ""idc_triggers"": [], ""buzzer_active"": false, ""fuel_level_avg"": 0, ""lock_geo_alert"": false, ""operation_mode"": ""RENT"", ""battery_voltage"": 14.800000190734863, ""in_primary_zone"": true, ""lock_engine_alert"": false, ""in_restricted_zone"": false, ""onboard_geofencing"": false, ""speed_limit_active"": false}"
2023-07-17 13:05:28.919,5237,13,"359159972073523",20,"{""key"": false, ""flip"": false, ""zone"": false, ""speed"": 55.9, ""buzzer"": 0, ""engine"": true, ""in_zone"": true, ""ignition"": true, ""latitude"": 42.6440916, ""direction"": 109, ""longitude"": 18.0657532, ""gsm_signal"": 31, ""sleep_mode"": false, ""staff_mode"": false, ""fault_codes"": [], ""speed_limit"": 46, ""engine_hours"": 1591, ""idc_triggers"": [], ""buzzer_active"": false, ""fuel_level_avg"": 0, ""lock_geo_alert"": false, ""operation_mode"": ""RENT"", ""battery_voltage"": 14.800000190734863, ""in_primary_zone"": true, ""lock_engine_alert"": false, ""in_restricted_zone"": false, ""onboard_geofencing"": false, ""speed_limit_active"": false}"
2023-07-17 13:05:27.437,5237,13,"359159972073523",20,"{""key"": false, ""flip"": false, ""zone"": false, ""speed"": 55.5, ""buzzer"": 0, ""engine"": true, ""in_zone"": true, ""ignition"": true, ""latitude"": 42.6441366, ""direction"": 108, ""longitude"": 18.0655732, ""gsm_signal"": 31, ""sleep_mode"": false, ""staff_mode"": false, ""fault_codes"": [], ""speed_limit"": 46, ""engine_hours"": 1591, ""idc_triggers"": [], ""buzzer_active"": false, ""fuel_level_avg"": 0, ""lock_geo_alert"": false, ""operation_mode"": ""RENT"", ""battery_voltage"": 14.800000190734863, ""in_primary_zone"": true, ""lock_engine_alert"": false, ""in_restricted_zone"": false, ""onboard_geofencing"": false, ""speed_limit_active"": false}"
2023-07-17 13:05:26.475,5237,13,"359159972073523",20,"{""key"": false, ""flip"": false, ""zone"": false, ""speed"": 56.4, ""buzzer"": 0, ""engine"": true, ""in_zone"": true, ""ignition"": true, ""latitude"": 42.64418, ""direction"": 106, ""longitude"": 18.0653932, ""gsm_signal"": 31, ""sleep_mode"": false, ""staff_mode"": false, ""fault_codes"": [], ""speed_limit"": 46, ""engine_hours"": 1591, ""idc_triggers"": [], ""buzzer_active"": false, ""fuel_level_avg"": 0, ""lock_geo_alert"": false, ""operation_mode"": ""RENT"", ""battery_voltage"": 14.800000190734863, ""in_primary_zone"": true, ""lock_engine_alert"": false, ""in_restricted_zone"": false, ""onboard_geofencing"": false, ""speed_limit_active"": false}"
2023-07-17 13:05:25.916,5237,13,"359159972073523",20,"{""key"": false, ""flip"": false, ""zone"": false, ""speed"": 54.6, ""buzzer"": 0, ""engine"": true, ""in_zone"": true, ""ignition"": true, ""latitude"": 42.64422, ""direction"": 106, ""longitude"": 18.0652116, ""gsm_signal"": 31, ""sleep_mode"": false, ""staff_mode"": false, ""fault_codes"": [], ""speed_limit"": 46, ""engine_hours"": 1591, ""idc_triggers"": [], ""buzzer_active"": false, ""fuel_level_avg"": 0, ""lock_geo_alert"": false, ""operation_mode"": ""RENT"", ""battery_voltage"": 14.800000190734863, ""in_primary_zone"": true, ""lock_engine_alert"": false, ""in_restricted_zone"": false, ""onboard_geofencing"": false, ""speed_limit_active"": false}"
2023-07-17 13:05:24.416,5237,13,"359159972073523",20,"{""key"": false, ""flip"": false, ""zone"": false, ""speed"": 53.2, ""buzzer"": 0, ""engine"": true, ""in_zone"": true, ""ignition"": true, ""latitude"": 42.6442583, ""direction"": 106, ""longitude"": 18.065035, ""gsm_signal"": 31, ""sleep_mode"": false, ""staff_mode"": false, ""fault_codes"": [], ""speed_limit"": 46, ""engine_hours"": 1591, ""idc_triggers"": [], ""buzzer_active"": false, ""fuel_level_avg"": 0, ""lock_geo_alert"": false, ""operation_mode"": ""RENT"", ""battery_voltage"": 14.800000190734863, ""in_primary_zone"": true, ""lock_engine_alert"": false, ""in_restricted_zone"": false, ""onboard_geofencing"": false, ""speed_limit_active"": false}"
2023-07-17 13:05:23.436,5237,13,"359159972073523",20,"{""key"": false, ""flip"": false, ""zone"": false, ""speed"": 51.5, ""buzzer"": 0, ""engine"": true, ""in_zone"": true, ""ignition"": true, ""latitude"": 42.6442966, ""direction"": 106, ""longitude"": 18.0648632, ""gsm_signal"": 31, ""sleep_mode"": false, ""staff_mode"": false, ""fault_codes"": [], ""speed_limit"": 46, ""engine_hours"": 1591, ""idc_triggers"": [], ""buzzer_active"": false, ""fuel_level_avg"": 0, ""lock_geo_alert"": false, ""operation_mode"": ""RENT"", ""battery_voltage"": 14.800000190734863, ""in_primary_zone"": true, ""lock_engine_alert"": false, ""in_restricted_zone"": false, ""onboard_geofencing"": false, ""speed_limit_active"": false}"
2023-07-17 13:05:22.436,5237,13,"359159972073523",20,"{""key"": false, ""flip"": false, ""zone"": false, ""speed"": 51.3, ""buzzer"": 0, ""engine"": true, ""in_zone"": true, ""ignition"": true, ""latitude"": 42.6443333, ""direction"": 107, ""longitude"": 18.0646966, ""gsm_signal"": 31, ""sleep_mode"": false, ""staff_mode"": false, ""fault_codes"": [], ""speed_limit"": 46, ""engine_hours"": 1591, ""idc_triggers"": [], ""buzzer_active"": false, ""fuel_level_avg"": 0, ""lock_geo_alert"": false, ""operation_mode"": ""RENT"", ""battery_voltage"": 14.800000190734863, ""in_primary_zone"": true, ""lock_engine_alert"": false, ""in_restricted_zone"": false, ""onboard_geofencing"": false, ""speed_limit_active"": false}"
2023-07-17 13:05:21.494,5237,13,"359159972073523",20,"{""key"": false, ""flip"": false, ""zone"": false, ""speed"": 51.4, ""buzzer"": 0, ""engine"": true, ""in_zone"": true, ""ignition"": true, ""latitude"": 42.6443716, ""direction"": 107, ""longitude"": 18.06453, ""gsm_signal"": 31, ""sleep_mode"": false, ""staff_mode"": false, ""fault_codes"": [], ""speed_limit"": 46, ""engine_hours"": 1591, ""idc_triggers"": [], ""buzzer_active"": false, ""fuel_level_avg"": 0, ""lock_geo_alert"": false, ""operation_mode"": ""RENT"", ""battery_voltage"": 14.800000190734863, ""in_primary_zone"": true, ""lock_engine_alert"": false, ""in_restricted_zone"": false, ""onboard_geofencing"": false, ""speed_limit_active"": false}"
2023-07-17 13:05:20.914,5237,13,"359159972073523",20,"{""key"": false, ""flip"": false, ""zone"": false, ""speed"": 50.5, ""buzzer"": 0, ""engine"": true, ""in_zone"": true, ""ignition"": true, ""latitude"": 42.64441, ""direction"": 107, ""longitude"": 18.064365, ""gsm_signal"": 31, ""sleep_mode"": false, ""staff_mode"": false, ""fault_codes"": [], ""speed_limit"": 46, ""engine_hours"": 1591, ""idc_triggers"": [], ""buzzer_active"": false, ""fuel_level_avg"": 0, ""lock_geo_alert"": false, ""operation_mode"": ""RENT"", ""battery_voltage"": 14.800000190734863, ""in_primary_zone"": true, ""lock_engine_alert"": false, ""in_restricted_zone"": false, ""onboard_geofencing"": false, ""speed_limit_active"": false}"
2023-07-17 13:05:19.422,5237,13,"359159972073523",20,"{""key"": false, ""flip"": false, ""zone"": false, ""speed"": 55.8, ""buzzer"": 0, ""engine"": true, ""in_zone"": true, ""ignition"": true, ""latitude"": 42.6444483, ""direction"": 107, ""longitude"": 18.0641966, ""gsm_signal"": 31, ""sleep_mode"": false, ""staff_mode"": false, ""fault_codes"": [], ""speed_limit"": 46, ""engine_hours"": 1591, ""idc_triggers"": [], ""buzzer_active"": false, ""fuel_level_avg"": 0, ""lock_geo_alert"": false, ""operation_mode"": ""RENT"", ""battery_voltage"": 14.800000190734863, ""in_primary_zone"": true, ""lock_engine_alert"": false, ""in_restricted_zone"": false, ""onboard_geofencing"": false, ""speed_limit_active"": false}"
2023-07-17 13:05:18.436,5237,13,"359159972073523",20,"{""key"": false, ""flip"": false, ""zone"": false, ""speed"": 57.1, ""buzzer"": 0, ""engine"": true, ""in_zone"": true, ""ignition"": true, ""latitude"": 42.64449, ""direction"": 106, ""longitude"": 18.064015, ""gsm_signal"": 31, ""sleep_mode"": false, ""staff_mode"": false, ""fault_codes"": [], ""speed_limit"": 46, ""engine_hours"": 1591, ""idc_triggers"": [], ""buzzer_active"": false, ""fuel_level_avg"": 0, ""lock_geo_alert"": false, ""operation_mode"": ""RENT"", ""battery_voltage"": 14.800000190734863, ""in_primary_zone"": true, ""lock_engine_alert"": false, ""in_restricted_zone"": false, ""onboard_geofencing"": false, ""speed_limit_active"": false}"
2023-07-17 13:05:17.474,5237,13,"359159972073523",20,"{""key"": false, ""flip"": false, ""zone"": false, ""speed"": 55.8, ""buzzer"": 0, ""engine"": true, ""in_zone"": true, ""ignition"": true, ""latitude"": 42.6445316, ""direction"": 106, ""longitude"": 18.0638316, ""gsm_signal"": 31, ""sleep_mode"": false, ""staff_mode"": false, ""fault_codes"": [], ""speed_limit"": 46, ""engine_hours"": 1591, ""idc_triggers"": [], ""buzzer_active"": false, ""fuel_level_avg"": 0, ""lock_geo_alert"": false, ""operation_mode"": ""RENT"", ""battery_voltage"": 14.800000190734863, ""in_primary_zone"": true, ""lock_engine_alert"": false, ""in_restricted_zone"": false, ""onboard_geofencing"": false, ""speed_limit_active"": false}"
2023-07-17 13:05:16.916,5237,13,"359159972073523",20,"{""key"": false, ""flip"": false, ""zone"": false, ""speed"": 55.4, ""buzzer"": 0, ""engine"": true, ""in_zone"": true, ""ignition"": true, ""latitude"": 42.6445716, ""direction"": 106, ""longitude"": 18.06365, ""gsm_signal"": 31, ""sleep_mode"": false, ""staff_mode"": false, ""fault_codes"": [], ""speed_limit"": 46, ""engine_hours"": 1591, ""idc_triggers"": [], ""buzzer_active"": false, ""fuel_level_avg"": 0, ""lock_geo_alert"": false, ""operation_mode"": ""RENT"", ""battery_voltage"": 14.800000190734863, ""in_primary_zone"": true, ""lock_engine_alert"": false, ""in_restricted_zone"": false, ""onboard_geofencing"": false, ""speed_limit_active"": false}"
2023-07-17 13:05:15.435,5237,13,"359159972073523",20,"{""key"": false, ""flip"": false, ""zone"": false, ""speed"": 55.7, ""buzzer"": 0, ""engine"": true, ""in_zone"": true, ""ignition"": true, ""latitude"": 42.64461, ""direction"": 106, ""longitude"": 18.06347, ""gsm_signal"": 31, ""sleep_mode"": false, ""staff_mode"": false, ""fault_codes"": [], ""speed_limit"": 46, ""engine_hours"": 1591, ""idc_triggers"": [], ""buzzer_active"": false, ""fuel_level_avg"": 0, ""lock_geo_alert"": false, ""operation_mode"": ""RENT"", ""battery_voltage"": 14.800000190734863, ""in_primary_zone"": true, ""lock_engine_alert"": false, ""in_restricted_zone"": false, ""onboard_geofencing"": false, ""speed_limit_active"": false}"
2023-07-17 13:05:14.474,5237,13,"359159972073523",20,"{""key"": false, ""flip"": false, ""zone"": false, ""speed"": 55.4, ""buzzer"": 0, ""engine"": true, ""in_zone"": true, ""ignition"": true, ""latitude"": 42.6446483, ""direction"": 106, ""longitude"": 18.0632882, ""gsm_signal"": 31, ""sleep_mode"": false, ""staff_mode"": false, ""fault_codes"": [], ""speed_limit"": 46, ""engine_hours"": 1591, ""idc_triggers"": [], ""buzzer_active"": false, ""fuel_level_avg"": 0, ""lock_geo_alert"": false, ""operation_mode"": ""RENT"", ""battery_voltage"": 14.800000190734863, ""in_primary_zone"": true, ""lock_engine_alert"": false, ""in_restricted_zone"": false, ""onboard_geofencing"": false, ""speed_limit_active"": false}"
2023-07-17 13:05:13.919,5237,13,"359159972073523",20,"{""key"": false, ""flip"": false, ""zone"": false, ""speed"": 54.8, ""buzzer"": 0, ""engine"": true, ""in_zone"": true, ""ignition"": true, ""latitude"": 42.6446883, ""direction"": 106, ""longitude"": 18.06311, ""gsm_signal"": 31, ""sleep_mode"": false, ""staff_mode"": false, ""fault_codes"": [], ""speed_limit"": 46, ""engine_hours"": 1591, ""idc_triggers"": [], ""buzzer_active"": false, ""fuel_level_avg"": 0, ""lock_geo_alert"": false, ""operation_mode"": ""RENT"", ""battery_voltage"": 14.800000190734863, ""in_primary_zone"": true, ""lock_engine_alert"": false, ""in_restricted_zone"": false, ""onboard_geofencing"": false, ""speed_limit_active"": false}"
2023-07-17 13:05:12.464,5237,13,"359159972073523",20,"{""key"": false, ""flip"": false, ""zone"": false, ""speed"": 54.1, ""buzzer"": 0, ""engine"": true, ""in_zone"": true, ""ignition"": true, ""latitude"": 42.6447283, ""direction"": 107, ""longitude"": 18.0629332, ""gsm_signal"": 31, ""sleep_mode"": false, ""staff_mode"": false, ""fault_codes"": [], ""speed_limit"": 46, ""engine_hours"": 1591, ""idc_triggers"": [], ""buzzer_active"": false, ""fuel_level_avg"": 0, ""lock_geo_alert"": false, ""operation_mode"": ""RENT"", ""battery_voltage"": 14.800000190734863, ""in_primary_zone"": true, ""lock_engine_alert"": false, ""in_restricted_zone"": false, ""onboard_geofencing"": false, ""speed_limit_active"": false}"
2023-07-17 13:05:11.449,5237,13,"359159972073523",20,"{""key"": false, ""flip"": false, ""zone"": false, ""speed"": 53.4, ""buzzer"": 0, ""engine"": true, ""in_zone"": true, ""ignition"": true, ""latitude"": 42.6447683, ""direction"": 106, ""longitude"": 18.0627582, ""gsm_signal"": 31, ""sleep_mode"": false, ""staff_mode"": false, ""fault_codes"": [], ""speed_limit"": 46, ""engine_hours"": 1591, ""idc_triggers"": [], ""buzzer_active"": false, ""fuel_level_avg"": 0, ""lock_geo_alert"": false, ""operation_mode"": ""RENT"", ""battery_voltage"": 14.800000190734863, ""in_primary_zone"": true, ""lock_engine_alert"": false, ""in_restricted_zone"": false, ""onboard_geofencing"": false, ""speed_limit_active"": false}"
2023-07-17 13:05:10.479,5237,13,"359159972073523",20,"{""key"": false, ""flip"": false, ""zone"": false, ""speed"": 52.0, ""buzzer"": 0, ""engine"": true, ""in_zone"": true, ""ignition"": true, ""latitude"": 42.644805, ""direction"": 106, ""longitude"": 18.062585, ""gsm_signal"": 31, ""sleep_mode"": false, ""staff_mode"": false, ""fault_codes"": [], ""speed_limit"": 46, ""engine_hours"": 1591, ""idc_triggers"": [], ""buzzer_active"": false, ""fuel_level_avg"": 0, ""lock_geo_alert"": false, ""operation_mode"": ""RENT"", ""battery_voltage"": 14.800000190734863, ""in_primary_zone"": true, ""lock_engine_alert"": false, ""in_restricted_zone"": false, ""onboard_geofencing"": false, ""speed_limit_active"": false}"
2023-07-17 13:05:09.914,5237,13,"359159972073523",20,"{""key"": false, ""flip"": false, ""zone"": false, ""speed"": 51.6, ""buzzer"": 0, ""engine"": true, ""in_zone"": true, ""ignition"": true, ""latitude"": 42.6448416, ""direction"": 105, ""longitude"": 18.0624166, ""gsm_signal"": 31, ""sleep_mode"": false, ""staff_mode"": false, ""fault_codes"": [], ""speed_limit"": 46, ""engine_hours"": 1591, ""idc_triggers"": [], ""buzzer_active"": false, ""fuel_level_avg"": 0, ""lock_geo_alert"": false, ""operation_mode"": ""RENT"", ""battery_voltage"": 14.800000190734863, ""in_primary_zone"": true, ""lock_engine_alert"": false, ""in_restricted_zone"": false, ""onboard_geofencing"": false, ""speed_limit_active"": false}"
2023-07-17 13:05:08.419,5237,13,"359159972073523",20,"{""key"": false, ""flip"": false, ""zone"": false, ""speed"": 49.5, ""buzzer"": 0, ""engine"": true, ""in_zone"": true, ""ignition"": true, ""latitude"": 42.6448766, ""direction"": 105, ""longitude"": 18.06225, ""gsm_signal"": 31, ""sleep_mode"": false, ""staff_mode"": false, ""fault_codes"": [], ""speed_limit"": 46, ""engine_hours"": 1591, ""idc_triggers"": [], ""buzzer_active"": false, ""fuel_level_avg"": 0, ""lock_geo_alert"": false, ""operation_mode"": ""RENT"", ""battery_voltage"": 14.800000190734863, ""in_primary_zone"": true, ""lock_engine_alert"": false, ""in_restricted_zone"": false, ""onboard_geofencing"": false, ""speed_limit_active"": false}"
2023-07-17 13:05:07.438,5237,13,"359159972073523",20,"{""key"": false, ""flip"": false, ""zone"": false, ""speed"": 47.0, ""buzzer"": 0, ""engine"": true, ""in_zone"": true, ""ignition"": true, ""latitude"": 42.6449083, ""direction"": 105, ""longitude"": 18.06209, ""gsm_signal"": 31, ""sleep_mode"": false, ""staff_mode"": false, ""fault_codes"": [], ""speed_limit"": 46, ""engine_hours"": 1591, ""idc_triggers"": [], ""buzzer_active"": false, ""fuel_level_avg"": 0, ""lock_geo_alert"": false, ""operation_mode"": ""RENT"", ""battery_voltage"": 14.800000190734863, ""in_primary_zone"": true, ""lock_engine_alert"": false, ""in_restricted_zone"": false, ""onboard_geofencing"": false, ""speed_limit_active"": false}"
2023-07-17 13:05:06.476,5237,13,"359159972073523",20,"{""key"": false, ""flip"": false, ""zone"": false, ""speed"": 47.5, ""buzzer"": 0, ""engine"": true, ""in_zone"": true, ""ignition"": true, ""latitude"": 42.64494, ""direction"": 105, ""longitude"": 18.0619366, ""gsm_signal"": 31, ""sleep_mode"": false, ""staff_mode"": false, ""fault_codes"": [], ""speed_limit"": 46, ""engine_hours"": 1591, ""idc_triggers"": [], ""buzzer_active"": false, ""fuel_level_avg"": 0, ""lock_geo_alert"": false, ""operation_mode"": ""RENT"", ""battery_voltage"": 14.800000190734863, ""in_primary_zone"": true, ""lock_engine_alert"": false, ""in_restricted_zone"": false, ""onboard_geofencing"": false, ""speed_limit_active"": false}"
2023-07-17 13:05:05.476,5237,13,"359159972073523",20,"{""key"": false, ""flip"": false, ""zone"": false, ""speed"": 48.0, ""buzzer"": 0, ""engine"": true, ""in_zone"": true, ""ignition"": true, ""latitude"": 42.6449733, ""direction"": 105, ""longitude"": 18.0617816, ""gsm_signal"": 31, ""sleep_mode"": false, ""staff_mode"": false, ""fault_codes"": [], ""speed_limit"": 46, ""engine_hours"": 1591, ""idc_triggers"": [], ""buzzer_active"": false, ""fuel_level_avg"": 0, ""lock_geo_alert"": false, ""operation_mode"": ""RENT"", ""battery_voltage"": 14.800000190734863, ""in_primary_zone"": true, ""lock_engine_alert"": false, ""in_restricted_zone"": false, ""onboard_geofencing"": false, ""speed_limit_active"": false}"
2023-07-17 13:05:04.916,5237,13,"359159972073523",20,"{""key"": false, ""flip"": false, ""zone"": false, ""speed"": 47.0, ""buzzer"": 0, ""engine"": true, ""in_zone"": true, ""ignition"": true, ""latitude"": 42.645005, ""direction"": 105, ""longitude"": 18.061625, ""gsm_signal"": 31, ""sleep_mode"": false, ""staff_mode"": false, ""fault_codes"": [], ""speed_limit"": 46, ""engine_hours"": 1591, ""idc_triggers"": [], ""buzzer_active"": false, ""fuel_level_avg"": 0, ""lock_geo_alert"": false, ""operation_mode"": ""RENT"", ""battery_voltage"": 14.800000190734863, ""in_primary_zone"": true, ""lock_engine_alert"": false, ""in_restricted_zone"": false, ""onboard_geofencing"": false, ""speed_limit_active"": false}"
2023-07-17 13:05:03.423,5237,13,"359159972073523",20,"{""key"": false, ""flip"": false, ""zone"": false, ""speed"": 45.5, ""buzzer"": 0, ""engine"": true, ""in_zone"": true, ""ignition"": true, ""latitude"": 42.645035, ""direction"": 105, ""longitude"": 18.0614732, ""gsm_signal"": 31, ""sleep_mode"": false, ""staff_mode"": false, ""fault_codes"": [], ""speed_limit"": 46, ""engine_hours"": 1591, ""idc_triggers"": [], ""buzzer_active"": false, ""fuel_level_avg"": 0, ""lock_geo_alert"": false, ""operation_mode"": ""RENT"", ""battery_voltage"": 14.800000190734863, ""in_primary_zone"": true, ""lock_engine_alert"": false, ""in_restricted_zone"": false, ""onboard_geofencing"": false, ""speed_limit_active"": false}"
2023-07-17 13:05:02.836,5237,13,"359159972073523",20,"{""key"": false, ""flip"": false, ""zone"": false, ""speed"": 44.9, ""buzzer"": 0, ""engine"": true, ""in_zone"": true, ""ignition"": true, ""latitude"": 42.6450683, ""direction"": 107, ""longitude"": 18.0613266, ""gsm_signal"": 31, ""sleep_mode"": false, ""staff_mode"": false, ""fault_codes"": [], ""speed_limit"": 46, ""engine_hours"": 1591, ""idc_triggers"": [], ""buzzer_active"": false, ""fuel_level_avg"": 0, ""lock_geo_alert"": false, ""operation_mode"": ""RENT"", ""battery_voltage"": 14.800000190734863, ""in_primary_zone"": true, ""lock_engine_alert"": false, ""in_restricted_zone"": false, ""onboard_geofencing"": false, ""speed_limit_active"": false}"
2023-07-17 13:05:01.916,5237,13,"359159972073523",20,"{""key"": false, ""flip"": false, ""zone"": false, ""speed"": 44.7, ""buzzer"": 0, ""engine"": true, ""in_zone"": true, ""ignition"": true, ""latitude"": 42.6451033, ""direction"": 108, ""longitude"": 18.0611816, ""gsm_signal"": 31, ""sleep_mode"": false, ""staff_mode"": false, ""fault_codes"": [], ""speed_limit"": 46, ""engine_hours"": 1591, ""idc_triggers"": [], ""buzzer_active"": false, ""fuel_level_avg"": 0, ""lock_geo_alert"": false, ""operation_mode"": ""RENT"", ""battery_voltage"": 14.800000190734863, ""in_primary_zone"": true, ""lock_engine_alert"": false, ""in_restricted_zone"": false, ""onboard_geofencing"": false, ""speed_limit_active"": false}"
2023-07-17 13:05:00.443,5237,13,"359159972073523",20,"{""key"": false, ""flip"": false, ""zone"": false, ""speed"": 44.0, ""buzzer"": 0, ""engine"": true, ""in_zone"": true, ""ignition"": true, ""latitude"": 42.64514, ""direction"": 109, ""longitude"": 18.06104, ""gsm_signal"": 31, ""sleep_mode"": false, ""staff_mode"": false, ""fault_codes"": [], ""speed_limit"": 46, ""engine_hours"": 1591, ""idc_triggers"": [], ""buzzer_active"": false, ""fuel_level_avg"": 0, ""lock_geo_alert"": false, ""operation_mode"": ""RENT"", ""battery_voltage"": 14.800000190734863, ""in_primary_zone"": true, ""lock_engine_alert"": false, ""in_restricted_zone"": false, ""onboard_geofencing"": false, ""speed_limit_active"": false}"
2023-07-17 13:04:59.478,5237,13,"359159972073523",20,"{""key"": false, ""flip"": false, ""zone"": false, ""speed"": 44.1, ""buzzer"": 0, ""engine"": true, ""in_zone"": true, ""ignition"": true, ""latitude"": 42.6451766, ""direction"": 110, ""longitude"": 18.0609, ""gsm_signal"": 31, ""sleep_mode"": false, ""staff_mode"": false, ""fault_codes"": [], ""speed_limit"": 46, ""engine_hours"": 1591, ""idc_triggers"": [], ""buzzer_active"": false, ""fuel_level_avg"": 0, ""lock_geo_alert"": false, ""operation_mode"": ""RENT"", ""battery_voltage"": 14.800000190734863, ""in_primary_zone"": true, ""lock_engine_alert"": false, ""in_restricted_zone"": false, ""onboard_geofencing"": false, ""speed_limit_active"": false}"
2023-07-17 13:04:58.918,5237,13,"359159972073523",20,"{""key"": false, ""flip"": false, ""zone"": false, ""speed"": 41.7, ""buzzer"": 0, ""engine"": true, ""in_zone"": true, ""ignition"": true, ""latitude"": 42.6452166, ""direction"": 109, ""longitude"": 18.0607616, ""gsm_signal"": 31, ""sleep_mode"": false, ""staff_mode"": false, ""fault_codes"": [], ""speed_limit"": 46, ""engine_hours"": 1591, ""idc_triggers"": [], ""buzzer_active"": false, ""fuel_level_avg"": 0, ""lock_geo_alert"": false, ""operation_mode"": ""RENT"", ""battery_voltage"": 14.800000190734863, ""in_primary_zone"": true, ""lock_engine_alert"": false, ""in_restricted_zone"": false, ""onboard_geofencing"": false, ""speed_limit_active"": false}"
2023-07-17 13:04:57.419,5237,13,"359159972073523",20,"{""key"": false, ""flip"": false, ""zone"": false, ""speed"": 41.3, ""buzzer"": 0, ""engine"": true, ""in_zone"": true, ""ignition"": true, ""latitude"": 42.6452516, ""direction"": 109, ""longitude"": 18.0606282, ""gsm_signal"": 31, ""sleep_mode"": false, ""staff_mode"": false, ""fault_codes"": [], ""speed_limit"": 46, ""engine_hours"": 1591, ""idc_triggers"": [], ""buzzer_active"": false, ""fuel_level_avg"": 0, ""lock_geo_alert"": false, ""operation_mode"": ""RENT"", ""battery_voltage"": 14.800000190734863, ""in_primary_zone"": true, ""lock_engine_alert"": false, ""in_restricted_zone"": false, ""onboard_geofencing"": false, ""speed_limit_active"": false}"
2023-07-17 13:04:56.435,5237,13,"359159972073523",20,"{""key"": false, ""flip"": false, ""zone"": false, ""speed"": 39.8, ""buzzer"": 0, ""engine"": true, ""in_zone"": true, ""ignition"": true, ""latitude"": 42.6452866, ""direction"": 109, ""longitude"": 18.0604982, ""gsm_signal"": 31, ""sleep_mode"": false, ""staff_mode"": false, ""fault_codes"": [], ""speed_limit"": 46, ""engine_hours"": 1591, ""idc_triggers"": [], ""buzzer_active"": false, ""fuel_level_avg"": 0, ""lock_geo_alert"": false, ""operation_mode"": ""RENT"", ""battery_voltage"": 14.800000190734863, ""in_primary_zone"": true, ""lock_engine_alert"": false, ""in_restricted_zone"": false, ""onboard_geofencing"": false, ""speed_limit_active"": false}"
2023-07-17 13:04:55.455,5237,13,"359159972073523",20,"{""key"": false, ""flip"": false, ""zone"": false, ""speed"": 39.3, ""buzzer"": 0, ""engine"": true, ""in_zone"": true, ""ignition"": true, ""latitude"": 42.6453183, ""direction"": 109, ""longitude"": 18.0603716, ""gsm_signal"": 31, ""sleep_mode"": false, ""staff_mode"": false, ""fault_codes"": [], ""speed_limit"": 46, ""engine_hours"": 1591, ""idc_triggers"": [], ""buzzer_active"": false, ""fuel_level_avg"": 0, ""lock_geo_alert"": false, ""operation_mode"": ""RENT"", ""battery_voltage"": 14.800000190734863, ""in_primary_zone"": true, ""lock_engine_alert"": false, ""in_restricted_zone"": false, ""onboard_geofencing"": false, ""speed_limit_active"": false}"
2023-07-17 13:04:54.915,5237,13,"359159972073523",20,"{""key"": false, ""flip"": false, ""zone"": false, ""speed"": 38.1, ""buzzer"": 0, ""engine"": true, ""in_zone"": true, ""ignition"": true, ""latitude"": 42.6453516, ""direction"": 109, ""longitude"": 18.0602466, ""gsm_signal"": 31, ""sleep_mode"": false, ""staff_mode"": false, ""fault_codes"": [], ""speed_limit"": 46, ""engine_hours"": 1591, ""idc_triggers"": [], ""buzzer_active"": false, ""fuel_level_avg"": 0, ""lock_geo_alert"": false, ""operation_mode"": ""RENT"", ""battery_voltage"": 14.800000190734863, ""in_primary_zone"": true, ""lock_engine_alert"": false, ""in_restricted_zone"": false, ""onboard_geofencing"": false, ""speed_limit_active"": false}"
2023-07-17 13:04:53.419,5237,13,"359159972073523",20,"{""key"": false, ""flip"": false, ""zone"": false, ""speed"": 38.1, ""buzzer"": 0, ""engine"": true, ""in_zone"": true, ""ignition"": true, ""latitude"": 42.645385, ""direction"": 110, ""longitude"": 18.060125, ""gsm_signal"": 31, ""sleep_mode"": false, ""staff_mode"": false, ""fault_codes"": [], ""speed_limit"": 46, ""engine_hours"": 1591, ""idc_triggers"": [], ""buzzer_active"": false, ""fuel_level_avg"": 0, ""lock_geo_alert"": false, ""operation_mode"": ""RENT"", ""battery_voltage"": 14.800000190734863, ""in_primary_zone"": true, ""lock_engine_alert"": false, ""in_restricted_zone"": false, ""onboard_geofencing"": false, ""speed_limit_active"": false}"
2023-07-17 13:04:52.485,5237,13,"359159972073523",20,"{""key"": false, ""flip"": false, ""zone"": false, ""speed"": 33.8, ""buzzer"": 0, ""engine"": true, ""in_zone"": true, ""ignition"": true, ""latitude"": 42.6454166, ""direction"": 110, ""longitude"": 18.0600082, ""gsm_signal"": 31, ""sleep_mode"": false, ""staff_mode"": false, ""fault_codes"": [], ""speed_limit"": 46, ""engine_hours"": 1591, ""idc_triggers"": [], ""buzzer_active"": false, ""fuel_level_avg"": 0, ""lock_geo_alert"": false, ""operation_mode"": ""RENT"", ""battery_voltage"": 14.800000190734863, ""in_primary_zone"": true, ""lock_engine_alert"": false, ""in_restricted_zone"": false, ""onboard_geofencing"": false, ""speed_limit_active"": false}"
2023-07-17 13:04:51.599,5237,13,"359159972073523",20,"{""key"": false, ""flip"": false, ""zone"": false, ""speed"": 29.6, ""buzzer"": 0, ""engine"": true, ""in_zone"": true, ""ignition"": true, ""latitude"": 42.645445, ""direction"": 109, ""longitude"": 18.059905, ""gsm_signal"": 31, ""sleep_mode"": false, ""staff_mode"": false, ""fault_codes"": [], ""speed_limit"": 46, ""engine_hours"": 1591, ""idc_triggers"": [], ""buzzer_active"": false, ""fuel_level_avg"": 0, ""lock_geo_alert"": false, ""operation_mode"": ""RENT"", ""battery_voltage"": 14.800000190734863, ""in_primary_zone"": true, ""lock_engine_alert"": false, ""in_restricted_zone"": false, ""onboard_geofencing"": false, ""speed_limit_active"": false}"
2023-07-17 13:04:50.914,5237,13,"359159972073523",20,"{""key"": false, ""flip"": false, ""zone"": false, ""speed"": 25.2, ""buzzer"": 0, ""engine"": true, ""in_zone"": true, ""ignition"": true, ""latitude"": 42.6454683, ""direction"": 108, ""longitude"": 18.059815, ""gsm_signal"": 31, ""sleep_mode"": false, ""staff_mode"": false, ""fault_codes"": [], ""speed_limit"": 46, ""engine_hours"": 1591, ""idc_triggers"": [], ""buzzer_active"": false, ""fuel_level_avg"": 0, ""lock_geo_alert"": false, ""operation_mode"": ""RENT"", ""battery_voltage"": 14.800000190734863, ""in_primary_zone"": true, ""lock_engine_alert"": false, ""in_restricted_zone"": false, ""onboard_geofencing"": false, ""speed_limit_active"": false}"
2023-07-17 13:04:49.414,5237,13,"359159972073523",20,"{""key"": false, ""flip"": false, ""zone"": false, ""speed"": 20.5, ""buzzer"": 0, ""engine"": true, ""in_zone"": true, ""ignition"": true, ""latitude"": 42.645485, ""direction"": 103, ""longitude"": 18.0597382, ""gsm_signal"": 31, ""sleep_mode"": false, ""staff_mode"": false, ""fault_codes"": [], ""speed_limit"": 46, ""engine_hours"": 1591, ""idc_triggers"": [], ""buzzer_active"": false, ""fuel_level_avg"": 0, ""lock_geo_alert"": false, ""operation_mode"": ""RENT"", ""battery_voltage"": 14.800000190734863, ""in_primary_zone"": true, ""lock_engine_alert"": false, ""in_restricted_zone"": false, ""onboard_geofencing"": false, ""speed_limit_active"": false}"
2023-07-17 13:04:48.437,5237,13,"359159972073523",20,"{""key"": false, ""flip"": false, ""zone"": false, ""speed"": 15.4, ""buzzer"": 0, ""engine"": true, ""in_zone"": true, ""ignition"": true, ""latitude"": 42.6454966, ""direction"": 102, ""longitude"": 18.059675, ""gsm_signal"": 30, ""sleep_mode"": false, ""staff_mode"": false, ""fault_codes"": [], ""speed_limit"": 46, ""engine_hours"": 1591, ""idc_triggers"": [], ""buzzer_active"": false, ""fuel_level_avg"": 0, ""lock_geo_alert"": false, ""operation_mode"": ""RENT"", ""battery_voltage"": 14.800000190734863, ""in_primary_zone"": true, ""lock_engine_alert"": false, ""in_restricted_zone"": false, ""onboard_geofencing"": false, ""speed_limit_active"": false}"
2023-07-17 13:04:47.476,5237,13,"359159972073523",20,"{""key"": false, ""flip"": false, ""zone"": false, ""speed"": 11.3, ""buzzer"": 0, ""engine"": true, ""in_zone"": true, ""ignition"": true, ""latitude"": 42.645505, ""direction"": 103, ""longitude"": 18.0596266, ""gsm_signal"": 30, ""sleep_mode"": false, ""staff_mode"": false, ""fault_codes"": [], ""speed_limit"": 46, ""engine_hours"": 1591, ""idc_triggers"": [], ""buzzer_active"": false, ""fuel_level_avg"": 0, ""lock_geo_alert"": false, ""operation_mode"": ""RENT"", ""battery_voltage"": 14.800000190734863, ""in_primary_zone"": true, ""lock_engine_alert"": false, ""in_restricted_zone"": false, ""onboard_geofencing"": false, ""speed_limit_active"": false}"
2023-07-17 13:04:46.919,5237,13,"359159972073523",20,"{""key"": false, ""flip"": false, ""zone"": false, ""speed"": 8.7, ""buzzer"": 0, ""engine"": true, ""in_zone"": true, ""ignition"": true, ""latitude"": 42.6455116, ""direction"": 107, ""longitude"": 18.0595916, ""gsm_signal"": 30, ""sleep_mode"": false, ""staff_mode"": false, ""fault_codes"": [], ""speed_limit"": 46, ""engine_hours"": 1591, ""idc_triggers"": [], ""buzzer_active"": false, ""fuel_level_avg"": 0, ""lock_geo_alert"": false, ""operation_mode"": ""RENT"", ""battery_voltage"": 14.800000190734863, ""in_primary_zone"": true, ""lock_engine_alert"": false, ""in_restricted_zone"": false, ""onboard_geofencing"": false, ""speed_limit_active"": false}"
2023-07-17 13:04:45.436,5237,13,"359159972073523",20,"{""key"": false, ""flip"": false, ""zone"": false, ""speed"": 9.4, ""buzzer"": 0, ""engine"": true, ""in_zone"": true, ""ignition"": true, ""latitude"": 42.64552, ""direction"": 107, ""longitude"": 18.0595616, ""gsm_signal"": 29, ""sleep_mode"": false, ""staff_mode"": false, ""fault_codes"": [], ""speed_limit"": 46, ""engine_hours"": 1591, ""idc_triggers"": [], ""buzzer_active"": false, ""fuel_level_avg"": 0, ""lock_geo_alert"": false, ""operation_mode"": ""RENT"", ""battery_voltage"": 14.800000190734863, ""in_primary_zone"": true, ""lock_engine_alert"": false, ""in_restricted_zone"": false, ""onboard_geofencing"": false, ""speed_limit_active"": false}"
2023-07-17 13:04:44.477,5237,13,"359159972073523",20,"{""key"": false, ""flip"": false, ""zone"": false, ""speed"": 11.6, ""buzzer"": 0, ""engine"": true, ""in_zone"": true, ""ignition"": true, ""latitude"": 42.6455283, ""direction"": 108, ""longitude"": 18.05953, ""gsm_signal"": 29, ""sleep_mode"": false, ""staff_mode"": false, ""fault_codes"": [], ""speed_limit"": 46, ""engine_hours"": 1591, ""idc_triggers"": [], ""buzzer_active"": false, ""fuel_level_avg"": 0, ""lock_geo_alert"": false, ""operation_mode"": ""RENT"", ""battery_voltage"": 14.800000190734863, ""in_primary_zone"": true, ""lock_engine_alert"": false, ""in_restricted_zone"": false, ""onboard_geofencing"": false, ""speed_limit_active"": false}"
2023-07-17 13:04:43.918,5237,13,"359159972073523",20,"{""key"": false, ""flip"": false, ""zone"": false, ""speed"": 16.5, ""buzzer"": 0, ""engine"": true, ""in_zone"": true, ""ignition"": true, ""latitude"": 42.6455383, ""direction"": 107, ""longitude"": 18.0594866, ""gsm_signal"": 29, ""sleep_mode"": false, ""staff_mode"": false, ""fault_codes"": [], ""speed_limit"": 46, ""engine_hours"": 1591, ""idc_triggers"": [], ""buzzer_active"": false, ""fuel_level_avg"": 0, ""lock_geo_alert"": false, ""operation_mode"": ""RENT"", ""battery_voltage"": 14.800000190734863, ""in_primary_zone"": true, ""lock_engine_alert"": false, ""in_restricted_zone"": false, ""onboard_geofencing"": false, ""speed_limit_active"": false}"
2023-07-17 13:04:42.436,5237,13,"359159972073523",20,"{""key"": false, ""flip"": false, ""zone"": false, ""speed"": 21.3, ""buzzer"": 0, ""engine"": true, ""in_zone"": true, ""ignition"": true, ""latitude"": 42.6455533, ""direction"": 106, ""longitude"": 18.0594266, ""gsm_signal"": 29, ""sleep_mode"": false, ""staff_mode"": false, ""fault_codes"": [], ""speed_limit"": 46, ""engine_hours"": 1591, ""idc_triggers"": [], ""buzzer_active"": false, ""fuel_level_avg"": 0, ""lock_geo_alert"": false, ""operation_mode"": ""RENT"", ""battery_voltage"": 14.800000190734863, ""in_primary_zone"": true, ""lock_engine_alert"": false, ""in_restricted_zone"": false, ""onboard_geofencing"": false, ""speed_limit_active"": false}"
2023-07-17 13:04:41.482,5237,13,"359159972073523",20,"{""key"": false, ""flip"": false, ""zone"": false, ""speed"": 27.4, ""buzzer"": 0, ""engine"": true, ""in_zone"": true, ""ignition"": true, ""latitude"": 42.64557, ""direction"": 104, ""longitude"": 18.05935, ""gsm_signal"": 29, ""sleep_mode"": false, ""staff_mode"": false, ""fault_codes"": [], ""speed_limit"": 46, ""engine_hours"": 1591, ""idc_triggers"": [], ""buzzer_active"": false, ""fuel_level_avg"": 0, ""lock_geo_alert"": false, ""operation_mode"": ""RENT"", ""battery_voltage"": 14.800000190734863, ""in_primary_zone"": true, ""lock_engine_alert"": false, ""in_restricted_zone"": false, ""onboard_geofencing"": false, ""speed_limit_active"": false}"
2023-07-17 13:04:40.916,5237,13,"359159972073523",20,"{""key"": false, ""flip"": false, ""zone"": false, ""speed"": 36.8, ""buzzer"": 0, ""engine"": true, ""in_zone"": true, ""ignition"": true, ""latitude"": 42.6455883, ""direction"": 103, ""longitude"": 18.05925, ""gsm_signal"": 29, ""sleep_mode"": false, ""staff_mode"": false, ""fault_codes"": [], ""speed_limit"": 46, ""engine_hours"": 1591, ""idc_triggers"": [], ""buzzer_active"": false, ""fuel_level_avg"": 0, ""lock_geo_alert"": false, ""operation_mode"": ""RENT"", ""battery_voltage"": 14.800000190734863, ""in_primary_zone"": true, ""lock_engine_alert"": false, ""in_restricted_zone"": false, ""onboard_geofencing"": false, ""speed_limit_active"": false}"
2023-07-17 13:04:39.436,5237,13,"359159972073523",20,"{""key"": false, ""flip"": false, ""zone"": false, ""speed"": 46.9, ""buzzer"": 0, ""engine"": true, ""in_zone"": true, ""ignition"": true, ""latitude"": 42.64561, ""direction"": 101, ""longitude"": 18.0591182, ""gsm_signal"": 29, ""sleep_mode"": false, ""staff_mode"": false, ""fault_codes"": [], ""speed_limit"": 46, ""engine_hours"": 1591, ""idc_triggers"": [], ""buzzer_active"": false, ""fuel_level_avg"": 0, ""lock_geo_alert"": false, ""operation_mode"": ""RENT"", ""battery_voltage"": 14.800000190734863, ""in_primary_zone"": true, ""lock_engine_alert"": false, ""in_restricted_zone"": false, ""onboard_geofencing"": false, ""speed_limit_active"": false}"
2023-07-17 13:04:38.475,5237,13,"359159972073523",20,"{""key"": false, ""flip"": false, ""zone"": false, ""speed"": 51.6, ""buzzer"": 0, ""engine"": true, ""in_zone"": true, ""ignition"": true, ""latitude"": 42.645635, ""direction"": 103, ""longitude"": 18.0589582, ""gsm_signal"": 29, ""sleep_mode"": false, ""staff_mode"": false, ""fault_codes"": [], ""speed_limit"": 46, ""engine_hours"": 1591, ""idc_triggers"": [], ""buzzer_active"": false, ""fuel_level_avg"": 0, ""lock_geo_alert"": false, ""operation_mode"": ""RENT"", ""battery_voltage"": 14.800000190734863, ""in_primary_zone"": true, ""lock_engine_alert"": false, ""in_restricted_zone"": false, ""onboard_geofencing"": false, ""speed_limit_active"": false}"
2023-07-17 13:04:37.915,5237,13,"359159972073523",20,"{""key"": false, ""flip"": false, ""zone"": false, ""speed"": 52.7, ""buzzer"": 0, ""engine"": true, ""in_zone"": true, ""ignition"": true, ""latitude"": 42.6456633, ""direction"": 102, ""longitude"": 18.058785, ""gsm_signal"": 29, ""sleep_mode"": false, ""staff_mode"": false, ""fault_codes"": [], ""speed_limit"": 46, ""engine_hours"": 1591, ""idc_triggers"": [], ""buzzer_active"": false, ""fuel_level_avg"": 0, ""lock_geo_alert"": false, ""operation_mode"": ""RENT"", ""battery_voltage"": 14.800000190734863, ""in_primary_zone"": true, ""lock_engine_alert"": false, ""in_restricted_zone"": false, ""onboard_geofencing"": false, ""speed_limit_active"": false}"
2023-07-17 13:04:36.438,5237,13,"359159972073523",20,"{""key"": false, ""flip"": false, ""zone"": false, ""speed"": 51.4, ""buzzer"": 0, ""engine"": true, ""in_zone"": true, ""ignition"": true, ""latitude"": 42.6456933, ""direction"": 103, ""longitude"": 18.0586116, ""gsm_signal"": 29, ""sleep_mode"": false, ""staff_mode"": false, ""fault_codes"": [], ""speed_limit"": 46, ""engine_hours"": 1591, ""idc_triggers"": [], ""buzzer_active"": false, ""fuel_level_avg"": 0, ""lock_geo_alert"": false, ""operation_mode"": ""RENT"", ""battery_voltage"": 14.800000190734863, ""in_primary_zone"": true, ""lock_engine_alert"": false, ""in_restricted_zone"": false, ""onboard_geofencing"": false, ""speed_limit_active"": false}"
2023-07-17 13:04:35.474,5237,13,"359159972073523",20,"{""key"": false, ""flip"": false, ""zone"": false, ""speed"": 50.8, ""buzzer"": 0, ""engine"": true, ""in_zone"": true, ""ignition"": true, ""latitude"": 42.6457216, ""direction"": 103, ""longitude"": 18.0584416, ""gsm_signal"": 29, ""sleep_mode"": false, ""staff_mode"": false, ""fault_codes"": [], ""speed_limit"": 46, ""engine_hours"": 1591, ""idc_triggers"": [], ""buzzer_active"": false, ""fuel_level_avg"": 0, ""lock_geo_alert"": false, ""operation_mode"": ""RENT"", ""battery_voltage"": 14.800000190734863, ""in_primary_zone"": true, ""lock_engine_alert"": false, ""in_restricted_zone"": false, ""onboard_geofencing"": false, ""speed_limit_active"": false}"
2023-07-17 13:04:34.917,5237,13,"359159972073523",20,"{""key"": false, ""flip"": false, ""zone"": false, ""speed"": 47.5, ""buzzer"": 0, ""engine"": true, ""in_zone"": true, ""ignition"": true, ""latitude"": 42.6457516, ""direction"": 103, ""longitude"": 18.0582782, ""gsm_signal"": 29, ""sleep_mode"": false, ""staff_mode"": false, ""fault_codes"": [], ""speed_limit"": 46, ""engine_hours"": 1591, ""idc_triggers"": [], ""buzzer_active"": false, ""fuel_level_avg"": 0, ""lock_geo_alert"": false, ""operation_mode"": ""RENT"", ""battery_voltage"": 14.800000190734863, ""in_primary_zone"": true, ""lock_engine_alert"": false, ""in_restricted_zone"": false, ""onboard_geofencing"": false, ""speed_limit_active"": false}"
2023-07-17 13:04:33.417,5237,13,"359159972073523",20,"{""key"": false, ""flip"": false, ""zone"": false, ""speed"": 45.6, ""buzzer"": 0, ""engine"": true, ""in_zone"": true, ""ignition"": true, ""latitude"": 42.6457816, ""direction"": 105, ""longitude"": 18.058125, ""gsm_signal"": 28, ""sleep_mode"": false, ""staff_mode"": false, ""fault_codes"": [], ""speed_limit"": 46, ""engine_hours"": 1591, ""idc_triggers"": [], ""buzzer_active"": false, ""fuel_level_avg"": 0, ""lock_geo_alert"": false, ""operation_mode"": ""RENT"", ""battery_voltage"": 14.800000190734863, ""in_primary_zone"": true, ""lock_engine_alert"": false, ""in_restricted_zone"": false, ""onboard_geofencing"": false, ""speed_limit_active"": false}"
2023-07-17 13:04:32.456,5237,13,"359159972073523",20,"{""key"": false, ""flip"": false, ""zone"": false, ""speed"": 45.3, ""buzzer"": 0, ""engine"": true, ""in_zone"": true, ""ignition"": true, ""latitude"": 42.6458116, ""direction"": 105, ""longitude"": 18.057975, ""gsm_signal"": 28, ""sleep_mode"": false, ""staff_mode"": false, ""fault_codes"": [], ""speed_limit"": 46, ""engine_hours"": 1591, ""idc_triggers"": [], ""buzzer_active"": false, ""fuel_level_avg"": 0, ""lock_geo_alert"": false, ""operation_mode"": ""RENT"", ""battery_voltage"": 14.800000190734863, ""in_primary_zone"": true, ""lock_engine_alert"": false, ""in_restricted_zone"": false, ""onboard_geofencing"": false, ""speed_limit_active"": false}"
2023-07-17 13:04:31.456,5237,13,"359159972073523",20,"{""key"": false, ""flip"": false, ""zone"": false, ""speed"": 43.1, ""buzzer"": 0, ""engine"": true, ""in_zone"": true, ""ignition"": true, ""latitude"": 42.6458416, ""direction"": 105, ""longitude"": 18.05783, ""gsm_signal"": 28, ""sleep_mode"": false, ""staff_mode"": false, ""fault_codes"": [], ""speed_limit"": 46, ""engine_hours"": 1591, ""idc_triggers"": [], ""buzzer_active"": false, ""fuel_level_avg"": 0, ""lock_geo_alert"": false, ""operation_mode"": ""RENT"", ""battery_voltage"": 14.800000190734863, ""in_primary_zone"": true, ""lock_engine_alert"": false, ""in_restricted_zone"": false, ""onboard_geofencing"": false, ""speed_limit_active"": false}"
2023-07-17 13:04:30.914,5237,13,"359159972073523",20,"{""key"": false, ""flip"": false, ""zone"": false, ""speed"": 44.9, ""buzzer"": 0, ""engine"": true, ""in_zone"": true, ""ignition"": true, ""latitude"": 42.64587, ""direction"": 104, ""longitude"": 18.0576866, ""gsm_signal"": 28, ""sleep_mode"": false, ""staff_mode"": false, ""fault_codes"": [], ""speed_limit"": 46, ""engine_hours"": 1591, ""idc_triggers"": [], ""buzzer_active"": false, ""fuel_level_avg"": 0, ""lock_geo_alert"": false, ""operation_mode"": ""RENT"", ""battery_voltage"": 14.800000190734863, ""in_primary_zone"": true, ""lock_engine_alert"": false, ""in_restricted_zone"": false, ""onboard_geofencing"": false, ""speed_limit_active"": false}"
2023-07-17 13:04:29.415,5237,13,"359159972073523",20,"{""key"": false, ""flip"": false, ""zone"": false, ""speed"": 47.8, ""buzzer"": 0, ""engine"": true, ""in_zone"": true, ""ignition"": true, ""latitude"": 42.6458983, ""direction"": 103, ""longitude"": 18.057535, ""gsm_signal"": 28, ""sleep_mode"": false, ""staff_mode"": false, ""fault_codes"": [], ""speed_limit"": 46, ""engine_hours"": 1591, ""idc_triggers"": [], ""buzzer_active"": false, ""fuel_level_avg"": 0, ""lock_geo_alert"": false, ""operation_mode"": ""RENT"", ""battery_voltage"": 14.800000190734863, ""in_primary_zone"": true, ""lock_engine_alert"": false, ""in_restricted_zone"": false, ""onboard_geofencing"": false, ""speed_limit_active"": false}"
2023-07-17 13:04:28.437,5237,13,"359159972073523",20,"{""key"": false, ""flip"": false, ""zone"": false, ""speed"": 48.2, ""buzzer"": 0, ""engine"": true, ""in_zone"": true, ""ignition"": true, ""latitude"": 42.6459266, ""direction"": 104, ""longitude"": 18.0573782, ""gsm_signal"": 28, ""sleep_mode"": false, ""staff_mode"": false, ""fault_codes"": [], ""speed_limit"": 46, ""engine_hours"": 1591, ""idc_triggers"": [], ""buzzer_active"": false, ""fuel_level_avg"": 0, ""lock_geo_alert"": false, ""operation_mode"": ""RENT"", ""battery_voltage"": 14.800000190734863, ""in_primary_zone"": true, ""lock_engine_alert"": false, ""in_restricted_zone"": false, ""onboard_geofencing"": false, ""speed_limit_active"": false}"
2023-07-17 13:04:27.437,5237,13,"359159972073523",20,"{""key"": false, ""flip"": false, ""zone"": false, ""speed"": 47.5, ""buzzer"": 0, ""engine"": true, ""in_zone"": true, ""ignition"": true, ""latitude"": 42.6459566, ""direction"": 104, ""longitude"": 18.05722, ""gsm_signal"": 28, ""sleep_mode"": false, ""staff_mode"": false, ""fault_codes"": [], ""speed_limit"": 46, ""engine_hours"": 1591, ""idc_triggers"": [], ""buzzer_active"": false, ""fuel_level_avg"": 0, ""lock_geo_alert"": false, ""operation_mode"": ""RENT"", ""battery_voltage"": 14.800000190734863, ""in_primary_zone"": true, ""lock_engine_alert"": false, ""in_restricted_zone"": false, ""onboard_geofencing"": false, ""speed_limit_active"": false}"
2023-07-17 13:04:26.475,5237,13,"359159972073523",20,"{""key"": false, ""flip"": false, ""zone"": false, ""speed"": 47.4, ""buzzer"": 0, ""engine"": true, ""in_zone"": true, ""ignition"": true, ""latitude"": 42.6459866, ""direction"": 105, ""longitude"": 18.0570632, ""gsm_signal"": 28, ""sleep_mode"": false, ""staff_mode"": false, ""fault_codes"": [], ""speed_limit"": 46, ""engine_hours"": 1591, ""idc_triggers"": [], ""buzzer_active"": false, ""fuel_level_avg"": 0, ""lock_geo_alert"": false, ""operation_mode"": ""RENT"", ""battery_voltage"": 14.800000190734863, ""in_primary_zone"": true, ""lock_engine_alert"": false, ""in_restricted_zone"": false, ""onboard_geofencing"": false, ""speed_limit_active"": false}"
2023-07-17 13:04:25.920,5237,13,"359159972073523",20,"{""key"": false, ""flip"": false, ""zone"": false, ""speed"": 45.5, ""buzzer"": 0, ""engine"": true, ""in_zone"": true, ""ignition"": true, ""latitude"": 42.6460166, ""direction"": 104, ""longitude"": 18.05691, ""gsm_signal"": 28, ""sleep_mode"": false, ""staff_mode"": false, ""fault_codes"": [], ""speed_limit"": 46, ""engine_hours"": 1591, ""idc_triggers"": [], ""buzzer_active"": false, ""fuel_level_avg"": 0, ""lock_geo_alert"": false, ""operation_mode"": ""RENT"", ""battery_voltage"": 14.800000190734863, ""in_primary_zone"": true, ""lock_engine_alert"": false, ""in_restricted_zone"": false, ""onboard_geofencing"": false, ""speed_limit_active"": false}"
2023-07-17 13:04:24.436,5237,13,"359159972073523",20,"{""key"": false, ""flip"": false, ""zone"": false, ""speed"": 44.1, ""buzzer"": 0, ""engine"": true, ""in_zone"": true, ""ignition"": true, ""latitude"": 42.646045, ""direction"": 103, ""longitude"": 18.0567616, ""gsm_signal"": 28, ""sleep_mode"": false, ""staff_mode"": false, ""fault_codes"": [], ""speed_limit"": 46, ""engine_hours"": 1591, ""idc_triggers"": [], ""buzzer_active"": false, ""fuel_level_avg"": 0, ""lock_geo_alert"": false, ""operation_mode"": ""RENT"", ""battery_voltage"": 14.800000190734863, ""in_primary_zone"": true, ""lock_engine_alert"": false, ""in_restricted_zone"": false, ""onboard_geofencing"": false, ""speed_limit_active"": false}"
2023-07-17 13:04:23.495,5237,13,"359159972073523",20,"{""key"": false, ""flip"": false, ""zone"": false, ""speed"": 40.3, ""buzzer"": 0, ""engine"": true, ""in_zone"": true, ""ignition"": true, ""latitude"": 42.6460683, ""direction"": 102, ""longitude"": 18.05662, ""gsm_signal"": 28, ""sleep_mode"": false, ""staff_mode"": false, ""fault_codes"": [], ""speed_limit"": 46, ""engine_hours"": 1591, ""idc_triggers"": [], ""buzzer_active"": false, ""fuel_level_avg"": 0, ""lock_geo_alert"": false, ""operation_mode"": ""RENT"", ""battery_voltage"": 14.800000190734863, ""in_primary_zone"": true, ""lock_engine_alert"": false, ""in_restricted_zone"": false, ""onboard_geofencing"": false, ""speed_limit_active"": false}"
2023-07-17 13:04:22.920,5237,13,"359159972073523",20,"{""key"": false, ""flip"": false, ""zone"": false, ""speed"": 35.7, ""buzzer"": 0, ""engine"": true, ""in_zone"": true, ""ignition"": true, ""latitude"": 42.6460916, ""direction"": 104, ""longitude"": 18.0564916, ""gsm_signal"": 28, ""sleep_mode"": false, ""staff_mode"": false, ""fault_codes"": [], ""speed_limit"": 46, ""engine_hours"": 1591, ""idc_triggers"": [], ""buzzer_active"": false, ""fuel_level_avg"": 0, ""lock_geo_alert"": false, ""operation_mode"": ""RENT"", ""battery_voltage"": 14.800000190734863, ""in_primary_zone"": true, ""lock_engine_alert"": false, ""in_restricted_zone"": false, ""onboard_geofencing"": false, ""speed_limit_active"": false}"
2023-07-17 13:04:21.440,5237,13,"359159972073523",20,"{""key"": false, ""flip"": false, ""zone"": false, ""speed"": 29.6, ""buzzer"": 0, ""engine"": true, ""in_zone"": true, ""ignition"": true, ""latitude"": 42.646115, ""direction"": 107, ""longitude"": 18.0563816, ""gsm_signal"": 26, ""sleep_mode"": false, ""staff_mode"": false, ""fault_codes"": [], ""speed_limit"": 46, ""engine_hours"": 1591, ""idc_triggers"": [], ""buzzer_active"": false, ""fuel_level_avg"": 0, ""lock_geo_alert"": false, ""operation_mode"": ""RENT"", ""battery_voltage"": 14.800000190734863, ""in_primary_zone"": true, ""lock_engine_alert"": false, ""in_restricted_zone"": false, ""onboard_geofencing"": false, ""speed_limit_active"": false}"
2023-07-17 13:04:20.475,5237,13,"359159972073523",20,"{""key"": false, ""flip"": false, ""zone"": false, ""speed"": 24.5, ""buzzer"": 0, ""engine"": true, ""in_zone"": true, ""ignition"": true, ""latitude"": 42.646135, ""direction"": 109, ""longitude"": 18.0562916, ""gsm_signal"": 26, ""sleep_mode"": false, ""staff_mode"": false, ""fault_codes"": [], ""speed_limit"": 46, ""engine_hours"": 1591, ""idc_triggers"": [], ""buzzer_active"": false, ""fuel_level_avg"": 0, ""lock_geo_alert"": false, ""operation_mode"": ""RENT"", ""battery_voltage"": 14.800000190734863, ""in_primary_zone"": true, ""lock_engine_alert"": false, ""in_restricted_zone"": false, ""onboard_geofencing"": false, ""speed_limit_active"": false}"
2023-07-17 13:04:19.915,5237,13,"359159972073523",20,"{""key"": false, ""flip"": false, ""zone"": false, ""speed"": 21.9, ""buzzer"": 0, ""engine"": true, ""in_zone"": true, ""ignition"": true, ""latitude"": 42.646155, ""direction"": 111, ""longitude"": 18.0562166, ""gsm_signal"": 26, ""sleep_mode"": false, ""staff_mode"": false, ""fault_codes"": [], ""speed_limit"": 46, ""engine_hours"": 1591, ""idc_triggers"": [], ""buzzer_active"": false, ""fuel_level_avg"": 0, ""lock_geo_alert"": false, ""operation_mode"": ""RENT"", ""battery_voltage"": 14.800000190734863, ""in_primary_zone"": true, ""lock_engine_alert"": false, ""in_restricted_zone"": false, ""onboard_geofencing"": false, ""speed_limit_active"": false}"
2023-07-17 13:04:18.435,5237,13,"359159972073523",20,"{""key"": false, ""flip"": false, ""zone"": false, ""speed"": 20.5, ""buzzer"": 0, ""engine"": true, ""in_zone"": true, ""ignition"": true, ""latitude"": 42.6461733, ""direction"": 111, ""longitude"": 18.05615, ""gsm_signal"": 26, ""sleep_mode"": false, ""staff_mode"": false, ""fault_codes"": [], ""speed_limit"": 46, ""engine_hours"": 1591, ""idc_triggers"": [], ""buzzer_active"": false, ""fuel_level_avg"": 0, ""lock_geo_alert"": false, ""operation_mode"": ""RENT"", ""battery_voltage"": 14.800000190734863, ""in_primary_zone"": true, ""lock_engine_alert"": false, ""in_restricted_zone"": false, ""onboard_geofencing"": false, ""speed_limit_active"": false}"
2023-07-17 13:04:17.475,5237,13,"359159972073523",20,"{""key"": false, ""flip"": false, ""zone"": false, ""speed"": 24.9, ""buzzer"": 0, ""engine"": true, ""in_zone"": true, ""ignition"": true, ""latitude"": 42.6461916, ""direction"": 109, ""longitude"": 18.0560832, ""gsm_signal"": 26, ""sleep_mode"": false, ""staff_mode"": false, ""fault_codes"": [], ""speed_limit"": 46, ""engine_hours"": 1591, ""idc_triggers"": [], ""buzzer_active"": false, ""fuel_level_avg"": 0, ""lock_geo_alert"": false, ""operation_mode"": ""RENT"", ""battery_voltage"": 14.800000190734863, ""in_primary_zone"": true, ""lock_engine_alert"": false, ""in_restricted_zone"": false, ""onboard_geofencing"": false, ""speed_limit_active"": false}"
2023-07-17 13:04:16.915,5237,13,"359159972073523",20,"{""key"": false, ""flip"": false, ""zone"": false, ""speed"": 32.4, ""buzzer"": 0, ""engine"": true, ""in_zone"": true, ""ignition"": true, ""latitude"": 42.6462133, ""direction"": 106, ""longitude"": 18.055995, ""gsm_signal"": 26, ""sleep_mode"": false, ""staff_mode"": false, ""fault_codes"": [], ""speed_limit"": 46, ""engine_hours"": 1591, ""idc_triggers"": [], ""buzzer_active"": false, ""fuel_level_avg"": 0, ""lock_geo_alert"": false, ""operation_mode"": ""RENT"", ""battery_voltage"": 14.800000190734863, ""in_primary_zone"": true, ""lock_engine_alert"": false, ""in_restricted_zone"": false, ""onboard_geofencing"": false, ""speed_limit_active"": false}"
2023-07-17 13:04:15.422,5237,13,"359159972073523",20,"{""key"": false, ""flip"": false, ""zone"": false, ""speed"": 41.3, ""buzzer"": 0, ""engine"": true, ""in_zone"": true, ""ignition"": true, ""latitude"": 42.646235, ""direction"": 104, ""longitude"": 18.0558816, ""gsm_signal"": 26, ""sleep_mode"": false, ""staff_mode"": false, ""fault_codes"": [], ""speed_limit"": 46, ""engine_hours"": 1591, ""idc_triggers"": [], ""buzzer_active"": false, ""fuel_level_avg"": 0, ""lock_geo_alert"": false, ""operation_mode"": ""RENT"", ""battery_voltage"": 14.800000190734863, ""in_primary_zone"": true, ""lock_engine_alert"": false, ""in_restricted_zone"": false, ""onboard_geofencing"": false, ""speed_limit_active"": false}"
2023-07-17 13:04:14.435,5237,13,"359159972073523",20,"{""key"": false, ""flip"": false, ""zone"": false, ""speed"": 53.9, ""buzzer"": 0, ""engine"": true, ""in_zone"": true, ""ignition"": true, ""latitude"": 42.6462616, ""direction"": 102, ""longitude"": 18.0557332, ""gsm_signal"": 26, ""sleep_mode"": false, ""staff_mode"": false, ""fault_codes"": [], ""speed_limit"": 46, ""engine_hours"": 1591, ""idc_triggers"": [], ""buzzer_active"": false, ""fuel_level_avg"": 0, ""lock_geo_alert"": false, ""operation_mode"": ""RENT"", ""battery_voltage"": 14.800000190734863, ""in_primary_zone"": true, ""lock_engine_alert"": false, ""in_restricted_zone"": false, ""onboard_geofencing"": false, ""speed_limit_active"": false}"
2023-07-17 13:04:13.437,5237,13,"359159972073523",20,"{""key"": false, ""flip"": false, ""zone"": false, ""speed"": 59.8, ""buzzer"": 0, ""engine"": true, ""in_zone"": true, ""ignition"": true, ""latitude"": 42.6462916, ""direction"": 102, ""longitude"": 18.05555, ""gsm_signal"": 26, ""sleep_mode"": false, ""staff_mode"": false, ""fault_codes"": [], ""speed_limit"": 46, ""engine_hours"": 1591, ""idc_triggers"": [], ""buzzer_active"": false, ""fuel_level_avg"": 0, ""lock_geo_alert"": false, ""operation_mode"": ""RENT"", ""battery_voltage"": 14.800000190734863, ""in_primary_zone"": true, ""lock_engine_alert"": false, ""in_restricted_zone"": false, ""onboard_geofencing"": false, ""speed_limit_active"": false}"
2023-07-17 13:04:12.478,5237,13,"359159972073523",20,"{""key"": false, ""flip"": false, ""zone"": false, ""speed"": 60.1, ""buzzer"": 0, ""engine"": true, ""in_zone"": true, ""ignition"": true, ""latitude"": 42.646325, ""direction"": 103, ""longitude"": 18.0553532, ""gsm_signal"": 25, ""sleep_mode"": false, ""staff_mode"": false, ""fault_codes"": [], ""speed_limit"": 46, ""engine_hours"": 1591, ""idc_triggers"": [], ""buzzer_active"": false, ""fuel_level_avg"": 0, ""lock_geo_alert"": false, ""operation_mode"": ""RENT"", ""battery_voltage"": 14.800000190734863, ""in_primary_zone"": true, ""lock_engine_alert"": false, ""in_restricted_zone"": false, ""onboard_geofencing"": false, ""speed_limit_active"": false}"
2023-07-17 13:04:11.915,5237,13,"359159972073523",20,"{""key"": false, ""flip"": false, ""zone"": false, ""speed"": 59.0, ""buzzer"": 0, ""engine"": true, ""in_zone"": true, ""ignition"": true, ""latitude"": 42.64636, ""direction"": 103, ""longitude"": 18.055155, ""gsm_signal"": 25, ""sleep_mode"": false, ""staff_mode"": false, ""fault_codes"": [], ""speed_limit"": 46, ""engine_hours"": 1591, ""idc_triggers"": [], ""buzzer_active"": false, ""fuel_level_avg"": 0, ""lock_geo_alert"": false, ""operation_mode"": ""RENT"", ""battery_voltage"": 14.800000190734863, ""in_primary_zone"": true, ""lock_engine_alert"": false, ""in_restricted_zone"": false, ""onboard_geofencing"": false, ""speed_limit_active"": false}"
2023-07-17 13:04:10.415,5237,13,"359159972073523",20,"{""key"": false, ""flip"": false, ""zone"": false, ""speed"": 57.5, ""buzzer"": 0, ""engine"": true, ""in_zone"": true, ""ignition"": true, ""latitude"": 42.6463933, ""direction"": 102, ""longitude"": 18.0549616, ""gsm_signal"": 25, ""sleep_mode"": false, ""staff_mode"": false, ""fault_codes"": [], ""speed_limit"": 46, ""engine_hours"": 1591, ""idc_triggers"": [], ""buzzer_active"": false, ""fuel_level_avg"": 0, ""lock_geo_alert"": false, ""operation_mode"": ""RENT"", ""battery_voltage"": 14.800000190734863, ""in_primary_zone"": true, ""lock_engine_alert"": false, ""in_restricted_zone"": false, ""onboard_geofencing"": false, ""speed_limit_active"": false}"
2023-07-17 13:04:09.458,5237,13,"359159972073523",20,"{""key"": false, ""flip"": false, ""zone"": false, ""speed"": 56.2, ""buzzer"": 0, ""engine"": true, ""in_zone"": true, ""ignition"": true, ""latitude"": 42.646425, ""direction"": 103, ""longitude"": 18.0547732, ""gsm_signal"": 24, ""sleep_mode"": false, ""staff_mode"": false, ""fault_codes"": [], ""speed_limit"": 46, ""engine_hours"": 1591, ""idc_triggers"": [], ""buzzer_active"": false, ""fuel_level_avg"": 0, ""lock_geo_alert"": false, ""operation_mode"": ""RENT"", ""battery_voltage"": 14.800000190734863, ""in_primary_zone"": true, ""lock_engine_alert"": false, ""in_restricted_zone"": false, ""onboard_geofencing"": false, ""speed_limit_active"": false}"
2023-07-17 13:04:08.475,5237,13,"359159972073523",20,"{""key"": false, ""flip"": false, ""zone"": false, ""speed"": 55.9, ""buzzer"": 0, ""engine"": true, ""in_zone"": true, ""ignition"": true, ""latitude"": 42.6464566, ""direction"": 103, ""longitude"": 18.0545882, ""gsm_signal"": 24, ""sleep_mode"": false, ""staff_mode"": false, ""fault_codes"": [], ""speed_limit"": 46, ""engine_hours"": 1591, ""idc_triggers"": [], ""buzzer_active"": false, ""fuel_level_avg"": 0, ""lock_geo_alert"": false, ""operation_mode"": ""RENT"", ""battery_voltage"": 14.800000190734863, ""in_primary_zone"": true, ""lock_engine_alert"": false, ""in_restricted_zone"": false, ""onboard_geofencing"": false, ""speed_limit_active"": false}"
2023-07-17 13:04:07.916,5237,13,"359159972073523",20,"{""key"": false, ""flip"": false, ""zone"": false, ""speed"": 55.0, ""buzzer"": 0, ""engine"": true, ""in_zone"": true, ""ignition"": true, ""latitude"": 42.64649, ""direction"": 102, ""longitude"": 18.054405, ""gsm_signal"": 24, ""sleep_mode"": false, ""staff_mode"": false, ""fault_codes"": [], ""speed_limit"": 46, ""engine_hours"": 1591, ""idc_triggers"": [], ""buzzer_active"": false, ""fuel_level_avg"": 0, ""lock_geo_alert"": false, ""operation_mode"": ""RENT"", ""battery_voltage"": 14.800000190734863, ""in_primary_zone"": true, ""lock_engine_alert"": false, ""in_restricted_zone"": false, ""onboard_geofencing"": false, ""speed_limit_active"": false}"
2023-07-17 13:04:06.435,5237,13,"359159972073523",20,"{""key"": false, ""flip"": false, ""zone"": false, ""speed"": 54.5, ""buzzer"": 0, ""engine"": true, ""in_zone"": true, ""ignition"": true, ""latitude"": 42.64652, ""direction"": 101, ""longitude"": 18.0542232, ""gsm_signal"": 24, ""sleep_mode"": false, ""staff_mode"": false, ""fault_codes"": [], ""speed_limit"": 46, ""engine_hours"": 1591, ""idc_triggers"": [], ""buzzer_active"": false, ""fuel_level_avg"": 0, ""lock_geo_alert"": false, ""operation_mode"": ""RENT"", ""battery_voltage"": 14.800000190734863, ""in_primary_zone"": true, ""lock_engine_alert"": false, ""in_restricted_zone"": false, ""onboard_geofencing"": false, ""speed_limit_active"": false}"
2023-07-17 13:04:05.457,5237,13,"359159972073523",20,"{""key"": false, ""flip"": false, ""zone"": false, ""speed"": 52.4, ""buzzer"": 0, ""engine"": true, ""in_zone"": true, ""ignition"": true, ""latitude"": 42.646545, ""direction"": 100, ""longitude"": 18.054045, ""gsm_signal"": 24, ""sleep_mode"": false, ""staff_mode"": false, ""fault_codes"": [], ""speed_limit"": 46, ""engine_hours"": 1591, ""idc_triggers"": [], ""buzzer_active"": false, ""fuel_level_avg"": 0, ""lock_geo_alert"": false, ""operation_mode"": ""RENT"", ""battery_voltage"": 14.800000190734863, ""in_primary_zone"": true, ""lock_engine_alert"": false, ""in_restricted_zone"": false, ""onboard_geofencing"": false, ""speed_limit_active"": false}"
2023-07-17 13:04:04.496,5237,13,"359159972073523",20,"{""key"": false, ""flip"": false, ""zone"": false, ""speed"": 51.7, ""buzzer"": 0, ""engine"": true, ""in_zone"": true, ""ignition"": true, ""latitude"": 42.64657, ""direction"": 100, ""longitude"": 18.0538716, ""gsm_signal"": 24, ""sleep_mode"": false, ""staff_mode"": false, ""fault_codes"": [], ""speed_limit"": 46, ""engine_hours"": 1591, ""idc_triggers"": [], ""buzzer_active"": false, ""fuel_level_avg"": 0, ""lock_geo_alert"": false, ""operation_mode"": ""RENT"", ""battery_voltage"": 14.800000190734863, ""in_primary_zone"": true, ""lock_engine_alert"": false, ""in_restricted_zone"": false, ""onboard_geofencing"": false, ""speed_limit_active"": false}"
2023-07-17 13:04:03.915,5237,13,"359159972073523",20,"{""key"": false, ""flip"": false, ""zone"": false, ""speed"": 49.9, ""buzzer"": 0, ""engine"": true, ""in_zone"": true, ""ignition"": true, ""latitude"": 42.6465933, ""direction"": 100, ""longitude"": 18.0537016, ""gsm_signal"": 26, ""sleep_mode"": false, ""staff_mode"": false, ""fault_codes"": [], ""speed_limit"": 46, ""engine_hours"": 1591, ""idc_triggers"": [], ""buzzer_active"": false, ""fuel_level_avg"": 0, ""lock_geo_alert"": false, ""operation_mode"": ""RENT"", ""battery_voltage"": 14.800000190734863, ""in_primary_zone"": true, ""lock_engine_alert"": false, ""in_restricted_zone"": false, ""onboard_geofencing"": false, ""speed_limit_active"": false}"
2023-07-17 13:04:02.419,5237,13,"359159972073523",20,"{""key"": false, ""flip"": false, ""zone"": false, ""speed"": 47.7, ""buzzer"": 0, ""engine"": true, ""in_zone"": true, ""ignition"": true, ""latitude"": 42.6466166, ""direction"": 100, ""longitude"": 18.0535366, ""gsm_signal"": 26, ""sleep_mode"": false, ""staff_mode"": false, ""fault_codes"": [], ""speed_limit"": 46, ""engine_hours"": 1591, ""idc_triggers"": [], ""buzzer_active"": false, ""fuel_level_avg"": 0, ""lock_geo_alert"": false, ""operation_mode"": ""RENT"", ""battery_voltage"": 14.800000190734863, ""in_primary_zone"": true, ""lock_engine_alert"": false, ""in_restricted_zone"": false, ""onboard_geofencing"": false, ""speed_limit_active"": false}"
2023-07-17 13:04:01.442,5237,13,"359159972073523",20,"{""key"": false, ""flip"": false, ""zone"": false, ""speed"": 48.1, ""buzzer"": 0, ""engine"": true, ""in_zone"": true, ""ignition"": true, ""latitude"": 42.6466383, ""direction"": 99, ""longitude"": 18.0533782, ""gsm_signal"": 26, ""sleep_mode"": false, ""staff_mode"": false, ""fault_codes"": [], ""speed_limit"": 46, ""engine_hours"": 1591, ""idc_triggers"": [], ""buzzer_active"": false, ""fuel_level_avg"": 0, ""lock_geo_alert"": false, ""operation_mode"": ""RENT"", ""battery_voltage"": 14.800000190734863, ""in_primary_zone"": true, ""lock_engine_alert"": false, ""in_restricted_zone"": false, ""onboard_geofencing"": false, ""speed_limit_active"": false}"
2023-07-17 13:04:00.436,5237,13,"359159972073523",20,"{""key"": false, ""flip"": false, ""zone"": false, ""speed"": 48.8, ""buzzer"": 0, ""engine"": true, ""in_zone"": true, ""ignition"": true, ""latitude"": 42.6466566, ""direction"": 97, ""longitude"": 18.0532166, ""gsm_signal"": 27, ""sleep_mode"": false, ""staff_mode"": false, ""fault_codes"": [], ""speed_limit"": 46, ""engine_hours"": 1591, ""idc_triggers"": [], ""buzzer_active"": false, ""fuel_level_avg"": 4, ""lock_geo_alert"": false, ""operation_mode"": ""RENT"", ""battery_voltage"": 14.300000190734863, ""in_primary_zone"": true, ""lock_engine_alert"": false, ""in_restricted_zone"": false, ""onboard_geofencing"": false, ""speed_limit_active"": false}"
2023-07-17 13:03:59.476,5237,13,"359159972073523",20,"{""key"": false, ""flip"": false, ""zone"": false, ""speed"": 45.7, ""buzzer"": 0, ""engine"": true, ""in_zone"": true, ""ignition"": true, ""latitude"": 42.6466716, ""direction"": 95, ""longitude"": 18.0530566, ""gsm_signal"": 27, ""sleep_mode"": false, ""staff_mode"": false, ""fault_codes"": [], ""speed_limit"": 46, ""engine_hours"": 1591, ""idc_triggers"": [], ""buzzer_active"": false, ""fuel_level_avg"": 4, ""lock_geo_alert"": false, ""operation_mode"": ""RENT"", ""battery_voltage"": 14.300000190734863, ""in_primary_zone"": true, ""lock_engine_alert"": false, ""in_restricted_zone"": false, ""onboard_geofencing"": false, ""speed_limit_active"": false}"
2023-07-17 13:03:58.919,5237,13,"359159972073523",20,"{""key"": false, ""flip"": false, ""zone"": false, ""speed"": 44.2, ""buzzer"": 0, ""engine"": true, ""in_zone"": true, ""ignition"": true, ""latitude"": 42.64668, ""direction"": 93, ""longitude"": 18.052905, ""gsm_signal"": 27, ""sleep_mode"": false, ""staff_mode"": false, ""fault_codes"": [], ""speed_limit"": 46, ""engine_hours"": 1591, ""idc_triggers"": [], ""buzzer_active"": false, ""fuel_level_avg"": 4, ""lock_geo_alert"": false, ""operation_mode"": ""RENT"", ""battery_voltage"": 14.300000190734863, ""in_primary_zone"": true, ""lock_engine_alert"": false, ""in_restricted_zone"": false, ""onboard_geofencing"": false, ""speed_limit_active"": false}"
2023-07-17 13:03:57.435,5237,13,"359159972073523",20,"{""key"": false, ""flip"": false, ""zone"": false, ""speed"": 41.4, ""buzzer"": 0, ""engine"": true, ""in_zone"": true, ""ignition"": true, ""latitude"": 42.646685, ""direction"": 91, ""longitude"": 18.05276, ""gsm_signal"": 24, ""sleep_mode"": false, ""staff_mode"": false, ""fault_codes"": [], ""speed_limit"": 46, ""engine_hours"": 1591, ""idc_triggers"": [], ""buzzer_active"": false, ""fuel_level_avg"": 4, ""lock_geo_alert"": false, ""operation_mode"": ""RENT"", ""battery_voltage"": 14.300000190734863, ""in_primary_zone"": true, ""lock_engine_alert"": false, ""in_restricted_zone"": false, ""onboard_geofencing"": false, ""speed_limit_active"": false}"
2023-07-17 13:03:56.486,5237,13,"359159972073523",20,"{""key"": false, ""flip"": false, ""zone"": false, ""speed"": 38.9, ""buzzer"": 0, ""engine"": true, ""in_zone"": true, ""ignition"": true, ""latitude"": 42.6466866, ""direction"": 86, ""longitude"": 18.0526232, ""gsm_signal"": 24, ""sleep_mode"": false, ""staff_mode"": false, ""fault_codes"": [], ""speed_limit"": 46, ""engine_hours"": 1591, ""idc_triggers"": [], ""buzzer_active"": false, ""fuel_level_avg"": 4, ""lock_geo_alert"": false, ""operation_mode"": ""RENT"", ""battery_voltage"": 14.300000190734863, ""in_primary_zone"": true, ""lock_engine_alert"": false, ""in_restricted_zone"": false, ""onboard_geofencing"": false, ""speed_limit_active"": false}"
2023-07-17 13:03:55.918,5237,13,"359159972073523",20,"{""key"": false, ""flip"": false, ""zone"": false, ""speed"": 39.5, ""buzzer"": 0, ""engine"": true, ""in_zone"": true, ""ignition"": true, ""latitude"": 42.6466783, ""direction"": 83, ""longitude"": 18.0524916, ""gsm_signal"": 24, ""sleep_mode"": false, ""staff_mode"": false, ""fault_codes"": [], ""speed_limit"": 46, ""engine_hours"": 1591, ""idc_triggers"": [], ""buzzer_active"": false, ""fuel_level_avg"": 4, ""lock_geo_alert"": false, ""operation_mode"": ""RENT"", ""battery_voltage"": 14.300000190734863, ""in_primary_zone"": true, ""lock_engine_alert"": false, ""in_restricted_zone"": false, ""onboard_geofencing"": false, ""speed_limit_active"": false}"
2023-07-17 13:03:54.436,5237,13,"359159972073523",20,"{""key"": false, ""flip"": false, ""zone"": false, ""speed"": 35.8, ""buzzer"": 0, ""engine"": true, ""in_zone"": true, ""ignition"": true, ""latitude"": 42.646665, ""direction"": 77, ""longitude"": 18.0523632, ""gsm_signal"": 24, ""sleep_mode"": false, ""staff_mode"": false, ""fault_codes"": [], ""speed_limit"": 46, ""engine_hours"": 1591, ""idc_triggers"": [], ""buzzer_active"": false, ""fuel_level_avg"": 4, ""lock_geo_alert"": false, ""operation_mode"": ""RENT"", ""battery_voltage"": 14.300000190734863, ""in_primary_zone"": true, ""lock_engine_alert"": false, ""in_restricted_zone"": false, ""onboard_geofencing"": false, ""speed_limit_active"": false}"
2023-07-17 13:03:53.475,5237,13,"359159972073523",20,"{""key"": false, ""flip"": false, ""zone"": false, ""speed"": 33.4, ""buzzer"": 0, ""engine"": true, ""in_zone"": true, ""ignition"": true, ""latitude"": 42.646645, ""direction"": 74, ""longitude"": 18.0522482, ""gsm_signal"": 24, ""sleep_mode"": false, ""staff_mode"": false, ""fault_codes"": [], ""speed_limit"": 46, ""engine_hours"": 1591, ""idc_triggers"": [], ""buzzer_active"": false, ""fuel_level_avg"": 4, ""lock_geo_alert"": false, ""operation_mode"": ""RENT"", ""battery_voltage"": 14.300000190734863, ""in_primary_zone"": true, ""lock_engine_alert"": false, ""in_restricted_zone"": false, ""onboard_geofencing"": false, ""speed_limit_active"": false}"
2023-07-17 13:03:52.917,5237,13,"359159972073523",20,"{""key"": false, ""flip"": false, ""zone"": false, ""speed"": 31.8, ""buzzer"": 0, ""engine"": true, ""in_zone"": true, ""ignition"": true, ""latitude"": 42.64662, ""direction"": 68, ""longitude"": 18.0521432, ""gsm_signal"": 24, ""sleep_mode"": false, ""staff_mode"": false, ""fault_codes"": [], ""speed_limit"": 46, ""engine_hours"": 1591, ""idc_triggers"": [], ""buzzer_active"": false, ""fuel_level_avg"": 4, ""lock_geo_alert"": false, ""operation_mode"": ""RENT"", ""battery_voltage"": 14.300000190734863, ""in_primary_zone"": true, ""lock_engine_alert"": false, ""in_restricted_zone"": false, ""onboard_geofencing"": false, ""speed_limit_active"": false}"
2023-07-17 13:03:51.438,5237,13,"359159972073523",20,"{""key"": false, ""flip"": false, ""zone"": false, ""speed"": 28.8, ""buzzer"": 0, ""engine"": true, ""in_zone"": true, ""ignition"": true, ""latitude"": 42.64659, ""direction"": 64, ""longitude"": 18.0520482, ""gsm_signal"": 28, ""sleep_mode"": false, ""staff_mode"": false, ""fault_codes"": [], ""speed_limit"": 46, ""engine_hours"": 1591, ""idc_triggers"": [], ""buzzer_active"": false, ""fuel_level_avg"": 4, ""lock_geo_alert"": false, ""operation_mode"": ""RENT"", ""battery_voltage"": 14.300000190734863, ""in_primary_zone"": true, ""lock_engine_alert"": false, ""in_restricted_zone"": false, ""onboard_geofencing"": false, ""speed_limit_active"": false}"
2023-07-17 13:03:50.475,5237,13,"359159972073523",20,"{""key"": false, ""flip"": false, ""zone"": false, ""speed"": 25.1, ""buzzer"": 0, ""engine"": true, ""in_zone"": true, ""ignition"": true, ""latitude"": 42.6465583, ""direction"": 61, ""longitude"": 18.0519632, ""gsm_signal"": 28, ""sleep_mode"": false, ""staff_mode"": false, ""fault_codes"": [], ""speed_limit"": 46, ""engine_hours"": 1591, ""idc_triggers"": [], ""buzzer_active"": false, ""fuel_level_avg"": 4, ""lock_geo_alert"": false, ""operation_mode"": ""RENT"", ""battery_voltage"": 14.300000190734863, ""in_primary_zone"": true, ""lock_engine_alert"": false, ""in_restricted_zone"": false, ""onboard_geofencing"": false, ""speed_limit_active"": false}"
2023-07-17 13:03:49.918,5237,13,"359159972073523",20,"{""key"": false, ""flip"": false, ""zone"": false, ""speed"": 22.4, ""buzzer"": 0, ""engine"": true, ""in_zone"": true, ""ignition"": true, ""latitude"": 42.64653, ""direction"": 57, ""longitude"": 18.0518916, ""gsm_signal"": 28, ""sleep_mode"": false, ""staff_mode"": false, ""fault_codes"": [], ""speed_limit"": 46, ""engine_hours"": 1591, ""idc_triggers"": [], ""buzzer_active"": false, ""fuel_level_avg"": 4, ""lock_geo_alert"": false, ""operation_mode"": ""RENT"", ""battery_voltage"": 14.300000190734863, ""in_primary_zone"": true, ""lock_engine_alert"": false, ""in_restricted_zone"": false, ""onboard_geofencing"": false, ""speed_limit_active"": false}"
2023-07-17 13:03:48.434,5237,13,"359159972073523",20,"{""key"": false, ""flip"": false, ""zone"": false, ""speed"": 20.2, ""buzzer"": 0, ""engine"": true, ""in_zone"": true, ""ignition"": true, ""latitude"": 42.6465, ""direction"": 55, ""longitude"": 18.05183, ""gsm_signal"": 28, ""sleep_mode"": false, ""staff_mode"": false, ""fault_codes"": [], ""speed_limit"": 46, ""engine_hours"": 1591, ""idc_triggers"": [], ""buzzer_active"": false, ""fuel_level_avg"": 4, ""lock_geo_alert"": false, ""operation_mode"": ""RENT"", ""battery_voltage"": 14.300000190734863, ""in_primary_zone"": true, ""lock_engine_alert"": false, ""in_restricted_zone"": false, ""onboard_geofencing"": false, ""speed_limit_active"": false}"
2023-07-17 13:03:47.457,5237,13,"359159972073523",20,"{""key"": false, ""flip"": false, ""zone"": false, ""speed"": 18.4, ""buzzer"": 0, ""engine"": true, ""in_zone"": true, ""ignition"": true, ""latitude"": 42.6464716, ""direction"": 53, ""longitude"": 18.051775, ""gsm_signal"": 28, ""sleep_mode"": false, ""staff_mode"": false, ""fault_codes"": [], ""speed_limit"": 46, ""engine_hours"": 1591, ""idc_triggers"": [], ""buzzer_active"": false, ""fuel_level_avg"": 4, ""lock_geo_alert"": false, ""operation_mode"": ""RENT"", ""battery_voltage"": 14.300000190734863, ""in_primary_zone"": true, ""lock_engine_alert"": false, ""in_restricted_zone"": false, ""onboard_geofencing"": false, ""speed_limit_active"": false}"
2023-07-17 13:03:46.954,5237,13,"359159972073523",20,"{""key"": false, ""flip"": false, ""zone"": false, ""speed"": 16.9, ""buzzer"": 0, ""engine"": true, ""in_zone"": true, ""ignition"": true, ""latitude"": 42.646445, ""direction"": 49, ""longitude"": 18.0517282, ""gsm_signal"": 28, ""sleep_mode"": false, ""staff_mode"": false, ""fault_codes"": [], ""speed_limit"": 46, ""engine_hours"": 1591, ""idc_triggers"": [], ""buzzer_active"": false, ""fuel_level_avg"": 4, ""lock_geo_alert"": false, ""operation_mode"": ""RENT"", ""battery_voltage"": 14.300000190734863, ""in_primary_zone"": true, ""lock_engine_alert"": false, ""in_restricted_zone"": false, ""onboard_geofencing"": false, ""speed_limit_active"": false}"
2023-07-17 13:03:45.417,5237,13,"359159972073523",20,"{""key"": false, ""flip"": false, ""zone"": false, ""speed"": 15.3, ""buzzer"": 0, ""engine"": true, ""in_zone"": true, ""ignition"": true, ""latitude"": 42.6464166, ""direction"": 45, ""longitude"": 18.051685, ""gsm_signal"": 27, ""sleep_mode"": false, ""staff_mode"": false, ""fault_codes"": [], ""speed_limit"": 46, ""engine_hours"": 1591, ""idc_triggers"": [], ""buzzer_active"": false, ""fuel_level_avg"": 4, ""lock_geo_alert"": false, ""operation_mode"": ""RENT"", ""battery_voltage"": 14.300000190734863, ""in_primary_zone"": true, ""lock_engine_alert"": false, ""in_restricted_zone"": false, ""onboard_geofencing"": false, ""speed_limit_active"": false}"
2023-07-17 13:03:44.461,5237,13,"359159972073523",20,"{""key"": false, ""flip"": false, ""zone"": false, ""speed"": 14.9, ""buzzer"": 0, ""engine"": true, ""in_zone"": true, ""ignition"": true, ""latitude"": 42.64639, ""direction"": 41, ""longitude"": 18.0516482, ""gsm_signal"": 27, ""sleep_mode"": false, ""staff_mode"": false, ""fault_codes"": [], ""speed_limit"": 46, ""engine_hours"": 1591, ""idc_triggers"": [], ""buzzer_active"": false, ""fuel_level_avg"": 4, ""lock_geo_alert"": false, ""operation_mode"": ""RENT"", ""battery_voltage"": 14.300000190734863, ""in_primary_zone"": true, ""lock_engine_alert"": false, ""in_restricted_zone"": false, ""onboard_geofencing"": false, ""speed_limit_active"": false}"
2023-07-17 13:03:43.457,5237,13,"359159972073523",20,"{""key"": false, ""flip"": false, ""zone"": false, ""speed"": 12.8, ""buzzer"": 0, ""engine"": true, ""in_zone"": true, ""ignition"": true, ""latitude"": 42.6463633, ""direction"": 40, ""longitude"": 18.0516166, ""gsm_signal"": 27, ""sleep_mode"": false, ""staff_mode"": false, ""fault_codes"": [], ""speed_limit"": 46, ""engine_hours"": 1591, ""idc_triggers"": [], ""buzzer_active"": false, ""fuel_level_avg"": 4, ""lock_geo_alert"": false, ""operation_mode"": ""RENT"", ""battery_voltage"": 14.300000190734863, ""in_primary_zone"": true, ""lock_engine_alert"": false, ""in_restricted_zone"": false, ""onboard_geofencing"": false, ""speed_limit_active"": false}"
2023-07-17 13:03:42.495,5237,13,"359159972073523",20,"{""key"": false, ""flip"": false, ""zone"": false, ""speed"": 9.4, ""buzzer"": 0, ""engine"": true, ""in_zone"": true, ""ignition"": true, ""latitude"": 42.6463416, ""direction"": 39, ""longitude"": 18.05159, ""gsm_signal"": 25, ""sleep_mode"": false, ""staff_mode"": false, ""fault_codes"": [], ""speed_limit"": 46, ""engine_hours"": 1591, ""idc_triggers"": [], ""buzzer_active"": false, ""fuel_level_avg"": 4, ""lock_geo_alert"": false, ""operation_mode"": ""RENT"", ""battery_voltage"": 14.300000190734863, ""in_primary_zone"": true, ""lock_engine_alert"": false, ""in_restricted_zone"": false, ""onboard_geofencing"": false, ""speed_limit_active"": false}"
2023-07-17 13:03:41.914,5237,13,"359159972073523",20,"{""key"": false, ""flip"": false, ""zone"": false, ""speed"": 9.0, ""buzzer"": 0, ""engine"": true, ""in_zone"": true, ""ignition"": true, ""latitude"": 42.6463233, ""direction"": 38, ""longitude"": 18.05157, ""gsm_signal"": 25, ""sleep_mode"": false, ""staff_mode"": false, ""fault_codes"": [], ""speed_limit"": 46, ""engine_hours"": 1591, ""idc_triggers"": [], ""buzzer_active"": false, ""fuel_level_avg"": 4, ""lock_geo_alert"": false, ""operation_mode"": ""RENT"", ""battery_voltage"": 14.300000190734863, ""in_primary_zone"": true, ""lock_engine_alert"": false, ""in_restricted_zone"": false, ""onboard_geofencing"": false, ""speed_limit_active"": false}"
2023-07-17 13:03:40.415,5237,13,"359159972073523",20,"{""key"": false, ""flip"": false, ""zone"": false, ""speed"": 13.1, ""buzzer"": 0, ""engine"": true, ""in_zone"": true, ""ignition"": true, ""latitude"": 42.6463033, ""direction"": 39, ""longitude"": 18.05155, ""gsm_signal"": 25, ""sleep_mode"": false, ""staff_mode"": false, ""fault_codes"": [], ""speed_limit"": 46, ""engine_hours"": 1591, ""idc_triggers"": [], ""buzzer_active"": false, ""fuel_level_avg"": 4, ""lock_geo_alert"": false, ""operation_mode"": ""RENT"", ""battery_voltage"": 14.300000190734863, ""in_primary_zone"": true, ""lock_engine_alert"": false, ""in_restricted_zone"": false, ""onboard_geofencing"": false, ""speed_limit_active"": false}"
2023-07-17 13:03:39.436,5237,13,"359159972073523",20,"{""key"": false, ""flip"": false, ""zone"": false, ""speed"": 19.6, ""buzzer"": 0, ""engine"": true, ""in_zone"": true, ""ignition"": true, ""latitude"": 42.646275, ""direction"": 39, ""longitude"": 18.0515166, ""gsm_signal"": 24, ""sleep_mode"": false, ""staff_mode"": false, ""fault_codes"": [], ""speed_limit"": 46, ""engine_hours"": 1591, ""idc_triggers"": [], ""buzzer_active"": false, ""fuel_level_avg"": 4, ""lock_geo_alert"": false, ""operation_mode"": ""RENT"", ""battery_voltage"": 14.300000190734863, ""in_primary_zone"": true, ""lock_engine_alert"": false, ""in_restricted_zone"": false, ""onboard_geofencing"": false, ""speed_limit_active"": false}"
2023-07-17 13:03:38.474,5237,13,"359159972073523",20,"{""key"": false, ""flip"": false, ""zone"": false, ""speed"": 26.4, ""buzzer"": 0, ""engine"": true, ""in_zone"": true, ""ignition"": true, ""latitude"": 42.6462333, ""direction"": 39, ""longitude"": 18.05147, ""gsm_signal"": 24, ""sleep_mode"": false, ""staff_mode"": false, ""fault_codes"": [], ""speed_limit"": 46, ""engine_hours"": 1591, ""idc_triggers"": [], ""buzzer_active"": false, ""fuel_level_avg"": 4, ""lock_geo_alert"": false, ""operation_mode"": ""RENT"", ""battery_voltage"": 14.300000190734863, ""in_primary_zone"": true, ""lock_engine_alert"": false, ""in_restricted_zone"": false, ""onboard_geofencing"": false, ""speed_limit_active"": false}"
2023-07-17 13:03:37.916,5237,13,"359159972073523",20,"{""key"": false, ""flip"": false, ""zone"": false, ""speed"": 31.7, ""buzzer"": 0, ""engine"": true, ""in_zone"": true, ""ignition"": true, ""latitude"": 42.64618, ""direction"": 40, ""longitude"": 18.05141, ""gsm_signal"": 24, ""sleep_mode"": false, ""staff_mode"": false, ""fault_codes"": [], ""speed_limit"": 46, ""engine_hours"": 1591, ""idc_triggers"": [], ""buzzer_active"": false, ""fuel_level_avg"": 4, ""lock_geo_alert"": false, ""operation_mode"": ""RENT"", ""battery_voltage"": 14.300000190734863, ""in_primary_zone"": true, ""lock_engine_alert"": false, ""in_restricted_zone"": false, ""onboard_geofencing"": false, ""speed_limit_active"": false}"
2023-07-17 13:03:36.435,5237,13,"359159972073523",20,"{""key"": false, ""flip"": false, ""zone"": false, ""speed"": 32.3, ""buzzer"": 0, ""engine"": true, ""in_zone"": true, ""ignition"": true, ""latitude"": 42.6461183, ""direction"": 42, ""longitude"": 18.05134, ""gsm_signal"": 24, ""sleep_mode"": false, ""staff_mode"": false, ""fault_codes"": [], ""speed_limit"": 46, ""engine_hours"": 1591, ""idc_triggers"": [], ""buzzer_active"": false, ""fuel_level_avg"": 4, ""lock_geo_alert"": false, ""operation_mode"": ""RENT"", ""battery_voltage"": 14.300000190734863, ""in_primary_zone"": true, ""lock_engine_alert"": false, ""in_restricted_zone"": false, ""onboard_geofencing"": false, ""speed_limit_active"": false}"
2023-07-17 13:03:35.475,5237,13,"359159972073523",20,"{""key"": false, ""flip"": false, ""zone"": false, ""speed"": 33.3, ""buzzer"": 0, ""engine"": true, ""in_zone"": true, ""ignition"": true, ""latitude"": 42.6460583, ""direction"": 42, ""longitude"": 18.051265, ""gsm_signal"": 24, ""sleep_mode"": false, ""staff_mode"": false, ""fault_codes"": [], ""speed_limit"": 46, ""engine_hours"": 1591, ""idc_triggers"": [], ""buzzer_active"": false, ""fuel_level_avg"": 4, ""lock_geo_alert"": false, ""operation_mode"": ""RENT"", ""battery_voltage"": 14.300000190734863, ""in_primary_zone"": true, ""lock_engine_alert"": false, ""in_restricted_zone"": false, ""onboard_geofencing"": false, ""speed_limit_active"": false}"
2023-07-17 13:03:34.918,5237,13,"359159972073523",20,"{""key"": false, ""flip"": false, ""zone"": false, ""speed"": 36.6, ""buzzer"": 0, ""engine"": true, ""in_zone"": true, ""ignition"": true, ""latitude"": 42.645995, ""direction"": 42, ""longitude"": 18.0511866, ""gsm_signal"": 24, ""sleep_mode"": false, ""staff_mode"": false, ""fault_codes"": [], ""speed_limit"": 46, ""engine_hours"": 1591, ""idc_triggers"": [], ""buzzer_active"": false, ""fuel_level_avg"": 4, ""lock_geo_alert"": false, ""operation_mode"": ""RENT"", ""battery_voltage"": 14.300000190734863, ""in_primary_zone"": true, ""lock_engine_alert"": false, ""in_restricted_zone"": false, ""onboard_geofencing"": false, ""speed_limit_active"": false}"
2023-07-17 13:03:33.438,5237,13,"359159972073523",20,"{""key"": false, ""flip"": false, ""zone"": false, ""speed"": 40.6, ""buzzer"": 0, ""engine"": true, ""in_zone"": true, ""ignition"": true, ""latitude"": 42.6459266, ""direction"": 43, ""longitude"": 18.0510982, ""gsm_signal"": 26, ""sleep_mode"": false, ""staff_mode"": false, ""fault_codes"": [], ""speed_limit"": 46, ""engine_hours"": 1591, ""idc_triggers"": [], ""buzzer_active"": false, ""fuel_level_avg"": 4, ""lock_geo_alert"": false, ""operation_mode"": ""RENT"", ""battery_voltage"": 14.300000190734863, ""in_primary_zone"": true, ""lock_engine_alert"": false, ""in_restricted_zone"": false, ""onboard_geofencing"": false, ""speed_limit_active"": false}"
2023-07-17 13:03:32.459,5237,13,"359159972073523",20,"{""key"": false, ""flip"": false, ""zone"": false, ""speed"": 41.3, ""buzzer"": 0, ""engine"": true, ""in_zone"": true, ""ignition"": true, ""latitude"": 42.645855, ""direction"": 45, ""longitude"": 18.0510016, ""gsm_signal"": 26, ""sleep_mode"": false, ""staff_mode"": false, ""fault_codes"": [], ""speed_limit"": 46, ""engine_hours"": 1591, ""idc_triggers"": [], ""buzzer_active"": false, ""fuel_level_avg"": 4, ""lock_geo_alert"": false, ""operation_mode"": ""RENT"", ""battery_voltage"": 14.300000190734863, ""in_primary_zone"": true, ""lock_engine_alert"": false, ""in_restricted_zone"": false, ""onboard_geofencing"": false, ""speed_limit_active"": false}"
2023-07-17 13:03:31.954,5237,13,"359159972073523",20,"{""key"": false, ""flip"": false, ""zone"": false, ""speed"": 42.9, ""buzzer"": 0, ""engine"": true, ""in_zone"": true, ""ignition"": true, ""latitude"": 42.6457816, ""direction"": 48, ""longitude"": 18.0508982, ""gsm_signal"": 26, ""sleep_mode"": false, ""staff_mode"": false, ""fault_codes"": [], ""speed_limit"": 46, ""engine_hours"": 1591, ""idc_triggers"": [], ""buzzer_active"": false, ""fuel_level_avg"": 4, ""lock_geo_alert"": false, ""operation_mode"": ""RENT"", ""battery_voltage"": 14.300000190734863, ""in_primary_zone"": true, ""lock_engine_alert"": false, ""in_restricted_zone"": false, ""onboard_geofencing"": false, ""speed_limit_active"": false}"
2023-07-17 13:03:30.436,5237,13,"359159972073523",20,"{""key"": false, ""flip"": false, ""zone"": false, ""speed"": 44.9, ""buzzer"": 0, ""engine"": true, ""in_zone"": true, ""ignition"": true, ""latitude"": 42.64571, ""direction"": 48, ""longitude"": 18.0507882, ""gsm_signal"": 26, ""sleep_mode"": false, ""staff_mode"": false, ""fault_codes"": [], ""speed_limit"": 46, ""engine_hours"": 1591, ""idc_triggers"": [], ""buzzer_active"": false, ""fuel_level_avg"": 4, ""lock_geo_alert"": false, ""operation_mode"": ""RENT"", ""battery_voltage"": 14.300000190734863, ""in_primary_zone"": true, ""lock_engine_alert"": false, ""in_restricted_zone"": false, ""onboard_geofencing"": false, ""speed_limit_active"": false}"
2023-07-17 13:03:29.458,5237,13,"359159972073523",20,"{""key"": false, ""flip"": false, ""zone"": false, ""speed"": 45.8, ""buzzer"": 0, ""engine"": true, ""in_zone"": true, ""ignition"": true, ""latitude"": 42.6456333, ""direction"": 46, ""longitude"": 18.050675, ""gsm_signal"": 26, ""sleep_mode"": false, ""staff_mode"": false, ""fault_codes"": [], ""speed_limit"": 46, ""engine_hours"": 1591, ""idc_triggers"": [], ""buzzer_active"": false, ""fuel_level_avg"": 4, ""lock_geo_alert"": false, ""operation_mode"": ""RENT"", ""battery_voltage"": 14.300000190734863, ""in_primary_zone"": true, ""lock_engine_alert"": false, ""in_restricted_zone"": false, ""onboard_geofencing"": false, ""speed_limit_active"": false}"
2023-07-17 13:03:28.923,5237,13,"359159972073523",20,"{""key"": false, ""flip"": false, ""zone"": false, ""speed"": 45.9, ""buzzer"": 0, ""engine"": true, ""in_zone"": true, ""ignition"": true, ""latitude"": 42.6455533, ""direction"": 45, ""longitude"": 18.0505632, ""gsm_signal"": 26, ""sleep_mode"": false, ""staff_mode"": false, ""fault_codes"": [], ""speed_limit"": 46, ""engine_hours"": 1591, ""idc_triggers"": [], ""buzzer_active"": false, ""fuel_level_avg"": 4, ""lock_geo_alert"": false, ""operation_mode"": ""RENT"", ""battery_voltage"": 14.300000190734863, ""in_primary_zone"": true, ""lock_engine_alert"": false, ""in_restricted_zone"": false, ""onboard_geofencing"": false, ""speed_limit_active"": false}"
2023-07-17 13:03:27.435,5237,13,"359159972073523",20,"{""key"": false, ""flip"": false, ""zone"": false, ""speed"": 45.8, ""buzzer"": 0, ""engine"": true, ""in_zone"": true, ""ignition"": true, ""latitude"": 42.6454716, ""direction"": 42, ""longitude"": 18.050455, ""gsm_signal"": 26, ""sleep_mode"": false, ""staff_mode"": false, ""fault_codes"": [], ""speed_limit"": 46, ""engine_hours"": 1591, ""idc_triggers"": [], ""buzzer_active"": false, ""fuel_level_avg"": 4, ""lock_geo_alert"": false, ""operation_mode"": ""RENT"", ""battery_voltage"": 14.300000190734863, ""in_primary_zone"": true, ""lock_engine_alert"": false, ""in_restricted_zone"": false, ""onboard_geofencing"": false, ""speed_limit_active"": false}"
2023-07-17 13:03:26.474,5237,13,"359159972073523",20,"{""key"": false, ""flip"": false, ""zone"": false, ""speed"": 46.3, ""buzzer"": 0, ""engine"": true, ""in_zone"": true, ""ignition"": true, ""latitude"": 42.645385, ""direction"": 40, ""longitude"": 18.0503516, ""gsm_signal"": 26, ""sleep_mode"": false, ""staff_mode"": false, ""fault_codes"": [], ""speed_limit"": 46, ""engine_hours"": 1591, ""idc_triggers"": [], ""buzzer_active"": false, ""fuel_level_avg"": 4, ""lock_geo_alert"": false, ""operation_mode"": ""RENT"", ""battery_voltage"": 14.300000190734863, ""in_primary_zone"": true, ""lock_engine_alert"": false, ""in_restricted_zone"": false, ""onboard_geofencing"": false, ""speed_limit_active"": false}"
2023-07-17 13:03:25.917,5237,13,"359159972073523",20,"{""key"": false, ""flip"": false, ""zone"": false, ""speed"": 46.1, ""buzzer"": 0, ""engine"": true, ""in_zone"": true, ""ignition"": true, ""latitude"": 42.6452983, ""direction"": 40, ""longitude"": 18.05025, ""gsm_signal"": 26, ""sleep_mode"": false, ""staff_mode"": false, ""fault_codes"": [], ""speed_limit"": 46, ""engine_hours"": 1591, ""idc_triggers"": [], ""buzzer_active"": false, ""fuel_level_avg"": 4, ""lock_geo_alert"": false, ""operation_mode"": ""RENT"", ""battery_voltage"": 14.300000190734863, ""in_primary_zone"": true, ""lock_engine_alert"": false, ""in_restricted_zone"": false, ""onboard_geofencing"": false, ""speed_limit_active"": false}"
2023-07-17 13:03:24.418,5237,13,"359159972073523",20,"{""key"": false, ""flip"": false, ""zone"": false, ""speed"": 44.9, ""buzzer"": 0, ""engine"": true, ""in_zone"": true, ""ignition"": true, ""latitude"": 42.64521, ""direction"": 40, ""longitude"": 18.05015, ""gsm_signal"": 28, ""sleep_mode"": false, ""staff_mode"": false, ""fault_codes"": [], ""speed_limit"": 46, ""engine_hours"": 1591, ""idc_triggers"": [], ""buzzer_active"": false, ""fuel_level_avg"": 4, ""lock_geo_alert"": false, ""operation_mode"": ""RENT"", ""battery_voltage"": 14.300000190734863, ""in_primary_zone"": true, ""lock_engine_alert"": false, ""in_restricted_zone"": false, ""onboard_geofencing"": false, ""speed_limit_active"": false}"
2023-07-17 13:03:23.434,5237,13,"359159972073523",20,"{""key"": false, ""flip"": false, ""zone"": false, ""speed"": 43.6, ""buzzer"": 0, ""engine"": true, ""in_zone"": true, ""ignition"": true, ""latitude"": 42.645125, ""direction"": 40, ""longitude"": 18.0500516, ""gsm_signal"": 28, ""sleep_mode"": false, ""staff_mode"": false, ""fault_codes"": [], ""speed_limit"": 46, ""engine_hours"": 1591, ""idc_triggers"": [], ""buzzer_active"": false, ""fuel_level_avg"": 4, ""lock_geo_alert"": false, ""operation_mode"": ""RENT"", ""battery_voltage"": 14.300000190734863, ""in_primary_zone"": true, ""lock_engine_alert"": false, ""in_restricted_zone"": false, ""onboard_geofencing"": false, ""speed_limit_active"": false}"
2023-07-17 13:03:22.459,5237,13,"359159972073523",20,"{""key"": false, ""flip"": false, ""zone"": false, ""speed"": 42.3, ""buzzer"": 0, ""engine"": true, ""in_zone"": true, ""ignition"": true, ""latitude"": 42.6450416, ""direction"": 39, ""longitude"": 18.0499566, ""gsm_signal"": 28, ""sleep_mode"": false, ""staff_mode"": false, ""fault_codes"": [], ""speed_limit"": 46, ""engine_hours"": 1591, ""idc_triggers"": [], ""buzzer_active"": false, ""fuel_level_avg"": 4, ""lock_geo_alert"": false, ""operation_mode"": ""RENT"", ""battery_voltage"": 14.300000190734863, ""in_primary_zone"": true, ""lock_engine_alert"": false, ""in_restricted_zone"": false, ""onboard_geofencing"": false, ""speed_limit_active"": false}"
2023-07-17 13:03:21.916,5237,13,"359159972073523",20,"{""key"": false, ""flip"": false, ""zone"": false, ""speed"": 38.4, ""buzzer"": 0, ""engine"": true, ""in_zone"": true, ""ignition"": true, ""latitude"": 42.6449633, ""direction"": 38, ""longitude"": 18.0498682, ""gsm_signal"": 29, ""sleep_mode"": false, ""staff_mode"": false, ""fault_codes"": [], ""speed_limit"": 46, ""engine_hours"": 1591, ""idc_triggers"": [], ""buzzer_active"": false, ""fuel_level_avg"": 4, ""lock_geo_alert"": false, ""operation_mode"": ""RENT"", ""battery_voltage"": 14.300000190734863, ""in_primary_zone"": true, ""lock_engine_alert"": false, ""in_restricted_zone"": false, ""onboard_geofencing"": false, ""speed_limit_active"": false}"
2023-07-17 13:03:20.418,5237,13,"359159972073523",20,"{""key"": false, ""flip"": false, ""zone"": false, ""speed"": 35.5, ""buzzer"": 0, ""engine"": true, ""in_zone"": true, ""ignition"": true, ""latitude"": 42.64489, ""direction"": 38, ""longitude"": 18.04979, ""gsm_signal"": 29, ""sleep_mode"": false, ""staff_mode"": false, ""fault_codes"": [], ""speed_limit"": 46, ""engine_hours"": 1591, ""idc_triggers"": [], ""buzzer_active"": false, ""fuel_level_avg"": 4, ""lock_geo_alert"": false, ""operation_mode"": ""RENT"", ""battery_voltage"": 14.300000190734863, ""in_primary_zone"": true, ""lock_engine_alert"": false, ""in_restricted_zone"": false, ""onboard_geofencing"": false, ""speed_limit_active"": false}"
2023-07-17 13:03:19.437,5237,13,"359159972073523",20,"{""key"": false, ""flip"": false, ""zone"": false, ""speed"": 32.3, ""buzzer"": 0, ""engine"": true, ""in_zone"": true, ""ignition"": true, ""latitude"": 42.6448216, ""direction"": 38, ""longitude"": 18.0497166, ""gsm_signal"": 29, ""sleep_mode"": false, ""staff_mode"": false, ""fault_codes"": [], ""speed_limit"": 46, ""engine_hours"": 1591, ""idc_triggers"": [], ""buzzer_active"": false, ""fuel_level_avg"": 4, ""lock_geo_alert"": false, ""operation_mode"": ""RENT"", ""battery_voltage"": 14.300000190734863, ""in_primary_zone"": true, ""lock_engine_alert"": false, ""in_restricted_zone"": false, ""onboard_geofencing"": false, ""speed_limit_active"": false}"
2023-07-17 13:03:18.437,5237,13,"359159972073523",20,"{""key"": false, ""flip"": false, ""zone"": false, ""speed"": 26.6, ""buzzer"": 0, ""engine"": true, ""in_zone"": true, ""ignition"": true, ""latitude"": 42.6447616, ""direction"": 38, ""longitude"": 18.0496532, ""gsm_signal"": 27, ""sleep_mode"": false, ""staff_mode"": false, ""fault_codes"": [], ""speed_limit"": 46, ""engine_hours"": 1591, ""idc_triggers"": [], ""buzzer_active"": false, ""fuel_level_avg"": 4, ""lock_geo_alert"": false, ""operation_mode"": ""RENT"", ""battery_voltage"": 14.300000190734863, ""in_primary_zone"": true, ""lock_engine_alert"": false, ""in_restricted_zone"": false, ""onboard_geofencing"": false, ""speed_limit_active"": false}"
2023-07-17 13:03:17.476,5237,13,"359159972073523",20,"{""key"": false, ""flip"": false, ""zone"": false, ""speed"": 22.5, ""buzzer"": 0, ""engine"": true, ""in_zone"": true, ""ignition"": true, ""latitude"": 42.6447116, ""direction"": 37, ""longitude"": 18.0496, ""gsm_signal"": 27, ""sleep_mode"": false, ""staff_mode"": false, ""fault_codes"": [], ""speed_limit"": 46, ""engine_hours"": 1591, ""idc_triggers"": [], ""buzzer_active"": false, ""fuel_level_avg"": 4, ""lock_geo_alert"": false, ""operation_mode"": ""RENT"", ""battery_voltage"": 14.300000190734863, ""in_primary_zone"": true, ""lock_engine_alert"": false, ""in_restricted_zone"": false, ""onboard_geofencing"": false, ""speed_limit_active"": false}"
2023-07-17 13:03:16.916,5237,13,"359159972073523",20,"{""key"": false, ""flip"": false, ""zone"": false, ""speed"": 17.7, ""buzzer"": 0, ""engine"": true, ""in_zone"": true, ""ignition"": true, ""latitude"": 42.64467, ""direction"": 33, ""longitude"": 18.0495566, ""gsm_signal"": 27, ""sleep_mode"": false, ""staff_mode"": false, ""fault_codes"": [], ""speed_limit"": 46, ""engine_hours"": 1591, ""idc_triggers"": [], ""buzzer_active"": false, ""fuel_level_avg"": 4, ""lock_geo_alert"": false, ""operation_mode"": ""RENT"", ""battery_voltage"": 14.300000190734863, ""in_primary_zone"": true, ""lock_engine_alert"": false, ""in_restricted_zone"": false, ""onboard_geofencing"": false, ""speed_limit_active"": false}"
2023-07-17 13:03:15.459,5237,13,"359159972073523",20,"{""key"": false, ""flip"": false, ""zone"": false, ""speed"": 16.2, ""buzzer"": 0, ""engine"": true, ""in_zone"": true, ""ignition"": true, ""latitude"": 42.6446333, ""direction"": 31, ""longitude"": 18.049525, ""gsm_signal"": 24, ""sleep_mode"": false, ""staff_mode"": false, ""fault_codes"": [], ""speed_limit"": 46, ""engine_hours"": 1591, ""idc_triggers"": [], ""buzzer_active"": false, ""fuel_level_avg"": 4, ""lock_geo_alert"": false, ""operation_mode"": ""RENT"", ""battery_voltage"": 14.300000190734863, ""in_primary_zone"": true, ""lock_engine_alert"": false, ""in_restricted_zone"": false, ""onboard_geofencing"": false, ""speed_limit_active"": false}"
2023-07-17 13:03:14.475,5237,13,"359159972073523",20,"{""key"": false, ""flip"": false, ""zone"": false, ""speed"": 14.7, ""buzzer"": 0, ""engine"": true, ""in_zone"": true, ""ignition"": true, ""latitude"": 42.6446, ""direction"": 30, ""longitude"": 18.0494966, ""gsm_signal"": 24, ""sleep_mode"": false, ""staff_mode"": false, ""fault_codes"": [], ""speed_limit"": 46, ""engine_hours"": 1591, ""idc_triggers"": [], ""buzzer_active"": false, ""fuel_level_avg"": 4, ""lock_geo_alert"": false, ""operation_mode"": ""RENT"", ""battery_voltage"": 14.300000190734863, ""in_primary_zone"": true, ""lock_engine_alert"": false, ""in_restricted_zone"": false, ""onboard_geofencing"": false, ""speed_limit_active"": false}"
2023-07-17 13:03:13.917,5237,13,"359159972073523",20,"{""key"": false, ""flip"": false, ""zone"": false, ""speed"": 12.4, ""buzzer"": 0, ""engine"": true, ""in_zone"": true, ""ignition"": true, ""latitude"": 42.64457, ""direction"": 31, ""longitude"": 18.0494682, ""gsm_signal"": 24, ""sleep_mode"": false, ""staff_mode"": false, ""fault_codes"": [], ""speed_limit"": 46, ""engine_hours"": 1591, ""idc_triggers"": [], ""buzzer_active"": false, ""fuel_level_avg"": 4, ""lock_geo_alert"": false, ""operation_mode"": ""RENT"", ""battery_voltage"": 14.300000190734863, ""in_primary_zone"": true, ""lock_engine_alert"": false, ""in_restricted_zone"": false, ""onboard_geofencing"": false, ""speed_limit_active"": false}"
2023-07-17 13:03:12.435,5237,13,"359159972073523",20,"{""key"": false, ""flip"": false, ""zone"": false, ""speed"": 9.2, ""buzzer"": 0, ""engine"": true, ""in_zone"": true, ""ignition"": true, ""latitude"": 42.644545, ""direction"": 33, ""longitude"": 18.04945, ""gsm_signal"": 23, ""sleep_mode"": false, ""staff_mode"": false, ""fault_codes"": [], ""speed_limit"": 46, ""engine_hours"": 1591, ""idc_triggers"": [], ""buzzer_active"": false, ""fuel_level_avg"": 4, ""lock_geo_alert"": false, ""operation_mode"": ""RENT"", ""battery_voltage"": 14.300000190734863, ""in_primary_zone"": true, ""lock_engine_alert"": false, ""in_restricted_zone"": false, ""onboard_geofencing"": false, ""speed_limit_active"": false}"
2023-07-17 13:03:11.477,5237,13,"359159972073523",20,"{""key"": false, ""flip"": false, ""zone"": false, ""speed"": 8.2, ""buzzer"": 0, ""engine"": true, ""in_zone"": true, ""ignition"": true, ""latitude"": 42.6445266, ""direction"": 38, ""longitude"": 18.0494332, ""gsm_signal"": 23, ""sleep_mode"": false, ""staff_mode"": false, ""fault_codes"": [], ""speed_limit"": 46, ""engine_hours"": 1591, ""idc_triggers"": [], ""buzzer_active"": false, ""fuel_level_avg"": 4, ""lock_geo_alert"": false, ""operation_mode"": ""RENT"", ""battery_voltage"": 14.300000190734863, ""in_primary_zone"": true, ""lock_engine_alert"": false, ""in_restricted_zone"": false, ""onboard_geofencing"": false, ""speed_limit_active"": false}"
2023-07-17 13:03:10.919,5237,13,"359159972073523",20,"{""key"": false, ""flip"": false, ""zone"": false, ""speed"": 8.6, ""buzzer"": 0, ""engine"": true, ""in_zone"": true, ""ignition"": true, ""latitude"": 42.6445083, ""direction"": 42, ""longitude"": 18.049415, ""gsm_signal"": 23, ""sleep_mode"": false, ""staff_mode"": false, ""fault_codes"": [], ""speed_limit"": 46, ""engine_hours"": 1591, ""idc_triggers"": [], ""buzzer_active"": false, ""fuel_level_avg"": 4, ""lock_geo_alert"": false, ""operation_mode"": ""RENT"", ""battery_voltage"": 14.300000190734863, ""in_primary_zone"": true, ""lock_engine_alert"": false, ""in_restricted_zone"": false, ""onboard_geofencing"": false, ""speed_limit_active"": false}"
2023-07-17 13:03:09.422,5237,13,"359159972073523",20,"{""key"": false, ""flip"": false, ""zone"": false, ""speed"": 8.6, ""buzzer"": 0, ""engine"": true, ""in_zone"": true, ""ignition"": true, ""latitude"": 42.6444916, ""direction"": 49, ""longitude"": 18.049395, ""gsm_signal"": 22, ""sleep_mode"": false, ""staff_mode"": false, ""fault_codes"": [], ""speed_limit"": 46, ""engine_hours"": 1591, ""idc_triggers"": [], ""buzzer_active"": false, ""fuel_level_avg"": 4, ""lock_geo_alert"": false, ""operation_mode"": ""RENT"", ""battery_voltage"": 14.300000190734863, ""in_primary_zone"": true, ""lock_engine_alert"": false, ""in_restricted_zone"": false, ""onboard_geofencing"": false, ""speed_limit_active"": false}"
2023-07-17 13:03:08.436,5237,13,"359159972073523",20,"{""key"": false, ""flip"": false, ""zone"": false, ""speed"": 6.3, ""buzzer"": 0, ""engine"": true, ""in_zone"": true, ""ignition"": true, ""latitude"": 42.6444783, ""direction"": 57, ""longitude"": 18.049375, ""gsm_signal"": 22, ""sleep_mode"": false, ""staff_mode"": false, ""fault_codes"": [], ""speed_limit"": 46, ""engine_hours"": 1591, ""idc_triggers"": [], ""buzzer_active"": false, ""fuel_level_avg"": 4, ""lock_geo_alert"": false, ""operation_mode"": ""RENT"", ""battery_voltage"": 14.300000190734863, ""in_primary_zone"": true, ""lock_engine_alert"": false, ""in_restricted_zone"": false, ""onboard_geofencing"": false, ""speed_limit_active"": false}"
2023-07-17 13:03:07.454,5237,13,"359159972073523",20,"{""key"": false, ""flip"": false, ""zone"": false, ""speed"": 3.0, ""buzzer"": 0, ""engine"": true, ""in_zone"": true, ""ignition"": true, ""latitude"": 42.6444716, ""direction"": 81, ""longitude"": 18.04936, ""gsm_signal"": 22, ""sleep_mode"": false, ""staff_mode"": false, ""fault_codes"": [], ""speed_limit"": 46, ""engine_hours"": 1591, ""idc_triggers"": [], ""buzzer_active"": false, ""fuel_level_avg"": 4, ""lock_geo_alert"": false, ""operation_mode"": ""RENT"", ""battery_voltage"": 14.300000190734863, ""in_primary_zone"": true, ""lock_engine_alert"": false, ""in_restricted_zone"": false, ""onboard_geofencing"": false, ""speed_limit_active"": false}"
2023-07-17 13:03:06.494,5237,13,"359159972073523",20,"{""key"": false, ""flip"": false, ""zone"": false, ""speed"": 1.2, ""buzzer"": 0, ""engine"": true, ""in_zone"": true, ""ignition"": true, ""latitude"": 42.64447, ""direction"": 159, ""longitude"": 18.0493532, ""gsm_signal"": 26, ""sleep_mode"": false, ""staff_mode"": false, ""fault_codes"": [], ""speed_limit"": 46, ""engine_hours"": 1591, ""idc_triggers"": [], ""buzzer_active"": false, ""fuel_level_avg"": 4, ""lock_geo_alert"": false, ""operation_mode"": ""RENT"", ""battery_voltage"": 14.300000190734863, ""in_primary_zone"": true, ""lock_engine_alert"": false, ""in_restricted_zone"": false, ""onboard_geofencing"": false, ""speed_limit_active"": false}"
2023-07-17 13:03:05.913,5237,13,"359159972073523",20,"{""key"": false, ""flip"": false, ""zone"": false, ""speed"": 0.0, ""buzzer"": 0, ""engine"": true, ""in_zone"": true, ""ignition"": true, ""latitude"": 42.6444716, ""direction"": 185, ""longitude"": 18.04935, ""gsm_signal"": 26, ""sleep_mode"": false, ""staff_mode"": false, ""fault_codes"": [], ""speed_limit"": 46, ""engine_hours"": 1591, ""idc_triggers"": [], ""buzzer_active"": false, ""fuel_level_avg"": 4, ""lock_geo_alert"": false, ""operation_mode"": ""RENT"", ""battery_voltage"": 14.300000190734863, ""in_primary_zone"": true, ""lock_engine_alert"": false, ""in_restricted_zone"": false, ""onboard_geofencing"": false, ""speed_limit_active"": false}"
2023-07-17 13:03:04.417,5237,13,"359159972073523",20,"{""key"": false, ""flip"": false, ""zone"": false, ""speed"": 1.4, ""buzzer"": 0, ""engine"": true, ""in_zone"": true, ""ignition"": true, ""latitude"": 42.6444733, ""direction"": 185, ""longitude"": 18.0493482, ""gsm_signal"": 26, ""sleep_mode"": false, ""staff_mode"": false, ""fault_codes"": [], ""speed_limit"": 46, ""engine_hours"": 1591, ""idc_triggers"": [], ""buzzer_active"": false, ""fuel_level_avg"": 4, ""lock_geo_alert"": false, ""operation_mode"": ""RENT"", ""battery_voltage"": 14.300000190734863, ""in_primary_zone"": true, ""lock_engine_alert"": false, ""in_restricted_zone"": false, ""onboard_geofencing"": false, ""speed_limit_active"": false}"
2023-07-17 13:03:03.419,5237,13,"359159972073523",20,"{""key"": false, ""flip"": false, ""zone"": false, ""speed"": 1.9, ""buzzer"": 0, ""engine"": true, ""in_zone"": true, ""ignition"": true, ""latitude"": 42.6444783, ""direction"": 201, ""longitude"": 18.0493466, ""gsm_signal"": 30, ""sleep_mode"": false, ""staff_mode"": false, ""fault_codes"": [], ""speed_limit"": 46, ""engine_hours"": 1591, ""idc_triggers"": [], ""buzzer_active"": false, ""fuel_level_avg"": 4, ""lock_geo_alert"": false, ""operation_mode"": ""RENT"", ""battery_voltage"": 14.300000190734863, ""in_primary_zone"": true, ""lock_engine_alert"": false, ""in_restricted_zone"": false, ""onboard_geofencing"": false, ""speed_limit_active"": false}"
2023-07-17 13:03:02.438,5237,13,"359159972073523",20,"{""key"": false, ""flip"": false, ""zone"": false, ""speed"": 3.3, ""buzzer"": 0, ""engine"": true, ""in_zone"": true, ""ignition"": true, ""latitude"": 42.6444866, ""direction"": 212, ""longitude"": 18.0493482, ""gsm_signal"": 30, ""sleep_mode"": false, ""staff_mode"": false, ""fault_codes"": [], ""speed_limit"": 46, ""engine_hours"": 1591, ""idc_triggers"": [], ""buzzer_active"": false, ""fuel_level_avg"": 4, ""lock_geo_alert"": false, ""operation_mode"": ""RENT"", ""battery_voltage"": 14.300000190734863, ""in_primary_zone"": true, ""lock_engine_alert"": false, ""in_restricted_zone"": false, ""onboard_geofencing"": false, ""speed_limit_active"": false}"
2023-07-17 13:03:01.437,5237,13,"359159972073523",20,"{""key"": false, ""flip"": false, ""zone"": false, ""speed"": 3.5, ""buzzer"": 0, ""engine"": true, ""in_zone"": true, ""ignition"": true, ""latitude"": 42.6444966, ""direction"": 237, ""longitude"": 18.0493532, ""gsm_signal"": 30, ""sleep_mode"": false, ""staff_mode"": false, ""fault_codes"": [], ""speed_limit"": 46, ""engine_hours"": 1591, ""idc_triggers"": [], ""buzzer_active"": false, ""fuel_level_avg"": 4, ""lock_geo_alert"": false, ""operation_mode"": ""RENT"", ""battery_voltage"": 14.300000190734863, ""in_primary_zone"": true, ""lock_engine_alert"": false, ""in_restricted_zone"": false, ""onboard_geofencing"": false, ""speed_limit_active"": false}"
2023-07-17 13:03:00.456,5237,13,"359159972073523",20,"{""key"": false, ""flip"": false, ""zone"": false, ""speed"": 4.1, ""buzzer"": 0, ""engine"": true, ""in_zone"": true, ""ignition"": true, ""latitude"": 42.644505, ""direction"": 256, ""longitude"": 18.04936, ""gsm_signal"": 31, ""sleep_mode"": false, ""staff_mode"": false, ""fault_codes"": [], ""speed_limit"": 46, ""engine_hours"": 1591, ""idc_triggers"": [], ""buzzer_active"": false, ""fuel_level_avg"": 4, ""lock_geo_alert"": false, ""operation_mode"": ""RENT"", ""battery_voltage"": 14.300000190734863, ""in_primary_zone"": true, ""lock_engine_alert"": false, ""in_restricted_zone"": false, ""onboard_geofencing"": false, ""speed_limit_active"": false}"
2023-07-17 13:02:59.878,5237,13,"359159972073523",20,"{""key"": false, ""flip"": false, ""zone"": false, ""speed"": 5.1, ""buzzer"": 0, ""engine"": true, ""in_zone"": true, ""ignition"": true, ""latitude"": 42.64451, ""direction"": 276, ""longitude"": 18.0493732, ""gsm_signal"": 31, ""sleep_mode"": false, ""staff_mode"": false, ""fault_codes"": [], ""speed_limit"": 46, ""engine_hours"": 1591, ""idc_triggers"": [], ""buzzer_active"": false, ""fuel_level_avg"": 4, ""lock_geo_alert"": false, ""operation_mode"": ""RENT"", ""battery_voltage"": 14.300000190734863, ""in_primary_zone"": true, ""lock_engine_alert"": false, ""in_restricted_zone"": false, ""onboard_geofencing"": false, ""speed_limit_active"": false}"
2023-07-17 13:02:58.936,5237,13,"359159972073523",20,"{""key"": false, ""flip"": false, ""zone"": false, ""speed"": 4.0, ""buzzer"": 0, ""engine"": true, ""in_zone"": true, ""ignition"": true, ""latitude"": 42.64451, ""direction"": 294, ""longitude"": 18.0493882, ""gsm_signal"": 31, ""sleep_mode"": false, ""staff_mode"": false, ""fault_codes"": [], ""speed_limit"": 46, ""engine_hours"": 1591, ""idc_triggers"": [], ""buzzer_active"": false, ""fuel_level_avg"": 0, ""lock_geo_alert"": false, ""operation_mode"": ""RENT"", ""battery_voltage"": 14.800000190734863, ""in_primary_zone"": true, ""lock_engine_alert"": false, ""in_restricted_zone"": false, ""onboard_geofencing"": false, ""speed_limit_active"": false}"
2023-07-17 13:02:57.419,5237,13,"359159972073523",20,"{""key"": false, ""flip"": false, ""zone"": false, ""speed"": 4.9, ""buzzer"": 0, ""engine"": true, ""in_zone"": true, ""ignition"": true, ""latitude"": 42.6445066, ""direction"": 302, ""longitude"": 18.0494032, ""gsm_signal"": 31, ""sleep_mode"": false, ""staff_mode"": false, ""fault_codes"": [], ""speed_limit"": 46, ""engine_hours"": 1591, ""idc_triggers"": [], ""buzzer_active"": false, ""fuel_level_avg"": 0, ""lock_geo_alert"": false, ""operation_mode"": ""RENT"", ""battery_voltage"": 14.800000190734863, ""in_primary_zone"": true, ""lock_engine_alert"": false, ""in_restricted_zone"": false, ""onboard_geofencing"": false, ""speed_limit_active"": false}"
2023-07-17 13:02:56.435,5237,13,"359159972073523",20,"{""key"": false, ""flip"": false, ""zone"": false, ""speed"": 5.6, ""buzzer"": 0, ""engine"": true, ""in_zone"": true, ""ignition"": true, ""latitude"": 42.6445016, ""direction"": 312, ""longitude"": 18.0494182, ""gsm_signal"": 31, ""sleep_mode"": false, ""staff_mode"": false, ""fault_codes"": [], ""speed_limit"": 46, ""engine_hours"": 1591, ""idc_triggers"": [], ""buzzer_active"": false, ""fuel_level_avg"": 0, ""lock_geo_alert"": false, ""operation_mode"": ""RENT"", ""battery_voltage"": 14.800000190734863, ""in_primary_zone"": true, ""lock_engine_alert"": false, ""in_restricted_zone"": false, ""onboard_geofencing"": false, ""speed_limit_active"": false}"
2023-07-17 13:02:55.457,5237,13,"359159972073523",20,"{""key"": false, ""flip"": false, ""zone"": false, ""speed"": 5.9, ""buzzer"": 0, ""engine"": true, ""in_zone"": true, ""ignition"": true, ""latitude"": 42.6444933, ""direction"": 320, ""longitude"": 18.0494316, ""gsm_signal"": 31, ""sleep_mode"": false, ""staff_mode"": false, ""fault_codes"": [], ""speed_limit"": 46, ""engine_hours"": 1591, ""idc_triggers"": [], ""buzzer_active"": false, ""fuel_level_avg"": 0, ""lock_geo_alert"": false, ""operation_mode"": ""RENT"", ""battery_voltage"": 14.800000190734863, ""in_primary_zone"": true, ""lock_engine_alert"": false, ""in_restricted_zone"": false, ""onboard_geofencing"": false, ""speed_limit_active"": false}"
2023-07-17 13:02:54.454,5237,13,"359159972073523",20,"{""key"": false, ""flip"": false, ""zone"": false, ""speed"": 5.7, ""buzzer"": 0, ""engine"": true, ""in_zone"": true, ""ignition"": true, ""latitude"": 42.6444816, ""direction"": 326, ""longitude"": 18.0494466, ""gsm_signal"": 31, ""sleep_mode"": false, ""staff_mode"": false, ""fault_codes"": [], ""speed_limit"": 46, ""engine_hours"": 1591, ""idc_triggers"": [], ""buzzer_active"": false, ""fuel_level_avg"": 0, ""lock_geo_alert"": false, ""operation_mode"": ""RENT"", ""battery_voltage"": 14.800000190734863, ""in_primary_zone"": true, ""lock_engine_alert"": false, ""in_restricted_zone"": false, ""onboard_geofencing"": false, ""speed_limit_active"": false}"
2023-07-17 13:02:53.975,5237,13,"359159972073523",20,"{""key"": false, ""flip"": false, ""zone"": false, ""speed"": 6.1, ""buzzer"": 0, ""engine"": true, ""in_zone"": true, ""ignition"": true, ""latitude"": 42.64447, ""direction"": 330, ""longitude"": 18.0494566, ""gsm_signal"": 31, ""sleep_mode"": false, ""staff_mode"": false, ""fault_codes"": [], ""speed_limit"": 46, ""engine_hours"": 1591, ""idc_triggers"": [], ""buzzer_active"": false, ""fuel_level_avg"": 0, ""lock_geo_alert"": false, ""operation_mode"": ""RENT"", ""battery_voltage"": 14.800000190734863, ""in_primary_zone"": true, ""lock_engine_alert"": false, ""in_restricted_zone"": false, ""onboard_geofencing"": false, ""speed_limit_active"": false}"
2023-07-17 13:02:52.456,5237,13,"359159972073523",20,"{""key"": false, ""flip"": false, ""zone"": false, ""speed"": 7.0, ""buzzer"": 0, ""engine"": true, ""in_zone"": true, ""ignition"": true, ""latitude"": 42.6444566, ""direction"": 331, ""longitude"": 18.0494682, ""gsm_signal"": 31, ""sleep_mode"": false, ""staff_mode"": false, ""fault_codes"": [], ""speed_limit"": 46, ""engine_hours"": 1591, ""idc_triggers"": [], ""buzzer_active"": false, ""fuel_level_avg"": 0, ""lock_geo_alert"": false, ""operation_mode"": ""RENT"", ""battery_voltage"": 14.800000190734863, ""in_primary_zone"": true, ""lock_engine_alert"": false, ""in_restricted_zone"": false, ""onboard_geofencing"": false, ""speed_limit_active"": false}"
2023-07-17 13:02:52.079,5237,13,"359159972073523",20,"{""key"": false, ""flip"": false, ""zone"": false, ""speed"": 7.4, ""buzzer"": 0, ""engine"": true, ""in_zone"": true, ""ignition"": true, ""latitude"": 42.64444, ""direction"": 330, ""longitude"": 18.04948, ""gsm_signal"": 30, ""sleep_mode"": false, ""staff_mode"": false, ""fault_codes"": [], ""speed_limit"": 46, ""engine_hours"": 1591, ""idc_triggers"": [], ""buzzer_active"": false, ""fuel_level_avg"": 0, ""lock_geo_alert"": false, ""operation_mode"": ""RENT"", ""battery_voltage"": 14.800000190734863, ""in_primary_zone"": true, ""lock_engine_alert"": false, ""in_restricted_zone"": false, ""onboard_geofencing"": false, ""speed_limit_active"": false}"
2023-07-17 13:02:50.461,5237,13,"359159972073523",20,"{""key"": false, ""flip"": false, ""zone"": false, ""speed"": 6.3, ""buzzer"": 0, ""engine"": true, ""in_zone"": true, ""ignition"": true, ""latitude"": 42.644425, ""direction"": 331, ""longitude"": 18.0494916, ""gsm_signal"": 30, ""sleep_mode"": false, ""staff_mode"": false, ""fault_codes"": [], ""speed_limit"": 46, ""engine_hours"": 1591, ""idc_triggers"": [], ""buzzer_active"": false, ""fuel_level_avg"": 0, ""lock_geo_alert"": false, ""operation_mode"": ""RENT"", ""battery_voltage"": 14.800000190734863, ""in_primary_zone"": true, ""lock_engine_alert"": false, ""in_restricted_zone"": false, ""onboard_geofencing"": false, ""speed_limit_active"": false}"
2023-07-17 13:02:49.437,5237,13,"359159972073523",20,"{""key"": false, ""flip"": false, ""zone"": false, ""speed"": 6.7, ""buzzer"": 0, ""engine"": true, ""in_zone"": true, ""ignition"": true, ""latitude"": 42.6444083, ""direction"": 329, ""longitude"": 18.0495032, ""gsm_signal"": 30, ""sleep_mode"": false, ""staff_mode"": false, ""fault_codes"": [], ""speed_limit"": 46, ""engine_hours"": 1591, ""idc_triggers"": [], ""buzzer_active"": false, ""fuel_level_avg"": 0, ""lock_geo_alert"": false, ""operation_mode"": ""RENT"", ""battery_voltage"": 14.800000190734863, ""in_primary_zone"": true, ""lock_engine_alert"": false, ""in_restricted_zone"": false, ""onboard_geofencing"": false, ""speed_limit_active"": false}"
2023-07-17 13:02:48.439,5237,13,"359159972073523",20,"{""key"": false, ""flip"": false, ""zone"": false, ""speed"": 9.2, ""buzzer"": 0, ""engine"": true, ""in_zone"": true, ""ignition"": true, ""latitude"": 42.6443916, ""direction"": 328, ""longitude"": 18.0495166, ""gsm_signal"": 30, ""sleep_mode"": false, ""staff_mode"": false, ""fault_codes"": [], ""speed_limit"": 46, ""engine_hours"": 1591, ""idc_triggers"": [], ""buzzer_active"": false, ""fuel_level_avg"": 0, ""lock_geo_alert"": false, ""operation_mode"": ""RENT"", ""battery_voltage"": 14.800000190734863, ""in_primary_zone"": true, ""lock_engine_alert"": false, ""in_restricted_zone"": false, ""onboard_geofencing"": false, ""speed_limit_active"": false}"
2023-07-17 13:02:47.458,5237,13,"359159972073523",20,"{""key"": false, ""flip"": false, ""zone"": false, ""speed"": 13.3, ""buzzer"": 0, ""engine"": true, ""in_zone"": true, ""ignition"": true, ""latitude"": 42.64437, ""direction"": 327, ""longitude"": 18.0495332, ""gsm_signal"": 30, ""sleep_mode"": false, ""staff_mode"": false, ""fault_codes"": [], ""speed_limit"": 46, ""engine_hours"": 1591, ""idc_triggers"": [], ""buzzer_active"": false, ""fuel_level_avg"": 0, ""lock_geo_alert"": false, ""operation_mode"": ""RENT"", ""battery_voltage"": 14.800000190734863, ""in_primary_zone"": true, ""lock_engine_alert"": false, ""in_restricted_zone"": false, ""onboard_geofencing"": false, ""speed_limit_active"": false}"
2023-07-17 13:02:46.498,5237,13,"359159972073523",20,"{""key"": false, ""flip"": false, ""zone"": false, ""speed"": 12.7, ""buzzer"": 0, ""engine"": true, ""in_zone"": true, ""ignition"": true, ""latitude"": 42.6443416, ""direction"": 327, ""longitude"": 18.0495566, ""gsm_signal"": 30, ""sleep_mode"": false, ""staff_mode"": false, ""fault_codes"": [], ""speed_limit"": 46, ""engine_hours"": 1591, ""idc_triggers"": [], ""buzzer_active"": false, ""fuel_level_avg"": 0, ""lock_geo_alert"": false, ""operation_mode"": ""RENT"", ""battery_voltage"": 14.800000190734863, ""in_primary_zone"": true, ""lock_engine_alert"": false, ""in_restricted_zone"": false, ""onboard_geofencing"": false, ""speed_limit_active"": false}"
2023-07-17 13:02:45.916,5237,13,"359159972073523",20,"{""key"": false, ""flip"": false, ""zone"": false, ""speed"": 10.6, ""buzzer"": 0, ""engine"": true, ""in_zone"": true, ""ignition"": true, ""latitude"": 42.6443166, ""direction"": 322, ""longitude"": 18.0495782, ""gsm_signal"": 30, ""sleep_mode"": false, ""staff_mode"": false, ""fault_codes"": [], ""speed_limit"": 46, ""engine_hours"": 1591, ""idc_triggers"": [], ""buzzer_active"": false, ""fuel_level_avg"": 0, ""lock_geo_alert"": false, ""operation_mode"": ""RENT"", ""battery_voltage"": 14.800000190734863, ""in_primary_zone"": true, ""lock_engine_alert"": false, ""in_restricted_zone"": false, ""onboard_geofencing"": false, ""speed_limit_active"": false}"
2023-07-17 13:02:44.417,5237,13,"359159972073523",20,"{""key"": false, ""flip"": false, ""zone"": false, ""speed"": 9.6, ""buzzer"": 0, ""engine"": true, ""in_zone"": true, ""ignition"": true, ""latitude"": 42.6442966, ""direction"": 321, ""longitude"": 18.0496, ""gsm_signal"": 30, ""sleep_mode"": false, ""staff_mode"": false, ""fault_codes"": [], ""speed_limit"": 46, ""engine_hours"": 1591, ""idc_triggers"": [], ""buzzer_active"": false, ""fuel_level_avg"": 0, ""lock_geo_alert"": false, ""operation_mode"": ""RENT"", ""battery_voltage"": 14.800000190734863, ""in_primary_zone"": true, ""lock_engine_alert"": false, ""in_restricted_zone"": false, ""onboard_geofencing"": false, ""speed_limit_active"": false}"
2023-07-17 13:02:43.438,5237,13,"359159972073523",20,"{""key"": false, ""flip"": false, ""zone"": false, ""speed"": 8.6, ""buzzer"": 0, ""engine"": true, ""in_zone"": true, ""ignition"": true, ""latitude"": 42.64428, ""direction"": 325, ""longitude"": 18.04962, ""gsm_signal"": 30, ""sleep_mode"": false, ""staff_mode"": false, ""fault_codes"": [], ""speed_limit"": 46, ""engine_hours"": 1591, ""idc_triggers"": [], ""buzzer_active"": false, ""fuel_level_avg"": 0, ""lock_geo_alert"": false, ""operation_mode"": ""RENT"", ""battery_voltage"": 14.800000190734863, ""in_primary_zone"": true, ""lock_engine_alert"": false, ""in_restricted_zone"": false, ""onboard_geofencing"": false, ""speed_limit_active"": false}"
2023-07-17 13:02:42.465,5237,13,"359159972073523",20,"{""key"": false, ""flip"": false, ""zone"": false, ""speed"": 8.3, ""buzzer"": 0, ""engine"": true, ""in_zone"": true, ""ignition"": true, ""latitude"": 42.6442633, ""direction"": 333, ""longitude"": 18.0496382, ""gsm_signal"": 29, ""sleep_mode"": false, ""staff_mode"": false, ""fault_codes"": [], ""speed_limit"": 46, ""engine_hours"": 1591, ""idc_triggers"": [], ""buzzer_active"": false, ""fuel_level_avg"": 0, ""lock_geo_alert"": false, ""operation_mode"": ""RENT"", ""battery_voltage"": 14.800000190734863, ""in_primary_zone"": true, ""lock_engine_alert"": false, ""in_restricted_zone"": false, ""onboard_geofencing"": false, ""speed_limit_active"": false}"
2023-07-17 13:02:41.476,5237,13,"359159972073523",20,"{""key"": false, ""flip"": false, ""zone"": false, ""speed"": 7.9, ""buzzer"": 0, ""engine"": true, ""in_zone"": true, ""ignition"": true, ""latitude"": 42.644245, ""direction"": 344, ""longitude"": 18.04965, ""gsm_signal"": 29, ""sleep_mode"": false, ""staff_mode"": false, ""fault_codes"": [], ""speed_limit"": 46, ""engine_hours"": 1591, ""idc_triggers"": [], ""buzzer_active"": false, ""fuel_level_avg"": 0, ""lock_geo_alert"": false, ""operation_mode"": ""RENT"", ""battery_voltage"": 14.800000190734863, ""in_primary_zone"": true, ""lock_engine_alert"": false, ""in_restricted_zone"": false, ""onboard_geofencing"": false, ""speed_limit_active"": false}"
2023-07-17 13:02:40.917,5237,13,"359159972073523",20,"{""key"": false, ""flip"": false, ""zone"": false, ""speed"": 7.4, ""buzzer"": 0, ""engine"": true, ""in_zone"": true, ""ignition"": true, ""latitude"": 42.6442283, ""direction"": 349, ""longitude"": 18.0496566, ""gsm_signal"": 29, ""sleep_mode"": false, ""staff_mode"": false, ""fault_codes"": [], ""speed_limit"": 46, ""engine_hours"": 1591, ""idc_triggers"": [], ""buzzer_active"": false, ""fuel_level_avg"": 0, ""lock_geo_alert"": false, ""operation_mode"": ""RENT"", ""battery_voltage"": 14.800000190734863, ""in_primary_zone"": true, ""lock_engine_alert"": false, ""in_restricted_zone"": false, ""onboard_geofencing"": false, ""speed_limit_active"": false}"
2023-07-17 13:02:39.436,5237,13,"359159972073523",20,"{""key"": false, ""flip"": false, ""zone"": false, ""speed"": 6.1, ""buzzer"": 0, ""engine"": true, ""in_zone"": true, ""ignition"": true, ""latitude"": 42.64421, ""direction"": 344, ""longitude"": 18.04966, ""gsm_signal"": 25, ""sleep_mode"": false, ""staff_mode"": false, ""fault_codes"": [], ""speed_limit"": 46, ""engine_hours"": 1591, ""idc_triggers"": [], ""buzzer_active"": false, ""fuel_level_avg"": 0, ""lock_geo_alert"": false, ""operation_mode"": ""RENT"", ""battery_voltage"": 14.800000190734863, ""in_primary_zone"": true, ""lock_engine_alert"": false, ""in_restricted_zone"": false, ""onboard_geofencing"": false, ""speed_limit_active"": false}"
2023-07-17 13:02:38.476,5237,13,"359159972073523",20,"{""key"": false, ""flip"": false, ""zone"": false, ""speed"": 4.9, ""buzzer"": 0, ""engine"": true, ""in_zone"": true, ""ignition"": true, ""latitude"": 42.6441966, ""direction"": 334, ""longitude"": 18.0496632, ""gsm_signal"": 25, ""sleep_mode"": false, ""staff_mode"": false, ""fault_codes"": [], ""speed_limit"": 46, ""engine_hours"": 1591, ""idc_triggers"": [], ""buzzer_active"": false, ""fuel_level_avg"": 0, ""lock_geo_alert"": false, ""operation_mode"": ""RENT"", ""battery_voltage"": 14.800000190734863, ""in_primary_zone"": true, ""lock_engine_alert"": false, ""in_restricted_zone"": false, ""onboard_geofencing"": false, ""speed_limit_active"": false}"
2023-07-17 13:02:37.920,5237,13,"359159972073523",20,"{""key"": false, ""flip"": false, ""zone"": false, ""speed"": 4.3, ""buzzer"": 0, ""engine"": true, ""in_zone"": true, ""ignition"": true, ""latitude"": 42.644185, ""direction"": 318, ""longitude"": 18.0496682, ""gsm_signal"": 25, ""sleep_mode"": false, ""staff_mode"": false, ""fault_codes"": [], ""speed_limit"": 46, ""engine_hours"": 1591, ""idc_triggers"": [], ""buzzer_active"": false, ""fuel_level_avg"": 0, ""lock_geo_alert"": false, ""operation_mode"": ""RENT"", ""battery_voltage"": 14.800000190734863, ""in_primary_zone"": true, ""lock_engine_alert"": false, ""in_restricted_zone"": false, ""onboard_geofencing"": false, ""speed_limit_active"": false}"
2023-07-17 13:02:36.418,5237,13,"359159972073523",20,"{""key"": false, ""flip"": false, ""zone"": false, ""speed"": 4.0, ""buzzer"": 0, ""engine"": true, ""in_zone"": true, ""ignition"": true, ""latitude"": 42.6441766, ""direction"": 302, ""longitude"": 18.049675, ""gsm_signal"": 23, ""sleep_mode"": false, ""staff_mode"": false, ""fault_codes"": [], ""speed_limit"": 46, ""engine_hours"": 1591, ""idc_triggers"": [], ""buzzer_active"": false, ""fuel_level_avg"": 0, ""lock_geo_alert"": false, ""operation_mode"": ""RENT"", ""battery_voltage"": 14.800000190734863, ""in_primary_zone"": true, ""lock_engine_alert"": false, ""in_restricted_zone"": false, ""onboard_geofencing"": false, ""speed_limit_active"": false}"
2023-07-17 13:02:35.448,5237,13,"359159972073523",20,"{""key"": false, ""flip"": false, ""zone"": false, ""speed"": 4.6, ""buzzer"": 0, ""engine"": true, ""in_zone"": true, ""ignition"": true, ""latitude"": 42.6441683, ""direction"": 292, ""longitude"": 18.049685, ""gsm_signal"": 23, ""sleep_mode"": false, ""staff_mode"": false, ""fault_codes"": [], ""speed_limit"": 46, ""engine_hours"": 1591, ""idc_triggers"": [], ""buzzer_active"": false, ""fuel_level_avg"": 0, ""lock_geo_alert"": false, ""operation_mode"": ""RENT"", ""battery_voltage"": 14.800000190734863, ""in_primary_zone"": true, ""lock_engine_alert"": false, ""in_restricted_zone"": false, ""onboard_geofencing"": false, ""speed_limit_active"": false}"
2023-07-17 13:02:34.497,5237,13,"359159972073523",20,"{""key"": false, ""flip"": false, ""zone"": false, ""speed"": 4.8, ""buzzer"": 0, ""engine"": true, ""in_zone"": true, ""ignition"": true, ""latitude"": 42.6441633, ""direction"": 282, ""longitude"": 18.0496982, ""gsm_signal"": 23, ""sleep_mode"": false, ""staff_mode"": false, ""fault_codes"": [], ""speed_limit"": 46, ""engine_hours"": 1591, ""idc_triggers"": [], ""buzzer_active"": false, ""fuel_level_avg"": 0, ""lock_geo_alert"": false, ""operation_mode"": ""RENT"", ""battery_voltage"": 14.800000190734863, ""in_primary_zone"": true, ""lock_engine_alert"": false, ""in_restricted_zone"": false, ""onboard_geofencing"": false, ""speed_limit_active"": false}"
2023-07-17 13:02:33.917,5237,13,"359159972073523",20,"{""key"": false, ""flip"": false, ""zone"": false, ""speed"": 4.9, ""buzzer"": 0, ""engine"": true, ""in_zone"": true, ""ignition"": true, ""latitude"": 42.6441616, ""direction"": 271, ""longitude"": 18.0497132, ""gsm_signal"": 23, ""sleep_mode"": false, ""staff_mode"": false, ""fault_codes"": [], ""speed_limit"": 46, ""engine_hours"": 1591, ""idc_triggers"": [], ""buzzer_active"": false, ""fuel_level_avg"": 0, ""lock_geo_alert"": false, ""operation_mode"": ""RENT"", ""battery_voltage"": 14.800000190734863, ""in_primary_zone"": true, ""lock_engine_alert"": false, ""in_restricted_zone"": false, ""onboard_geofencing"": false, ""speed_limit_active"": false}"
2023-07-17 13:02:32.419,5237,13,"359159972073523",20,"{""key"": false, ""flip"": false, ""zone"": false, ""speed"": 5.1, ""buzzer"": 0, ""engine"": true, ""in_zone"": true, ""ignition"": true, ""latitude"": 42.64416, ""direction"": 264, ""longitude"": 18.04973, ""gsm_signal"": 23, ""sleep_mode"": false, ""staff_mode"": false, ""fault_codes"": [], ""speed_limit"": 46, ""engine_hours"": 1591, ""idc_triggers"": [], ""buzzer_active"": false, ""fuel_level_avg"": 0, ""lock_geo_alert"": false, ""operation_mode"": ""RENT"", ""battery_voltage"": 14.800000190734863, ""in_primary_zone"": true, ""lock_engine_alert"": false, ""in_restricted_zone"": false, ""onboard_geofencing"": false, ""speed_limit_active"": false}"
2023-07-17 13:02:31.438,5237,13,"359159972073523",20,"{""key"": false, ""flip"": false, ""zone"": false, ""speed"": 5.0, ""buzzer"": 0, ""engine"": true, ""in_zone"": true, ""ignition"": true, ""latitude"": 42.64416, ""direction"": 257, ""longitude"": 18.0497466, ""gsm_signal"": 23, ""sleep_mode"": false, ""staff_mode"": false, ""fault_codes"": [], ""speed_limit"": 46, ""engine_hours"": 1591, ""idc_triggers"": [], ""buzzer_active"": false, ""fuel_level_avg"": 0, ""lock_geo_alert"": false, ""operation_mode"": ""RENT"", ""battery_voltage"": 14.800000190734863, ""in_primary_zone"": true, ""lock_engine_alert"": false, ""in_restricted_zone"": false, ""onboard_geofencing"": false, ""speed_limit_active"": false}"
2023-07-17 13:02:30.497,5237,13,"359159972073523",20,"{""key"": false, ""flip"": false, ""zone"": false, ""speed"": 5.6, ""buzzer"": 0, ""engine"": true, ""in_zone"": true, ""ignition"": true, ""latitude"": 42.6441616, ""direction"": 251, ""longitude"": 18.0497632, ""gsm_signal"": 23, ""sleep_mode"": false, ""staff_mode"": false, ""fault_codes"": [], ""speed_limit"": 46, ""engine_hours"": 1591, ""idc_triggers"": [], ""buzzer_active"": false, ""fuel_level_avg"": 0, ""lock_geo_alert"": false, ""operation_mode"": ""RENT"", ""battery_voltage"": 14.800000190734863, ""in_primary_zone"": true, ""lock_engine_alert"": false, ""in_restricted_zone"": false, ""onboard_geofencing"": false, ""speed_limit_active"": false}"
2023-07-17 13:02:29.915,5237,13,"359159972073523",20,"{""key"": false, ""flip"": false, ""zone"": false, ""speed"": 5.6, ""buzzer"": 0, ""engine"": true, ""in_zone"": true, ""ignition"": true, ""latitude"": 42.644165, ""direction"": 244, ""longitude"": 18.0497816, ""gsm_signal"": 23, ""sleep_mode"": false, ""staff_mode"": false, ""fault_codes"": [], ""speed_limit"": 46, ""engine_hours"": 1591, ""idc_triggers"": [], ""buzzer_active"": false, ""fuel_level_avg"": 0, ""lock_geo_alert"": false, ""operation_mode"": ""RENT"", ""battery_voltage"": 14.800000190734863, ""in_primary_zone"": true, ""lock_engine_alert"": false, ""in_restricted_zone"": false, ""onboard_geofencing"": false, ""speed_limit_active"": false}"
2023-07-17 13:02:28.414,5237,13,"359159972073523",20,"{""key"": false, ""flip"": false, ""zone"": false, ""speed"": 5.2, ""buzzer"": 0, ""engine"": true, ""in_zone"": true, ""ignition"": true, ""latitude"": 42.64417, ""direction"": 240, ""longitude"": 18.0498, ""gsm_signal"": 23, ""sleep_mode"": false, ""staff_mode"": false, ""fault_codes"": [], ""speed_limit"": 46, ""engine_hours"": 1591, ""idc_triggers"": [], ""buzzer_active"": false, ""fuel_level_avg"": 0, ""lock_geo_alert"": false, ""operation_mode"": ""RENT"", ""battery_voltage"": 14.800000190734863, ""in_primary_zone"": true, ""lock_engine_alert"": false, ""in_restricted_zone"": false, ""onboard_geofencing"": false, ""speed_limit_active"": false}"
2023-07-17 13:02:27.436,5237,13,"359159972073523",20,"{""key"": false, ""flip"": false, ""zone"": false, ""speed"": 5.6, ""buzzer"": 0, ""engine"": true, ""in_zone"": true, ""ignition"": true, ""latitude"": 42.6441766, ""direction"": 237, ""longitude"": 18.049815, ""gsm_signal"": 24, ""sleep_mode"": false, ""staff_mode"": false, ""fault_codes"": [], ""speed_limit"": 46, ""engine_hours"": 1591, ""idc_triggers"": [], ""buzzer_active"": false, ""fuel_level_avg"": 0, ""lock_geo_alert"": false, ""operation_mode"": ""RENT"", ""battery_voltage"": 14.800000190734863, ""in_primary_zone"": true, ""lock_engine_alert"": false, ""in_restricted_zone"": false, ""onboard_geofencing"": false, ""speed_limit_active"": false}"
2023-07-17 13:02:26.477,5237,13,"359159972073523",20,"{""key"": false, ""flip"": false, ""zone"": false, ""speed"": 5.7, ""buzzer"": 0, ""engine"": true, ""in_zone"": true, ""ignition"": true, ""latitude"": 42.6441833, ""direction"": 233, ""longitude"": 18.0498316, ""gsm_signal"": 24, ""sleep_mode"": false, ""staff_mode"": false, ""fault_codes"": [], ""speed_limit"": 46, ""engine_hours"": 1591, ""idc_triggers"": [], ""buzzer_active"": false, ""fuel_level_avg"": 0, ""lock_geo_alert"": false, ""operation_mode"": ""RENT"", ""battery_voltage"": 14.800000190734863, ""in_primary_zone"": true, ""lock_engine_alert"": false, ""in_restricted_zone"": false, ""onboard_geofencing"": false, ""speed_limit_active"": false}"
2023-07-17 13:02:25.918,5237,13,"359159972073523",20,"{""key"": false, ""flip"": false, ""zone"": false, ""speed"": 5.2, ""buzzer"": 0, ""engine"": true, ""in_zone"": true, ""ignition"": true, ""latitude"": 42.64419, ""direction"": 230, ""longitude"": 18.0498466, ""gsm_signal"": 24, ""sleep_mode"": false, ""staff_mode"": false, ""fault_codes"": [], ""speed_limit"": 46, ""engine_hours"": 1591, ""idc_triggers"": [], ""buzzer_active"": false, ""fuel_level_avg"": 0, ""lock_geo_alert"": false, ""operation_mode"": ""RENT"", ""battery_voltage"": 14.800000190734863, ""in_primary_zone"": true, ""lock_engine_alert"": false, ""in_restricted_zone"": false, ""onboard_geofencing"": false, ""speed_limit_active"": false}"
2023-07-17 13:02:24.435,5237,13,"359159972073523",20,"{""key"": false, ""flip"": false, ""zone"": false, ""speed"": 5.2, ""buzzer"": 0, ""engine"": true, ""in_zone"": true, ""ignition"": true, ""latitude"": 42.6441983, ""direction"": 232, ""longitude"": 18.0498582, ""gsm_signal"": 24, ""sleep_mode"": false, ""staff_mode"": false, ""fault_codes"": [], ""speed_limit"": 46, ""engine_hours"": 1591, ""idc_triggers"": [], ""buzzer_active"": false, ""fuel_level_avg"": 0, ""lock_geo_alert"": false, ""operation_mode"": ""RENT"", ""battery_voltage"": 14.800000190734863, ""in_primary_zone"": true, ""lock_engine_alert"": false, ""in_restricted_zone"": false, ""onboard_geofencing"": false, ""speed_limit_active"": false}"
2023-07-17 13:02:23.508,5237,13,"359159972073523",20,"{""key"": false, ""flip"": false, ""zone"": false, ""speed"": 5.0, ""buzzer"": 0, ""engine"": true, ""in_zone"": true, ""ignition"": true, ""latitude"": 42.644205, ""direction"": 232, ""longitude"": 18.0498716, ""gsm_signal"": 24, ""sleep_mode"": false, ""staff_mode"": false, ""fault_codes"": [], ""speed_limit"": 46, ""engine_hours"": 1591, ""idc_triggers"": [], ""buzzer_active"": false, ""fuel_level_avg"": 0, ""lock_geo_alert"": false, ""operation_mode"": ""RENT"", ""battery_voltage"": 14.800000190734863, ""in_primary_zone"": true, ""lock_engine_alert"": false, ""in_restricted_zone"": false, ""onboard_geofencing"": false, ""speed_limit_active"": false}"
2023-07-17 13:02:22.916,5237,13,"359159972073523",20,"{""key"": false, ""flip"": false, ""zone"": false, ""speed"": 5.0, ""buzzer"": 0, ""engine"": true, ""in_zone"": true, ""ignition"": true, ""latitude"": 42.6442116, ""direction"": 232, ""longitude"": 18.049885, ""gsm_signal"": 24, ""sleep_mode"": false, ""staff_mode"": false, ""fault_codes"": [], ""speed_limit"": 46, ""engine_hours"": 1591, ""idc_triggers"": [], ""buzzer_active"": false, ""fuel_level_avg"": 0, ""lock_geo_alert"": false, ""operation_mode"": ""RENT"", ""battery_voltage"": 14.800000190734863, ""in_primary_zone"": true, ""lock_engine_alert"": false, ""in_restricted_zone"": false, ""onboard_geofencing"": false, ""speed_limit_active"": false}"
2023-07-17 13:02:21.424,5237,13,"359159972073523",20,"{""key"": false, ""flip"": false, ""zone"": false, ""speed"": 4.7, ""buzzer"": 0, ""engine"": true, ""in_zone"": true, ""ignition"": true, ""latitude"": 42.64422, ""direction"": 240, ""longitude"": 18.0498982, ""gsm_signal"": 29, ""sleep_mode"": false, ""staff_mode"": false, ""fault_codes"": [], ""speed_limit"": 46, ""engine_hours"": 1591, ""idc_triggers"": [], ""buzzer_active"": false, ""fuel_level_avg"": 0, ""lock_geo_alert"": false, ""operation_mode"": ""RENT"", ""battery_voltage"": 14.800000190734863, ""in_primary_zone"": true, ""lock_engine_alert"": false, ""in_restricted_zone"": false, ""onboard_geofencing"": false, ""speed_limit_active"": false}"
2023-07-17 13:02:20.436,5237,13,"359159972073523",20,"{""key"": false, ""flip"": false, ""zone"": false, ""speed"": 4.4, ""buzzer"": 0, ""engine"": true, ""in_zone"": true, ""ignition"": true, ""latitude"": 42.644225, ""direction"": 248, ""longitude"": 18.0499116, ""gsm_signal"": 29, ""sleep_mode"": false, ""staff_mode"": false, ""fault_codes"": [], ""speed_limit"": 46, ""engine_hours"": 1591, ""idc_triggers"": [], ""buzzer_active"": false, ""fuel_level_avg"": 0, ""lock_geo_alert"": false, ""operation_mode"": ""RENT"", ""battery_voltage"": 14.800000190734863, ""in_primary_zone"": true, ""lock_engine_alert"": false, ""in_restricted_zone"": false, ""onboard_geofencing"": false, ""speed_limit_active"": false}"
2023-07-17 13:02:19.483,5237,13,"359159972073523",20,"{""key"": false, ""flip"": false, ""zone"": false, ""speed"": 4.5, ""buzzer"": 0, ""engine"": true, ""in_zone"": true, ""ignition"": true, ""latitude"": 42.6442283, ""direction"": 252, ""longitude"": 18.049925, ""gsm_signal"": 29, ""sleep_mode"": false, ""staff_mode"": false, ""fault_codes"": [], ""speed_limit"": 46, ""engine_hours"": 1591, ""idc_triggers"": [], ""buzzer_active"": false, ""fuel_level_avg"": 0, ""lock_geo_alert"": false, ""operation_mode"": ""RENT"", ""battery_voltage"": 14.800000190734863, ""in_primary_zone"": true, ""lock_engine_alert"": false, ""in_restricted_zone"": false, ""onboard_geofencing"": false, ""speed_limit_active"": false}"
2023-07-17 13:02:18.917,5237,13,"359159972073523",20,"{""key"": false, ""flip"": false, ""zone"": false, ""speed"": 3.7, ""buzzer"": 0, ""engine"": true, ""in_zone"": true, ""ignition"": true, ""latitude"": 42.6442316, ""direction"": 258, ""longitude"": 18.04994, ""gsm_signal"": 30, ""sleep_mode"": false, ""staff_mode"": false, ""fault_codes"": [], ""speed_limit"": 46, ""engine_hours"": 1591, ""idc_triggers"": [], ""buzzer_active"": false, ""fuel_level_avg"": 0, ""lock_geo_alert"": false, ""operation_mode"": ""RENT"", ""battery_voltage"": 14.800000190734863, ""in_primary_zone"": true, ""lock_engine_alert"": false, ""in_restricted_zone"": false, ""onboard_geofencing"": false, ""speed_limit_active"": false}"
2023-07-17 13:02:17.416,5237,13,"359159972073523",20,"{""key"": false, ""flip"": false, ""zone"": false, ""speed"": 3.9, ""buzzer"": 0, ""engine"": true, ""in_zone"": true, ""ignition"": true, ""latitude"": 42.6442333, ""direction"": 268, ""longitude"": 18.0499516, ""gsm_signal"": 30, ""sleep_mode"": false, ""staff_mode"": false, ""fault_codes"": [], ""speed_limit"": 46, ""engine_hours"": 1591, ""idc_triggers"": [], ""buzzer_active"": false, ""fuel_level_avg"": 0, ""lock_geo_alert"": false, ""operation_mode"": ""RENT"", ""battery_voltage"": 14.800000190734863, ""in_primary_zone"": true, ""lock_engine_alert"": false, ""in_restricted_zone"": false, ""onboard_geofencing"": false, ""speed_limit_active"": false}"
2023-07-17 13:02:16.416,5237,13,"359159972073523",20,"{""key"": false, ""flip"": false, ""zone"": false, ""speed"": 3.3, ""buzzer"": 0, ""engine"": true, ""in_zone"": true, ""ignition"": true, ""latitude"": 42.6442333, ""direction"": 277, ""longitude"": 18.049965, ""gsm_signal"": 30, ""sleep_mode"": false, ""staff_mode"": false, ""fault_codes"": [], ""speed_limit"": 46, ""engine_hours"": 1591, ""idc_triggers"": [], ""buzzer_active"": false, ""fuel_level_avg"": 0, ""lock_geo_alert"": false, ""operation_mode"": ""RENT"", ""battery_voltage"": 14.800000190734863, ""in_primary_zone"": true, ""lock_engine_alert"": false, ""in_restricted_zone"": false, ""onboard_geofencing"": false, ""speed_limit_active"": false}"
2023-07-17 13:02:15.420,5237,13,"359159972073523",20,"{""key"": false, ""flip"": false, ""zone"": false, ""speed"": 3.2, ""buzzer"": 0, ""engine"": true, ""in_zone"": true, ""ignition"": true, ""latitude"": 42.644235, ""direction"": 293, ""longitude"": 18.0499766, ""gsm_signal"": 27, ""sleep_mode"": false, ""staff_mode"": false, ""fault_codes"": [], ""speed_limit"": 46, ""engine_hours"": 1591, ""idc_triggers"": [], ""buzzer_active"": false, ""fuel_level_avg"": 0, ""lock_geo_alert"": false, ""operation_mode"": ""RENT"", ""battery_voltage"": 14.800000190734863, ""in_primary_zone"": true, ""lock_engine_alert"": false, ""in_restricted_zone"": false, ""onboard_geofencing"": false, ""speed_limit_active"": false}"
2023-07-17 13:02:14.434,5237,13,"359159972073523",20,"{""key"": false, ""flip"": false, ""zone"": false, ""speed"": 2.6, ""buzzer"": 0, ""engine"": true, ""in_zone"": true, ""ignition"": true, ""latitude"": 42.6442316, ""direction"": 301, ""longitude"": 18.0499882, ""gsm_signal"": 27, ""sleep_mode"": false, ""staff_mode"": false, ""fault_codes"": [], ""speed_limit"": 46, ""engine_hours"": 1591, ""idc_triggers"": [], ""buzzer_active"": false, ""fuel_level_avg"": 0, ""lock_geo_alert"": false, ""operation_mode"": ""RENT"", ""battery_voltage"": 14.800000190734863, ""in_primary_zone"": true, ""lock_engine_alert"": false, ""in_restricted_zone"": false, ""onboard_geofencing"": false, ""speed_limit_active"": false}"
2023-07-17 13:02:13.458,5237,13,"359159972073523",20,"{""key"": false, ""flip"": false, ""zone"": false, ""speed"": 2.3, ""buzzer"": 0, ""engine"": true, ""in_zone"": true, ""ignition"": true, ""latitude"": 42.6442283, ""direction"": 325, ""longitude"": 18.049995, ""gsm_signal"": 27, ""sleep_mode"": false, ""staff_mode"": false, ""fault_codes"": [], ""speed_limit"": 46, ""engine_hours"": 1591, ""idc_triggers"": [], ""buzzer_active"": false, ""fuel_level_avg"": 0, ""lock_geo_alert"": false, ""operation_mode"": ""RENT"", ""battery_voltage"": 14.800000190734863, ""in_primary_zone"": true, ""lock_engine_alert"": false, ""in_restricted_zone"": false, ""onboard_geofencing"": false, ""speed_limit_active"": false}"
2023-07-17 13:02:12.976,5237,13,"359159972073523",20,"{""key"": false, ""flip"": false, ""zone"": false, ""speed"": 2.0, ""buzzer"": 0, ""engine"": true, ""in_zone"": true, ""ignition"": true, ""latitude"": 42.644225, ""direction"": 336, ""longitude"": 18.0500016, ""gsm_signal"": 23, ""sleep_mode"": false, ""staff_mode"": false, ""fault_codes"": [], ""speed_limit"": 46, ""engine_hours"": 1591, ""idc_triggers"": [], ""buzzer_active"": false, ""fuel_level_avg"": 0, ""lock_geo_alert"": false, ""operation_mode"": ""RENT"", ""battery_voltage"": 14.800000190734863, ""in_primary_zone"": true, ""lock_engine_alert"": false, ""in_restricted_zone"": false, ""onboard_geofencing"": false, ""speed_limit_active"": false}"
2023-07-17 13:02:11.434,5237,13,"359159972073523",20,"{""key"": false, ""flip"": false, ""zone"": false, ""speed"": 2.4, ""buzzer"": 0, ""engine"": true, ""in_zone"": true, ""ignition"": true, ""latitude"": 42.64422, ""direction"": 358, ""longitude"": 18.0500066, ""gsm_signal"": 23, ""sleep_mode"": false, ""staff_mode"": false, ""fault_codes"": [], ""speed_limit"": 46, ""engine_hours"": 1591, ""idc_triggers"": [], ""buzzer_active"": false, ""fuel_level_avg"": 0, ""lock_geo_alert"": false, ""operation_mode"": ""RENT"", ""battery_voltage"": 14.800000190734863, ""in_primary_zone"": true, ""lock_engine_alert"": false, ""in_restricted_zone"": false, ""onboard_geofencing"": false, ""speed_limit_active"": false}"
2023-07-17 13:02:10.497,5237,13,"359159972073523",20,"{""key"": false, ""flip"": false, ""zone"": false, ""speed"": 2.1, ""buzzer"": 0, ""engine"": true, ""in_zone"": true, ""ignition"": true, ""latitude"": 42.644215, ""direction"": 16, ""longitude"": 18.0500082, ""gsm_signal"": 23, ""sleep_mode"": false, ""staff_mode"": false, ""fault_codes"": [], ""speed_limit"": 46, ""engine_hours"": 1591, ""idc_triggers"": [], ""buzzer_active"": false, ""fuel_level_avg"": 0, ""lock_geo_alert"": false, ""operation_mode"": ""RENT"", ""battery_voltage"": 14.800000190734863, ""in_primary_zone"": true, ""lock_engine_alert"": false, ""in_restricted_zone"": false, ""onboard_geofencing"": false, ""speed_limit_active"": false}"
2023-07-17 13:02:09.916,5237,13,"359159972073523",20,"{""key"": false, ""flip"": false, ""zone"": false, ""speed"": 2.3, ""buzzer"": 0, ""engine"": true, ""in_zone"": true, ""ignition"": true, ""latitude"": 42.6442066, ""direction"": 34, ""longitude"": 18.0500066, ""gsm_signal"": 26, ""sleep_mode"": false, ""staff_mode"": false, ""fault_codes"": [], ""speed_limit"": 46, ""engine_hours"": 1591, ""idc_triggers"": [], ""buzzer_active"": false, ""fuel_level_avg"": 0, ""lock_geo_alert"": false, ""operation_mode"": ""RENT"", ""battery_voltage"": 14.800000190734863, ""in_primary_zone"": true, ""lock_engine_alert"": false, ""in_restricted_zone"": false, ""onboard_geofencing"": false, ""speed_limit_active"": false}"
2023-07-17 13:02:08.416,5237,13,"359159972073523",20,"{""key"": false, ""flip"": false, ""zone"": false, ""speed"": 2.7, ""buzzer"": 0, ""engine"": true, ""in_zone"": true, ""ignition"": true, ""latitude"": 42.6442, ""direction"": 58, ""longitude"": 18.0500066, ""gsm_signal"": 26, ""sleep_mode"": false, ""staff_mode"": false, ""fault_codes"": [], ""speed_limit"": 46, ""engine_hours"": 1591, ""idc_triggers"": [], ""buzzer_active"": false, ""fuel_level_avg"": 0, ""lock_geo_alert"": false, ""operation_mode"": ""RENT"", ""battery_voltage"": 14.800000190734863, ""in_primary_zone"": true, ""lock_engine_alert"": false, ""in_restricted_zone"": false, ""onboard_geofencing"": false, ""speed_limit_active"": false}"
2023-07-17 13:02:07.437,5237,13,"359159972073523",20,"{""key"": false, ""flip"": false, ""zone"": false, ""speed"": 4.3, ""buzzer"": 0, ""engine"": true, ""in_zone"": true, ""ignition"": true, ""latitude"": 42.6441933, ""direction"": 70, ""longitude"": 18.0500016, ""gsm_signal"": 26, ""sleep_mode"": false, ""staff_mode"": false, ""fault_codes"": [], ""speed_limit"": 46, ""engine_hours"": 1591, ""idc_triggers"": [], ""buzzer_active"": false, ""fuel_level_avg"": 0, ""lock_geo_alert"": false, ""operation_mode"": ""RENT"", ""battery_voltage"": 14.800000190734863, ""in_primary_zone"": true, ""lock_engine_alert"": false, ""in_restricted_zone"": false, ""onboard_geofencing"": false, ""speed_limit_active"": false}"
2023-07-17 13:02:06.436,5237,13,"359159972073523",20,"{""key"": false, ""flip"": false, ""zone"": false, ""speed"": 5.5, ""buzzer"": 0, ""engine"": true, ""in_zone"": true, ""ignition"": true, ""latitude"": 42.6441866, ""direction"": 93, ""longitude"": 18.04999, ""gsm_signal"": 30, ""sleep_mode"": false, ""staff_mode"": false, ""fault_codes"": [], ""speed_limit"": 46, ""engine_hours"": 1591, ""idc_triggers"": [], ""buzzer_active"": false, ""fuel_level_avg"": 0, ""lock_geo_alert"": false, ""operation_mode"": ""RENT"", ""battery_voltage"": 14.800000190734863, ""in_primary_zone"": true, ""lock_engine_alert"": false, ""in_restricted_zone"": false, ""onboard_geofencing"": false, ""speed_limit_active"": false}"
2023-07-17 13:02:05.463,5237,13,"359159972073523",20,"{""key"": false, ""flip"": false, ""zone"": false, ""speed"": 7.6, ""buzzer"": 0, ""engine"": true, ""in_zone"": true, ""ignition"": true, ""latitude"": 42.6441833, ""direction"": 112, ""longitude"": 18.0499716, ""gsm_signal"": 30, ""sleep_mode"": false, ""staff_mode"": false, ""fault_codes"": [], ""speed_limit"": 46, ""engine_hours"": 1591, ""idc_triggers"": [], ""buzzer_active"": false, ""fuel_level_avg"": 0, ""lock_geo_alert"": false, ""operation_mode"": ""RENT"", ""battery_voltage"": 14.800000190734863, ""in_primary_zone"": true, ""lock_engine_alert"": false, ""in_restricted_zone"": false, ""onboard_geofencing"": false, ""speed_limit_active"": false}"
2023-07-17 13:02:04.918,5237,13,"359159972073523",20,"{""key"": false, ""flip"": false, ""zone"": false, ""speed"": 8.3, ""buzzer"": 0, ""engine"": true, ""in_zone"": true, ""ignition"": true, ""latitude"": 42.644185, ""direction"": 141, ""longitude"": 18.0499466, ""gsm_signal"": 30, ""sleep_mode"": false, ""staff_mode"": false, ""fault_codes"": [], ""speed_limit"": 46, ""engine_hours"": 1591, ""idc_triggers"": [], ""buzzer_active"": false, ""fuel_level_avg"": 0, ""lock_geo_alert"": false, ""operation_mode"": ""RENT"", ""battery_voltage"": 14.800000190734863, ""in_primary_zone"": true, ""lock_engine_alert"": false, ""in_restricted_zone"": false, ""onboard_geofencing"": false, ""speed_limit_active"": false}"
2023-07-17 13:02:03.456,5237,13,"359159972073523",20,"{""key"": false, ""flip"": false, ""zone"": false, ""speed"": 8.8, ""buzzer"": 0, ""engine"": true, ""in_zone"": true, ""ignition"": true, ""latitude"": 42.6441983, ""direction"": 181, ""longitude"": 18.0499266, ""gsm_signal"": 30, ""sleep_mode"": false, ""staff_mode"": false, ""fault_codes"": [], ""speed_limit"": 46, ""engine_hours"": 1591, ""idc_triggers"": [], ""buzzer_active"": false, ""fuel_level_avg"": 0, ""lock_geo_alert"": false, ""operation_mode"": ""RENT"", ""battery_voltage"": 14.800000190734863, ""in_primary_zone"": true, ""lock_engine_alert"": false, ""in_restricted_zone"": false, ""onboard_geofencing"": false, ""speed_limit_active"": false}"
2023-07-17 13:02:02.475,5237,13,"359159972073523",20,"{""key"": false, ""flip"": false, ""zone"": false, ""speed"": 7.8, ""buzzer"": 0, ""engine"": true, ""in_zone"": true, ""ignition"": true, ""latitude"": 42.644215, ""direction"": 238, ""longitude"": 18.0499232, ""gsm_signal"": 30, ""sleep_mode"": false, ""staff_mode"": false, ""fault_codes"": [], ""speed_limit"": 46, ""engine_hours"": 1591, ""idc_triggers"": [], ""buzzer_active"": false, ""fuel_level_avg"": 0, ""lock_geo_alert"": false, ""operation_mode"": ""RENT"", ""battery_voltage"": 14.800000190734863, ""in_primary_zone"": true, ""lock_engine_alert"": false, ""in_restricted_zone"": false, ""onboard_geofencing"": false, ""speed_limit_active"": false}"
2023-07-17 13:02:01.917,5237,13,"359159972073523",20,"{""key"": false, ""flip"": false, ""zone"": false, ""speed"": 9.0, ""buzzer"": 0, ""engine"": true, ""in_zone"": true, ""ignition"": true, ""latitude"": 42.6442283, ""direction"": 266, ""longitude"": 18.0499416, ""gsm_signal"": 30, ""sleep_mode"": false, ""staff_mode"": false, ""fault_codes"": [], ""speed_limit"": 46, ""engine_hours"": 1591, ""idc_triggers"": [], ""buzzer_active"": false, ""fuel_level_avg"": 0, ""lock_geo_alert"": false, ""operation_mode"": ""RENT"", ""battery_voltage"": 14.800000190734863, ""in_primary_zone"": true, ""lock_engine_alert"": false, ""in_restricted_zone"": false, ""onboard_geofencing"": false, ""speed_limit_active"": false}"
2023-07-17 13:02:00.418,5237,13,"359159972073523",20,"{""key"": false, ""flip"": false, ""zone"": false, ""speed"": 11.1, ""buzzer"": 0, ""engine"": true, ""in_zone"": true, ""ignition"": true, ""latitude"": 42.6442283, ""direction"": 287, ""longitude"": 18.0499716, ""gsm_signal"": 30, ""sleep_mode"": false, ""staff_mode"": false, ""fault_codes"": [], ""speed_limit"": 46, ""engine_hours"": 1591, ""idc_triggers"": [], ""buzzer_active"": false, ""fuel_level_avg"": 0, ""lock_geo_alert"": false, ""operation_mode"": ""RENT"", ""battery_voltage"": 14.800000190734863, ""in_primary_zone"": true, ""lock_engine_alert"": false, ""in_restricted_zone"": false, ""onboard_geofencing"": false, ""speed_limit_active"": false}"
2023-07-17 13:01:59.439,5237,13,"359159972073523",20,"{""key"": false, ""flip"": false, ""zone"": false, ""speed"": 16.8, ""buzzer"": 0, ""engine"": true, ""in_zone"": true, ""ignition"": true, ""latitude"": 42.6442183, ""direction"": 293, ""longitude"": 18.0500132, ""gsm_signal"": 30, ""sleep_mode"": false, ""staff_mode"": false, ""fault_codes"": [], ""speed_limit"": 46, ""engine_hours"": 1591, ""idc_triggers"": [], ""buzzer_active"": false, ""fuel_level_avg"": 0, ""lock_geo_alert"": false, ""operation_mode"": ""RENT"", ""battery_voltage"": 14.800000190734863, ""in_primary_zone"": true, ""lock_engine_alert"": false, ""in_restricted_zone"": false, ""onboard_geofencing"": false, ""speed_limit_active"": false}"
2023-07-17 13:01:58.456,5237,13,"359159972073523",20,"{""key"": false, ""flip"": false, ""zone"": false, ""speed"": 24.2, ""buzzer"": 0, ""engine"": true, ""in_zone"": true, ""ignition"": true, ""latitude"": 42.6442, ""direction"": 295, ""longitude"": 18.0500732, ""gsm_signal"": 30, ""sleep_mode"": false, ""staff_mode"": false, ""fault_codes"": [], ""speed_limit"": 46, ""engine_hours"": 1591, ""idc_triggers"": [], ""buzzer_active"": false, ""fuel_level_avg"": 0, ""lock_geo_alert"": false, ""operation_mode"": ""RENT"", ""battery_voltage"": 14.800000190734863, ""in_primary_zone"": true, ""lock_engine_alert"": false, ""in_restricted_zone"": false, ""onboard_geofencing"": false, ""speed_limit_active"": false}"
2023-07-17 13:01:57.437,5237,13,"359159972073523",20,"{""key"": false, ""flip"": false, ""zone"": false, ""speed"": 32.5, ""buzzer"": 0, ""engine"": true, ""in_zone"": true, ""ignition"": true, ""latitude"": 42.64417, ""direction"": 295, ""longitude"": 18.050155, ""gsm_signal"": 31, ""sleep_mode"": false, ""staff_mode"": false, ""fault_codes"": [], ""speed_limit"": 46, ""engine_hours"": 1591, ""idc_triggers"": [], ""buzzer_active"": false, ""fuel_level_avg"": 0, ""lock_geo_alert"": false, ""operation_mode"": ""RENT"", ""battery_voltage"": 14.800000190734863, ""in_primary_zone"": true, ""lock_engine_alert"": false, ""in_restricted_zone"": false, ""onboard_geofencing"": false, ""speed_limit_active"": false}"
2023-07-17 13:01:56.479,5237,13,"359159972073523",20,"{""key"": false, ""flip"": false, ""zone"": false, ""speed"": 41.6, ""buzzer"": 0, ""engine"": true, ""in_zone"": true, ""ignition"": true, ""latitude"": 42.6441333, ""direction"": 294, ""longitude"": 18.0502616, ""gsm_signal"": 31, ""sleep_mode"": false, ""staff_mode"": false, ""fault_codes"": [], ""speed_limit"": 46, ""engine_hours"": 1591, ""idc_triggers"": [], ""buzzer_active"": false, ""fuel_level_avg"": 0, ""lock_geo_alert"": false, ""operation_mode"": ""RENT"", ""battery_voltage"": 14.800000190734863, ""in_primary_zone"": true, ""lock_engine_alert"": false, ""in_restricted_zone"": false, ""onboard_geofencing"": false, ""speed_limit_active"": false}"
2023-07-17 13:01:55.916,5237,13,"359159972073523",20,"{""key"": false, ""flip"": false, ""zone"": false, ""speed"": 50.9, ""buzzer"": 0, ""engine"": true, ""in_zone"": true, ""ignition"": true, ""latitude"": 42.6440866, ""direction"": 292, ""longitude"": 18.0504, ""gsm_signal"": 31, ""sleep_mode"": false, ""staff_mode"": false, ""fault_codes"": [], ""speed_limit"": 46, ""engine_hours"": 1591, ""idc_triggers"": [], ""buzzer_active"": false, ""fuel_level_avg"": 0, ""lock_geo_alert"": false, ""operation_mode"": ""RENT"", ""battery_voltage"": 14.800000190734863, ""in_primary_zone"": true, ""lock_engine_alert"": false, ""in_restricted_zone"": false, ""onboard_geofencing"": false, ""speed_limit_active"": false}"
2023-07-17 13:01:54.418,5237,13,"359159972073523",20,"{""key"": false, ""flip"": false, ""zone"": false, ""speed"": 51.2, ""buzzer"": 0, ""engine"": true, ""in_zone"": true, ""ignition"": true, ""latitude"": 42.64404, ""direction"": 290, ""longitude"": 18.0505582, ""gsm_signal"": 31, ""sleep_mode"": false, ""staff_mode"": false, ""fault_codes"": [], ""speed_limit"": 46, ""engine_hours"": 1591, ""idc_triggers"": [], ""buzzer_active"": false, ""fuel_level_avg"": 0, ""lock_geo_alert"": false, ""operation_mode"": ""RENT"", ""battery_voltage"": 14.800000190734863, ""in_primary_zone"": true, ""lock_engine_alert"": false, ""in_restricted_zone"": false, ""onboard_geofencing"": false, ""speed_limit_active"": false}"
2023-07-17 13:01:53.467,5237,13,"359159972073523",20,"{""key"": false, ""flip"": false, ""zone"": false, ""speed"": 50.4, ""buzzer"": 0, ""engine"": true, ""in_zone"": true, ""ignition"": true, ""latitude"": 42.6439933, ""direction"": 290, ""longitude"": 18.05072, ""gsm_signal"": 31, ""sleep_mode"": false, ""staff_mode"": false, ""fault_codes"": [], ""speed_limit"": 46, ""engine_hours"": 1591, ""idc_triggers"": [], ""buzzer_active"": false, ""fuel_level_avg"": 0, ""lock_geo_alert"": false, ""operation_mode"": ""RENT"", ""battery_voltage"": 14.800000190734863, ""in_primary_zone"": true, ""lock_engine_alert"": false, ""in_restricted_zone"": false, ""onboard_geofencing"": false, ""speed_limit_active"": false}"
2023-07-17 13:01:52.455,5237,13,"359159972073523",20,"{""key"": false, ""flip"": false, ""zone"": false, ""speed"": 49.9, ""buzzer"": 0, ""engine"": true, ""in_zone"": true, ""ignition"": true, ""latitude"": 42.6439483, ""direction"": 291, ""longitude"": 18.0508782, ""gsm_signal"": 31, ""sleep_mode"": false, ""staff_mode"": false, ""fault_codes"": [], ""speed_limit"": 46, ""engine_hours"": 1591, ""idc_triggers"": [], ""buzzer_active"": false, ""fuel_level_avg"": 0, ""lock_geo_alert"": false, ""operation_mode"": ""RENT"", ""battery_voltage"": 14.800000190734863, ""in_primary_zone"": true, ""lock_engine_alert"": false, ""in_restricted_zone"": false, ""onboard_geofencing"": false, ""speed_limit_active"": false}"
2023-07-17 13:01:51.915,5237,13,"359159972073523",20,"{""key"": false, ""flip"": false, ""zone"": false, ""speed"": 49.2, ""buzzer"": 0, ""engine"": true, ""in_zone"": true, ""ignition"": true, ""latitude"": 42.6439016, ""direction"": 291, ""longitude"": 18.0510332, ""gsm_signal"": 31, ""sleep_mode"": false, ""staff_mode"": false, ""fault_codes"": [], ""speed_limit"": 46, ""engine_hours"": 1591, ""idc_triggers"": [], ""buzzer_active"": false, ""fuel_level_avg"": 0, ""lock_geo_alert"": false, ""operation_mode"": ""RENT"", ""battery_voltage"": 14.800000190734863, ""in_primary_zone"": true, ""lock_engine_alert"": false, ""in_restricted_zone"": false, ""onboard_geofencing"": false, ""speed_limit_active"": false}"
2023-07-17 13:01:50.432,5237,13,"359159972073523",20,"{""key"": false, ""flip"": false, ""zone"": false, ""speed"": 51.5, ""buzzer"": 0, ""engine"": true, ""in_zone"": true, ""ignition"": true, ""latitude"": 42.6438566, ""direction"": 291, ""longitude"": 18.05119, ""gsm_signal"": 31, ""sleep_mode"": false, ""staff_mode"": false, ""fault_codes"": [], ""speed_limit"": 46, ""engine_hours"": 1591, ""idc_triggers"": [], ""buzzer_active"": false, ""fuel_level_avg"": 0, ""lock_geo_alert"": false, ""operation_mode"": ""RENT"", ""battery_voltage"": 14.800000190734863, ""in_primary_zone"": true, ""lock_engine_alert"": false, ""in_restricted_zone"": false, ""onboard_geofencing"": false, ""speed_limit_active"": false}"
2023-07-17 13:01:49.462,5237,13,"359159972073523",20,"{""key"": false, ""flip"": false, ""zone"": false, ""speed"": 52.5, ""buzzer"": 0, ""engine"": true, ""in_zone"": true, ""ignition"": true, ""latitude"": 42.6438083, ""direction"": 292, ""longitude"": 18.051355, ""gsm_signal"": 31, ""sleep_mode"": false, ""staff_mode"": false, ""fault_codes"": [], ""speed_limit"": 46, ""engine_hours"": 1591, ""idc_triggers"": [], ""buzzer_active"": false, ""fuel_level_avg"": 0, ""lock_geo_alert"": false, ""operation_mode"": ""RENT"", ""battery_voltage"": 14.800000190734863, ""in_primary_zone"": true, ""lock_engine_alert"": false, ""in_restricted_zone"": false, ""onboard_geofencing"": false, ""speed_limit_active"": false}"
2023-07-17 13:01:48.913,5237,13,"359159972073523",20,"{""key"": false, ""flip"": false, ""zone"": false, ""speed"": 52.9, ""buzzer"": 0, ""engine"": true, ""in_zone"": true, ""ignition"": true, ""latitude"": 42.6437583, ""direction"": 293, ""longitude"": 18.0515182, ""gsm_signal"": 31, ""sleep_mode"": false, ""staff_mode"": false, ""fault_codes"": [], ""speed_limit"": 46, ""engine_hours"": 1591, ""idc_triggers"": [], ""buzzer_active"": false, ""fuel_level_avg"": 0, ""lock_geo_alert"": false, ""operation_mode"": ""RENT"", ""battery_voltage"": 14.800000190734863, ""in_primary_zone"": true, ""lock_engine_alert"": false, ""in_restricted_zone"": false, ""onboard_geofencing"": false, ""speed_limit_active"": false}"
2023-07-17 13:01:47.436,5237,13,"359159972073523",20,"{""key"": false, ""flip"": false, ""zone"": false, ""speed"": 52.2, ""buzzer"": 0, ""engine"": true, ""in_zone"": true, ""ignition"": true, ""latitude"": 42.643705, ""direction"": 293, ""longitude"": 18.0516832, ""gsm_signal"": 31, ""sleep_mode"": false, ""staff_mode"": false, ""fault_codes"": [], ""speed_limit"": 46, ""engine_hours"": 1591, ""idc_triggers"": [], ""buzzer_active"": false, ""fuel_level_avg"": 0, ""lock_geo_alert"": false, ""operation_mode"": ""RENT"", ""battery_voltage"": 14.800000190734863, ""in_primary_zone"": true, ""lock_engine_alert"": false, ""in_restricted_zone"": false, ""onboard_geofencing"": false, ""speed_limit_active"": false}"
2023-07-17 13:01:46.454,5237,13,"359159972073523",20,"{""key"": false, ""flip"": false, ""zone"": false, ""speed"": 49.1, ""buzzer"": 0, ""engine"": true, ""in_zone"": true, ""ignition"": true, ""latitude"": 42.6436516, ""direction"": 294, ""longitude"": 18.0518416, ""gsm_signal"": 31, ""sleep_mode"": false, ""staff_mode"": false, ""fault_codes"": [], ""speed_limit"": 46, ""engine_hours"": 1591, ""idc_triggers"": [], ""buzzer_active"": false, ""fuel_level_avg"": 0, ""lock_geo_alert"": false, ""operation_mode"": ""RENT"", ""battery_voltage"": 14.800000190734863, ""in_primary_zone"": true, ""lock_engine_alert"": false, ""in_restricted_zone"": false, ""onboard_geofencing"": false, ""speed_limit_active"": false}"
2023-07-17 13:01:45.913,5237,13,"359159972073523",20,"{""key"": false, ""flip"": false, ""zone"": false, ""speed"": 46.9, ""buzzer"": 0, ""engine"": true, ""in_zone"": true, ""ignition"": true, ""latitude"": 42.6436, ""direction"": 297, ""longitude"": 18.05199, ""gsm_signal"": 31, ""sleep_mode"": false, ""staff_mode"": false, ""fault_codes"": [], ""speed_limit"": 46, ""engine_hours"": 1591, ""idc_triggers"": [], ""buzzer_active"": false, ""fuel_level_avg"": 0, ""lock_geo_alert"": false, ""operation_mode"": ""RENT"", ""battery_voltage"": 14.800000190734863, ""in_primary_zone"": true, ""lock_engine_alert"": false, ""in_restricted_zone"": false, ""onboard_geofencing"": false, ""speed_limit_active"": false}"
2023-07-17 13:01:44.420,5237,13,"359159972073523",20,"{""key"": false, ""flip"": false, ""zone"": false, ""speed"": 47.6, ""buzzer"": 0, ""engine"": true, ""in_zone"": true, ""ignition"": true, ""latitude"": 42.6435466, ""direction"": 298, ""longitude"": 18.0521316, ""gsm_signal"": 31, ""sleep_mode"": false, ""staff_mode"": false, ""fault_codes"": [], ""speed_limit"": 46, ""engine_hours"": 1591, ""idc_triggers"": [], ""buzzer_active"": false, ""fuel_level_avg"": 0, ""lock_geo_alert"": false, ""operation_mode"": ""RENT"", ""battery_voltage"": 14.800000190734863, ""in_primary_zone"": true, ""lock_engine_alert"": false, ""in_restricted_zone"": false, ""onboard_geofencing"": false, ""speed_limit_active"": false}"
2023-07-17 13:01:43.436,5237,13,"359159972073523",20,"{""key"": false, ""flip"": false, ""zone"": false, ""speed"": 51.6, ""buzzer"": 0, ""engine"": true, ""in_zone"": true, ""ignition"": true, ""latitude"": 42.6434883, ""direction"": 297, ""longitude"": 18.0522782, ""gsm_signal"": 31, ""sleep_mode"": false, ""staff_mode"": false, ""fault_codes"": [], ""speed_limit"": 46, ""engine_hours"": 1591, ""idc_triggers"": [], ""buzzer_active"": false, ""fuel_level_avg"": 0, ""lock_geo_alert"": false, ""operation_mode"": ""RENT"", ""battery_voltage"": 14.800000190734863, ""in_primary_zone"": true, ""lock_engine_alert"": false, ""in_restricted_zone"": false, ""onboard_geofencing"": false, ""speed_limit_active"": false}"
2023-07-17 13:01:42.458,5237,13,"359159972073523",20,"{""key"": false, ""flip"": false, ""zone"": false, ""speed"": 54.1, ""buzzer"": 0, ""engine"": true, ""in_zone"": true, ""ignition"": true, ""latitude"": 42.6434283, ""direction"": 297, ""longitude"": 18.0524366, ""gsm_signal"": 31, ""sleep_mode"": false, ""staff_mode"": false, ""fault_codes"": [], ""speed_limit"": 46, ""engine_hours"": 1591, ""idc_triggers"": [], ""buzzer_active"": false, ""fuel_level_avg"": 0, ""lock_geo_alert"": false, ""operation_mode"": ""RENT"", ""battery_voltage"": 14.800000190734863, ""in_primary_zone"": true, ""lock_engine_alert"": false, ""in_restricted_zone"": false, ""onboard_geofencing"": false, ""speed_limit_active"": false}"
2023-07-17 13:01:41.474,5237,13,"359159972073523",20,"{""key"": false, ""flip"": false, ""zone"": false, ""speed"": 53.3, ""buzzer"": 0, ""engine"": true, ""in_zone"": true, ""ignition"": true, ""latitude"": 42.6433683, ""direction"": 296, ""longitude"": 18.0526, ""gsm_signal"": 31, ""sleep_mode"": false, ""staff_mode"": false, ""fault_codes"": [], ""speed_limit"": 46, ""engine_hours"": 1591, ""idc_triggers"": [], ""buzzer_active"": false, ""fuel_level_avg"": 0, ""lock_geo_alert"": false, ""operation_mode"": ""RENT"", ""battery_voltage"": 14.800000190734863, ""in_primary_zone"": true, ""lock_engine_alert"": false, ""in_restricted_zone"": false, ""onboard_geofencing"": false, ""speed_limit_active"": false}"
2023-07-17 13:01:40.916,5237,13,"359159972073523",20,"{""key"": false, ""flip"": false, ""zone"": false, ""speed"": 52.1, ""buzzer"": 0, ""engine"": true, ""in_zone"": true, ""ignition"": true, ""latitude"": 42.6433083, ""direction"": 295, ""longitude"": 18.0527616, ""gsm_signal"": 31, ""sleep_mode"": false, ""staff_mode"": false, ""fault_codes"": [], ""speed_limit"": 46, ""engine_hours"": 1591, ""idc_triggers"": [], ""buzzer_active"": false, ""fuel_level_avg"": 0, ""lock_geo_alert"": false, ""operation_mode"": ""RENT"", ""battery_voltage"": 14.800000190734863, ""in_primary_zone"": true, ""lock_engine_alert"": false, ""in_restricted_zone"": false, ""onboard_geofencing"": false, ""speed_limit_active"": false}"
2023-07-17 13:01:39.434,5237,13,"359159972073523",20,"{""key"": false, ""flip"": false, ""zone"": false, ""speed"": 50.0, ""buzzer"": 0, ""engine"": true, ""in_zone"": true, ""ignition"": true, ""latitude"": 42.6432533, ""direction"": 295, ""longitude"": 18.0529182, ""gsm_signal"": 27, ""sleep_mode"": false, ""staff_mode"": false, ""fault_codes"": [], ""speed_limit"": 46, ""engine_hours"": 1591, ""idc_triggers"": [], ""buzzer_active"": false, ""fuel_level_avg"": 0, ""lock_geo_alert"": false, ""operation_mode"": ""RENT"", ""battery_voltage"": 14.800000190734863, ""in_primary_zone"": true, ""lock_engine_alert"": false, ""in_restricted_zone"": false, ""onboard_geofencing"": false, ""speed_limit_active"": false}"
2023-07-17 13:01:38.474,5237,13,"359159972073523",20,"{""key"": false, ""flip"": false, ""zone"": false, ""speed"": 45.8, ""buzzer"": 0, ""engine"": true, ""in_zone"": true, ""ignition"": true, ""latitude"": 42.6432, ""direction"": 296, ""longitude"": 18.0530682, ""gsm_signal"": 27, ""sleep_mode"": false, ""staff_mode"": false, ""fault_codes"": [], ""speed_limit"": 46, ""engine_hours"": 1591, ""idc_triggers"": [], ""buzzer_active"": false, ""fuel_level_avg"": 0, ""lock_geo_alert"": false, ""operation_mode"": ""RENT"", ""battery_voltage"": 14.800000190734863, ""in_primary_zone"": true, ""lock_engine_alert"": false, ""in_restricted_zone"": false, ""onboard_geofencing"": false, ""speed_limit_active"": false}"
2023-07-17 13:01:37.915,5237,13,"359159972073523",20,"{""key"": false, ""flip"": false, ""zone"": false, ""speed"": 40.6, ""buzzer"": 0, ""engine"": true, ""in_zone"": true, ""ignition"": true, ""latitude"": 42.64315, ""direction"": 299, ""longitude"": 18.0532016, ""gsm_signal"": 27, ""sleep_mode"": false, ""staff_mode"": false, ""fault_codes"": [], ""speed_limit"": 46, ""engine_hours"": 1591, ""idc_triggers"": [], ""buzzer_active"": false, ""fuel_level_avg"": 0, ""lock_geo_alert"": false, ""operation_mode"": ""RENT"", ""battery_voltage"": 14.800000190734863, ""in_primary_zone"": true, ""lock_engine_alert"": false, ""in_restricted_zone"": false, ""onboard_geofencing"": false, ""speed_limit_active"": false}"
2023-07-17 13:01:36.439,5237,13,"359159972073523",20,"{""key"": false, ""flip"": false, ""zone"": false, ""speed"": 33.9, ""buzzer"": 0, ""engine"": true, ""in_zone"": true, ""ignition"": true, ""latitude"": 42.6431016, ""direction"": 303, ""longitude"": 18.053315, ""gsm_signal"": 27, ""sleep_mode"": false, ""staff_mode"": false, ""fault_codes"": [], ""speed_limit"": 46, ""engine_hours"": 1591, ""idc_triggers"": [], ""buzzer_active"": false, ""fuel_level_avg"": 0, ""lock_geo_alert"": false, ""operation_mode"": ""RENT"", ""battery_voltage"": 14.800000190734863, ""in_primary_zone"": true, ""lock_engine_alert"": false, ""in_restricted_zone"": false, ""onboard_geofencing"": false, ""speed_limit_active"": false}"
2023-07-17 13:01:35.474,5237,13,"359159972073523",20,"{""key"": false, ""flip"": false, ""zone"": false, ""speed"": 26.2, ""buzzer"": 0, ""engine"": true, ""in_zone"": true, ""ignition"": true, ""latitude"": 42.6430566, ""direction"": 309, ""longitude"": 18.0534032, ""gsm_signal"": 27, ""sleep_mode"": false, ""staff_mode"": false, ""fault_codes"": [], ""speed_limit"": 46, ""engine_hours"": 1591, ""idc_triggers"": [], ""buzzer_active"": false, ""fuel_level_avg"": 0, ""lock_geo_alert"": false, ""operation_mode"": ""RENT"", ""battery_voltage"": 14.800000190734863, ""in_primary_zone"": true, ""lock_engine_alert"": false, ""in_restricted_zone"": false, ""onboard_geofencing"": false, ""speed_limit_active"": false}"
2023-07-17 13:01:34.916,5237,13,"359159972073523",20,"{""key"": false, ""flip"": false, ""zone"": false, ""speed"": 18.1, ""buzzer"": 0, ""engine"": true, ""in_zone"": true, ""ignition"": true, ""latitude"": 42.643015, ""direction"": 328, ""longitude"": 18.0534632, ""gsm_signal"": 27, ""sleep_mode"": false, ""staff_mode"": false, ""fault_codes"": [], ""speed_limit"": 46, ""engine_hours"": 1591, ""idc_triggers"": [], ""buzzer_active"": false, ""fuel_level_avg"": 0, ""lock_geo_alert"": false, ""operation_mode"": ""RENT"", ""battery_voltage"": 14.800000190734863, ""in_primary_zone"": true, ""lock_engine_alert"": false, ""in_restricted_zone"": false, ""onboard_geofencing"": false, ""speed_limit_active"": false}"
2023-07-17 13:01:33.436,5237,13,"359159972073523",20,"{""key"": false, ""flip"": false, ""zone"": false, ""speed"": 17.3, ""buzzer"": 0, ""engine"": true, ""in_zone"": true, ""ignition"": true, ""latitude"": 42.6429766, ""direction"": 1, ""longitude"": 18.05349, ""gsm_signal"": 31, ""sleep_mode"": false, ""staff_mode"": false, ""fault_codes"": [], ""speed_limit"": 46, ""engine_hours"": 1591, ""idc_triggers"": [], ""buzzer_active"": false, ""fuel_level_avg"": 0, ""lock_geo_alert"": false, ""operation_mode"": ""RENT"", ""battery_voltage"": 14.800000190734863, ""in_primary_zone"": true, ""lock_engine_alert"": false, ""in_restricted_zone"": false, ""onboard_geofencing"": false, ""speed_limit_active"": false}"
2023-07-17 13:01:32.475,5237,13,"359159972073523",20,"{""key"": false, ""flip"": false, ""zone"": false, ""speed"": 18.2, ""buzzer"": 0, ""engine"": true, ""in_zone"": true, ""ignition"": true, ""latitude"": 42.6429333, ""direction"": 20, ""longitude"": 18.0534866, ""gsm_signal"": 31, ""sleep_mode"": false, ""staff_mode"": false, ""fault_codes"": [], ""speed_limit"": 46, ""engine_hours"": 1591, ""idc_triggers"": [], ""buzzer_active"": false, ""fuel_level_avg"": 0, ""lock_geo_alert"": false, ""operation_mode"": ""RENT"", ""battery_voltage"": 14.800000190734863, ""in_primary_zone"": true, ""lock_engine_alert"": false, ""in_restricted_zone"": false, ""onboard_geofencing"": false, ""speed_limit_active"": false}"
2023-07-17 13:01:31.920,5237,13,"359159972073523",20,"{""key"": false, ""flip"": false, ""zone"": false, ""speed"": 12.4, ""buzzer"": 0, ""engine"": true, ""in_zone"": true, ""ignition"": true, ""latitude"": 42.6428966, ""direction"": 44, ""longitude"": 18.0534616, ""gsm_signal"": 31, ""sleep_mode"": false, ""staff_mode"": false, ""fault_codes"": [], ""speed_limit"": 46, ""engine_hours"": 1591, ""idc_triggers"": [], ""buzzer_active"": false, ""fuel_level_avg"": 0, ""lock_geo_alert"": false, ""operation_mode"": ""RENT"", ""battery_voltage"": 14.800000190734863, ""in_primary_zone"": true, ""lock_engine_alert"": false, ""in_restricted_zone"": false, ""onboard_geofencing"": false, ""speed_limit_active"": false}"
2023-07-17 13:01:30.451,5237,13,"359159972073523",20,"{""key"": false, ""flip"": false, ""zone"": false, ""speed"": 11.5, ""buzzer"": 0, ""engine"": true, ""in_zone"": true, ""ignition"": true, ""latitude"": 42.6428766, ""direction"": 85, ""longitude"": 18.0534332, ""gsm_signal"": 31, ""sleep_mode"": false, ""staff_mode"": false, ""fault_codes"": [], ""speed_limit"": 46, ""engine_hours"": 1591, ""idc_triggers"": [], ""buzzer_active"": false, ""fuel_level_avg"": 0, ""lock_geo_alert"": false, ""operation_mode"": ""RENT"", ""battery_voltage"": 14.800000190734863, ""in_primary_zone"": true, ""lock_engine_alert"": false, ""in_restricted_zone"": false, ""onboard_geofencing"": false, ""speed_limit_active"": false}"
2023-07-17 13:01:29.475,5237,13,"359159972073523",20,"{""key"": false, ""flip"": false, ""zone"": false, ""speed"": 11.8, ""buzzer"": 0, ""engine"": true, ""in_zone"": true, ""ignition"": true, ""latitude"": 42.6428733, ""direction"": 140, ""longitude"": 18.0533966, ""gsm_signal"": 31, ""sleep_mode"": false, ""staff_mode"": false, ""fault_codes"": [], ""speed_limit"": 46, ""engine_hours"": 1591, ""idc_triggers"": [], ""buzzer_active"": false, ""fuel_level_avg"": 0, ""lock_geo_alert"": false, ""operation_mode"": ""RENT"", ""battery_voltage"": 14.800000190734863, ""in_primary_zone"": true, ""lock_engine_alert"": false, ""in_restricted_zone"": false, ""onboard_geofencing"": false, ""speed_limit_active"": false}"
2023-07-17 13:01:28.916,5237,13,"359159972073523",20,"{""key"": false, ""flip"": false, ""zone"": false, ""speed"": 11.5, ""buzzer"": 0, ""engine"": true, ""in_zone"": true, ""ignition"": true, ""latitude"": 42.6428916, ""direction"": 187, ""longitude"": 18.0533716, ""gsm_signal"": 31, ""sleep_mode"": false, ""staff_mode"": false, ""fault_codes"": [], ""speed_limit"": 46, ""engine_hours"": 1591, ""idc_triggers"": [], ""buzzer_active"": false, ""fuel_level_avg"": 0, ""lock_geo_alert"": false, ""operation_mode"": ""RENT"", ""battery_voltage"": 14.800000190734863, ""in_primary_zone"": true, ""lock_engine_alert"": false, ""in_restricted_zone"": false, ""onboard_geofencing"": false, ""speed_limit_active"": false}"
2023-07-17 13:01:27.415,5237,13,"359159972073523",20,"{""key"": false, ""flip"": false, ""zone"": false, ""speed"": 12.3, ""buzzer"": 0, ""engine"": true, ""in_zone"": true, ""ignition"": true, ""latitude"": 42.6429166, ""direction"": 244, ""longitude"": 18.0533766, ""gsm_signal"": 31, ""sleep_mode"": false, ""staff_mode"": false, ""fault_codes"": [], ""speed_limit"": 46, ""engine_hours"": 1591, ""idc_triggers"": [], ""buzzer_active"": false, ""fuel_level_avg"": 0, ""lock_geo_alert"": false, ""operation_mode"": ""RENT"", ""battery_voltage"": 14.800000190734863, ""in_primary_zone"": true, ""lock_engine_alert"": false, ""in_restricted_zone"": false, ""onboard_geofencing"": false, ""speed_limit_active"": false}"
2023-07-17 13:01:26.416,5237,13,"359159972073523",20,"{""key"": false, ""flip"": false, ""zone"": false, ""speed"": 12.9, ""buzzer"": 0, ""engine"": true, ""in_zone"": true, ""ignition"": true, ""latitude"": 42.6429283, ""direction"": 284, ""longitude"": 18.0534116, ""gsm_signal"": 31, ""sleep_mode"": false, ""staff_mode"": false, ""fault_codes"": [], ""speed_limit"": 46, ""engine_hours"": 1591, ""idc_triggers"": [], ""buzzer_active"": false, ""fuel_level_avg"": 0, ""lock_geo_alert"": false, ""operation_mode"": ""RENT"", ""battery_voltage"": 14.800000190734863, ""in_primary_zone"": true, ""lock_engine_alert"": false, ""in_restricted_zone"": false, ""onboard_geofencing"": false, ""speed_limit_active"": false}"
2023-07-17 13:01:25.454,5237,13,"359159972073523",20,"{""key"": false, ""flip"": false, ""zone"": false, ""speed"": 16.8, ""buzzer"": 0, ""engine"": true, ""in_zone"": true, ""ignition"": true, ""latitude"": 42.6429183, ""direction"": 299, ""longitude"": 18.0534566, ""gsm_signal"": 31, ""sleep_mode"": false, ""staff_mode"": false, ""fault_codes"": [], ""speed_limit"": 46, ""engine_hours"": 1591, ""idc_triggers"": [], ""buzzer_active"": false, ""fuel_level_avg"": 0, ""lock_geo_alert"": false, ""operation_mode"": ""RENT"", ""battery_voltage"": 14.800000190734863, ""in_primary_zone"": true, ""lock_engine_alert"": false, ""in_restricted_zone"": false, ""onboard_geofencing"": false, ""speed_limit_active"": false}"
2023-07-17 13:01:24.495,5237,13,"359159972073523",20,"{""key"": false, ""flip"": false, ""zone"": false, ""speed"": 21.8, ""buzzer"": 0, ""engine"": true, ""in_zone"": true, ""ignition"": true, ""latitude"": 42.6428966, ""direction"": 303, ""longitude"": 18.05351, ""gsm_signal"": 31, ""sleep_mode"": false, ""staff_mode"": false, ""fault_codes"": [], ""speed_limit"": 46, ""engine_hours"": 1591, ""idc_triggers"": [], ""buzzer_active"": false, ""fuel_level_avg"": 0, ""lock_geo_alert"": false, ""operation_mode"": ""RENT"", ""battery_voltage"": 14.800000190734863, ""in_primary_zone"": true, ""lock_engine_alert"": false, ""in_restricted_zone"": false, ""onboard_geofencing"": false, ""speed_limit_active"": false}"
2023-07-17 13:01:23.916,5237,13,"359159972073523",20,"{""key"": false, ""flip"": false, ""zone"": false, ""speed"": 28.5, ""buzzer"": 0, ""engine"": true, ""in_zone"": true, ""ignition"": true, ""latitude"": 42.6428633, ""direction"": 300, ""longitude"": 18.0535782, ""gsm_signal"": 31, ""sleep_mode"": false, ""staff_mode"": false, ""fault_codes"": [], ""speed_limit"": 46, ""engine_hours"": 1591, ""idc_triggers"": [], ""buzzer_active"": false, ""fuel_level_avg"": 0, ""lock_geo_alert"": false, ""operation_mode"": ""RENT"", ""battery_voltage"": 14.800000190734863, ""in_primary_zone"": true, ""lock_engine_alert"": false, ""in_restricted_zone"": false, ""onboard_geofencing"": false, ""speed_limit_active"": false}"
2023-07-17 13:01:22.413,5237,13,"359159972073523",20,"{""key"": false, ""flip"": false, ""zone"": false, ""speed"": 37.7, ""buzzer"": 0, ""engine"": true, ""in_zone"": true, ""ignition"": true, ""latitude"": 42.6428233, ""direction"": 300, ""longitude"": 18.05367, ""gsm_signal"": 31, ""sleep_mode"": false, ""staff_mode"": false, ""fault_codes"": [], ""speed_limit"": 46, ""engine_hours"": 1591, ""idc_triggers"": [], ""buzzer_active"": false, ""fuel_level_avg"": 0, ""lock_geo_alert"": false, ""operation_mode"": ""RENT"", ""battery_voltage"": 14.800000190734863, ""in_primary_zone"": true, ""lock_engine_alert"": false, ""in_restricted_zone"": false, ""onboard_geofencing"": false, ""speed_limit_active"": false}"
2023-07-17 13:01:21.416,5237,13,"359159972073523",20,"{""key"": false, ""flip"": false, ""zone"": false, ""speed"": 49.9, ""buzzer"": 0, ""engine"": true, ""in_zone"": true, ""ignition"": true, ""latitude"": 42.6427716, ""direction"": 299, ""longitude"": 18.0537882, ""gsm_signal"": 31, ""sleep_mode"": false, ""staff_mode"": false, ""fault_codes"": [], ""speed_limit"": 46, ""engine_hours"": 1591, ""idc_triggers"": [], ""buzzer_active"": false, ""fuel_level_avg"": 0, ""lock_geo_alert"": false, ""operation_mode"": ""RENT"", ""battery_voltage"": 14.800000190734863, ""in_primary_zone"": true, ""lock_engine_alert"": false, ""in_restricted_zone"": false, ""onboard_geofencing"": false, ""speed_limit_active"": false}"
2023-07-17 13:01:20.449,5237,13,"359159972073523",20,"{""key"": false, ""flip"": false, ""zone"": false, ""speed"": 54.0, ""buzzer"": 0, ""engine"": true, ""in_zone"": true, ""ignition"": true, ""latitude"": 42.6427083, ""direction"": 298, ""longitude"": 18.0539382, ""gsm_signal"": 31, ""sleep_mode"": false, ""staff_mode"": false, ""fault_codes"": [], ""speed_limit"": 46, ""engine_hours"": 1591, ""idc_triggers"": [], ""buzzer_active"": false, ""fuel_level_avg"": 0, ""lock_geo_alert"": false, ""operation_mode"": ""RENT"", ""battery_voltage"": 14.800000190734863, ""in_primary_zone"": true, ""lock_engine_alert"": false, ""in_restricted_zone"": false, ""onboard_geofencing"": false, ""speed_limit_active"": false}"
2023-07-17 13:01:19.456,5237,13,"359159972073523",20,"{""key"": false, ""flip"": false, ""zone"": false, ""speed"": 50.9, ""buzzer"": 0, ""engine"": true, ""in_zone"": true, ""ignition"": true, ""latitude"": 42.642645, ""direction"": 299, ""longitude"": 18.0540966, ""gsm_signal"": 31, ""sleep_mode"": false, ""staff_mode"": false, ""fault_codes"": [], ""speed_limit"": 46, ""engine_hours"": 1591, ""idc_triggers"": [], ""buzzer_active"": false, ""fuel_level_avg"": 0, ""lock_geo_alert"": false, ""operation_mode"": ""RENT"", ""battery_voltage"": 14.800000190734863, ""in_primary_zone"": true, ""lock_engine_alert"": false, ""in_restricted_zone"": false, ""onboard_geofencing"": false, ""speed_limit_active"": false}"
2023-07-17 13:01:18.495,5237,13,"359159972073523",20,"{""key"": false, ""flip"": false, ""zone"": false, ""speed"": 50.8, ""buzzer"": 0, ""engine"": true, ""in_zone"": true, ""ignition"": true, ""latitude"": 42.6425833, ""direction"": 299, ""longitude"": 18.0542466, ""gsm_signal"": 31, ""sleep_mode"": false, ""staff_mode"": false, ""fault_codes"": [], ""speed_limit"": 46, ""engine_hours"": 1591, ""idc_triggers"": [], ""buzzer_active"": false, ""fuel_level_avg"": 0, ""lock_geo_alert"": false, ""operation_mode"": ""RENT"", ""battery_voltage"": 14.800000190734863, ""in_primary_zone"": true, ""lock_engine_alert"": false, ""in_restricted_zone"": false, ""onboard_geofencing"": false, ""speed_limit_active"": false}"
2023-07-17 13:01:17.913,5237,13,"359159972073523",20,"{""key"": false, ""flip"": false, ""zone"": false, ""speed"": 47.9, ""buzzer"": 0, ""engine"": true, ""in_zone"": true, ""ignition"": true, ""latitude"": 42.64252, ""direction"": 300, ""longitude"": 18.0543916, ""gsm_signal"": 31, ""sleep_mode"": false, ""staff_mode"": false, ""fault_codes"": [], ""speed_limit"": 46, ""engine_hours"": 1591, ""idc_triggers"": [], ""buzzer_active"": false, ""fuel_level_avg"": 0, ""lock_geo_alert"": false, ""operation_mode"": ""RENT"", ""battery_voltage"": 14.800000190734863, ""in_primary_zone"": true, ""lock_engine_alert"": false, ""in_restricted_zone"": false, ""onboard_geofencing"": false, ""speed_limit_active"": false}"
2023-07-17 13:01:16.416,5237,13,"359159972073523",20,"{""key"": false, ""flip"": false, ""zone"": false, ""speed"": 45.5, ""buzzer"": 0, ""engine"": true, ""in_zone"": true, ""ignition"": true, ""latitude"": 42.64246, ""direction"": 301, ""longitude"": 18.0545282, ""gsm_signal"": 31, ""sleep_mode"": false, ""staff_mode"": false, ""fault_codes"": [], ""speed_limit"": 46, ""engine_hours"": 1591, ""idc_triggers"": [], ""buzzer_active"": false, ""fuel_level_avg"": 0, ""lock_geo_alert"": false, ""operation_mode"": ""RENT"", ""battery_voltage"": 14.800000190734863, ""in_primary_zone"": true, ""lock_engine_alert"": false, ""in_restricted_zone"": false, ""onboard_geofencing"": false, ""speed_limit_active"": false}"
2023-07-17 13:01:15.416,5237,13,"359159972073523",20,"{""key"": false, ""flip"": false, ""zone"": false, ""speed"": 44.9, ""buzzer"": 0, ""engine"": true, ""in_zone"": true, ""ignition"": true, ""latitude"": 42.6424, ""direction"": 301, ""longitude"": 18.0546582, ""gsm_signal"": 31, ""sleep_mode"": false, ""staff_mode"": false, ""fault_codes"": [], ""speed_limit"": 46, ""engine_hours"": 1591, ""idc_triggers"": [], ""buzzer_active"": false, ""fuel_level_avg"": 0, ""lock_geo_alert"": false, ""operation_mode"": ""RENT"", ""battery_voltage"": 14.800000190734863, ""in_primary_zone"": true, ""lock_engine_alert"": false, ""in_restricted_zone"": false, ""onboard_geofencing"": false, ""speed_limit_active"": false}"
2023-07-17 13:01:14.434,5237,13,"359159972073523",20,"{""key"": false, ""flip"": false, ""zone"": false, ""speed"": 46.8, ""buzzer"": 0, ""engine"": true, ""in_zone"": true, ""ignition"": true, ""latitude"": 42.64234, ""direction"": 302, ""longitude"": 18.05479, ""gsm_signal"": 31, ""sleep_mode"": false, ""staff_mode"": false, ""fault_codes"": [], ""speed_limit"": 46, ""engine_hours"": 1591, ""idc_triggers"": [], ""buzzer_active"": false, ""fuel_level_avg"": 0, ""lock_geo_alert"": false, ""operation_mode"": ""RENT"", ""battery_voltage"": 14.800000190734863, ""in_primary_zone"": true, ""lock_engine_alert"": false, ""in_restricted_zone"": false, ""onboard_geofencing"": false, ""speed_limit_active"": false}"
2023-07-17 13:01:13.437,5237,13,"359159972073523",20,"{""key"": false, ""flip"": false, ""zone"": false, ""speed"": 47.3, ""buzzer"": 0, ""engine"": true, ""in_zone"": true, ""ignition"": true, ""latitude"": 42.6422766, ""direction"": 302, ""longitude"": 18.0549232, ""gsm_signal"": 31, ""sleep_mode"": false, ""staff_mode"": false, ""fault_codes"": [], ""speed_limit"": 46, ""engine_hours"": 1591, ""idc_triggers"": [], ""buzzer_active"": false, ""fuel_level_avg"": 0, ""lock_geo_alert"": false, ""operation_mode"": ""RENT"", ""battery_voltage"": 14.800000190734863, ""in_primary_zone"": true, ""lock_engine_alert"": false, ""in_restricted_zone"": false, ""onboard_geofencing"": false, ""speed_limit_active"": false}"
2023-07-17 13:01:12.437,5237,13,"359159972073523",20,"{""key"": false, ""flip"": false, ""zone"": false, ""speed"": 48.9, ""buzzer"": 0, ""engine"": true, ""in_zone"": true, ""ignition"": true, ""latitude"": 42.6422116, ""direction"": 303, ""longitude"": 18.05506, ""gsm_signal"": 31, ""sleep_mode"": false, ""staff_mode"": false, ""fault_codes"": [], ""speed_limit"": 46, ""engine_hours"": 1591, ""idc_triggers"": [], ""buzzer_active"": false, ""fuel_level_avg"": 0, ""lock_geo_alert"": false, ""operation_mode"": ""RENT"", ""battery_voltage"": 14.800000190734863, ""in_primary_zone"": true, ""lock_engine_alert"": false, ""in_restricted_zone"": false, ""onboard_geofencing"": false, ""speed_limit_active"": false}"
2023-07-17 13:01:11.475,5237,13,"359159972073523",20,"{""key"": false, ""flip"": false, ""zone"": false, ""speed"": 52.3, ""buzzer"": 0, ""engine"": true, ""in_zone"": true, ""ignition"": true, ""latitude"": 42.6421416, ""direction"": 304, ""longitude"": 18.0552016, ""gsm_signal"": 31, ""sleep_mode"": false, ""staff_mode"": false, ""fault_codes"": [], ""speed_limit"": 46, ""engine_hours"": 1591, ""idc_triggers"": [], ""buzzer_active"": false, ""fuel_level_avg"": 0, ""lock_geo_alert"": false, ""operation_mode"": ""RENT"", ""battery_voltage"": 14.800000190734863, ""in_primary_zone"": true, ""lock_engine_alert"": false, ""in_restricted_zone"": false, ""onboard_geofencing"": false, ""speed_limit_active"": false}"
2023-07-17 13:01:10.916,5237,13,"359159972073523",20,"{""key"": false, ""flip"": false, ""zone"": false, ""speed"": 53.6, ""buzzer"": 0, ""engine"": true, ""in_zone"": true, ""ignition"": true, ""latitude"": 42.64207, ""direction"": 302, ""longitude"": 18.05535, ""gsm_signal"": 31, ""sleep_mode"": false, ""staff_mode"": false, ""fault_codes"": [], ""speed_limit"": 46, ""engine_hours"": 1591, ""idc_triggers"": [], ""buzzer_active"": false, ""fuel_level_avg"": 0, ""lock_geo_alert"": false, ""operation_mode"": ""RENT"", ""battery_voltage"": 14.800000190734863, ""in_primary_zone"": true, ""lock_engine_alert"": false, ""in_restricted_zone"": false, ""onboard_geofencing"": false, ""speed_limit_active"": false}"
2023-07-17 13:01:09.417,5237,13,"359159972073523",20,"{""key"": false, ""flip"": false, ""zone"": false, ""speed"": 51.6, ""buzzer"": 0, ""engine"": true, ""in_zone"": true, ""ignition"": true, ""latitude"": 42.642, ""direction"": 300, ""longitude"": 18.0555032, ""gsm_signal"": 31, ""sleep_mode"": false, ""staff_mode"": false, ""fault_codes"": [], ""speed_limit"": 46, ""engine_hours"": 1591, ""idc_triggers"": [], ""buzzer_active"": false, ""fuel_level_avg"": 0, ""lock_geo_alert"": false, ""operation_mode"": ""RENT"", ""battery_voltage"": 14.800000190734863, ""in_primary_zone"": true, ""lock_engine_alert"": false, ""in_restricted_zone"": false, ""onboard_geofencing"": false, ""speed_limit_active"": false}"
2023-07-17 13:01:08.432,5237,13,"359159972073523",20,"{""key"": false, ""flip"": false, ""zone"": false, ""speed"": 49.2, ""buzzer"": 0, ""engine"": true, ""in_zone"": true, ""ignition"": true, ""latitude"": 42.6419366, ""direction"": 300, ""longitude"": 18.0556532, ""gsm_signal"": 31, ""sleep_mode"": false, ""staff_mode"": false, ""fault_codes"": [], ""speed_limit"": 46, ""engine_hours"": 1591, ""idc_triggers"": [], ""buzzer_active"": false, ""fuel_level_avg"": 0, ""lock_geo_alert"": false, ""operation_mode"": ""RENT"", ""battery_voltage"": 14.800000190734863, ""in_primary_zone"": true, ""lock_engine_alert"": false, ""in_restricted_zone"": false, ""onboard_geofencing"": false, ""speed_limit_active"": false}"
2023-07-17 13:01:07.456,5237,13,"359159972073523",20,"{""key"": false, ""flip"": false, ""zone"": false, ""speed"": 48.0, ""buzzer"": 0, ""engine"": true, ""in_zone"": true, ""ignition"": true, ""latitude"": 42.6418733, ""direction"": 300, ""longitude"": 18.0557966, ""gsm_signal"": 31, ""sleep_mode"": false, ""staff_mode"": false, ""fault_codes"": [], ""speed_limit"": 46, ""engine_hours"": 1591, ""idc_triggers"": [], ""buzzer_active"": false, ""fuel_level_avg"": 0, ""lock_geo_alert"": false, ""operation_mode"": ""RENT"", ""battery_voltage"": 14.800000190734863, ""in_primary_zone"": true, ""lock_engine_alert"": false, ""in_restricted_zone"": false, ""onboard_geofencing"": false, ""speed_limit_active"": false}"
2023-07-17 13:01:06.477,5237,13,"359159972073523",20,"{""key"": false, ""flip"": false, ""zone"": false, ""speed"": 45.9, ""buzzer"": 0, ""engine"": true, ""in_zone"": true, ""ignition"": true, ""latitude"": 42.6418133, ""direction"": 300, ""longitude"": 18.055935, ""gsm_signal"": 31, ""sleep_mode"": false, ""staff_mode"": false, ""fault_codes"": [], ""speed_limit"": 46, ""engine_hours"": 1591, ""idc_triggers"": [], ""buzzer_active"": false, ""fuel_level_avg"": 0, ""lock_geo_alert"": false, ""operation_mode"": ""RENT"", ""battery_voltage"": 14.800000190734863, ""in_primary_zone"": true, ""lock_engine_alert"": false, ""in_restricted_zone"": false, ""onboard_geofencing"": false, ""speed_limit_active"": false}"
2023-07-17 13:01:05.913,5237,13,"359159972073523",20,"{""key"": false, ""flip"": false, ""zone"": false, ""speed"": 46.4, ""buzzer"": 0, ""engine"": true, ""in_zone"": true, ""ignition"": true, ""latitude"": 42.6417566, ""direction"": 299, ""longitude"": 18.05607, ""gsm_signal"": 31, ""sleep_mode"": false, ""staff_mode"": false, ""fault_codes"": [], ""speed_limit"": 46, ""engine_hours"": 1591, ""idc_triggers"": [], ""buzzer_active"": false, ""fuel_level_avg"": 0, ""lock_geo_alert"": false, ""operation_mode"": ""RENT"", ""battery_voltage"": 14.800000190734863, ""in_primary_zone"": true, ""lock_engine_alert"": false, ""in_restricted_zone"": false, ""onboard_geofencing"": false, ""speed_limit_active"": false}"
2023-07-17 13:01:04.415,5237,13,"359159972073523",20,"{""key"": false, ""flip"": false, ""zone"": false, ""speed"": 49.0, ""buzzer"": 0, ""engine"": true, ""in_zone"": true, ""ignition"": true, ""latitude"": 42.6416983, ""direction"": 298, ""longitude"": 18.05621, ""gsm_signal"": 31, ""sleep_mode"": false, ""staff_mode"": false, ""fault_codes"": [], ""speed_limit"": 46, ""engine_hours"": 1591, ""idc_triggers"": [], ""buzzer_active"": false, ""fuel_level_avg"": 0, ""lock_geo_alert"": false, ""operation_mode"": ""RENT"", ""battery_voltage"": 14.800000190734863, ""in_primary_zone"": true, ""lock_engine_alert"": false, ""in_restricted_zone"": false, ""onboard_geofencing"": false, ""speed_limit_active"": false}"
2023-07-17 13:01:03.417,5237,13,"359159972073523",20,"{""key"": false, ""flip"": false, ""zone"": false, ""speed"": 47.8, ""buzzer"": 0, ""engine"": true, ""in_zone"": true, ""ignition"": true, ""latitude"": 42.6416383, ""direction"": 299, ""longitude"": 18.0563532, ""gsm_signal"": 31, ""sleep_mode"": false, ""staff_mode"": false, ""fault_codes"": [], ""speed_limit"": 46, ""engine_hours"": 1591, ""idc_triggers"": [], ""buzzer_active"": false, ""fuel_level_avg"": 0, ""lock_geo_alert"": false, ""operation_mode"": ""RENT"", ""battery_voltage"": 14.800000190734863, ""in_primary_zone"": true, ""lock_engine_alert"": false, ""in_restricted_zone"": false, ""onboard_geofencing"": false, ""speed_limit_active"": false}"
2023-07-17 13:01:02.415,5237,13,"359159972073523",20,"{""key"": false, ""flip"": false, ""zone"": false, ""speed"": 50.8, ""buzzer"": 0, ""engine"": true, ""in_zone"": true, ""ignition"": true, ""latitude"": 42.64158, ""direction"": 300, ""longitude"": 18.0564982, ""gsm_signal"": 31, ""sleep_mode"": false, ""staff_mode"": false, ""fault_codes"": [], ""speed_limit"": 46, ""engine_hours"": 1591, ""idc_triggers"": [], ""buzzer_active"": false, ""fuel_level_avg"": 0, ""lock_geo_alert"": false, ""operation_mode"": ""RENT"", ""battery_voltage"": 14.800000190734863, ""in_primary_zone"": true, ""lock_engine_alert"": false, ""in_restricted_zone"": false, ""onboard_geofencing"": false, ""speed_limit_active"": false}"
2023-07-17 13:01:01.458,5237,13,"359159972073523",20,"{""key"": false, ""flip"": false, ""zone"": false, ""speed"": 49.4, ""buzzer"": 0, ""engine"": true, ""in_zone"": true, ""ignition"": true, ""latitude"": 42.6415166, ""direction"": 299, ""longitude"": 18.056645, ""gsm_signal"": 31, ""sleep_mode"": false, ""staff_mode"": false, ""fault_codes"": [], ""speed_limit"": 46, ""engine_hours"": 1591, ""idc_triggers"": [], ""buzzer_active"": false, ""fuel_level_avg"": 0, ""lock_geo_alert"": false, ""operation_mode"": ""RENT"", ""battery_voltage"": 14.800000190734863, ""in_primary_zone"": true, ""lock_engine_alert"": false, ""in_restricted_zone"": false, ""onboard_geofencing"": false, ""speed_limit_active"": false}"
2023-07-17 13:01:00.477,5237,13,"359159972073523",20,"{""key"": false, ""flip"": false, ""zone"": false, ""speed"": 49.1, ""buzzer"": 0, ""engine"": true, ""in_zone"": true, ""ignition"": true, ""latitude"": 42.641455, ""direction"": 299, ""longitude"": 18.05679, ""gsm_signal"": 31, ""sleep_mode"": false, ""staff_mode"": false, ""fault_codes"": [], ""speed_limit"": 46, ""engine_hours"": 1591, ""idc_triggers"": [], ""buzzer_active"": false, ""fuel_level_avg"": 0, ""lock_geo_alert"": false, ""operation_mode"": ""RENT"", ""battery_voltage"": 14.800000190734863, ""in_primary_zone"": true, ""lock_engine_alert"": false, ""in_restricted_zone"": false, ""onboard_geofencing"": false, ""speed_limit_active"": false}"
2023-07-17 13:00:59.913,5237,13,"359159972073523",20,"{""key"": false, ""flip"": false, ""zone"": false, ""speed"": 49.8, ""buzzer"": 0, ""engine"": true, ""in_zone"": true, ""ignition"": true, ""latitude"": 42.641395, ""direction"": 297, ""longitude"": 18.056935, ""gsm_signal"": 31, ""sleep_mode"": false, ""staff_mode"": false, ""fault_codes"": [], ""speed_limit"": 46, ""engine_hours"": 1591, ""idc_triggers"": [], ""buzzer_active"": false, ""fuel_level_avg"": 0, ""lock_geo_alert"": false, ""operation_mode"": ""RENT"", ""battery_voltage"": 14.800000190734863, ""in_primary_zone"": true, ""lock_engine_alert"": false, ""in_restricted_zone"": false, ""onboard_geofencing"": false, ""speed_limit_active"": false}"
2023-07-17 13:00:58.413,5237,13,"359159972073523",20,"{""key"": false, ""flip"": false, ""zone"": false, ""speed"": 50.8, ""buzzer"": 0, ""engine"": true, ""in_zone"": true, ""ignition"": true, ""latitude"": 42.6413366, ""direction"": 297, ""longitude"": 18.057085, ""gsm_signal"": 31, ""sleep_mode"": false, ""staff_mode"": false, ""fault_codes"": [], ""speed_limit"": 46, ""engine_hours"": 1591, ""idc_triggers"": [], ""buzzer_active"": false, ""fuel_level_avg"": 0, ""lock_geo_alert"": false, ""operation_mode"": ""RENT"", ""battery_voltage"": 14.800000190734863, ""in_primary_zone"": true, ""lock_engine_alert"": false, ""in_restricted_zone"": false, ""onboard_geofencing"": false, ""speed_limit_active"": false}"
2023-07-17 13:00:57.417,5237,13,"359159972073523",20,"{""key"": false, ""flip"": false, ""zone"": false, ""speed"": 48.5, ""buzzer"": 0, ""engine"": true, ""in_zone"": true, ""ignition"": true, ""latitude"": 42.64128, ""direction"": 297, ""longitude"": 18.0572366, ""gsm_signal"": 31, ""sleep_mode"": false, ""staff_mode"": false, ""fault_codes"": [], ""speed_limit"": 46, ""engine_hours"": 1591, ""idc_triggers"": [], ""buzzer_active"": false, ""fuel_level_avg"": 0, ""lock_geo_alert"": false, ""operation_mode"": ""RENT"", ""battery_voltage"": 14.800000190734863, ""in_primary_zone"": true, ""lock_engine_alert"": false, ""in_restricted_zone"": false, ""onboard_geofencing"": false, ""speed_limit_active"": false}"
2023-07-17 13:00:56.836,5237,13,"359159972073523",20,"{""key"": false, ""flip"": false, ""zone"": false, ""speed"": 47.5, ""buzzer"": 0, ""engine"": true, ""in_zone"": true, ""ignition"": true, ""latitude"": 42.6412266, ""direction"": 296, ""longitude"": 18.0573816, ""gsm_signal"": 31, ""sleep_mode"": false, ""staff_mode"": false, ""fault_codes"": [], ""speed_limit"": 46, ""engine_hours"": 1591, ""idc_triggers"": [], ""buzzer_active"": false, ""fuel_level_avg"": 0, ""lock_geo_alert"": false, ""operation_mode"": ""RENT"", ""battery_voltage"": 14.800000190734863, ""in_primary_zone"": true, ""lock_engine_alert"": false, ""in_restricted_zone"": false, ""onboard_geofencing"": false, ""speed_limit_active"": false}"
2023-07-17 13:00:55.917,5237,13,"359159972073523",20,"{""key"": false, ""flip"": false, ""zone"": false, ""speed"": 49.7, ""buzzer"": 0, ""engine"": true, ""in_zone"": true, ""ignition"": true, ""latitude"": 42.64117, ""direction"": 298, ""longitude"": 18.0575266, ""gsm_signal"": 31, ""sleep_mode"": false, ""staff_mode"": false, ""fault_codes"": [], ""speed_limit"": 46, ""engine_hours"": 1591, ""idc_triggers"": [], ""buzzer_active"": false, ""fuel_level_avg"": 0, ""lock_geo_alert"": false, ""operation_mode"": ""RENT"", ""battery_voltage"": 14.800000190734863, ""in_primary_zone"": true, ""lock_engine_alert"": false, ""in_restricted_zone"": false, ""onboard_geofencing"": false, ""speed_limit_active"": false}"
2023-07-17 13:00:54.418,5237,13,"359159972073523",20,"{""key"": false, ""flip"": false, ""zone"": false, ""speed"": 49.0, ""buzzer"": 0, ""engine"": true, ""in_zone"": true, ""ignition"": true, ""latitude"": 42.6411116, ""direction"": 299, ""longitude"": 18.057675, ""gsm_signal"": 31, ""sleep_mode"": false, ""staff_mode"": false, ""fault_codes"": [], ""speed_limit"": 46, ""engine_hours"": 1591, ""idc_triggers"": [], ""buzzer_active"": false, ""fuel_level_avg"": 0, ""lock_geo_alert"": false, ""operation_mode"": ""RENT"", ""battery_voltage"": 14.800000190734863, ""in_primary_zone"": true, ""lock_engine_alert"": false, ""in_restricted_zone"": false, ""onboard_geofencing"": false, ""speed_limit_active"": false}"
2023-07-17 13:00:53.456,5237,13,"359159972073523",20,"{""key"": false, ""flip"": false, ""zone"": false, ""speed"": 48.3, ""buzzer"": 0, ""engine"": true, ""in_zone"": true, ""ignition"": true, ""latitude"": 42.6410533, ""direction"": 297, ""longitude"": 18.05782, ""gsm_signal"": 31, ""sleep_mode"": false, ""staff_mode"": false, ""fault_codes"": [], ""speed_limit"": 46, ""engine_hours"": 1591, ""idc_triggers"": [], ""buzzer_active"": false, ""fuel_level_avg"": 0, ""lock_geo_alert"": false, ""operation_mode"": ""RENT"", ""battery_voltage"": 14.800000190734863, ""in_primary_zone"": true, ""lock_engine_alert"": false, ""in_restricted_zone"": false, ""onboard_geofencing"": false, ""speed_limit_active"": false}"
2023-07-17 13:00:52.534,5237,13,"359159972073523",20,"{""key"": false, ""flip"": false, ""zone"": false, ""speed"": 44.0, ""buzzer"": 0, ""engine"": true, ""in_zone"": true, ""ignition"": true, ""latitude"": 42.641, ""direction"": 296, ""longitude"": 18.0579616, ""gsm_signal"": 31, ""sleep_mode"": false, ""staff_mode"": false, ""fault_codes"": [], ""speed_limit"": 46, ""engine_hours"": 1591, ""idc_triggers"": [], ""buzzer_active"": false, ""fuel_level_avg"": 0, ""lock_geo_alert"": false, ""operation_mode"": ""RENT"", ""battery_voltage"": 14.800000190734863, ""in_primary_zone"": true, ""lock_engine_alert"": false, ""in_restricted_zone"": false, ""onboard_geofencing"": false, ""speed_limit_active"": false}"
2023-07-17 13:00:51.994,5237,13,"359159972073523",20,"{""key"": false, ""flip"": false, ""zone"": false, ""speed"": 43.9, ""buzzer"": 0, ""engine"": true, ""in_zone"": true, ""ignition"": true, ""latitude"": 42.6409516, ""direction"": 295, ""longitude"": 18.058095, ""gsm_signal"": 31, ""sleep_mode"": false, ""staff_mode"": false, ""fault_codes"": [], ""speed_limit"": 46, ""engine_hours"": 1591, ""idc_triggers"": [], ""buzzer_active"": false, ""fuel_level_avg"": 0, ""lock_geo_alert"": false, ""operation_mode"": ""RENT"", ""battery_voltage"": 14.800000190734863, ""in_primary_zone"": true, ""lock_engine_alert"": false, ""in_restricted_zone"": false, ""onboard_geofencing"": false, ""speed_limit_active"": false}"
2023-07-17 13:00:50.415,5237,13,"359159972073523",20,"{""key"": false, ""flip"": false, ""zone"": false, ""speed"": 44.1, ""buzzer"": 0, ""engine"": true, ""in_zone"": true, ""ignition"": true, ""latitude"": 42.640905, ""direction"": 295, ""longitude"": 18.0582282, ""gsm_signal"": 31, ""sleep_mode"": false, ""staff_mode"": false, ""fault_codes"": [], ""speed_limit"": 46, ""engine_hours"": 1591, ""idc_triggers"": [], ""buzzer_active"": false, ""fuel_level_avg"": 0, ""lock_geo_alert"": false, ""operation_mode"": ""RENT"", ""battery_voltage"": 14.800000190734863, ""in_primary_zone"": true, ""lock_engine_alert"": false, ""in_restricted_zone"": false, ""onboard_geofencing"": false, ""speed_limit_active"": false}"
2023-07-17 13:00:49.456,5237,13,"359159972073523",20,"{""key"": false, ""flip"": false, ""zone"": false, ""speed"": 43.9, ""buzzer"": 0, ""engine"": true, ""in_zone"": true, ""ignition"": true, ""latitude"": 42.6408566, ""direction"": 296, ""longitude"": 18.0583632, ""gsm_signal"": 31, ""sleep_mode"": false, ""staff_mode"": false, ""fault_codes"": [], ""speed_limit"": 46, ""engine_hours"": 1591, ""idc_triggers"": [], ""buzzer_active"": false, ""fuel_level_avg"": 0, ""lock_geo_alert"": false, ""operation_mode"": ""RENT"", ""battery_voltage"": 14.800000190734863, ""in_primary_zone"": true, ""lock_engine_alert"": false, ""in_restricted_zone"": false, ""onboard_geofencing"": false, ""speed_limit_active"": false}"
2023-07-17 13:00:48.478,5237,13,"359159972073523",20,"{""key"": false, ""flip"": false, ""zone"": false, ""speed"": 42.0, ""buzzer"": 0, ""engine"": true, ""in_zone"": true, ""ignition"": true, ""latitude"": 42.6408066, ""direction"": 298, ""longitude"": 18.0584932, ""gsm_signal"": 31, ""sleep_mode"": false, ""staff_mode"": false, ""fault_codes"": [], ""speed_limit"": 46, ""engine_hours"": 1591, ""idc_triggers"": [], ""buzzer_active"": false, ""fuel_level_avg"": 0, ""lock_geo_alert"": false, ""operation_mode"": ""RENT"", ""battery_voltage"": 14.800000190734863, ""in_primary_zone"": true, ""lock_engine_alert"": false, ""in_restricted_zone"": false, ""onboard_geofencing"": false, ""speed_limit_active"": false}"
2023-07-17 13:00:47.913,5237,13,"359159972073523",20,"{""key"": false, ""flip"": false, ""zone"": false, ""speed"": 37.0, ""buzzer"": 0, ""engine"": true, ""in_zone"": true, ""ignition"": true, ""latitude"": 42.6407583, ""direction"": 299, ""longitude"": 18.0586166, ""gsm_signal"": 31, ""sleep_mode"": false, ""staff_mode"": false, ""fault_codes"": [], ""speed_limit"": 46, ""engine_hours"": 1591, ""idc_triggers"": [], ""buzzer_active"": false, ""fuel_level_avg"": 0, ""lock_geo_alert"": false, ""operation_mode"": ""RENT"", ""battery_voltage"": 14.800000190734863, ""in_primary_zone"": true, ""lock_engine_alert"": false, ""in_restricted_zone"": false, ""onboard_geofencing"": false, ""speed_limit_active"": false}"
2023-07-17 13:00:46.415,5237,13,"359159972073523",20,"{""key"": false, ""flip"": false, ""zone"": false, ""speed"": 33.7, ""buzzer"": 0, ""engine"": true, ""in_zone"": true, ""ignition"": true, ""latitude"": 42.6407133, ""direction"": 299, ""longitude"": 18.0587216, ""gsm_signal"": 31, ""sleep_mode"": false, ""staff_mode"": false, ""fault_codes"": [], ""speed_limit"": 46, ""engine_hours"": 1591, ""idc_triggers"": [], ""buzzer_active"": false, ""fuel_level_avg"": 0, ""lock_geo_alert"": false, ""operation_mode"": ""RENT"", ""battery_voltage"": 14.800000190734863, ""in_primary_zone"": true, ""lock_engine_alert"": false, ""in_restricted_zone"": false, ""onboard_geofencing"": false, ""speed_limit_active"": false}"
2023-07-17 13:00:45.435,5237,13,"359159972073523",20,"{""key"": false, ""flip"": false, ""zone"": false, ""speed"": 26.3, ""buzzer"": 0, ""engine"": true, ""in_zone"": true, ""ignition"": true, ""latitude"": 42.640675, ""direction"": 300, ""longitude"": 18.058815, ""gsm_signal"": 31, ""sleep_mode"": false, ""staff_mode"": false, ""fault_codes"": [], ""speed_limit"": 46, ""engine_hours"": 1591, ""idc_triggers"": [], ""buzzer_active"": false, ""fuel_level_avg"": 0, ""lock_geo_alert"": false, ""operation_mode"": ""RENT"", ""battery_voltage"": 14.800000190734863, ""in_primary_zone"": true, ""lock_engine_alert"": false, ""in_restricted_zone"": false, ""onboard_geofencing"": false, ""speed_limit_active"": false}"
2023-07-17 13:00:44.477,5237,13,"359159972073523",20,"{""key"": false, ""flip"": false, ""zone"": false, ""speed"": 23.6, ""buzzer"": 0, ""engine"": true, ""in_zone"": true, ""ignition"": true, ""latitude"": 42.6406416, ""direction"": 302, ""longitude"": 18.0588882, ""gsm_signal"": 31, ""sleep_mode"": false, ""staff_mode"": false, ""fault_codes"": [], ""speed_limit"": 46, ""engine_hours"": 1591, ""idc_triggers"": [], ""buzzer_active"": false, ""fuel_level_avg"": 0, ""lock_geo_alert"": false, ""operation_mode"": ""RENT"", ""battery_voltage"": 14.800000190734863, ""in_primary_zone"": true, ""lock_engine_alert"": false, ""in_restricted_zone"": false, ""onboard_geofencing"": false, ""speed_limit_active"": false}"
2023-07-17 13:00:43.917,5237,13,"359159972073523",20,"{""key"": false, ""flip"": false, ""zone"": false, ""speed"": 19.7, ""buzzer"": 0, ""engine"": true, ""in_zone"": true, ""ignition"": true, ""latitude"": 42.6406133, ""direction"": 303, ""longitude"": 18.0589532, ""gsm_signal"": 31, ""sleep_mode"": false, ""staff_mode"": false, ""fault_codes"": [], ""speed_limit"": 46, ""engine_hours"": 1591, ""idc_triggers"": [], ""buzzer_active"": false, ""fuel_level_avg"": 0, ""lock_geo_alert"": false, ""operation_mode"": ""RENT"", ""battery_voltage"": 14.800000190734863, ""in_primary_zone"": true, ""lock_engine_alert"": false, ""in_restricted_zone"": false, ""onboard_geofencing"": false, ""speed_limit_active"": false}"
2023-07-17 13:00:42.416,5237,13,"359159972073523",20,"{""key"": false, ""flip"": false, ""zone"": false, ""speed"": 19.2, ""buzzer"": 0, ""engine"": true, ""in_zone"": true, ""ignition"": true, ""latitude"": 42.6405883, ""direction"": 300, ""longitude"": 18.05901, ""gsm_signal"": 31, ""sleep_mode"": false, ""staff_mode"": false, ""fault_codes"": [], ""speed_limit"": 46, ""engine_hours"": 1591, ""idc_triggers"": [], ""buzzer_active"": false, ""fuel_level_avg"": 0, ""lock_geo_alert"": false, ""operation_mode"": ""RENT"", ""battery_voltage"": 14.800000190734863, ""in_primary_zone"": true, ""lock_engine_alert"": false, ""in_restricted_zone"": false, ""onboard_geofencing"": false, ""speed_limit_active"": false}"
2023-07-17 13:00:41.435,5237,13,"359159972073523",20,"{""key"": false, ""flip"": false, ""zone"": false, ""speed"": 18.7, ""buzzer"": 0, ""engine"": true, ""in_zone"": true, ""ignition"": true, ""latitude"": 42.6405633, ""direction"": 297, ""longitude"": 18.059065, ""gsm_signal"": 31, ""sleep_mode"": false, ""staff_mode"": false, ""fault_codes"": [], ""speed_limit"": 46, ""engine_hours"": 1591, ""idc_triggers"": [], ""buzzer_active"": false, ""fuel_level_avg"": 0, ""lock_geo_alert"": false, ""operation_mode"": ""RENT"", ""battery_voltage"": 14.800000190734863, ""in_primary_zone"": true, ""lock_engine_alert"": false, ""in_restricted_zone"": false, ""onboard_geofencing"": false, ""speed_limit_active"": false}"
2023-07-17 13:00:40.455,5237,13,"359159972073523",20,"{""key"": false, ""flip"": false, ""zone"": false, ""speed"": 14.5, ""buzzer"": 0, ""engine"": true, ""in_zone"": true, ""ignition"": true, ""latitude"": 42.6405433, ""direction"": 297, ""longitude"": 18.05912, ""gsm_signal"": 31, ""sleep_mode"": false, ""staff_mode"": false, ""fault_codes"": [], ""speed_limit"": 46, ""engine_hours"": 1591, ""idc_triggers"": [], ""buzzer_active"": false, ""fuel_level_avg"": 0, ""lock_geo_alert"": false, ""operation_mode"": ""RENT"", ""battery_voltage"": 14.800000190734863, ""in_primary_zone"": true, ""lock_engine_alert"": false, ""in_restricted_zone"": false, ""onboard_geofencing"": false, ""speed_limit_active"": false}"
2023-07-17 13:00:39.915,5237,13,"359159972073523",20,"{""key"": false, ""flip"": false, ""zone"": false, ""speed"": 9.3, ""buzzer"": 0, ""engine"": true, ""in_zone"": true, ""ignition"": true, ""latitude"": 42.64053, ""direction"": 295, ""longitude"": 18.0591532, ""gsm_signal"": 31, ""sleep_mode"": false, ""staff_mode"": false, ""fault_codes"": [], ""speed_limit"": 46, ""engine_hours"": 1591, ""idc_triggers"": [], ""buzzer_active"": false, ""fuel_level_avg"": 0, ""lock_geo_alert"": false, ""operation_mode"": ""RENT"", ""battery_voltage"": 14.800000190734863, ""in_primary_zone"": true, ""lock_engine_alert"": false, ""in_restricted_zone"": false, ""onboard_geofencing"": false, ""speed_limit_active"": false}"
2023-07-17 13:00:38.433,5237,13,"359159972073523",20,"{""key"": false, ""flip"": false, ""zone"": false, ""speed"": 7.8, ""buzzer"": 0, ""engine"": true, ""in_zone"": true, ""ignition"": true, ""latitude"": 42.6405233, ""direction"": 293, ""longitude"": 18.0591766, ""gsm_signal"": 31, ""sleep_mode"": false, ""staff_mode"": false, ""fault_codes"": [], ""speed_limit"": 46, ""engine_hours"": 1591, ""idc_triggers"": [], ""buzzer_active"": false, ""fuel_level_avg"": 0, ""lock_geo_alert"": false, ""operation_mode"": ""RENT"", ""battery_voltage"": 14.800000190734863, ""in_primary_zone"": true, ""lock_engine_alert"": false, ""in_restricted_zone"": false, ""onboard_geofencing"": false, ""speed_limit_active"": false}"
2023-07-17 13:00:37.496,5237,13,"359159972073523",20,"{""key"": false, ""flip"": false, ""zone"": false, ""speed"": 8.3, ""buzzer"": 0, ""engine"": true, ""in_zone"": true, ""ignition"": true, ""latitude"": 42.640515, ""direction"": 294, ""longitude"": 18.0592016, ""gsm_signal"": 31, ""sleep_mode"": false, ""staff_mode"": false, ""fault_codes"": [], ""speed_limit"": 46, ""engine_hours"": 1591, ""idc_triggers"": [], ""buzzer_active"": false, ""fuel_level_avg"": 0, ""lock_geo_alert"": false, ""operation_mode"": ""RENT"", ""battery_voltage"": 14.800000190734863, ""in_primary_zone"": true, ""lock_engine_alert"": false, ""in_restricted_zone"": false, ""onboard_geofencing"": false, ""speed_limit_active"": false}"
2023-07-17 13:00:36.915,5237,13,"359159972073523",20,"{""key"": false, ""flip"": false, ""zone"": false, ""speed"": 7.9, ""buzzer"": 0, ""engine"": true, ""in_zone"": true, ""ignition"": true, ""latitude"": 42.64051, ""direction"": 300, ""longitude"": 18.0592282, ""gsm_signal"": 31, ""sleep_mode"": false, ""staff_mode"": false, ""fault_codes"": [], ""speed_limit"": 46, ""engine_hours"": 1591, ""idc_triggers"": [], ""buzzer_active"": false, ""fuel_level_avg"": 0, ""lock_geo_alert"": false, ""operation_mode"": ""RENT"", ""battery_voltage"": 14.800000190734863, ""in_primary_zone"": true, ""lock_engine_alert"": false, ""in_restricted_zone"": false, ""onboard_geofencing"": false, ""speed_limit_active"": false}"
2023-07-17 13:00:35.417,5237,13,"359159972073523",20,"{""key"": false, ""flip"": false, ""zone"": false, ""speed"": 6.5, ""buzzer"": 0, ""engine"": true, ""in_zone"": true, ""ignition"": true, ""latitude"": 42.6405, ""direction"": 304, ""longitude"": 18.05925, ""gsm_signal"": 31, ""sleep_mode"": false, ""staff_mode"": false, ""fault_codes"": [], ""speed_limit"": 46, ""engine_hours"": 1591, ""idc_triggers"": [], ""buzzer_active"": false, ""fuel_level_avg"": 0, ""lock_geo_alert"": false, ""operation_mode"": ""RENT"", ""battery_voltage"": 14.800000190734863, ""in_primary_zone"": true, ""lock_engine_alert"": false, ""in_restricted_zone"": false, ""onboard_geofencing"": false, ""speed_limit_active"": false}"
2023-07-17 13:00:34.454,5237,13,"359159972073523",20,"{""key"": false, ""flip"": false, ""zone"": false, ""speed"": 6.2, ""buzzer"": 0, ""engine"": true, ""in_zone"": true, ""ignition"": true, ""latitude"": 42.6404916, ""direction"": 301, ""longitude"": 18.0592666, ""gsm_signal"": 31, ""sleep_mode"": false, ""staff_mode"": false, ""fault_codes"": [], ""speed_limit"": 46, ""engine_hours"": 1591, ""idc_triggers"": [], ""buzzer_active"": false, ""fuel_level_avg"": 0, ""lock_geo_alert"": false, ""operation_mode"": ""RENT"", ""battery_voltage"": 14.800000190734863, ""in_primary_zone"": true, ""lock_engine_alert"": false, ""in_restricted_zone"": false, ""onboard_geofencing"": false, ""speed_limit_active"": false}"
2023-07-17 13:00:33.477,5237,13,"359159972073523",20,"{""key"": false, ""flip"": false, ""zone"": false, ""speed"": 5.5, ""buzzer"": 0, ""engine"": true, ""in_zone"": true, ""ignition"": true, ""latitude"": 42.6404833, ""direction"": 301, ""longitude"": 18.059285, ""gsm_signal"": 31, ""sleep_mode"": false, ""staff_mode"": false, ""fault_codes"": [], ""speed_limit"": 46, ""engine_hours"": 1591, ""idc_triggers"": [], ""buzzer_active"": false, ""fuel_level_avg"": 0, ""lock_geo_alert"": false, ""operation_mode"": ""RENT"", ""battery_voltage"": 14.800000190734863, ""in_primary_zone"": true, ""lock_engine_alert"": false, ""in_restricted_zone"": false, ""onboard_geofencing"": false, ""speed_limit_active"": false}"
2023-07-17 13:00:32.914,5237,13,"359159972073523",20,"{""key"": false, ""flip"": false, ""zone"": false, ""speed"": 5.1, ""buzzer"": 0, ""engine"": true, ""in_zone"": true, ""ignition"": true, ""latitude"": 42.6404766, ""direction"": 305, ""longitude"": 18.0593, ""gsm_signal"": 31, ""sleep_mode"": false, ""staff_mode"": false, ""fault_codes"": [], ""speed_limit"": 46, ""engine_hours"": 1591, ""idc_triggers"": [], ""buzzer_active"": false, ""fuel_level_avg"": 0, ""lock_geo_alert"": false, ""operation_mode"": ""RENT"", ""battery_voltage"": 14.800000190734863, ""in_primary_zone"": true, ""lock_engine_alert"": false, ""in_restricted_zone"": false, ""onboard_geofencing"": false, ""speed_limit_active"": false}"
2023-07-17 13:00:31.414,5237,13,"359159972073523",20,"{""key"": false, ""flip"": false, ""zone"": false, ""speed"": 5.0, ""buzzer"": 0, ""engine"": true, ""in_zone"": true, ""ignition"": true, ""latitude"": 42.64047, ""direction"": 309, ""longitude"": 18.059315, ""gsm_signal"": 31, ""sleep_mode"": false, ""staff_mode"": false, ""fault_codes"": [], ""speed_limit"": 46, ""engine_hours"": 1591, ""idc_triggers"": [], ""buzzer_active"": false, ""fuel_level_avg"": 0, ""lock_geo_alert"": false, ""operation_mode"": ""RENT"", ""battery_voltage"": 14.800000190734863, ""in_primary_zone"": true, ""lock_engine_alert"": false, ""in_restricted_zone"": false, ""onboard_geofencing"": false, ""speed_limit_active"": false}"
2023-07-17 13:00:30.464,5237,13,"359159972073523",20,"{""key"": false, ""flip"": false, ""zone"": false, ""speed"": 5.6, ""buzzer"": 0, ""engine"": true, ""in_zone"": true, ""ignition"": true, ""latitude"": 42.6404633, ""direction"": 308, ""longitude"": 18.0593282, ""gsm_signal"": 31, ""sleep_mode"": false, ""staff_mode"": false, ""fault_codes"": [], ""speed_limit"": 46, ""engine_hours"": 1591, ""idc_triggers"": [], ""buzzer_active"": false, ""fuel_level_avg"": 0, ""lock_geo_alert"": false, ""operation_mode"": ""RENT"", ""battery_voltage"": 14.800000190734863, ""in_primary_zone"": true, ""lock_engine_alert"": false, ""in_restricted_zone"": false, ""onboard_geofencing"": false, ""speed_limit_active"": false}"
2023-07-17 13:00:29.476,5237,13,"359159972073523",20,"{""key"": false, ""flip"": false, ""zone"": false, ""speed"": 5.7, ""buzzer"": 0, ""engine"": true, ""in_zone"": true, ""ignition"": true, ""latitude"": 42.640455, ""direction"": 306, ""longitude"": 18.0593432, ""gsm_signal"": 31, ""sleep_mode"": false, ""staff_mode"": false, ""fault_codes"": [], ""speed_limit"": 46, ""engine_hours"": 1591, ""idc_triggers"": [], ""buzzer_active"": false, ""fuel_level_avg"": 0, ""lock_geo_alert"": false, ""operation_mode"": ""RENT"", ""battery_voltage"": 14.800000190734863, ""in_primary_zone"": true, ""lock_engine_alert"": false, ""in_restricted_zone"": false, ""onboard_geofencing"": false, ""speed_limit_active"": false}"
2023-07-17 13:00:28.918,5237,13,"359159972073523",20,"{""key"": false, ""flip"": false, ""zone"": false, ""speed"": 5.1, ""buzzer"": 0, ""engine"": true, ""in_zone"": true, ""ignition"": true, ""latitude"": 42.6404466, ""direction"": 303, ""longitude"": 18.0593582, ""gsm_signal"": 31, ""sleep_mode"": false, ""staff_mode"": false, ""fault_codes"": [], ""speed_limit"": 46, ""engine_hours"": 1591, ""idc_triggers"": [], ""buzzer_active"": false, ""fuel_level_avg"": 0, ""lock_geo_alert"": false, ""operation_mode"": ""RENT"", ""battery_voltage"": 14.800000190734863, ""in_primary_zone"": true, ""lock_engine_alert"": false, ""in_restricted_zone"": false, ""onboard_geofencing"": false, ""speed_limit_active"": false}"
2023-07-17 13:00:27.435,5237,13,"359159972073523",20,"{""key"": false, ""flip"": false, ""zone"": false, ""speed"": 5.4, ""buzzer"": 0, ""engine"": true, ""in_zone"": true, ""ignition"": true, ""latitude"": 42.6404383, ""direction"": 301, ""longitude"": 18.0593732, ""gsm_signal"": 31, ""sleep_mode"": false, ""staff_mode"": false, ""fault_codes"": [], ""speed_limit"": 46, ""engine_hours"": 1591, ""idc_triggers"": [], ""buzzer_active"": false, ""fuel_level_avg"": 0, ""lock_geo_alert"": false, ""operation_mode"": ""RENT"", ""battery_voltage"": 14.800000190734863, ""in_primary_zone"": true, ""lock_engine_alert"": false, ""in_restricted_zone"": false, ""onboard_geofencing"": false, ""speed_limit_active"": false}"
2023-07-17 13:00:26.476,5237,13,"359159972073523",20,"{""key"": false, ""flip"": false, ""zone"": false, ""speed"": 6.4, ""buzzer"": 0, ""engine"": true, ""in_zone"": true, ""ignition"": true, ""latitude"": 42.6404316, ""direction"": 302, ""longitude"": 18.05939, ""gsm_signal"": 31, ""sleep_mode"": false, ""staff_mode"": false, ""fault_codes"": [], ""speed_limit"": 46, ""engine_hours"": 1591, ""idc_triggers"": [], ""buzzer_active"": false, ""fuel_level_avg"": 0, ""lock_geo_alert"": false, ""operation_mode"": ""RENT"", ""battery_voltage"": 14.800000190734863, ""in_primary_zone"": true, ""lock_engine_alert"": false, ""in_restricted_zone"": false, ""onboard_geofencing"": false, ""speed_limit_active"": false}"
2023-07-17 13:00:25.917,5237,13,"359159972073523",20,"{""key"": false, ""flip"": false, ""zone"": false, ""speed"": 6.8, ""buzzer"": 0, ""engine"": true, ""in_zone"": true, ""ignition"": true, ""latitude"": 42.6404233, ""direction"": 307, ""longitude"": 18.05941, ""gsm_signal"": 31, ""sleep_mode"": false, ""staff_mode"": false, ""fault_codes"": [], ""speed_limit"": 46, ""engine_hours"": 1591, ""idc_triggers"": [], ""buzzer_active"": false, ""fuel_level_avg"": 0, ""lock_geo_alert"": false, ""operation_mode"": ""RENT"", ""battery_voltage"": 14.800000190734863, ""in_primary_zone"": true, ""lock_engine_alert"": false, ""in_restricted_zone"": false, ""onboard_geofencing"": false, ""speed_limit_active"": false}"
2023-07-17 13:00:24.436,5237,13,"359159972073523",20,"{""key"": false, ""flip"": false, ""zone"": false, ""speed"": 6.8, ""buzzer"": 0, ""engine"": true, ""in_zone"": true, ""ignition"": true, ""latitude"": 42.6404116, ""direction"": 309, ""longitude"": 18.0594282, ""gsm_signal"": 31, ""sleep_mode"": false, ""staff_mode"": false, ""fault_codes"": [], ""speed_limit"": 46, ""engine_hours"": 1591, ""idc_triggers"": [], ""buzzer_active"": false, ""fuel_level_avg"": 0, ""lock_geo_alert"": false, ""operation_mode"": ""RENT"", ""battery_voltage"": 14.800000190734863, ""in_primary_zone"": true, ""lock_engine_alert"": false, ""in_restricted_zone"": false, ""onboard_geofencing"": false, ""speed_limit_active"": false}"
2023-07-17 13:00:23.475,5237,13,"359159972073523",20,"{""key"": false, ""flip"": false, ""zone"": false, ""speed"": 7.1, ""buzzer"": 0, ""engine"": true, ""in_zone"": true, ""ignition"": true, ""latitude"": 42.6404016, ""direction"": 308, ""longitude"": 18.0594466, ""gsm_signal"": 31, ""sleep_mode"": false, ""staff_mode"": false, ""fault_codes"": [], ""speed_limit"": 46, ""engine_hours"": 1591, ""idc_triggers"": [], ""buzzer_active"": false, ""fuel_level_avg"": 0, ""lock_geo_alert"": false, ""operation_mode"": ""RENT"", ""battery_voltage"": 14.800000190734863, ""in_primary_zone"": true, ""lock_engine_alert"": false, ""in_restricted_zone"": false, ""onboard_geofencing"": false, ""speed_limit_active"": false}"
2023-07-17 13:00:22.917,5237,13,"359159972073523",20,"{""key"": false, ""flip"": false, ""zone"": false, ""speed"": 7.6, ""buzzer"": 0, ""engine"": true, ""in_zone"": true, ""ignition"": true, ""latitude"": 42.6403916, ""direction"": 310, ""longitude"": 18.0594666, ""gsm_signal"": 31, ""sleep_mode"": false, ""staff_mode"": false, ""fault_codes"": [], ""speed_limit"": 46, ""engine_hours"": 1591, ""idc_triggers"": [], ""buzzer_active"": false, ""fuel_level_avg"": 0, ""lock_geo_alert"": false, ""operation_mode"": ""RENT"", ""battery_voltage"": 14.800000190734863, ""in_primary_zone"": true, ""lock_engine_alert"": false, ""in_restricted_zone"": false, ""onboard_geofencing"": false, ""speed_limit_active"": false}"
2023-07-17 13:00:21.418,5237,13,"359159972073523",20,"{""key"": false, ""flip"": false, ""zone"": false, ""speed"": 7.2, ""buzzer"": 0, ""engine"": true, ""in_zone"": true, ""ignition"": true, ""latitude"": 42.64038, ""direction"": 320, ""longitude"": 18.0594866, ""gsm_signal"": 31, ""sleep_mode"": false, ""staff_mode"": false, ""fault_codes"": [], ""speed_limit"": 46, ""engine_hours"": 1591, ""idc_triggers"": [], ""buzzer_active"": false, ""fuel_level_avg"": 0, ""lock_geo_alert"": false, ""operation_mode"": ""RENT"", ""battery_voltage"": 14.800000190734863, ""in_primary_zone"": true, ""lock_engine_alert"": false, ""in_restricted_zone"": false, ""onboard_geofencing"": false, ""speed_limit_active"": false}"
2023-07-17 13:00:20.434,5237,13,"359159972073523",20,"{""key"": false, ""flip"": false, ""zone"": false, ""speed"": 6.9, ""buzzer"": 0, ""engine"": true, ""in_zone"": true, ""ignition"": true, ""latitude"": 42.6403683, ""direction"": 328, ""longitude"": 18.0595, ""gsm_signal"": 31, ""sleep_mode"": false, ""staff_mode"": false, ""fault_codes"": [], ""speed_limit"": 46, ""engine_hours"": 1591, ""idc_triggers"": [], ""buzzer_active"": false, ""fuel_level_avg"": 0, ""lock_geo_alert"": false, ""operation_mode"": ""RENT"", ""battery_voltage"": 14.800000190734863, ""in_primary_zone"": true, ""lock_engine_alert"": false, ""in_restricted_zone"": false, ""onboard_geofencing"": false, ""speed_limit_active"": false}"
2023-07-17 13:00:19.498,5237,13,"359159972073523",20,"{""key"": false, ""flip"": false, ""zone"": false, ""speed"": 5.8, ""buzzer"": 0, ""engine"": true, ""in_zone"": true, ""ignition"": true, ""latitude"": 42.6403533, ""direction"": 339, ""longitude"": 18.0595116, ""gsm_signal"": 31, ""sleep_mode"": false, ""staff_mode"": false, ""fault_codes"": [], ""speed_limit"": 46, ""engine_hours"": 1591, ""idc_triggers"": [], ""buzzer_active"": false, ""fuel_level_avg"": 0, ""lock_geo_alert"": false, ""operation_mode"": ""RENT"", ""battery_voltage"": 14.800000190734863, ""in_primary_zone"": true, ""lock_engine_alert"": false, ""in_restricted_zone"": false, ""onboard_geofencing"": false, ""speed_limit_active"": false}"
2023-07-17 13:00:18.915,5237,13,"359159972073523",20,"{""key"": false, ""flip"": false, ""zone"": false, ""speed"": 5.2, ""buzzer"": 0, ""engine"": true, ""in_zone"": true, ""ignition"": true, ""latitude"": 42.6403416, ""direction"": 347, ""longitude"": 18.0595216, ""gsm_signal"": 31, ""sleep_mode"": false, ""staff_mode"": false, ""fault_codes"": [], ""speed_limit"": 46, ""engine_hours"": 1591, ""idc_triggers"": [], ""buzzer_active"": false, ""fuel_level_avg"": 0, ""lock_geo_alert"": false, ""operation_mode"": ""RENT"", ""battery_voltage"": 14.800000190734863, ""in_primary_zone"": true, ""lock_engine_alert"": false, ""in_restricted_zone"": false, ""onboard_geofencing"": false, ""speed_limit_active"": false}"
2023-07-17 13:00:17.416,5237,13,"359159972073523",20,"{""key"": false, ""flip"": false, ""zone"": false, ""speed"": 6.4, ""buzzer"": 0, ""engine"": true, ""in_zone"": true, ""ignition"": true, ""latitude"": 42.64033, ""direction"": 1, ""longitude"": 18.0595266, ""gsm_signal"": 31, ""sleep_mode"": false, ""staff_mode"": false, ""fault_codes"": [], ""speed_limit"": 46, ""engine_hours"": 1591, ""idc_triggers"": [], ""buzzer_active"": false, ""fuel_level_avg"": 0, ""lock_geo_alert"": false, ""operation_mode"": ""RENT"", ""battery_voltage"": 14.800000190734863, ""in_primary_zone"": true, ""lock_engine_alert"": false, ""in_restricted_zone"": false, ""onboard_geofencing"": false, ""speed_limit_active"": false}"
2023-07-17 13:00:16.415,5237,13,"359159972073523",20,"{""key"": false, ""flip"": false, ""zone"": false, ""speed"": 5.7, ""buzzer"": 0, ""engine"": true, ""in_zone"": true, ""ignition"": true, ""latitude"": 42.6403133, ""direction"": 8, ""longitude"": 18.0595266, ""gsm_signal"": 31, ""sleep_mode"": false, ""staff_mode"": false, ""fault_codes"": [], ""speed_limit"": 46, ""engine_hours"": 1591, ""idc_triggers"": [], ""buzzer_active"": false, ""fuel_level_avg"": 0, ""lock_geo_alert"": false, ""operation_mode"": ""RENT"", ""battery_voltage"": 14.800000190734863, ""in_primary_zone"": true, ""lock_engine_alert"": false, ""in_restricted_zone"": false, ""onboard_geofencing"": false, ""speed_limit_active"": false}"
2023-07-17 13:00:15.420,5237,13,"359159972073523",20,"{""key"": false, ""flip"": false, ""zone"": false, ""speed"": 5.0, ""buzzer"": 0, ""engine"": true, ""in_zone"": true, ""ignition"": true, ""latitude"": 42.6403016, ""direction"": 9, ""longitude"": 18.0595232, ""gsm_signal"": 31, ""sleep_mode"": false, ""staff_mode"": false, ""fault_codes"": [], ""speed_limit"": 46, ""engine_hours"": 1591, ""idc_triggers"": [], ""buzzer_active"": false, ""fuel_level_avg"": 0, ""lock_geo_alert"": false, ""operation_mode"": ""RENT"", ""battery_voltage"": 14.800000190734863, ""in_primary_zone"": true, ""lock_engine_alert"": false, ""in_restricted_zone"": false, ""onboard_geofencing"": false, ""speed_limit_active"": false}"
2023-07-17 13:00:14.435,5237,13,"359159972073523",20,"{""key"": false, ""flip"": false, ""zone"": false, ""speed"": 5.3, ""buzzer"": 0, ""engine"": true, ""in_zone"": true, ""ignition"": true, ""latitude"": 42.64029, ""direction"": 359, ""longitude"": 18.0595182, ""gsm_signal"": 31, ""sleep_mode"": false, ""staff_mode"": false, ""fault_codes"": [], ""speed_limit"": 46, ""engine_hours"": 1591, ""idc_triggers"": [], ""buzzer_active"": false, ""fuel_level_avg"": 0, ""lock_geo_alert"": false, ""operation_mode"": ""RENT"", ""battery_voltage"": 14.800000190734863, ""in_primary_zone"": true, ""lock_engine_alert"": false, ""in_restricted_zone"": false, ""onboard_geofencing"": false, ""speed_limit_active"": false}"
2023-07-17 13:00:13.456,5237,13,"359159972073523",20,"{""key"": false, ""flip"": false, ""zone"": false, ""speed"": 5.5, ""buzzer"": 0, ""engine"": true, ""in_zone"": true, ""ignition"": true, ""latitude"": 42.6402766, ""direction"": 347, ""longitude"": 18.0595166, ""gsm_signal"": 31, ""sleep_mode"": false, ""staff_mode"": false, ""fault_codes"": [], ""speed_limit"": 46, ""engine_hours"": 1591, ""idc_triggers"": [], ""buzzer_active"": false, ""fuel_level_avg"": 0, ""lock_geo_alert"": false, ""operation_mode"": ""RENT"", ""battery_voltage"": 14.800000190734863, ""in_primary_zone"": true, ""lock_engine_alert"": false, ""in_restricted_zone"": false, ""onboard_geofencing"": false, ""speed_limit_active"": false}"
2023-07-17 13:00:12.916,5237,13,"359159972073523",20,"{""key"": false, ""flip"": false, ""zone"": false, ""speed"": 7.4, ""buzzer"": 0, ""engine"": true, ""in_zone"": true, ""ignition"": true, ""latitude"": 42.6402616, ""direction"": 339, ""longitude"": 18.0595182, ""gsm_signal"": 27, ""sleep_mode"": false, ""staff_mode"": false, ""fault_codes"": [], ""speed_limit"": 46, ""engine_hours"": 1591, ""idc_triggers"": [], ""buzzer_active"": false, ""fuel_level_avg"": 0, ""lock_geo_alert"": false, ""operation_mode"": ""RENT"", ""battery_voltage"": 14.800000190734863, ""in_primary_zone"": true, ""lock_engine_alert"": false, ""in_restricted_zone"": false, ""onboard_geofencing"": false, ""speed_limit_active"": false}"
2023-07-17 13:00:11.416,5237,13,"359159972073523",20,"{""key"": false, ""flip"": false, ""zone"": false, ""speed"": 6.1, ""buzzer"": 0, ""engine"": true, ""in_zone"": true, ""ignition"": true, ""latitude"": 42.640245, ""direction"": 321, ""longitude"": 18.0595232, ""gsm_signal"": 27, ""sleep_mode"": false, ""staff_mode"": false, ""fault_codes"": [], ""speed_limit"": 46, ""engine_hours"": 1591, ""idc_triggers"": [], ""buzzer_active"": false, ""fuel_level_avg"": 0, ""lock_geo_alert"": false, ""operation_mode"": ""RENT"", ""battery_voltage"": 14.800000190734863, ""in_primary_zone"": true, ""lock_engine_alert"": false, ""in_restricted_zone"": false, ""onboard_geofencing"": false, ""speed_limit_active"": false}"
2023-07-17 13:00:10.441,5237,13,"359159972073523",20,"{""key"": false, ""flip"": false, ""zone"": false, ""speed"": 5.6, ""buzzer"": 0, ""engine"": true, ""in_zone"": true, ""ignition"": true, ""latitude"": 42.6402316, ""direction"": 297, ""longitude"": 18.0595332, ""gsm_signal"": 27, ""sleep_mode"": false, ""staff_mode"": false, ""fault_codes"": [], ""speed_limit"": 46, ""engine_hours"": 1591, ""idc_triggers"": [], ""buzzer_active"": false, ""fuel_level_avg"": 0, ""lock_geo_alert"": false, ""operation_mode"": ""RENT"", ""battery_voltage"": 14.800000190734863, ""in_primary_zone"": true, ""lock_engine_alert"": false, ""in_restricted_zone"": false, ""onboard_geofencing"": false, ""speed_limit_active"": false}"
2023-07-17 13:00:09.497,5237,13,"359159972073523",20,"{""key"": false, ""flip"": false, ""zone"": false, ""speed"": 5.3, ""buzzer"": 0, ""engine"": true, ""in_zone"": true, ""ignition"": true, ""latitude"": 42.6402233, ""direction"": 279, ""longitude"": 18.0595466, ""gsm_signal"": 26, ""sleep_mode"": false, ""staff_mode"": false, ""fault_codes"": [], ""speed_limit"": 46, ""engine_hours"": 1591, ""idc_triggers"": [], ""buzzer_active"": false, ""fuel_level_avg"": 0, ""lock_geo_alert"": false, ""operation_mode"": ""RENT"", ""battery_voltage"": 14.800000190734863, ""in_primary_zone"": true, ""lock_engine_alert"": false, ""in_restricted_zone"": false, ""onboard_geofencing"": false, ""speed_limit_active"": false}"
2023-07-17 13:00:08.914,5237,13,"359159972073523",20,"{""key"": false, ""flip"": false, ""zone"": false, ""speed"": 5.3, ""buzzer"": 0, ""engine"": true, ""in_zone"": true, ""ignition"": true, ""latitude"": 42.64022, ""direction"": 258, ""longitude"": 18.059565, ""gsm_signal"": 26, ""sleep_mode"": false, ""staff_mode"": false, ""fault_codes"": [], ""speed_limit"": 46, ""engine_hours"": 1591, ""idc_triggers"": [], ""buzzer_active"": false, ""fuel_level_avg"": 0, ""lock_geo_alert"": false, ""operation_mode"": ""RENT"", ""battery_voltage"": 14.800000190734863, ""in_primary_zone"": true, ""lock_engine_alert"": false, ""in_restricted_zone"": false, ""onboard_geofencing"": false, ""speed_limit_active"": false}"
2023-07-17 13:00:07.415,5237,13,"359159972073523",20,"{""key"": false, ""flip"": false, ""zone"": false, ""speed"": 8.0, ""buzzer"": 0, ""engine"": true, ""in_zone"": true, ""ignition"": true, ""latitude"": 42.64022, ""direction"": 244, ""longitude"": 18.059585, ""gsm_signal"": 26, ""sleep_mode"": false, ""staff_mode"": false, ""fault_codes"": [], ""speed_limit"": 46, ""engine_hours"": 1591, ""idc_triggers"": [], ""buzzer_active"": false, ""fuel_level_avg"": 0, ""lock_geo_alert"": false, ""operation_mode"": ""RENT"", ""battery_voltage"": 14.800000190734863, ""in_primary_zone"": true, ""lock_engine_alert"": false, ""in_restricted_zone"": false, ""onboard_geofencing"": false, ""speed_limit_active"": false}"
2023-07-17 13:00:06.421,5237,13,"359159972073523",20,"{""key"": false, ""flip"": false, ""zone"": false, ""speed"": 12.3, ""buzzer"": 0, ""engine"": true, ""in_zone"": true, ""ignition"": true, ""latitude"": 42.64023, ""direction"": 234, ""longitude"": 18.059615, ""gsm_signal"": 26, ""sleep_mode"": false, ""staff_mode"": false, ""fault_codes"": [], ""speed_limit"": 46, ""engine_hours"": 1591, ""idc_triggers"": [], ""buzzer_active"": false, ""fuel_level_avg"": 0, ""lock_geo_alert"": false, ""operation_mode"": ""RENT"", ""battery_voltage"": 14.800000190734863, ""in_primary_zone"": true, ""lock_engine_alert"": false, ""in_restricted_zone"": false, ""onboard_geofencing"": false, ""speed_limit_active"": false}"
2023-07-17 13:00:05.435,5237,13,"359159972073523",20,"{""key"": false, ""flip"": false, ""zone"": false, ""speed"": 19.6, ""buzzer"": 0, ""engine"": true, ""in_zone"": true, ""ignition"": true, ""latitude"": 42.6402516, ""direction"": 224, ""longitude"": 18.0596532, ""gsm_signal"": 26, ""sleep_mode"": false, ""staff_mode"": false, ""fault_codes"": [], ""speed_limit"": 46, ""engine_hours"": 1591, ""idc_triggers"": [], ""buzzer_active"": false, ""fuel_level_avg"": 0, ""lock_geo_alert"": false, ""operation_mode"": ""RENT"", ""battery_voltage"": 14.800000190734863, ""in_primary_zone"": true, ""lock_engine_alert"": false, ""in_restricted_zone"": false, ""onboard_geofencing"": false, ""speed_limit_active"": false}"
2023-07-17 13:00:04.499,5237,13,"359159972073523",20,"{""key"": false, ""flip"": false, ""zone"": false, ""speed"": 28.3, ""buzzer"": 0, ""engine"": true, ""in_zone"": true, ""ignition"": true, ""latitude"": 42.6402933, ""direction"": 216, ""longitude"": 18.059705, ""gsm_signal"": 26, ""sleep_mode"": false, ""staff_mode"": false, ""fault_codes"": [], ""speed_limit"": 46, ""engine_hours"": 1591, ""idc_triggers"": [], ""buzzer_active"": false, ""fuel_level_avg"": 0, ""lock_geo_alert"": false, ""operation_mode"": ""RENT"", ""battery_voltage"": 14.800000190734863, ""in_primary_zone"": true, ""lock_engine_alert"": false, ""in_restricted_zone"": false, ""onboard_geofencing"": false, ""speed_limit_active"": false}"
2023-07-17 13:00:03.915,5237,13,"359159972073523",20,"{""key"": false, ""flip"": false, ""zone"": false, ""speed"": 37.3, ""buzzer"": 0, ""engine"": true, ""in_zone"": true, ""ignition"": true, ""latitude"": 42.6403566, ""direction"": 213, ""longitude"": 18.059765, ""gsm_signal"": 26, ""sleep_mode"": false, ""staff_mode"": false, ""fault_codes"": [], ""speed_limit"": 46, ""engine_hours"": 1591, ""idc_triggers"": [], ""buzzer_active"": false, ""fuel_level_avg"": 0, ""lock_geo_alert"": false, ""operation_mode"": ""RENT"", ""battery_voltage"": 14.800000190734863, ""in_primary_zone"": true, ""lock_engine_alert"": false, ""in_restricted_zone"": false, ""onboard_geofencing"": false, ""speed_limit_active"": false}"
2023-07-17 13:00:02.420,5237,13,"359159972073523",20,"{""key"": false, ""flip"": false, ""zone"": false, ""speed"": 43.0, ""buzzer"": 0, ""engine"": true, ""in_zone"": true, ""ignition"": true, ""latitude"": 42.6404383, ""direction"": 213, ""longitude"": 18.0598382, ""gsm_signal"": 26, ""sleep_mode"": false, ""staff_mode"": false, ""fault_codes"": [], ""speed_limit"": 46, ""engine_hours"": 1591, ""idc_triggers"": [], ""buzzer_active"": false, ""fuel_level_avg"": 0, ""lock_geo_alert"": false, ""operation_mode"": ""RENT"", ""battery_voltage"": 14.800000190734863, ""in_primary_zone"": true, ""lock_engine_alert"": false, ""in_restricted_zone"": false, ""onboard_geofencing"": false, ""speed_limit_active"": false}"
2023-07-17 13:00:01.416,5237,13,"359159972073523",20,"{""key"": false, ""flip"": false, ""zone"": false, ""speed"": 43.5, ""buzzer"": 0, ""engine"": true, ""in_zone"": true, ""ignition"": true, ""latitude"": 42.6405266, ""direction"": 214, ""longitude"": 18.0599182, ""gsm_signal"": 26, ""sleep_mode"": false, ""staff_mode"": false, ""fault_codes"": [], ""speed_limit"": 46, ""engine_hours"": 1591, ""idc_triggers"": [], ""buzzer_active"": false, ""fuel_level_avg"": 0, ""lock_geo_alert"": false, ""operation_mode"": ""RENT"", ""battery_voltage"": 14.800000190734863, ""in_primary_zone"": true, ""lock_engine_alert"": false, ""in_restricted_zone"": false, ""onboard_geofencing"": false, ""speed_limit_active"": false}"
2023-07-17 13:00:00.418,5237,13,"359159972073523",20,"{""key"": false, ""flip"": false, ""zone"": false, ""speed"": 46.0, ""buzzer"": 0, ""engine"": true, ""in_zone"": true, ""ignition"": true, ""latitude"": 42.6406166, ""direction"": 215, ""longitude"": 18.060005, ""gsm_signal"": 26, ""sleep_mode"": false, ""staff_mode"": false, ""fault_codes"": [], ""speed_limit"": 46, ""engine_hours"": 1591, ""idc_triggers"": [], ""buzzer_active"": false, ""fuel_level_avg"": 0, ""lock_geo_alert"": false, ""operation_mode"": ""RENT"", ""battery_voltage"": 14.800000190734863, ""in_primary_zone"": true, ""lock_engine_alert"": false, ""in_restricted_zone"": false, ""onboard_geofencing"": false, ""speed_limit_active"": false}"
2023-07-17 12:59:59.435,5237,13,"359159972073523",20,"{""key"": false, ""flip"": false, ""zone"": false, ""speed"": 49.1, ""buzzer"": 0, ""engine"": true, ""in_zone"": true, ""ignition"": true, ""latitude"": 42.6407116, ""direction"": 216, ""longitude"": 18.0600982, ""gsm_signal"": 26, ""sleep_mode"": false, ""staff_mode"": false, ""fault_codes"": [], ""speed_limit"": 46, ""engine_hours"": 1591, ""idc_triggers"": [], ""buzzer_active"": false, ""fuel_level_avg"": 0, ""lock_geo_alert"": false, ""operation_mode"": ""RENT"", ""battery_voltage"": 14.800000190734863, ""in_primary_zone"": true, ""lock_engine_alert"": false, ""in_restricted_zone"": false, ""onboard_geofencing"": false, ""speed_limit_active"": false}"
2023-07-17 12:59:58.497,5237,13,"359159972073523",20,"{""key"": false, ""flip"": false, ""zone"": false, ""speed"": 48.7, ""buzzer"": 0, ""engine"": true, ""in_zone"": true, ""ignition"": true, ""latitude"": 42.64081, ""direction"": 216, ""longitude"": 18.0601966, ""gsm_signal"": 26, ""sleep_mode"": false, ""staff_mode"": false, ""fault_codes"": [], ""speed_limit"": 46, ""engine_hours"": 1591, ""idc_triggers"": [], ""buzzer_active"": false, ""fuel_level_avg"": 0, ""lock_geo_alert"": false, ""operation_mode"": ""RENT"", ""battery_voltage"": 14.800000190734863, ""in_primary_zone"": true, ""lock_engine_alert"": false, ""in_restricted_zone"": false, ""onboard_geofencing"": false, ""speed_limit_active"": false}"
2023-07-17 12:59:57.915,5237,13,"359159972073523",20,"{""key"": false, ""flip"": false, ""zone"": false, ""speed"": 49.3, ""buzzer"": 0, ""engine"": true, ""in_zone"": true, ""ignition"": true, ""latitude"": 42.6409083, ""direction"": 216, ""longitude"": 18.0602966, ""gsm_signal"": 26, ""sleep_mode"": false, ""staff_mode"": false, ""fault_codes"": [], ""speed_limit"": 46, ""engine_hours"": 1591, ""idc_triggers"": [], ""buzzer_active"": false, ""fuel_level_avg"": 0, ""lock_geo_alert"": false, ""operation_mode"": ""RENT"", ""battery_voltage"": 14.800000190734863, ""in_primary_zone"": true, ""lock_engine_alert"": false, ""in_restricted_zone"": false, ""onboard_geofencing"": false, ""speed_limit_active"": false}"
2023-07-17 12:59:56.415,5237,13,"359159972073523",20,"{""key"": false, ""flip"": false, ""zone"": false, ""speed"": 47.4, ""buzzer"": 0, ""engine"": true, ""in_zone"": true, ""ignition"": true, ""latitude"": 42.6410066, ""direction"": 217, ""longitude"": 18.0603966, ""gsm_signal"": 26, ""sleep_mode"": false, ""staff_mode"": false, ""fault_codes"": [], ""speed_limit"": 46, ""engine_hours"": 1591, ""idc_triggers"": [], ""buzzer_active"": false, ""fuel_level_avg"": 0, ""lock_geo_alert"": false, ""operation_mode"": ""RENT"", ""battery_voltage"": 14.800000190734863, ""in_primary_zone"": true, ""lock_engine_alert"": false, ""in_restricted_zone"": false, ""onboard_geofencing"": false, ""speed_limit_active"": false}"
2023-07-17 12:59:55.415,5237,13,"359159972073523",20,"{""key"": false, ""flip"": false, ""zone"": false, ""speed"": 44.7, ""buzzer"": 0, ""engine"": true, ""in_zone"": true, ""ignition"": true, ""latitude"": 42.6410983, ""direction"": 217, ""longitude"": 18.0604916, ""gsm_signal"": 26, ""sleep_mode"": false, ""staff_mode"": false, ""fault_codes"": [], ""speed_limit"": 46, ""engine_hours"": 1591, ""idc_triggers"": [], ""buzzer_active"": false, ""fuel_level_avg"": 0, ""lock_geo_alert"": false, ""operation_mode"": ""RENT"", ""battery_voltage"": 14.800000190734863, ""in_primary_zone"": true, ""lock_engine_alert"": false, ""in_restricted_zone"": false, ""onboard_geofencing"": false, ""speed_limit_active"": false}"
2023-07-17 12:59:54.436,5237,13,"359159972073523",20,"{""key"": false, ""flip"": false, ""zone"": false, ""speed"": 40.6, ""buzzer"": 0, ""engine"": true, ""in_zone"": true, ""ignition"": true, ""latitude"": 42.6411833, ""direction"": 218, ""longitude"": 18.0605832, ""gsm_signal"": 26, ""sleep_mode"": false, ""staff_mode"": false, ""fault_codes"": [], ""speed_limit"": 46, ""engine_hours"": 1591, ""idc_triggers"": [], ""buzzer_active"": false, ""fuel_level_avg"": 0, ""lock_geo_alert"": false, ""operation_mode"": ""RENT"", ""battery_voltage"": 14.600000381469727, ""in_primary_zone"": true, ""lock_engine_alert"": false, ""in_restricted_zone"": false, ""onboard_geofencing"": false, ""speed_limit_active"": false}"
2023-07-17 12:59:53.521,5237,13,"359159972073523",20,"{""key"": false, ""flip"": false, ""zone"": false, ""speed"": 36.5, ""buzzer"": 0, ""engine"": true, ""in_zone"": true, ""ignition"": true, ""latitude"": 42.6412616, ""direction"": 217, ""longitude"": 18.0606666, ""gsm_signal"": 26, ""sleep_mode"": false, ""staff_mode"": false, ""fault_codes"": [], ""speed_limit"": 46, ""engine_hours"": 1591, ""idc_triggers"": [], ""buzzer_active"": false, ""fuel_level_avg"": 0, ""lock_geo_alert"": false, ""operation_mode"": ""RENT"", ""battery_voltage"": 14.600000381469727, ""in_primary_zone"": true, ""lock_engine_alert"": false, ""in_restricted_zone"": false, ""onboard_geofencing"": false, ""speed_limit_active"": false}"
2023-07-17 12:59:52.923,5237,13,"359159972073523",20,"{""key"": false, ""flip"": false, ""zone"": false, ""speed"": 35.8, ""buzzer"": 0, ""engine"": true, ""in_zone"": true, ""ignition"": true, ""latitude"": 42.6413316, ""direction"": 218, ""longitude"": 18.0607432, ""gsm_signal"": 26, ""sleep_mode"": false, ""staff_mode"": false, ""fault_codes"": [], ""speed_limit"": 46, ""engine_hours"": 1591, ""idc_triggers"": [], ""buzzer_active"": false, ""fuel_level_avg"": 0, ""lock_geo_alert"": false, ""operation_mode"": ""RENT"", ""battery_voltage"": 14.600000381469727, ""in_primary_zone"": true, ""lock_engine_alert"": false, ""in_restricted_zone"": false, ""onboard_geofencing"": false, ""speed_limit_active"": false}"
2023-07-17 12:59:51.447,5237,13,"359159972073523",20,"{""key"": false, ""flip"": false, ""zone"": false, ""speed"": 34.5, ""buzzer"": 0, ""engine"": true, ""in_zone"": true, ""ignition"": true, ""latitude"": 42.6414016, ""direction"": 217, ""longitude"": 18.0608216, ""gsm_signal"": 26, ""sleep_mode"": false, ""staff_mode"": false, ""fault_codes"": [], ""speed_limit"": 46, ""engine_hours"": 1591, ""idc_triggers"": [], ""buzzer_active"": false, ""fuel_level_avg"": 0, ""lock_geo_alert"": false, ""operation_mode"": ""RENT"", ""battery_voltage"": 14.600000381469727, ""in_primary_zone"": true, ""lock_engine_alert"": false, ""in_restricted_zone"": false, ""onboard_geofencing"": false, ""speed_limit_active"": false}"
2023-07-17 12:59:50.478,5237,13,"359159972073523",20,"{""key"": false, ""flip"": false, ""zone"": false, ""speed"": 30.0, ""buzzer"": 0, ""engine"": true, ""in_zone"": true, ""ignition"": true, ""latitude"": 42.6414666, ""direction"": 218, ""longitude"": 18.0608916, ""gsm_signal"": 26, ""sleep_mode"": false, ""staff_mode"": false, ""fault_codes"": [], ""speed_limit"": 46, ""engine_hours"": 1591, ""idc_triggers"": [], ""buzzer_active"": false, ""fuel_level_avg"": 0, ""lock_geo_alert"": false, ""operation_mode"": ""RENT"", ""battery_voltage"": 14.600000381469727, ""in_primary_zone"": true, ""lock_engine_alert"": false, ""in_restricted_zone"": false, ""onboard_geofencing"": false, ""speed_limit_active"": false}"
2023-07-17 12:59:49.918,5237,13,"359159972073523",20,"{""key"": false, ""flip"": false, ""zone"": false, ""speed"": 30.4, ""buzzer"": 0, ""engine"": true, ""in_zone"": true, ""ignition"": true, ""latitude"": 42.641525, ""direction"": 219, ""longitude"": 18.0609566, ""gsm_signal"": 26, ""sleep_mode"": false, ""staff_mode"": false, ""fault_codes"": [], ""speed_limit"": 46, ""engine_hours"": 1591, ""idc_triggers"": [], ""buzzer_active"": false, ""fuel_level_avg"": 0, ""lock_geo_alert"": false, ""operation_mode"": ""RENT"", ""battery_voltage"": 14.600000381469727, ""in_primary_zone"": true, ""lock_engine_alert"": false, ""in_restricted_zone"": false, ""onboard_geofencing"": false, ""speed_limit_active"": false}"
2023-07-17 12:59:48.435,5237,13,"359159972073523",20,"{""key"": false, ""flip"": false, ""zone"": false, ""speed"": 33.5, ""buzzer"": 0, ""engine"": true, ""in_zone"": true, ""ignition"": true, ""latitude"": 42.641585, ""direction"": 218, ""longitude"": 18.0610232, ""gsm_signal"": 28, ""sleep_mode"": false, ""staff_mode"": false, ""fault_codes"": [], ""speed_limit"": 46, ""engine_hours"": 1591, ""idc_triggers"": [], ""buzzer_active"": false, ""fuel_level_avg"": 0, ""lock_geo_alert"": false, ""operation_mode"": ""RENT"", ""battery_voltage"": 14.600000381469727, ""in_primary_zone"": true, ""lock_engine_alert"": false, ""in_restricted_zone"": false, ""onboard_geofencing"": false, ""speed_limit_active"": false}"
2023-07-17 12:59:47.478,5237,13,"359159972073523",20,"{""key"": false, ""flip"": false, ""zone"": false, ""speed"": 36.7, ""buzzer"": 0, ""engine"": true, ""in_zone"": true, ""ignition"": true, ""latitude"": 42.6416533, ""direction"": 218, ""longitude"": 18.061095, ""gsm_signal"": 28, ""sleep_mode"": false, ""staff_mode"": false, ""fault_codes"": [], ""speed_limit"": 46, ""engine_hours"": 1591, ""idc_triggers"": [], ""buzzer_active"": false, ""fuel_level_avg"": 0, ""lock_geo_alert"": false, ""operation_mode"": ""RENT"", ""battery_voltage"": 14.600000381469727, ""in_primary_zone"": true, ""lock_engine_alert"": false, ""in_restricted_zone"": false, ""onboard_geofencing"": false, ""speed_limit_active"": false}"
2023-07-17 12:59:46.918,5237,13,"359159972073523",20,"{""key"": false, ""flip"": false, ""zone"": false, ""speed"": 36.7, ""buzzer"": 0, ""engine"": true, ""in_zone"": true, ""ignition"": true, ""latitude"": 42.641725, ""direction"": 218, ""longitude"": 18.0611732, ""gsm_signal"": 28, ""sleep_mode"": false, ""staff_mode"": false, ""fault_codes"": [], ""speed_limit"": 46, ""engine_hours"": 1591, ""idc_triggers"": [], ""buzzer_active"": false, ""fuel_level_avg"": 0, ""lock_geo_alert"": false, ""operation_mode"": ""RENT"", ""battery_voltage"": 14.600000381469727, ""in_primary_zone"": true, ""lock_engine_alert"": false, ""in_restricted_zone"": false, ""onboard_geofencing"": false, ""speed_limit_active"": false}"
2023-07-17 12:59:45.435,5237,13,"359159972073523",20,"{""key"": false, ""flip"": false, ""zone"": false, ""speed"": 36.1, ""buzzer"": 0, ""engine"": true, ""in_zone"": true, ""ignition"": true, ""latitude"": 42.6417966, ""direction"": 218, ""longitude"": 18.06125, ""gsm_signal"": 28, ""sleep_mode"": false, ""staff_mode"": false, ""fault_codes"": [], ""speed_limit"": 46, ""engine_hours"": 1591, ""idc_triggers"": [], ""buzzer_active"": false, ""fuel_level_avg"": 0, ""lock_geo_alert"": false, ""operation_mode"": ""RENT"", ""battery_voltage"": 14.600000381469727, ""in_primary_zone"": true, ""lock_engine_alert"": false, ""in_restricted_zone"": false, ""onboard_geofencing"": false, ""speed_limit_active"": false}"
2023-07-17 12:59:44.474,5237,13,"359159972073523",20,"{""key"": false, ""flip"": false, ""zone"": false, ""speed"": 35.6, ""buzzer"": 0, ""engine"": true, ""in_zone"": true, ""ignition"": true, ""latitude"": 42.6418666, ""direction"": 219, ""longitude"": 18.0613266, ""gsm_signal"": 28, ""sleep_mode"": false, ""staff_mode"": false, ""fault_codes"": [], ""speed_limit"": 46, ""engine_hours"": 1591, ""idc_triggers"": [], ""buzzer_active"": false, ""fuel_level_avg"": 0, ""lock_geo_alert"": false, ""operation_mode"": ""RENT"", ""battery_voltage"": 14.600000381469727, ""in_primary_zone"": true, ""lock_engine_alert"": false, ""in_restricted_zone"": false, ""onboard_geofencing"": false, ""speed_limit_active"": false}"
2023-07-17 12:59:43.919,5237,13,"359159972073523",20,"{""key"": false, ""flip"": false, ""zone"": false, ""speed"": 32.9, ""buzzer"": 0, ""engine"": true, ""in_zone"": true, ""ignition"": true, ""latitude"": 42.6419333, ""direction"": 219, ""longitude"": 18.0614016, ""gsm_signal"": 28, ""sleep_mode"": false, ""staff_mode"": false, ""fault_codes"": [], ""speed_limit"": 46, ""engine_hours"": 1591, ""idc_triggers"": [], ""buzzer_active"": false, ""fuel_level_avg"": 0, ""lock_geo_alert"": false, ""operation_mode"": ""RENT"", ""battery_voltage"": 14.600000381469727, ""in_primary_zone"": true, ""lock_engine_alert"": false, ""in_restricted_zone"": false, ""onboard_geofencing"": false, ""speed_limit_active"": false}"
2023-07-17 12:59:42.423,5237,13,"359159972073523",20,"{""key"": false, ""flip"": false, ""zone"": false, ""speed"": 30.8, ""buzzer"": 0, ""engine"": true, ""in_zone"": true, ""ignition"": true, ""latitude"": 42.641995, ""direction"": 219, ""longitude"": 18.0614716, ""gsm_signal"": 28, ""sleep_mode"": false, ""staff_mode"": false, ""fault_codes"": [], ""speed_limit"": 46, ""engine_hours"": 1591, ""idc_triggers"": [], ""buzzer_active"": false, ""fuel_level_avg"": 0, ""lock_geo_alert"": false, ""operation_mode"": ""RENT"", ""battery_voltage"": 14.600000381469727, ""in_primary_zone"": true, ""lock_engine_alert"": false, ""in_restricted_zone"": false, ""onboard_geofencing"": false, ""speed_limit_active"": false}"
2023-07-17 12:59:41.422,5237,13,"359159972073523",20,"{""key"": false, ""flip"": false, ""zone"": false, ""speed"": 29.8, ""buzzer"": 0, ""engine"": true, ""in_zone"": true, ""ignition"": true, ""latitude"": 42.6420533, ""direction"": 218, ""longitude"": 18.061535, ""gsm_signal"": 28, ""sleep_mode"": false, ""staff_mode"": false, ""fault_codes"": [], ""speed_limit"": 46, ""engine_hours"": 1591, ""idc_triggers"": [], ""buzzer_active"": false, ""fuel_level_avg"": 0, ""lock_geo_alert"": false, ""operation_mode"": ""RENT"", ""battery_voltage"": 14.600000381469727, ""in_primary_zone"": true, ""lock_engine_alert"": false, ""in_restricted_zone"": false, ""onboard_geofencing"": false, ""speed_limit_active"": false}"
2023-07-17 12:59:40.458,5237,13,"359159972073523",20,"{""key"": false, ""flip"": false, ""zone"": false, ""speed"": 30.0, ""buzzer"": 0, ""engine"": true, ""in_zone"": true, ""ignition"": true, ""latitude"": 42.6421116, ""direction"": 218, ""longitude"": 18.0615982, ""gsm_signal"": 28, ""sleep_mode"": false, ""staff_mode"": false, ""fault_codes"": [], ""speed_limit"": 46, ""engine_hours"": 1591, ""idc_triggers"": [], ""buzzer_active"": false, ""fuel_level_avg"": 0, ""lock_geo_alert"": false, ""operation_mode"": ""RENT"", ""battery_voltage"": 14.600000381469727, ""in_primary_zone"": true, ""lock_engine_alert"": false, ""in_restricted_zone"": false, ""onboard_geofencing"": false, ""speed_limit_active"": false}"
2023-07-17 12:59:39.513,5237,13,"359159972073523",20,"{""key"": false, ""flip"": false, ""zone"": false, ""speed"": 27.6, ""buzzer"": 0, ""engine"": true, ""in_zone"": true, ""ignition"": true, ""latitude"": 42.6421683, ""direction"": 219, ""longitude"": 18.06166, ""gsm_signal"": 26, ""sleep_mode"": false, ""staff_mode"": false, ""fault_codes"": [], ""speed_limit"": 46, ""engine_hours"": 1591, ""idc_triggers"": [], ""buzzer_active"": false, ""fuel_level_avg"": 0, ""lock_geo_alert"": false, ""operation_mode"": ""RENT"", ""battery_voltage"": 14.600000381469727, ""in_primary_zone"": true, ""lock_engine_alert"": false, ""in_restricted_zone"": false, ""onboard_geofencing"": false, ""speed_limit_active"": false}"
2023-07-17 12:59:38.914,5237,13,"359159972073523",20,"{""key"": false, ""flip"": false, ""zone"": false, ""speed"": 23.1, ""buzzer"": 0, ""engine"": true, ""in_zone"": true, ""ignition"": true, ""latitude"": 42.64222, ""direction"": 220, ""longitude"": 18.0617166, ""gsm_signal"": 26, ""sleep_mode"": false, ""staff_mode"": false, ""fault_codes"": [], ""speed_limit"": 46, ""engine_hours"": 1591, ""idc_triggers"": [], ""buzzer_active"": false, ""fuel_level_avg"": 0, ""lock_geo_alert"": false, ""operation_mode"": ""RENT"", ""battery_voltage"": 14.600000381469727, ""in_primary_zone"": true, ""lock_engine_alert"": false, ""in_restricted_zone"": false, ""onboard_geofencing"": false, ""speed_limit_active"": false}"
2023-07-17 12:59:37.415,5237,13,"359159972073523",20,"{""key"": false, ""flip"": false, ""zone"": false, ""speed"": 20.5, ""buzzer"": 0, ""engine"": true, ""in_zone"": true, ""ignition"": true, ""latitude"": 42.6422616, ""direction"": 220, ""longitude"": 18.0617666, ""gsm_signal"": 26, ""sleep_mode"": false, ""staff_mode"": false, ""fault_codes"": [], ""speed_limit"": 46, ""engine_hours"": 1591, ""idc_triggers"": [], ""buzzer_active"": false, ""fuel_level_avg"": 0, ""lock_geo_alert"": false, ""operation_mode"": ""RENT"", ""battery_voltage"": 14.600000381469727, ""in_primary_zone"": true, ""lock_engine_alert"": false, ""in_restricted_zone"": false, ""onboard_geofencing"": false, ""speed_limit_active"": false}"
2023-07-17 12:59:36.418,5237,13,"359159972073523",20,"{""key"": false, ""flip"": false, ""zone"": false, ""speed"": 17.0, ""buzzer"": 0, ""engine"": true, ""in_zone"": true, ""ignition"": true, ""latitude"": 42.6422983, ""direction"": 217, ""longitude"": 18.0618082, ""gsm_signal"": 28, ""sleep_mode"": false, ""staff_mode"": false, ""fault_codes"": [], ""speed_limit"": 46, ""engine_hours"": 1591, ""idc_triggers"": [], ""buzzer_active"": false, ""fuel_level_avg"": 0, ""lock_geo_alert"": false, ""operation_mode"": ""RENT"", ""battery_voltage"": 14.600000381469727, ""in_primary_zone"": true, ""lock_engine_alert"": false, ""in_restricted_zone"": false, ""onboard_geofencing"": false, ""speed_limit_active"": false}"
2023-07-17 12:59:35.434,5237,13,"359159972073523",20,"{""key"": false, ""flip"": false, ""zone"": false, ""speed"": 14.9, ""buzzer"": 0, ""engine"": true, ""in_zone"": true, ""ignition"": true, ""latitude"": 42.64233, ""direction"": 217, ""longitude"": 18.0618416, ""gsm_signal"": 28, ""sleep_mode"": false, ""staff_mode"": false, ""fault_codes"": [], ""speed_limit"": 46, ""engine_hours"": 1591, ""idc_triggers"": [], ""buzzer_active"": false, ""fuel_level_avg"": 0, ""lock_geo_alert"": false, ""operation_mode"": ""RENT"", ""battery_voltage"": 14.600000381469727, ""in_primary_zone"": true, ""lock_engine_alert"": false, ""in_restricted_zone"": false, ""onboard_geofencing"": false, ""speed_limit_active"": false}"
2023-07-17 12:59:34.457,5237,13,"359159972073523",20,"{""key"": false, ""flip"": false, ""zone"": false, ""speed"": 12.9, ""buzzer"": 0, ""engine"": true, ""in_zone"": true, ""ignition"": true, ""latitude"": 42.6423583, ""direction"": 214, ""longitude"": 18.0618716, ""gsm_signal"": 28, ""sleep_mode"": false, ""staff_mode"": false, ""fault_codes"": [], ""speed_limit"": 46, ""engine_hours"": 1591, ""idc_triggers"": [], ""buzzer_active"": false, ""fuel_level_avg"": 0, ""lock_geo_alert"": false, ""operation_mode"": ""RENT"", ""battery_voltage"": 14.600000381469727, ""in_primary_zone"": true, ""lock_engine_alert"": false, ""in_restricted_zone"": false, ""onboard_geofencing"": false, ""speed_limit_active"": false}"
2023-07-17 12:59:33.916,5237,13,"359159972073523",20,"{""key"": false, ""flip"": false, ""zone"": false, ""speed"": 11.6, ""buzzer"": 0, ""engine"": true, ""in_zone"": true, ""ignition"": true, ""latitude"": 42.642385, ""direction"": 215, ""longitude"": 18.0618966, ""gsm_signal"": 31, ""sleep_mode"": false, ""staff_mode"": false, ""fault_codes"": [], ""speed_limit"": 46, ""engine_hours"": 1591, ""idc_triggers"": [], ""buzzer_active"": false, ""fuel_level_avg"": 0, ""lock_geo_alert"": false, ""operation_mode"": ""RENT"", ""battery_voltage"": 14.600000381469727, ""in_primary_zone"": true, ""lock_engine_alert"": false, ""in_restricted_zone"": false, ""onboard_geofencing"": false, ""speed_limit_active"": false}"
2023-07-17 12:59:32.415,5237,13,"359159972073523",20,"{""key"": false, ""flip"": false, ""zone"": false, ""speed"": 9.8, ""buzzer"": 0, ""engine"": true, ""in_zone"": true, ""ignition"": true, ""latitude"": 42.6424066, ""direction"": 213, ""longitude"": 18.0619182, ""gsm_signal"": 31, ""sleep_mode"": false, ""staff_mode"": false, ""fault_codes"": [], ""speed_limit"": 46, ""engine_hours"": 1591, ""idc_triggers"": [], ""buzzer_active"": false, ""fuel_level_avg"": 0, ""lock_geo_alert"": false, ""operation_mode"": ""RENT"", ""battery_voltage"": 14.600000381469727, ""in_primary_zone"": true, ""lock_engine_alert"": false, ""in_restricted_zone"": false, ""onboard_geofencing"": false, ""speed_limit_active"": false}"
2023-07-17 12:59:31.455,5237,13,"359159972073523",20,"{""key"": false, ""flip"": false, ""zone"": false, ""speed"": 7.0, ""buzzer"": 0, ""engine"": true, ""in_zone"": true, ""ignition"": true, ""latitude"": 42.642425, ""direction"": 203, ""longitude"": 18.0619366, ""gsm_signal"": 31, ""sleep_mode"": false, ""staff_mode"": false, ""fault_codes"": [], ""speed_limit"": 46, ""engine_hours"": 1591, ""idc_triggers"": [], ""buzzer_active"": false, ""fuel_level_avg"": 0, ""lock_geo_alert"": false, ""operation_mode"": ""RENT"", ""battery_voltage"": 14.600000381469727, ""in_primary_zone"": true, ""lock_engine_alert"": false, ""in_restricted_zone"": false, ""onboard_geofencing"": false, ""speed_limit_active"": false}"
2023-07-17 12:59:30.477,5237,13,"359159972073523",20,"{""key"": false, ""flip"": false, ""zone"": false, ""speed"": 3.4, ""buzzer"": 0, ""engine"": true, ""in_zone"": true, ""ignition"": true, ""latitude"": 42.6424366, ""direction"": 192, ""longitude"": 18.0619466, ""gsm_signal"": 31, ""sleep_mode"": false, ""staff_mode"": false, ""fault_codes"": [], ""speed_limit"": 46, ""engine_hours"": 1591, ""idc_triggers"": [], ""buzzer_active"": false, ""fuel_level_avg"": 0, ""lock_geo_alert"": false, ""operation_mode"": ""RENT"", ""battery_voltage"": 14.600000381469727, ""in_primary_zone"": true, ""lock_engine_alert"": false, ""in_restricted_zone"": false, ""onboard_geofencing"": false, ""speed_limit_active"": false}"
2023-07-17 12:59:29.913,5237,13,"359159972073523",20,"{""key"": false, ""flip"": false, ""zone"": false, ""speed"": 1.4, ""buzzer"": 0, ""engine"": true, ""in_zone"": true, ""ignition"": true, ""latitude"": 42.642445, ""direction"": 156, ""longitude"": 18.06195, ""gsm_signal"": 31, ""sleep_mode"": false, ""staff_mode"": false, ""fault_codes"": [], ""speed_limit"": 46, ""engine_hours"": 1591, ""idc_triggers"": [], ""buzzer_active"": false, ""fuel_level_avg"": 0, ""lock_geo_alert"": false, ""operation_mode"": ""RENT"", ""battery_voltage"": 14.600000381469727, ""in_primary_zone"": true, ""lock_engine_alert"": false, ""in_restricted_zone"": false, ""onboard_geofencing"": false, ""speed_limit_active"": false}"
2023-07-17 12:59:28.438,5237,13,"359159972073523",20,"{""key"": false, ""flip"": false, ""zone"": false, ""speed"": 1.1, ""buzzer"": 0, ""engine"": true, ""in_zone"": true, ""ignition"": true, ""latitude"": 42.6424483, ""direction"": 91, ""longitude"": 18.06195, ""gsm_signal"": 31, ""sleep_mode"": false, ""staff_mode"": false, ""fault_codes"": [], ""speed_limit"": 46, ""engine_hours"": 1591, ""idc_triggers"": [], ""buzzer_active"": false, ""fuel_level_avg"": 0, ""lock_geo_alert"": false, ""operation_mode"": ""RENT"", ""battery_voltage"": 14.600000381469727, ""in_primary_zone"": true, ""lock_engine_alert"": false, ""in_restricted_zone"": false, ""onboard_geofencing"": false, ""speed_limit_active"": false}"
2023-07-17 12:59:27.438,5237,13,"359159972073523",20,"{""key"": false, ""flip"": false, ""zone"": false, ""speed"": 1.3, ""buzzer"": 0, ""engine"": true, ""in_zone"": true, ""ignition"": true, ""latitude"": 42.64245, ""direction"": 22, ""longitude"": 18.0619482, ""gsm_signal"": 31, ""sleep_mode"": false, ""staff_mode"": false, ""fault_codes"": [], ""speed_limit"": 46, ""engine_hours"": 1591, ""idc_triggers"": [], ""buzzer_active"": false, ""fuel_level_avg"": 0, ""lock_geo_alert"": false, ""operation_mode"": ""RENT"", ""battery_voltage"": 14.600000381469727, ""in_primary_zone"": true, ""lock_engine_alert"": false, ""in_restricted_zone"": false, ""onboard_geofencing"": false, ""speed_limit_active"": false}"
2023-07-17 12:59:26.554,5237,13,"359159972073523",20,"{""key"": false, ""flip"": false, ""zone"": false, ""speed"": 3.4, ""buzzer"": 0, ""engine"": true, ""in_zone"": true, ""ignition"": true, ""latitude"": 42.6424483, ""direction"": 2, ""longitude"": 18.0619416, ""gsm_signal"": 31, ""sleep_mode"": false, ""staff_mode"": false, ""fault_codes"": [], ""speed_limit"": 46, ""engine_hours"": 1591, ""idc_triggers"": [], ""buzzer_active"": false, ""fuel_level_avg"": 0, ""lock_geo_alert"": false, ""operation_mode"": ""RENT"", ""battery_voltage"": 14.600000381469727, ""in_primary_zone"": true, ""lock_engine_alert"": false, ""in_restricted_zone"": false, ""onboard_geofencing"": false, ""speed_limit_active"": false}"
2023-07-17 12:59:25.922,5237,13,"359159972073523",20,"{""key"": false, ""flip"": false, ""zone"": false, ""speed"": 4.6, ""buzzer"": 0, ""engine"": true, ""in_zone"": true, ""ignition"": true, ""latitude"": 42.6424433, ""direction"": 352, ""longitude"": 18.061935, ""gsm_signal"": 31, ""sleep_mode"": false, ""staff_mode"": false, ""fault_codes"": [], ""speed_limit"": 46, ""engine_hours"": 1591, ""idc_triggers"": [], ""buzzer_active"": false, ""fuel_level_avg"": 0, ""lock_geo_alert"": false, ""operation_mode"": ""RENT"", ""battery_voltage"": 14.600000381469727, ""in_primary_zone"": true, ""lock_engine_alert"": false, ""in_restricted_zone"": false, ""onboard_geofencing"": false, ""speed_limit_active"": false}"
2023-07-17 12:59:24.440,5237,13,"359159972073523",20,"{""key"": false, ""flip"": false, ""zone"": false, ""speed"": 4.7, ""buzzer"": 0, ""engine"": true, ""in_zone"": true, ""ignition"": true, ""latitude"": 42.6424316, ""direction"": 335, ""longitude"": 18.0619366, ""gsm_signal"": 31, ""sleep_mode"": false, ""staff_mode"": false, ""fault_codes"": [], ""speed_limit"": 46, ""engine_hours"": 1591, ""idc_triggers"": [], ""buzzer_active"": false, ""fuel_level_avg"": 0, ""lock_geo_alert"": false, ""operation_mode"": ""RENT"", ""battery_voltage"": 14.600000381469727, ""in_primary_zone"": true, ""lock_engine_alert"": false, ""in_restricted_zone"": false, ""onboard_geofencing"": false, ""speed_limit_active"": false}"
2023-07-17 12:59:23.476,5237,13,"359159972073523",20,"{""key"": false, ""flip"": false, ""zone"": false, ""speed"": 5.3, ""buzzer"": 0, ""engine"": true, ""in_zone"": true, ""ignition"": true, ""latitude"": 42.64242, ""direction"": 329, ""longitude"": 18.0619416, ""gsm_signal"": 31, ""sleep_mode"": false, ""staff_mode"": false, ""fault_codes"": [], ""speed_limit"": 46, ""engine_hours"": 1591, ""idc_triggers"": [], ""buzzer_active"": false, ""fuel_level_avg"": 0, ""lock_geo_alert"": false, ""operation_mode"": ""RENT"", ""battery_voltage"": 14.600000381469727, ""in_primary_zone"": true, ""lock_engine_alert"": false, ""in_restricted_zone"": false, ""onboard_geofencing"": false, ""speed_limit_active"": false}"
2023-07-17 12:59:22.917,5237,13,"359159972073523",20,"{""key"": false, ""flip"": false, ""zone"": false, ""speed"": 5.4, ""buzzer"": 0, ""engine"": true, ""in_zone"": true, ""ignition"": true, ""latitude"": 42.6424083, ""direction"": 321, ""longitude"": 18.06195, ""gsm_signal"": 31, ""sleep_mode"": false, ""staff_mode"": false, ""fault_codes"": [], ""speed_limit"": 46, ""engine_hours"": 1591, ""idc_triggers"": [], ""buzzer_active"": false, ""fuel_level_avg"": 0, ""lock_geo_alert"": false, ""operation_mode"": ""RENT"", ""battery_voltage"": 14.600000381469727, ""in_primary_zone"": true, ""lock_engine_alert"": false, ""in_restricted_zone"": false, ""onboard_geofencing"": false, ""speed_limit_active"": false}"
2023-07-17 12:59:21.440,5237,13,"359159972073523",20,"{""key"": false, ""flip"": false, ""zone"": false, ""speed"": 5.4, ""buzzer"": 0, ""engine"": true, ""in_zone"": true, ""ignition"": true, ""latitude"": 42.642395, ""direction"": 315, ""longitude"": 18.0619582, ""gsm_signal"": 31, ""sleep_mode"": false, ""staff_mode"": false, ""fault_codes"": [], ""speed_limit"": 46, ""engine_hours"": 1591, ""idc_triggers"": [], ""buzzer_active"": false, ""fuel_level_avg"": 0, ""lock_geo_alert"": false, ""operation_mode"": ""RENT"", ""battery_voltage"": 14.600000381469727, ""in_primary_zone"": true, ""lock_engine_alert"": false, ""in_restricted_zone"": false, ""onboard_geofencing"": false, ""speed_limit_active"": false}"
2023-07-17 12:59:20.475,5237,13,"359159972073523",20,"{""key"": false, ""flip"": false, ""zone"": false, ""speed"": 5.9, ""buzzer"": 0, ""engine"": true, ""in_zone"": true, ""ignition"": true, ""latitude"": 42.6423816, ""direction"": 308, ""longitude"": 18.0619716, ""gsm_signal"": 31, ""sleep_mode"": false, ""staff_mode"": false, ""fault_codes"": [], ""speed_limit"": 46, ""engine_hours"": 1591, ""idc_triggers"": [], ""buzzer_active"": false, ""fuel_level_avg"": 0, ""lock_geo_alert"": false, ""operation_mode"": ""RENT"", ""battery_voltage"": 14.600000381469727, ""in_primary_zone"": true, ""lock_engine_alert"": false, ""in_restricted_zone"": false, ""onboard_geofencing"": false, ""speed_limit_active"": false}"
2023-07-17 12:59:19.918,5237,13,"359159972073523",20,"{""key"": false, ""flip"": false, ""zone"": false, ""speed"": 5.9, ""buzzer"": 0, ""engine"": true, ""in_zone"": true, ""ignition"": true, ""latitude"": 42.6423733, ""direction"": 304, ""longitude"": 18.0619882, ""gsm_signal"": 31, ""sleep_mode"": false, ""staff_mode"": false, ""fault_codes"": [], ""speed_limit"": 46, ""engine_hours"": 1591, ""idc_triggers"": [], ""buzzer_active"": false, ""fuel_level_avg"": 0, ""lock_geo_alert"": false, ""operation_mode"": ""RENT"", ""battery_voltage"": 14.600000381469727, ""in_primary_zone"": true, ""lock_engine_alert"": false, ""in_restricted_zone"": false, ""onboard_geofencing"": false, ""speed_limit_active"": false}"
2023-07-17 12:59:18.436,5237,13,"359159972073523",20,"{""key"": false, ""flip"": false, ""zone"": false, ""speed"": 5.8, ""buzzer"": 0, ""engine"": true, ""in_zone"": true, ""ignition"": true, ""latitude"": 42.6423633, ""direction"": 299, ""longitude"": 18.0620032, ""gsm_signal"": 31, ""sleep_mode"": false, ""staff_mode"": false, ""fault_codes"": [], ""speed_limit"": 46, ""engine_hours"": 1591, ""idc_triggers"": [], ""buzzer_active"": false, ""fuel_level_avg"": 0, ""lock_geo_alert"": false, ""operation_mode"": ""RENT"", ""battery_voltage"": 14.600000381469727, ""in_primary_zone"": true, ""lock_engine_alert"": false, ""in_restricted_zone"": false, ""onboard_geofencing"": false, ""speed_limit_active"": false}"
2023-07-17 12:59:17.476,5237,13,"359159972073523",20,"{""key"": false, ""flip"": false, ""zone"": false, ""speed"": 5.8, ""buzzer"": 0, ""engine"": true, ""in_zone"": true, ""ignition"": true, ""latitude"": 42.6423566, ""direction"": 297, ""longitude"": 18.06202, ""gsm_signal"": 31, ""sleep_mode"": false, ""staff_mode"": false, ""fault_codes"": [], ""speed_limit"": 46, ""engine_hours"": 1591, ""idc_triggers"": [], ""buzzer_active"": false, ""fuel_level_avg"": 0, ""lock_geo_alert"": false, ""operation_mode"": ""RENT"", ""battery_voltage"": 14.600000381469727, ""in_primary_zone"": true, ""lock_engine_alert"": false, ""in_restricted_zone"": false, ""onboard_geofencing"": false, ""speed_limit_active"": false}"
2023-07-17 12:59:16.918,5237,13,"359159972073523",20,"{""key"": false, ""flip"": false, ""zone"": false, ""speed"": 5.9, ""buzzer"": 0, ""engine"": true, ""in_zone"": true, ""ignition"": true, ""latitude"": 42.64235, ""direction"": 299, ""longitude"": 18.0620382, ""gsm_signal"": 31, ""sleep_mode"": false, ""staff_mode"": false, ""fault_codes"": [], ""speed_limit"": 46, ""engine_hours"": 1591, ""idc_triggers"": [], ""buzzer_active"": false, ""fuel_level_avg"": 0, ""lock_geo_alert"": false, ""operation_mode"": ""RENT"", ""battery_voltage"": 14.600000381469727, ""in_primary_zone"": true, ""lock_engine_alert"": false, ""in_restricted_zone"": false, ""onboard_geofencing"": false, ""speed_limit_active"": false}"
2023-07-17 12:59:15.436,5237,13,"359159972073523",20,"{""key"": false, ""flip"": false, ""zone"": false, ""speed"": 5.7, ""buzzer"": 0, ""engine"": true, ""in_zone"": true, ""ignition"": true, ""latitude"": 42.6423416, ""direction"": 300, ""longitude"": 18.062055, ""gsm_signal"": 31, ""sleep_mode"": false, ""staff_mode"": false, ""fault_codes"": [], ""speed_limit"": 46, ""engine_hours"": 1591, ""idc_triggers"": [], ""buzzer_active"": false, ""fuel_level_avg"": 0, ""lock_geo_alert"": false, ""operation_mode"": ""RENT"", ""battery_voltage"": 14.600000381469727, ""in_primary_zone"": true, ""lock_engine_alert"": false, ""in_restricted_zone"": false, ""onboard_geofencing"": false, ""speed_limit_active"": false}"
2023-07-17 12:59:14.475,5237,13,"359159972073523",20,"{""key"": false, ""flip"": false, ""zone"": false, ""speed"": 5.8, ""buzzer"": 0, ""engine"": true, ""in_zone"": true, ""ignition"": true, ""latitude"": 42.6423333, ""direction"": 301, ""longitude"": 18.0620732, ""gsm_signal"": 31, ""sleep_mode"": false, ""staff_mode"": false, ""fault_codes"": [], ""speed_limit"": 46, ""engine_hours"": 1591, ""idc_triggers"": [], ""buzzer_active"": false, ""fuel_level_avg"": 0, ""lock_geo_alert"": false, ""operation_mode"": ""RENT"", ""battery_voltage"": 14.600000381469727, ""in_primary_zone"": true, ""lock_engine_alert"": false, ""in_restricted_zone"": false, ""onboard_geofencing"": false, ""speed_limit_active"": false}"
2023-07-17 12:59:13.917,5237,13,"359159972073523",20,"{""key"": false, ""flip"": false, ""zone"": false, ""speed"": 5.9, ""buzzer"": 0, ""engine"": true, ""in_zone"": true, ""ignition"": true, ""latitude"": 42.6423266, ""direction"": 304, ""longitude"": 18.06209, ""gsm_signal"": 31, ""sleep_mode"": false, ""staff_mode"": false, ""fault_codes"": [], ""speed_limit"": 46, ""engine_hours"": 1591, ""idc_triggers"": [], ""buzzer_active"": false, ""fuel_level_avg"": 0, ""lock_geo_alert"": false, ""operation_mode"": ""RENT"", ""battery_voltage"": 14.600000381469727, ""in_primary_zone"": true, ""lock_engine_alert"": false, ""in_restricted_zone"": false, ""onboard_geofencing"": false, ""speed_limit_active"": false}"
2023-07-17 12:59:12.437,5237,13,"359159972073523",20,"{""key"": false, ""flip"": false, ""zone"": false, ""speed"": 5.6, ""buzzer"": 0, ""engine"": true, ""in_zone"": true, ""ignition"": true, ""latitude"": 42.6423183, ""direction"": 305, ""longitude"": 18.0621066, ""gsm_signal"": 31, ""sleep_mode"": false, ""staff_mode"": false, ""fault_codes"": [], ""speed_limit"": 46, ""engine_hours"": 1591, ""idc_triggers"": [], ""buzzer_active"": false, ""fuel_level_avg"": 0, ""lock_geo_alert"": false, ""operation_mode"": ""RENT"", ""battery_voltage"": 14.600000381469727, ""in_primary_zone"": true, ""lock_engine_alert"": false, ""in_restricted_zone"": false, ""onboard_geofencing"": false, ""speed_limit_active"": false}"
2023-07-17 12:59:11.482,5237,13,"359159972073523",20,"{""key"": false, ""flip"": false, ""zone"": false, ""speed"": 5.8, ""buzzer"": 0, ""engine"": true, ""in_zone"": true, ""ignition"": true, ""latitude"": 42.64231, ""direction"": 301, ""longitude"": 18.0621216, ""gsm_signal"": 31, ""sleep_mode"": false, ""staff_mode"": false, ""fault_codes"": [], ""speed_limit"": 46, ""engine_hours"": 1591, ""idc_triggers"": [], ""buzzer_active"": false, ""fuel_level_avg"": 0, ""lock_geo_alert"": false, ""operation_mode"": ""RENT"", ""battery_voltage"": 14.600000381469727, ""in_primary_zone"": true, ""lock_engine_alert"": false, ""in_restricted_zone"": false, ""onboard_geofencing"": false, ""speed_limit_active"": false}"
2023-07-17 12:59:10.918,5237,13,"359159972073523",20,"{""key"": false, ""flip"": false, ""zone"": false, ""speed"": 5.9, ""buzzer"": 0, ""engine"": true, ""in_zone"": true, ""ignition"": true, ""latitude"": 42.6423, ""direction"": 298, ""longitude"": 18.0621366, ""gsm_signal"": 31, ""sleep_mode"": false, ""staff_mode"": false, ""fault_codes"": [], ""speed_limit"": 46, ""engine_hours"": 1591, ""idc_triggers"": [], ""buzzer_active"": false, ""fuel_level_avg"": 0, ""lock_geo_alert"": false, ""operation_mode"": ""RENT"", ""battery_voltage"": 14.600000381469727, ""in_primary_zone"": true, ""lock_engine_alert"": false, ""in_restricted_zone"": false, ""onboard_geofencing"": false, ""speed_limit_active"": false}"
2023-07-17 12:59:09.420,5237,13,"359159972073523",20,"{""key"": false, ""flip"": false, ""zone"": false, ""speed"": 5.5, ""buzzer"": 0, ""engine"": true, ""in_zone"": true, ""ignition"": true, ""latitude"": 42.6422916, ""direction"": 298, ""longitude"": 18.062155, ""gsm_signal"": 31, ""sleep_mode"": false, ""staff_mode"": false, ""fault_codes"": [], ""speed_limit"": 46, ""engine_hours"": 1591, ""idc_triggers"": [], ""buzzer_active"": false, ""fuel_level_avg"": 0, ""lock_geo_alert"": false, ""operation_mode"": ""RENT"", ""battery_voltage"": 14.600000381469727, ""in_primary_zone"": true, ""lock_engine_alert"": false, ""in_restricted_zone"": false, ""onboard_geofencing"": false, ""speed_limit_active"": false}"
2023-07-17 12:59:08.434,5237,13,"359159972073523",20,"{""key"": false, ""flip"": false, ""zone"": false, ""speed"": 5.6, ""buzzer"": 0, ""engine"": true, ""in_zone"": true, ""ignition"": true, ""latitude"": 42.642285, ""direction"": 298, ""longitude"": 18.0621732, ""gsm_signal"": 31, ""sleep_mode"": false, ""staff_mode"": false, ""fault_codes"": [], ""speed_limit"": 46, ""engine_hours"": 1591, ""idc_triggers"": [], ""buzzer_active"": false, ""fuel_level_avg"": 0, ""lock_geo_alert"": false, ""operation_mode"": ""RENT"", ""battery_voltage"": 14.600000381469727, ""in_primary_zone"": true, ""lock_engine_alert"": false, ""in_restricted_zone"": false, ""onboard_geofencing"": false, ""speed_limit_active"": false}"
2023-07-17 12:59:07.468,5237,13,"359159972073523",20,"{""key"": false, ""flip"": false, ""zone"": false, ""speed"": 5.5, ""buzzer"": 0, ""engine"": true, ""in_zone"": true, ""ignition"": true, ""latitude"": 42.6422783, ""direction"": 303, ""longitude"": 18.06219, ""gsm_signal"": 31, ""sleep_mode"": false, ""staff_mode"": false, ""fault_codes"": [], ""speed_limit"": 46, ""engine_hours"": 1591, ""idc_triggers"": [], ""buzzer_active"": false, ""fuel_level_avg"": 0, ""lock_geo_alert"": false, ""operation_mode"": ""RENT"", ""battery_voltage"": 14.600000381469727, ""in_primary_zone"": true, ""lock_engine_alert"": false, ""in_restricted_zone"": false, ""onboard_geofencing"": false, ""speed_limit_active"": false}"
2023-07-17 12:59:06.496,5237,13,"359159972073523",20,"{""key"": false, ""flip"": false, ""zone"": false, ""speed"": 5.8, ""buzzer"": 0, ""engine"": true, ""in_zone"": true, ""ignition"": true, ""latitude"": 42.6422716, ""direction"": 308, ""longitude"": 18.0622066, ""gsm_signal"": 28, ""sleep_mode"": false, ""staff_mode"": false, ""fault_codes"": [], ""speed_limit"": 46, ""engine_hours"": 1591, ""idc_triggers"": [], ""buzzer_active"": false, ""fuel_level_avg"": 0, ""lock_geo_alert"": false, ""operation_mode"": ""RENT"", ""battery_voltage"": 14.600000381469727, ""in_primary_zone"": true, ""lock_engine_alert"": false, ""in_restricted_zone"": false, ""onboard_geofencing"": false, ""speed_limit_active"": false}"
2023-07-17 12:59:05.915,5237,13,"359159972073523",20,"{""key"": false, ""flip"": false, ""zone"": false, ""speed"": 6.0, ""buzzer"": 0, ""engine"": true, ""in_zone"": true, ""ignition"": true, ""latitude"": 42.642265, ""direction"": 319, ""longitude"": 18.062225, ""gsm_signal"": 28, ""sleep_mode"": false, ""staff_mode"": false, ""fault_codes"": [], ""speed_limit"": 46, ""engine_hours"": 1591, ""idc_triggers"": [], ""buzzer_active"": false, ""fuel_level_avg"": 0, ""lock_geo_alert"": false, ""operation_mode"": ""RENT"", ""battery_voltage"": 14.600000381469727, ""in_primary_zone"": true, ""lock_engine_alert"": false, ""in_restricted_zone"": false, ""onboard_geofencing"": false, ""speed_limit_active"": false}"
2023-07-17 12:59:04.414,5237,13,"359159972073523",20,"{""key"": false, ""flip"": false, ""zone"": false, ""speed"": 4.5, ""buzzer"": 0, ""engine"": true, ""in_zone"": true, ""ignition"": true, ""latitude"": 42.6422533, ""direction"": 339, ""longitude"": 18.0622382, ""gsm_signal"": 28, ""sleep_mode"": false, ""staff_mode"": false, ""fault_codes"": [], ""speed_limit"": 46, ""engine_hours"": 1591, ""idc_triggers"": [], ""buzzer_active"": false, ""fuel_level_avg"": 0, ""lock_geo_alert"": false, ""operation_mode"": ""RENT"", ""battery_voltage"": 14.600000381469727, ""in_primary_zone"": true, ""lock_engine_alert"": false, ""in_restricted_zone"": false, ""onboard_geofencing"": false, ""speed_limit_active"": false}"
2023-07-17 12:59:03.419,5237,13,"359159972073523",20,"{""key"": false, ""flip"": false, ""zone"": false, ""speed"": 3.9, ""buzzer"": 0, ""engine"": true, ""in_zone"": true, ""ignition"": true, ""latitude"": 42.6422433, ""direction"": 357, ""longitude"": 18.0622432, ""gsm_signal"": 29, ""sleep_mode"": false, ""staff_mode"": false, ""fault_codes"": [], ""speed_limit"": 46, ""engine_hours"": 1591, ""idc_triggers"": [], ""buzzer_active"": false, ""fuel_level_avg"": 0, ""lock_geo_alert"": false, ""operation_mode"": ""RENT"", ""battery_voltage"": 14.600000381469727, ""in_primary_zone"": true, ""lock_engine_alert"": false, ""in_restricted_zone"": false, ""onboard_geofencing"": false, ""speed_limit_active"": false}"
2023-07-17 12:59:02.437,5237,13,"359159972073523",20,"{""key"": false, ""flip"": false, ""zone"": false, ""speed"": 3.2, ""buzzer"": 0, ""engine"": true, ""in_zone"": true, ""ignition"": true, ""latitude"": 42.642235, ""direction"": 36, ""longitude"": 18.062245, ""gsm_signal"": 29, ""sleep_mode"": false, ""staff_mode"": false, ""fault_codes"": [], ""speed_limit"": 46, ""engine_hours"": 1591, ""idc_triggers"": [], ""buzzer_active"": false, ""fuel_level_avg"": 0, ""lock_geo_alert"": false, ""operation_mode"": ""RENT"", ""battery_voltage"": 14.600000381469727, ""in_primary_zone"": true, ""lock_engine_alert"": false, ""in_restricted_zone"": false, ""onboard_geofencing"": false, ""speed_limit_active"": false}"
2023-07-17 12:59:01.496,5237,13,"359159972073523",20,"{""key"": false, ""flip"": false, ""zone"": false, ""speed"": 3.3, ""buzzer"": 0, ""engine"": true, ""in_zone"": true, ""ignition"": true, ""latitude"": 42.6422266, ""direction"": 63, ""longitude"": 18.0622432, ""gsm_signal"": 29, ""sleep_mode"": false, ""staff_mode"": false, ""fault_codes"": [], ""speed_limit"": 46, ""engine_hours"": 1591, ""idc_triggers"": [], ""buzzer_active"": false, ""fuel_level_avg"": 0, ""lock_geo_alert"": false, ""operation_mode"": ""RENT"", ""battery_voltage"": 14.600000381469727, ""in_primary_zone"": true, ""lock_engine_alert"": false, ""in_restricted_zone"": false, ""onboard_geofencing"": false, ""speed_limit_active"": false}"
2023-07-17 12:59:00.916,5237,13,"359159972073523",20,"{""key"": false, ""flip"": false, ""zone"": false, ""speed"": 3.4, ""buzzer"": 0, ""engine"": true, ""in_zone"": true, ""ignition"": true, ""latitude"": 42.64222, ""direction"": 115, ""longitude"": 18.0622332, ""gsm_signal"": 31, ""sleep_mode"": false, ""staff_mode"": false, ""fault_codes"": [], ""speed_limit"": 46, ""engine_hours"": 1591, ""idc_triggers"": [], ""buzzer_active"": false, ""fuel_level_avg"": 0, ""lock_geo_alert"": false, ""operation_mode"": ""RENT"", ""battery_voltage"": 14.600000381469727, ""in_primary_zone"": true, ""lock_engine_alert"": false, ""in_restricted_zone"": false, ""onboard_geofencing"": false, ""speed_limit_active"": false}"
2023-07-17 12:58:59.416,5237,13,"359159972073523",20,"{""key"": false, ""flip"": false, ""zone"": false, ""speed"": 4.9, ""buzzer"": 0, ""engine"": true, ""in_zone"": true, ""ignition"": true, ""latitude"": 42.64222, ""direction"": 140, ""longitude"": 18.0622216, ""gsm_signal"": 31, ""sleep_mode"": false, ""staff_mode"": false, ""fault_codes"": [], ""speed_limit"": 46, ""engine_hours"": 1591, ""idc_triggers"": [], ""buzzer_active"": false, ""fuel_level_avg"": 0, ""lock_geo_alert"": false, ""operation_mode"": ""RENT"", ""battery_voltage"": 14.600000381469727, ""in_primary_zone"": true, ""lock_engine_alert"": false, ""in_restricted_zone"": false, ""onboard_geofencing"": false, ""speed_limit_active"": false}"
2023-07-17 12:58:58.438,5237,13,"359159972073523",20,"{""key"": false, ""flip"": false, ""zone"": false, ""speed"": 6.0, ""buzzer"": 0, ""engine"": true, ""in_zone"": true, ""ignition"": true, ""latitude"": 42.642225, ""direction"": 154, ""longitude"": 18.0622066, ""gsm_signal"": 31, ""sleep_mode"": false, ""staff_mode"": false, ""fault_codes"": [], ""speed_limit"": 46, ""engine_hours"": 1591, ""idc_triggers"": [], ""buzzer_active"": false, ""fuel_level_avg"": 0, ""lock_geo_alert"": false, ""operation_mode"": ""RENT"", ""battery_voltage"": 14.600000381469727, ""in_primary_zone"": true, ""lock_engine_alert"": false, ""in_restricted_zone"": false, ""onboard_geofencing"": false, ""speed_limit_active"": false}"
2023-07-17 12:58:57.494,5237,13,"359159972073523",20,"{""key"": false, ""flip"": false, ""zone"": false, ""speed"": 6.7, ""buzzer"": 0, ""engine"": true, ""in_zone"": true, ""ignition"": true, ""latitude"": 42.6422383, ""direction"": 181, ""longitude"": 18.0621932, ""gsm_signal"": 31, ""sleep_mode"": false, ""staff_mode"": false, ""fault_codes"": [], ""speed_limit"": 46, ""engine_hours"": 1591, ""idc_triggers"": [], ""buzzer_active"": false, ""fuel_level_avg"": 0, ""lock_geo_alert"": false, ""operation_mode"": ""RENT"", ""battery_voltage"": 14.600000381469727, ""in_primary_zone"": true, ""lock_engine_alert"": false, ""in_restricted_zone"": false, ""onboard_geofencing"": false, ""speed_limit_active"": false}"
2023-07-17 12:58:56.913,5237,13,"359159972073523",20,"{""key"": false, ""flip"": false, ""zone"": false, ""speed"": 6.5, ""buzzer"": 0, ""engine"": true, ""in_zone"": true, ""ignition"": true, ""latitude"": 42.642255, ""direction"": 213, ""longitude"": 18.06219, ""gsm_signal"": 31, ""sleep_mode"": false, ""staff_mode"": false, ""fault_codes"": [], ""speed_limit"": 46, ""engine_hours"": 1591, ""idc_triggers"": [], ""buzzer_active"": false, ""fuel_level_avg"": 0, ""lock_geo_alert"": false, ""operation_mode"": ""RENT"", ""battery_voltage"": 14.600000381469727, ""in_primary_zone"": true, ""lock_engine_alert"": false, ""in_restricted_zone"": false, ""onboard_geofencing"": false, ""speed_limit_active"": false}"
2023-07-17 12:58:55.416,5237,13,"359159972073523",20,"{""key"": false, ""flip"": false, ""zone"": false, ""speed"": 8.1, ""buzzer"": 0, ""engine"": true, ""in_zone"": true, ""ignition"": true, ""latitude"": 42.6422716, ""direction"": 238, ""longitude"": 18.0621982, ""gsm_signal"": 31, ""sleep_mode"": false, ""staff_mode"": false, ""fault_codes"": [], ""speed_limit"": 46, ""engine_hours"": 1591, ""idc_triggers"": [], ""buzzer_active"": false, ""fuel_level_avg"": 0, ""lock_geo_alert"": false, ""operation_mode"": ""RENT"", ""battery_voltage"": 14.600000381469727, ""in_primary_zone"": true, ""lock_engine_alert"": false, ""in_restricted_zone"": false, ""onboard_geofencing"": false, ""speed_limit_active"": false}"
2023-07-17 12:58:54.417,5237,13,"359159972073523",20,"{""key"": false, ""flip"": false, ""zone"": false, ""speed"": 7.3, ""buzzer"": 0, ""engine"": true, ""in_zone"": true, ""ignition"": true, ""latitude"": 42.6422833, ""direction"": 269, ""longitude"": 18.0622182, ""gsm_signal"": 31, ""sleep_mode"": false, ""staff_mode"": false, ""fault_codes"": [], ""speed_limit"": 46, ""engine_hours"": 1591, ""idc_triggers"": [], ""buzzer_active"": false, ""fuel_level_avg"": 0, ""lock_geo_alert"": false, ""operation_mode"": ""RENT"", ""battery_voltage"": 14.600000381469727, ""in_primary_zone"": true, ""lock_engine_alert"": false, ""in_restricted_zone"": false, ""onboard_geofencing"": false, ""speed_limit_active"": false}"
2023-07-17 12:58:53.497,5237,13,"359159972073523",20,"{""key"": false, ""flip"": false, ""zone"": false, ""speed"": 9.1, ""buzzer"": 0, ""engine"": true, ""in_zone"": true, ""ignition"": true, ""latitude"": 42.642285, ""direction"": 288, ""longitude"": 18.062245, ""gsm_signal"": 31, ""sleep_mode"": false, ""staff_mode"": false, ""fault_codes"": [], ""speed_limit"": 46, ""engine_hours"": 1591, ""idc_triggers"": [], ""buzzer_active"": false, ""fuel_level_avg"": 0, ""lock_geo_alert"": false, ""operation_mode"": ""RENT"", ""battery_voltage"": 14.800000190734863, ""in_primary_zone"": true, ""lock_engine_alert"": false, ""in_restricted_zone"": false, ""onboard_geofencing"": false, ""speed_limit_active"": false}"
2023-07-17 12:58:53.118,5237,13,"359159972073523",20,"{""key"": false, ""flip"": false, ""zone"": false, ""speed"": 13.5, ""buzzer"": 0, ""engine"": true, ""in_zone"": true, ""ignition"": true, ""latitude"": 42.6422766, ""direction"": 294, ""longitude"": 18.0622766, ""gsm_signal"": 31, ""sleep_mode"": false, ""staff_mode"": false, ""fault_codes"": [], ""speed_limit"": 46, ""engine_hours"": 1591, ""idc_triggers"": [], ""buzzer_active"": false, ""fuel_level_avg"": 0, ""lock_geo_alert"": false, ""operation_mode"": ""RENT"", ""battery_voltage"": 14.800000190734863, ""in_primary_zone"": true, ""lock_engine_alert"": false, ""in_restricted_zone"": false, ""onboard_geofencing"": false, ""speed_limit_active"": false}"
2023-07-17 12:58:51.416,5237,13,"359159972073523",20,"{""key"": false, ""flip"": false, ""zone"": false, ""speed"": 20.6, ""buzzer"": 0, ""engine"": true, ""in_zone"": true, ""ignition"": true, ""latitude"": 42.6422616, ""direction"": 292, ""longitude"": 18.062325, ""gsm_signal"": 31, ""sleep_mode"": false, ""staff_mode"": false, ""fault_codes"": [], ""speed_limit"": 46, ""engine_hours"": 1591, ""idc_triggers"": [], ""buzzer_active"": false, ""fuel_level_avg"": 0, ""lock_geo_alert"": false, ""operation_mode"": ""RENT"", ""battery_voltage"": 14.800000190734863, ""in_primary_zone"": true, ""lock_engine_alert"": false, ""in_restricted_zone"": false, ""onboard_geofencing"": false, ""speed_limit_active"": false}"
2023-07-17 12:58:50.435,5237,13,"359159972073523",20,"{""key"": false, ""flip"": false, ""zone"": false, ""speed"": 29.1, ""buzzer"": 0, ""engine"": true, ""in_zone"": true, ""ignition"": true, ""latitude"": 42.6422416, ""direction"": 291, ""longitude"": 18.0623966, ""gsm_signal"": 31, ""sleep_mode"": false, ""staff_mode"": false, ""fault_codes"": [], ""speed_limit"": 46, ""engine_hours"": 1591, ""idc_triggers"": [], ""buzzer_active"": false, ""fuel_level_avg"": 0, ""lock_geo_alert"": false, ""operation_mode"": ""RENT"", ""battery_voltage"": 14.800000190734863, ""in_primary_zone"": true, ""lock_engine_alert"": false, ""in_restricted_zone"": false, ""onboard_geofencing"": false, ""speed_limit_active"": false}"
2023-07-17 12:58:49.497,5237,13,"359159972073523",20,"{""key"": false, ""flip"": false, ""zone"": false, ""speed"": 37.3, ""buzzer"": 0, ""engine"": true, ""in_zone"": true, ""ignition"": true, ""latitude"": 42.642215, ""direction"": 289, ""longitude"": 18.0624966, ""gsm_signal"": 31, ""sleep_mode"": false, ""staff_mode"": false, ""fault_codes"": [], ""speed_limit"": 46, ""engine_hours"": 1591, ""idc_triggers"": [], ""buzzer_active"": false, ""fuel_level_avg"": 0, ""lock_geo_alert"": false, ""operation_mode"": ""RENT"", ""battery_voltage"": 14.800000190734863, ""in_primary_zone"": true, ""lock_engine_alert"": false, ""in_restricted_zone"": false, ""onboard_geofencing"": false, ""speed_limit_active"": false}"
2023-07-17 12:58:48.919,5237,13,"359159972073523",20,"{""key"": false, ""flip"": false, ""zone"": false, ""speed"": 39.8, ""buzzer"": 0, ""engine"": true, ""in_zone"": true, ""ignition"": true, ""latitude"": 42.642185, ""direction"": 285, ""longitude"": 18.06262, ""gsm_signal"": 31, ""sleep_mode"": false, ""staff_mode"": false, ""fault_codes"": [], ""speed_limit"": 46, ""engine_hours"": 1591, ""idc_triggers"": [], ""buzzer_active"": false, ""fuel_level_avg"": 0, ""lock_geo_alert"": false, ""operation_mode"": ""RENT"", ""battery_voltage"": 14.800000190734863, ""in_primary_zone"": true, ""lock_engine_alert"": false, ""in_restricted_zone"": false, ""onboard_geofencing"": false, ""speed_limit_active"": false}"
2023-07-17 12:58:47.415,5237,13,"359159972073523",20,"{""key"": false, ""flip"": false, ""zone"": false, ""speed"": 45.3, ""buzzer"": 0, ""engine"": true, ""in_zone"": true, ""ignition"": true, ""latitude"": 42.6421583, ""direction"": 282, ""longitude"": 18.0627532, ""gsm_signal"": 31, ""sleep_mode"": false, ""staff_mode"": false, ""fault_codes"": [], ""speed_limit"": 46, ""engine_hours"": 1591, ""idc_triggers"": [], ""buzzer_active"": false, ""fuel_level_avg"": 0, ""lock_geo_alert"": false, ""operation_mode"": ""RENT"", ""battery_voltage"": 14.800000190734863, ""in_primary_zone"": true, ""lock_engine_alert"": false, ""in_restricted_zone"": false, ""onboard_geofencing"": false, ""speed_limit_active"": false}"
2023-07-17 12:58:46.438,5237,13,"359159972073523",20,"{""key"": false, ""flip"": false, ""zone"": false, ""speed"": 54.5, ""buzzer"": 0, ""engine"": true, ""in_zone"": true, ""ignition"": true, ""latitude"": 42.6421333, ""direction"": 280, ""longitude"": 18.0629132, ""gsm_signal"": 31, ""sleep_mode"": false, ""staff_mode"": false, ""fault_codes"": [], ""speed_limit"": 46, ""engine_hours"": 1591, ""idc_triggers"": [], ""buzzer_active"": false, ""fuel_level_avg"": 0, ""lock_geo_alert"": false, ""operation_mode"": ""RENT"", ""battery_voltage"": 14.800000190734863, ""in_primary_zone"": true, ""lock_engine_alert"": false, ""in_restricted_zone"": false, ""onboard_geofencing"": false, ""speed_limit_active"": false}"
2023-07-17 12:58:45.477,5237,13,"359159972073523",20,"{""key"": false, ""flip"": false, ""zone"": false, ""speed"": 55.2, ""buzzer"": 0, ""engine"": true, ""in_zone"": true, ""ignition"": true, ""latitude"": 42.64211, ""direction"": 278, ""longitude"": 18.063095, ""gsm_signal"": 31, ""sleep_mode"": false, ""staff_mode"": false, ""fault_codes"": [], ""speed_limit"": 46, ""engine_hours"": 1591, ""idc_triggers"": [], ""buzzer_active"": false, ""fuel_level_avg"": 0, ""lock_geo_alert"": false, ""operation_mode"": ""RENT"", ""battery_voltage"": 14.800000190734863, ""in_primary_zone"": true, ""lock_engine_alert"": false, ""in_restricted_zone"": false, ""onboard_geofencing"": false, ""speed_limit_active"": false}"
2023-07-17 12:58:44.914,5237,13,"359159972073523",20,"{""key"": false, ""flip"": false, ""zone"": false, ""speed"": 52.4, ""buzzer"": 0, ""engine"": true, ""in_zone"": true, ""ignition"": true, ""latitude"": 42.64209, ""direction"": 278, ""longitude"": 18.0632766, ""gsm_signal"": 31, ""sleep_mode"": false, ""staff_mode"": false, ""fault_codes"": [], ""speed_limit"": 46, ""engine_hours"": 1591, ""idc_triggers"": [], ""buzzer_active"": false, ""fuel_level_avg"": 0, ""lock_geo_alert"": false, ""operation_mode"": ""RENT"", ""battery_voltage"": 14.800000190734863, ""in_primary_zone"": true, ""lock_engine_alert"": false, ""in_restricted_zone"": false, ""onboard_geofencing"": false, ""speed_limit_active"": false}"
2023-07-17 12:58:43.414,5237,13,"359159972073523",20,"{""key"": false, ""flip"": false, ""zone"": false, ""speed"": 49.9, ""buzzer"": 0, ""engine"": true, ""in_zone"": true, ""ignition"": true, ""latitude"": 42.64207, ""direction"": 278, ""longitude"": 18.06345, ""gsm_signal"": 31, ""sleep_mode"": false, ""staff_mode"": false, ""fault_codes"": [], ""speed_limit"": 46, ""engine_hours"": 1591, ""idc_triggers"": [], ""buzzer_active"": false, ""fuel_level_avg"": 0, ""lock_geo_alert"": false, ""operation_mode"": ""RENT"", ""battery_voltage"": 14.800000190734863, ""in_primary_zone"": true, ""lock_engine_alert"": false, ""in_restricted_zone"": false, ""onboard_geofencing"": false, ""speed_limit_active"": false}"
2023-07-17 12:58:42.417,5237,13,"359159972073523",20,"{""key"": false, ""flip"": false, ""zone"": false, ""speed"": 47.1, ""buzzer"": 0, ""engine"": true, ""in_zone"": true, ""ignition"": true, ""latitude"": 42.642055, ""direction"": 278, ""longitude"": 18.063615, ""gsm_signal"": 31, ""sleep_mode"": false, ""staff_mode"": false, ""fault_codes"": [], ""speed_limit"": 46, ""engine_hours"": 1591, ""idc_triggers"": [], ""buzzer_active"": false, ""fuel_level_avg"": 0, ""lock_geo_alert"": false, ""operation_mode"": ""RENT"", ""battery_voltage"": 14.800000190734863, ""in_primary_zone"": true, ""lock_engine_alert"": false, ""in_restricted_zone"": false, ""onboard_geofencing"": false, ""speed_limit_active"": false}"
2023-07-17 12:58:41.433,5237,13,"359159972073523",20,"{""key"": false, ""flip"": false, ""zone"": false, ""speed"": 44.5, ""buzzer"": 0, ""engine"": true, ""in_zone"": true, ""ignition"": true, ""latitude"": 42.6420383, ""direction"": 277, ""longitude"": 18.06377, ""gsm_signal"": 31, ""sleep_mode"": false, ""staff_mode"": false, ""fault_codes"": [], ""speed_limit"": 46, ""engine_hours"": 1591, ""idc_triggers"": [], ""buzzer_active"": false, ""fuel_level_avg"": 0, ""lock_geo_alert"": false, ""operation_mode"": ""RENT"", ""battery_voltage"": 14.800000190734863, ""in_primary_zone"": true, ""lock_engine_alert"": false, ""in_restricted_zone"": false, ""onboard_geofencing"": false, ""speed_limit_active"": false}"
2023-07-17 12:58:40.436,5237,13,"359159972073523",20,"{""key"": false, ""flip"": false, ""zone"": false, ""speed"": 38.8, ""buzzer"": 0, ""engine"": true, ""in_zone"": true, ""ignition"": true, ""latitude"": 42.6420266, ""direction"": 276, ""longitude"": 18.063915, ""gsm_signal"": 31, ""sleep_mode"": false, ""staff_mode"": false, ""fault_codes"": [], ""speed_limit"": 46, ""engine_hours"": 1591, ""idc_triggers"": [], ""buzzer_active"": false, ""fuel_level_avg"": 0, ""lock_geo_alert"": false, ""operation_mode"": ""RENT"", ""battery_voltage"": 14.800000190734863, ""in_primary_zone"": true, ""lock_engine_alert"": false, ""in_restricted_zone"": false, ""onboard_geofencing"": false, ""speed_limit_active"": false}"
2023-07-17 12:58:39.495,5237,13,"359159972073523",20,"{""key"": false, ""flip"": false, ""zone"": false, ""speed"": 39.0, ""buzzer"": 0, ""engine"": true, ""in_zone"": true, ""ignition"": true, ""latitude"": 42.642011600000004, ""direction"": 277, ""longitude"": 18.0640432, ""gsm_signal"": 31, ""sleep_mode"": false, ""staff_mode"": false, ""fault_codes"": [], ""speed_limit"": 46, ""engine_hours"": 1591, ""idc_triggers"": [], ""buzzer_active"": false, ""fuel_level_avg"": 0, ""lock_geo_alert"": false, ""operation_mode"": ""RENT"", ""battery_voltage"": 14.800000190734863, ""in_primary_zone"": true, ""lock_engine_alert"": false, ""in_restricted_zone"": false, ""onboard_geofencing"": false, ""speed_limit_active"": false}"
2023-07-17 12:58:38.918,5237,13,"359159972073523",20,"{""key"": false, ""flip"": false, ""zone"": false, ""speed"": 36.7, ""buzzer"": 0, ""engine"": true, ""in_zone"": true, ""ignition"": true, ""latitude"": 42.641995, ""direction"": 286, ""longitude"": 18.0641716, ""gsm_signal"": 31, ""sleep_mode"": false, ""staff_mode"": false, ""fault_codes"": [], ""speed_limit"": 46, ""engine_hours"": 1591, ""idc_triggers"": [], ""buzzer_active"": false, ""fuel_level_avg"": 0, ""lock_geo_alert"": false, ""operation_mode"": ""RENT"", ""battery_voltage"": 14.800000190734863, ""in_primary_zone"": true, ""lock_engine_alert"": false, ""in_restricted_zone"": false, ""onboard_geofencing"": false, ""speed_limit_active"": false}"
2023-07-17 12:58:37.414,5237,13,"359159972073523",20,"{""key"": false, ""flip"": false, ""zone"": false, ""speed"": 32.4, ""buzzer"": 0, ""engine"": true, ""in_zone"": true, ""ignition"": true, ""latitude"": 42.6419683, ""direction"": 293, ""longitude"": 18.0642866, ""gsm_signal"": 31, ""sleep_mode"": false, ""staff_mode"": false, ""fault_codes"": [], ""speed_limit"": 46, ""engine_hours"": 1591, ""idc_triggers"": [], ""buzzer_active"": false, ""fuel_level_avg"": 0, ""lock_geo_alert"": false, ""operation_mode"": ""RENT"", ""battery_voltage"": 14.800000190734863, ""in_primary_zone"": true, ""lock_engine_alert"": false, ""in_restricted_zone"": false, ""onboard_geofencing"": false, ""speed_limit_active"": false}"
2023-07-17 12:58:36.417,5237,13,"359159972073523",20,"{""key"": false, ""flip"": false, ""zone"": false, ""speed"": 32.6, ""buzzer"": 0, ""engine"": true, ""in_zone"": true, ""ignition"": true, ""latitude"": 42.6419333, ""direction"": 297, ""longitude"": 18.0643866, ""gsm_signal"": 31, ""sleep_mode"": false, ""staff_mode"": false, ""fault_codes"": [], ""speed_limit"": 46, ""engine_hours"": 1591, ""idc_triggers"": [], ""buzzer_active"": false, ""fuel_level_avg"": 0, ""lock_geo_alert"": false, ""operation_mode"": ""RENT"", ""battery_voltage"": 14.800000190734863, ""in_primary_zone"": true, ""lock_engine_alert"": false, ""in_restricted_zone"": false, ""onboard_geofencing"": false, ""speed_limit_active"": false}"
2023-07-17 12:58:35.434,5237,13,"359159972073523",20,"{""key"": false, ""flip"": false, ""zone"": false, ""speed"": 31.3, ""buzzer"": 0, ""engine"": true, ""in_zone"": true, ""ignition"": true, ""latitude"": 42.6418966, ""direction"": 300, ""longitude"": 18.0644816, ""gsm_signal"": 31, ""sleep_mode"": false, ""staff_mode"": false, ""fault_codes"": [], ""speed_limit"": 46, ""engine_hours"": 1591, ""idc_triggers"": [], ""buzzer_active"": false, ""fuel_level_avg"": 0, ""lock_geo_alert"": false, ""operation_mode"": ""RENT"", ""battery_voltage"": 14.800000190734863, ""in_primary_zone"": true, ""lock_engine_alert"": false, ""in_restricted_zone"": false, ""onboard_geofencing"": false, ""speed_limit_active"": false}"
2023-07-17 12:58:34.461,5237,13,"359159972073523",20,"{""key"": false, ""flip"": false, ""zone"": false, ""speed"": 29.5, ""buzzer"": 0, ""engine"": true, ""in_zone"": true, ""ignition"": true, ""latitude"": 42.64186, ""direction"": 301, ""longitude"": 18.0645666, ""gsm_signal"": 31, ""sleep_mode"": false, ""staff_mode"": false, ""fault_codes"": [], ""speed_limit"": 46, ""engine_hours"": 1591, ""idc_triggers"": [], ""buzzer_active"": false, ""fuel_level_avg"": 0, ""lock_geo_alert"": false, ""operation_mode"": ""RENT"", ""battery_voltage"": 14.800000190734863, ""in_primary_zone"": true, ""lock_engine_alert"": false, ""in_restricted_zone"": false, ""onboard_geofencing"": false, ""speed_limit_active"": false}"
2023-07-17 12:58:33.914,5237,13,"359159972073523",20,"{""key"": false, ""flip"": false, ""zone"": false, ""speed"": 22.1, ""buzzer"": 0, ""engine"": true, ""in_zone"": true, ""ignition"": true, ""latitude"": 42.641825, ""direction"": 303, ""longitude"": 18.0646466, ""gsm_signal"": 31, ""sleep_mode"": false, ""staff_mode"": false, ""fault_codes"": [], ""speed_limit"": 46, ""engine_hours"": 1591, ""idc_triggers"": [], ""buzzer_active"": false, ""fuel_level_avg"": 0, ""lock_geo_alert"": false, ""operation_mode"": ""RENT"", ""battery_voltage"": 14.800000190734863, ""in_primary_zone"": true, ""lock_engine_alert"": false, ""in_restricted_zone"": false, ""onboard_geofencing"": false, ""speed_limit_active"": false}"
2023-07-17 12:58:32.414,5237,13,"359159972073523",20,"{""key"": false, ""flip"": false, ""zone"": false, ""speed"": 16.1, ""buzzer"": 0, ""engine"": true, ""in_zone"": true, ""ignition"": true, ""latitude"": 42.6417983, ""direction"": 310, ""longitude"": 18.0646966, ""gsm_signal"": 31, ""sleep_mode"": false, ""staff_mode"": false, ""fault_codes"": [], ""speed_limit"": 46, ""engine_hours"": 1591, ""idc_triggers"": [], ""buzzer_active"": false, ""fuel_level_avg"": 0, ""lock_geo_alert"": false, ""operation_mode"": ""RENT"", ""battery_voltage"": 14.800000190734863, ""in_primary_zone"": true, ""lock_engine_alert"": false, ""in_restricted_zone"": false, ""onboard_geofencing"": false, ""speed_limit_active"": false}"
2023-07-17 12:58:31.479,5237,13,"359159972073523",20,"{""key"": false, ""flip"": false, ""zone"": false, ""speed"": 14.3, ""buzzer"": 0, ""engine"": true, ""in_zone"": true, ""ignition"": true, ""latitude"": 42.6417716, ""direction"": 314, ""longitude"": 18.0647382, ""gsm_signal"": 31, ""sleep_mode"": false, ""staff_mode"": false, ""fault_codes"": [], ""speed_limit"": 46, ""engine_hours"": 1591, ""idc_triggers"": [], ""buzzer_active"": false, ""fuel_level_avg"": 0, ""lock_geo_alert"": false, ""operation_mode"": ""RENT"", ""battery_voltage"": 14.800000190734863, ""in_primary_zone"": true, ""lock_engine_alert"": false, ""in_restricted_zone"": false, ""onboard_geofencing"": false, ""speed_limit_active"": false}"
2023-07-17 12:58:30.495,5237,13,"359159972073523",20,"{""key"": false, ""flip"": false, ""zone"": false, ""speed"": 18.6, ""buzzer"": 0, ""engine"": true, ""in_zone"": true, ""ignition"": true, ""latitude"": 42.6417433, ""direction"": 318, ""longitude"": 18.064775, ""gsm_signal"": 31, ""sleep_mode"": false, ""staff_mode"": false, ""fault_codes"": [], ""speed_limit"": 46, ""engine_hours"": 1591, ""idc_triggers"": [], ""buzzer_active"": false, ""fuel_level_avg"": 0, ""lock_geo_alert"": false, ""operation_mode"": ""RENT"", ""battery_voltage"": 14.800000190734863, ""in_primary_zone"": true, ""lock_engine_alert"": false, ""in_restricted_zone"": false, ""onboard_geofencing"": false, ""speed_limit_active"": false}"
2023-07-17 12:58:29.915,5237,13,"359159972073523",20,"{""key"": false, ""flip"": false, ""zone"": false, ""speed"": 19.7, ""buzzer"": 0, ""engine"": true, ""in_zone"": true, ""ignition"": true, ""latitude"": 42.6417066, ""direction"": 324, ""longitude"": 18.0648166, ""gsm_signal"": 31, ""sleep_mode"": false, ""staff_mode"": false, ""fault_codes"": [], ""speed_limit"": 46, ""engine_hours"": 1591, ""idc_triggers"": [], ""buzzer_active"": false, ""fuel_level_avg"": 0, ""lock_geo_alert"": false, ""operation_mode"": ""RENT"", ""battery_voltage"": 14.800000190734863, ""in_primary_zone"": true, ""lock_engine_alert"": false, ""in_restricted_zone"": false, ""onboard_geofencing"": false, ""speed_limit_active"": false}"
2023-07-17 12:58:28.415,5237,13,"359159972073523",20,"{""key"": false, ""flip"": false, ""zone"": false, ""speed"": 18.3, ""buzzer"": 0, ""engine"": true, ""in_zone"": true, ""ignition"": true, ""latitude"": 42.641665, ""direction"": 329, ""longitude"": 18.0648566, ""gsm_signal"": 31, ""sleep_mode"": false, ""staff_mode"": false, ""fault_codes"": [], ""speed_limit"": 46, ""engine_hours"": 1591, ""idc_triggers"": [], ""buzzer_active"": false, ""fuel_level_avg"": 0, ""lock_geo_alert"": false, ""operation_mode"": ""RENT"", ""battery_voltage"": 14.800000190734863, ""in_primary_zone"": true, ""lock_engine_alert"": false, ""in_restricted_zone"": false, ""onboard_geofencing"": false, ""speed_limit_active"": false}"
2023-07-17 12:58:27.418,5237,13,"359159972073523",20,"{""key"": false, ""flip"": false, ""zone"": false, ""speed"": 18.2, ""buzzer"": 0, ""engine"": true, ""in_zone"": true, ""ignition"": true, ""latitude"": 42.641625, ""direction"": 333, ""longitude"": 18.0648882, ""gsm_signal"": 31, ""sleep_mode"": false, ""staff_mode"": false, ""fault_codes"": [], ""speed_limit"": 46, ""engine_hours"": 1591, ""idc_triggers"": [], ""buzzer_active"": false, ""fuel_level_avg"": 0, ""lock_geo_alert"": false, ""operation_mode"": ""RENT"", ""battery_voltage"": 14.800000190734863, ""in_primary_zone"": true, ""lock_engine_alert"": false, ""in_restricted_zone"": false, ""onboard_geofencing"": false, ""speed_limit_active"": false}"
2023-07-17 12:58:26.434,5237,13,"359159972073523",20,"{""key"": false, ""flip"": false, ""zone"": false, ""speed"": 22.0, ""buzzer"": 0, ""engine"": true, ""in_zone"": true, ""ignition"": true, ""latitude"": 42.6415816, ""direction"": 337, ""longitude"": 18.0649166, ""gsm_signal"": 31, ""sleep_mode"": false, ""staff_mode"": false, ""fault_codes"": [], ""speed_limit"": 46, ""engine_hours"": 1591, ""idc_triggers"": [], ""buzzer_active"": false, ""fuel_level_avg"": 0, ""lock_geo_alert"": false, ""operation_mode"": ""RENT"", ""battery_voltage"": 14.800000190734863, ""in_primary_zone"": true, ""lock_engine_alert"": false, ""in_restricted_zone"": false, ""onboard_geofencing"": false, ""speed_limit_active"": false}"
2023-07-17 12:58:25.496,5237,13,"359159972073523",20,"{""key"": false, ""flip"": false, ""zone"": false, ""speed"": 21.2, ""buzzer"": 0, ""engine"": true, ""in_zone"": true, ""ignition"": true, ""latitude"": 42.6415316, ""direction"": 339, ""longitude"": 18.064945, ""gsm_signal"": 31, ""sleep_mode"": false, ""staff_mode"": false, ""fault_codes"": [], ""speed_limit"": 46, ""engine_hours"": 1591, ""idc_triggers"": [], ""buzzer_active"": false, ""fuel_level_avg"": 0, ""lock_geo_alert"": false, ""operation_mode"": ""RENT"", ""battery_voltage"": 14.800000190734863, ""in_primary_zone"": true, ""lock_engine_alert"": false, ""in_restricted_zone"": false, ""onboard_geofencing"": false, ""speed_limit_active"": false}"
2023-07-17 12:58:24.916,5237,13,"359159972073523",20,"{""key"": false, ""flip"": false, ""zone"": false, ""speed"": 21.7, ""buzzer"": 0, ""engine"": true, ""in_zone"": true, ""ignition"": true, ""latitude"": 42.64148, ""direction"": 340, ""longitude"": 18.06497, ""gsm_signal"": 31, ""sleep_mode"": false, ""staff_mode"": false, ""fault_codes"": [], ""speed_limit"": 46, ""engine_hours"": 1591, ""idc_triggers"": [], ""buzzer_active"": false, ""fuel_level_avg"": 0, ""lock_geo_alert"": false, ""operation_mode"": ""RENT"", ""battery_voltage"": 14.800000190734863, ""in_primary_zone"": true, ""lock_engine_alert"": false, ""in_restricted_zone"": false, ""onboard_geofencing"": false, ""speed_limit_active"": false}"
2023-07-17 12:58:23.435,5237,13,"359159972073523",20,"{""key"": false, ""flip"": false, ""zone"": false, ""speed"": 23.0, ""buzzer"": 0, ""engine"": true, ""in_zone"": true, ""ignition"": true, ""latitude"": 42.64143, ""direction"": 342, ""longitude"": 18.0649966, ""gsm_signal"": 31, ""sleep_mode"": false, ""staff_mode"": false, ""fault_codes"": [], ""speed_limit"": 46, ""engine_hours"": 1591, ""idc_triggers"": [], ""buzzer_active"": false, ""fuel_level_avg"": 0, ""lock_geo_alert"": false, ""operation_mode"": ""RENT"", ""battery_voltage"": 14.800000190734863, ""in_primary_zone"": true, ""lock_engine_alert"": false, ""in_restricted_zone"": false, ""onboard_geofencing"": false, ""speed_limit_active"": false}"
2023-07-17 12:58:22.456,5237,13,"359159972073523",20,"{""key"": false, ""flip"": false, ""zone"": false, ""speed"": 25.4, ""buzzer"": 0, ""engine"": true, ""in_zone"": true, ""ignition"": true, ""latitude"": 42.6413733, ""direction"": 341, ""longitude"": 18.0650216, ""gsm_signal"": 31, ""sleep_mode"": false, ""staff_mode"": false, ""fault_codes"": [], ""speed_limit"": 46, ""engine_hours"": 1591, ""idc_triggers"": [], ""buzzer_active"": false, ""fuel_level_avg"": 0, ""lock_geo_alert"": false, ""operation_mode"": ""RENT"", ""battery_voltage"": 14.800000190734863, ""in_primary_zone"": true, ""lock_engine_alert"": false, ""in_restricted_zone"": false, ""onboard_geofencing"": false, ""speed_limit_active"": false}"
2023-07-17 12:58:21.915,5237,13,"359159972073523",20,"{""key"": false, ""flip"": false, ""zone"": false, ""speed"": 27.4, ""buzzer"": 0, ""engine"": true, ""in_zone"": true, ""ignition"": true, ""latitude"": 42.6413116, ""direction"": 339, ""longitude"": 18.06505, ""gsm_signal"": 31, ""sleep_mode"": false, ""staff_mode"": false, ""fault_codes"": [], ""speed_limit"": 46, ""engine_hours"": 1591, ""idc_triggers"": [], ""buzzer_active"": false, ""fuel_level_avg"": 0, ""lock_geo_alert"": false, ""operation_mode"": ""RENT"", ""battery_voltage"": 14.800000190734863, ""in_primary_zone"": true, ""lock_engine_alert"": false, ""in_restricted_zone"": false, ""onboard_geofencing"": false, ""speed_limit_active"": false}"
2023-07-17 12:58:20.420,5237,13,"359159972073523",20,"{""key"": false, ""flip"": false, ""zone"": false, ""speed"": 31.1, ""buzzer"": 0, ""engine"": true, ""in_zone"": true, ""ignition"": true, ""latitude"": 42.641245, ""direction"": 335, ""longitude"": 18.0650866, ""gsm_signal"": 31, ""sleep_mode"": false, ""staff_mode"": false, ""fault_codes"": [], ""speed_limit"": 46, ""engine_hours"": 1591, ""idc_triggers"": [], ""buzzer_active"": false, ""fuel_level_avg"": 0, ""lock_geo_alert"": false, ""operation_mode"": ""RENT"", ""battery_voltage"": 14.800000190734863, ""in_primary_zone"": true, ""lock_engine_alert"": false, ""in_restricted_zone"": false, ""onboard_geofencing"": false, ""speed_limit_active"": false}"
2023-07-17 12:58:19.440,5237,13,"359159972073523",20,"{""key"": false, ""flip"": false, ""zone"": false, ""speed"": 34.8, ""buzzer"": 0, ""engine"": true, ""in_zone"": true, ""ignition"": true, ""latitude"": 42.6411716, ""direction"": 335, ""longitude"": 18.0651332, ""gsm_signal"": 31, ""sleep_mode"": false, ""staff_mode"": false, ""fault_codes"": [], ""speed_limit"": 46, ""engine_hours"": 1591, ""idc_triggers"": [], ""buzzer_active"": false, ""fuel_level_avg"": 0, ""lock_geo_alert"": false, ""operation_mode"": ""RENT"", ""battery_voltage"": 14.800000190734863, ""in_primary_zone"": true, ""lock_engine_alert"": false, ""in_restricted_zone"": false, ""onboard_geofencing"": false, ""speed_limit_active"": false}"
2023-07-17 12:58:18.477,5237,13,"359159972073523",20,"{""key"": false, ""flip"": false, ""zone"": false, ""speed"": 34.3, ""buzzer"": 0, ""engine"": true, ""in_zone"": true, ""ignition"": true, ""latitude"": 42.6410933, ""direction"": 335, ""longitude"": 18.0651816, ""gsm_signal"": 31, ""sleep_mode"": false, ""staff_mode"": false, ""fault_codes"": [], ""speed_limit"": 46, ""engine_hours"": 1591, ""idc_triggers"": [], ""buzzer_active"": false, ""fuel_level_avg"": 0, ""lock_geo_alert"": false, ""operation_mode"": ""RENT"", ""battery_voltage"": 14.800000190734863, ""in_primary_zone"": true, ""lock_engine_alert"": false, ""in_restricted_zone"": false, ""onboard_geofencing"": false, ""speed_limit_active"": false}"
2023-07-17 12:58:17.914,5237,13,"359159972073523",20,"{""key"": false, ""flip"": false, ""zone"": false, ""speed"": 34.9, ""buzzer"": 0, ""engine"": true, ""in_zone"": true, ""ignition"": true, ""latitude"": 42.6410133, ""direction"": 336, ""longitude"": 18.06523, ""gsm_signal"": 31, ""sleep_mode"": false, ""staff_mode"": false, ""fault_codes"": [], ""speed_limit"": 46, ""engine_hours"": 1591, ""idc_triggers"": [], ""buzzer_active"": false, ""fuel_level_avg"": 0, ""lock_geo_alert"": false, ""operation_mode"": ""RENT"", ""battery_voltage"": 14.800000190734863, ""in_primary_zone"": true, ""lock_engine_alert"": false, ""in_restricted_zone"": false, ""onboard_geofencing"": false, ""speed_limit_active"": false}"
2023-07-17 12:58:16.416,5237,13,"359159972073523",20,"{""key"": false, ""flip"": false, ""zone"": false, ""speed"": 31.2, ""buzzer"": 0, ""engine"": true, ""in_zone"": true, ""ignition"": true, ""latitude"": 42.6409366, ""direction"": 337, ""longitude"": 18.065275, ""gsm_signal"": 31, ""sleep_mode"": false, ""staff_mode"": false, ""fault_codes"": [], ""speed_limit"": 46, ""engine_hours"": 1591, ""idc_triggers"": [], ""buzzer_active"": false, ""fuel_level_avg"": 0, ""lock_geo_alert"": false, ""operation_mode"": ""RENT"", ""battery_voltage"": 14.800000190734863, ""in_primary_zone"": true, ""lock_engine_alert"": false, ""in_restricted_zone"": false, ""onboard_geofencing"": false, ""speed_limit_active"": false}"
2023-07-17 12:58:15.437,5237,13,"359159972073523",20,"{""key"": false, ""flip"": false, ""zone"": false, ""speed"": 27.4, ""buzzer"": 0, ""engine"": true, ""in_zone"": true, ""ignition"": true, ""latitude"": 42.6408666, ""direction"": 334, ""longitude"": 18.065315, ""gsm_signal"": 31, ""sleep_mode"": false, ""staff_mode"": false, ""fault_codes"": [], ""speed_limit"": 46, ""engine_hours"": 1591, ""idc_triggers"": [], ""buzzer_active"": false, ""fuel_level_avg"": 0, ""lock_geo_alert"": false, ""operation_mode"": ""RENT"", ""battery_voltage"": 14.800000190734863, ""in_primary_zone"": true, ""lock_engine_alert"": false, ""in_restricted_zone"": false, ""onboard_geofencing"": false, ""speed_limit_active"": false}"
2023-07-17 12:58:14.477,5237,13,"359159972073523",20,"{""key"": false, ""flip"": false, ""zone"": false, ""speed"": 25.2, ""buzzer"": 0, ""engine"": true, ""in_zone"": true, ""ignition"": true, ""latitude"": 42.640805, ""direction"": 333, ""longitude"": 18.0653532, ""gsm_signal"": 31, ""sleep_mode"": false, ""staff_mode"": false, ""fault_codes"": [], ""speed_limit"": 46, ""engine_hours"": 1591, ""idc_triggers"": [], ""buzzer_active"": false, ""fuel_level_avg"": 0, ""lock_geo_alert"": false, ""operation_mode"": ""RENT"", ""battery_voltage"": 14.800000190734863, ""in_primary_zone"": true, ""lock_engine_alert"": false, ""in_restricted_zone"": false, ""onboard_geofencing"": false, ""speed_limit_active"": false}"
2023-07-17 12:58:13.918,5237,13,"359159972073523",20,"{""key"": false, ""flip"": false, ""zone"": false, ""speed"": 19.4, ""buzzer"": 0, ""engine"": true, ""in_zone"": true, ""ignition"": true, ""latitude"": 42.6407516, ""direction"": 335, ""longitude"": 18.0653882, ""gsm_signal"": 31, ""sleep_mode"": false, ""staff_mode"": false, ""fault_codes"": [], ""speed_limit"": 46, ""engine_hours"": 1591, ""idc_triggers"": [], ""buzzer_active"": false, ""fuel_level_avg"": 0, ""lock_geo_alert"": false, ""operation_mode"": ""RENT"", ""battery_voltage"": 14.800000190734863, ""in_primary_zone"": true, ""lock_engine_alert"": false, ""in_restricted_zone"": false, ""onboard_geofencing"": false, ""speed_limit_active"": false}"
2023-07-17 12:58:12.437,5237,13,"359159972073523",20,"{""key"": false, ""flip"": false, ""zone"": false, ""speed"": 14.2, ""buzzer"": 0, ""engine"": true, ""in_zone"": true, ""ignition"": true, ""latitude"": 42.64071, ""direction"": 345, ""longitude"": 18.0654116, ""gsm_signal"": 31, ""sleep_mode"": false, ""staff_mode"": false, ""fault_codes"": [], ""speed_limit"": 46, ""engine_hours"": 1591, ""idc_triggers"": [], ""buzzer_active"": false, ""fuel_level_avg"": 0, ""lock_geo_alert"": false, ""operation_mode"": ""RENT"", ""battery_voltage"": 14.800000190734863, ""in_primary_zone"": true, ""lock_engine_alert"": false, ""in_restricted_zone"": false, ""onboard_geofencing"": false, ""speed_limit_active"": false}"
2023-07-17 12:58:11.476,5237,13,"359159972073523",20,"{""key"": false, ""flip"": false, ""zone"": false, ""speed"": 12.0, ""buzzer"": 0, ""engine"": true, ""in_zone"": true, ""ignition"": true, ""latitude"": 42.6406783, ""direction"": 341, ""longitude"": 18.0654216, ""gsm_signal"": 31, ""sleep_mode"": false, ""staff_mode"": false, ""fault_codes"": [], ""speed_limit"": 46, ""engine_hours"": 1591, ""idc_triggers"": [], ""buzzer_active"": false, ""fuel_level_avg"": 0, ""lock_geo_alert"": false, ""operation_mode"": ""RENT"", ""battery_voltage"": 14.800000190734863, ""in_primary_zone"": true, ""lock_engine_alert"": false, ""in_restricted_zone"": false, ""onboard_geofencing"": false, ""speed_limit_active"": false}"
2023-07-17 12:58:10.920,5237,13,"359159972073523",20,"{""key"": false, ""flip"": false, ""zone"": false, ""speed"": 12.9, ""buzzer"": 0, ""engine"": true, ""in_zone"": true, ""ignition"": true, ""latitude"": 42.64065, ""direction"": 314, ""longitude"": 18.065435, ""gsm_signal"": 31, ""sleep_mode"": false, ""staff_mode"": false, ""fault_codes"": [], ""speed_limit"": 46, ""engine_hours"": 1591, ""idc_triggers"": [], ""buzzer_active"": false, ""fuel_level_avg"": 0, ""lock_geo_alert"": false, ""operation_mode"": ""RENT"", ""battery_voltage"": 14.800000190734863, ""in_primary_zone"": true, ""lock_engine_alert"": false, ""in_restricted_zone"": false, ""onboard_geofencing"": false, ""speed_limit_active"": false}"
2023-07-17 12:58:09.436,5237,13,"359159972073523",20,"{""key"": false, ""flip"": false, ""zone"": false, ""speed"": 14.9, ""buzzer"": 0, ""engine"": true, ""in_zone"": true, ""ignition"": true, ""latitude"": 42.64063, ""direction"": 268, ""longitude"": 18.0654682, ""gsm_signal"": 31, ""sleep_mode"": false, ""staff_mode"": false, ""fault_codes"": [], ""speed_limit"": 46, ""engine_hours"": 1591, ""idc_triggers"": [], ""buzzer_active"": false, ""fuel_level_avg"": 0, ""lock_geo_alert"": false, ""operation_mode"": ""RENT"", ""battery_voltage"": 14.800000190734863, ""in_primary_zone"": true, ""lock_engine_alert"": false, ""in_restricted_zone"": false, ""onboard_geofencing"": false, ""speed_limit_active"": false}"
2023-07-17 12:58:08.478,5237,13,"359159972073523",20,"{""key"": false, ""flip"": false, ""zone"": false, ""speed"": 17.8, ""buzzer"": 0, ""engine"": true, ""in_zone"": true, ""ignition"": true, ""latitude"": 42.640635, ""direction"": 231, ""longitude"": 18.0655182, ""gsm_signal"": 31, ""sleep_mode"": false, ""staff_mode"": false, ""fault_codes"": [], ""speed_limit"": 46, ""engine_hours"": 1591, ""idc_triggers"": [], ""buzzer_active"": false, ""fuel_level_avg"": 0, ""lock_geo_alert"": false, ""operation_mode"": ""RENT"", ""battery_voltage"": 14.800000190734863, ""in_primary_zone"": true, ""lock_engine_alert"": false, ""in_restricted_zone"": false, ""onboard_geofencing"": false, ""speed_limit_active"": false}"
2023-07-17 12:58:07.917,5237,13,"359159972073523",20,"{""key"": false, ""flip"": false, ""zone"": false, ""speed"": 18.9, ""buzzer"": 0, ""engine"": true, ""in_zone"": true, ""ignition"": true, ""latitude"": 42.6406666, ""direction"": 196, ""longitude"": 18.0655566, ""gsm_signal"": 31, ""sleep_mode"": false, ""staff_mode"": false, ""fault_codes"": [], ""speed_limit"": 46, ""engine_hours"": 1591, ""idc_triggers"": [], ""buzzer_active"": false, ""fuel_level_avg"": 0, ""lock_geo_alert"": false, ""operation_mode"": ""RENT"", ""battery_voltage"": 14.800000190734863, ""in_primary_zone"": true, ""lock_engine_alert"": false, ""in_restricted_zone"": false, ""onboard_geofencing"": false, ""speed_limit_active"": false}"
2023-07-17 12:58:06.436,5237,13,"359159972073523",20,"{""key"": false, ""flip"": false, ""zone"": false, ""speed"": 22.2, ""buzzer"": 0, ""engine"": true, ""in_zone"": true, ""ignition"": true, ""latitude"": 42.640715, ""direction"": 161, ""longitude"": 18.065565, ""gsm_signal"": 31, ""sleep_mode"": false, ""staff_mode"": false, ""fault_codes"": [], ""speed_limit"": 46, ""engine_hours"": 1591, ""idc_triggers"": [], ""buzzer_active"": false, ""fuel_level_avg"": 0, ""lock_geo_alert"": false, ""operation_mode"": ""RENT"", ""battery_voltage"": 14.800000190734863, ""in_primary_zone"": true, ""lock_engine_alert"": false, ""in_restricted_zone"": false, ""onboard_geofencing"": false, ""speed_limit_active"": false}"
2023-07-17 12:58:05.476,5237,13,"359159972073523",20,"{""key"": false, ""flip"": false, ""zone"": false, ""speed"": 24.8, ""buzzer"": 0, ""engine"": true, ""in_zone"": true, ""ignition"": true, ""latitude"": 42.6407666, ""direction"": 137, ""longitude"": 18.0655332, ""gsm_signal"": 31, ""sleep_mode"": false, ""staff_mode"": false, ""fault_codes"": [], ""speed_limit"": 46, ""engine_hours"": 1591, ""idc_triggers"": [], ""buzzer_active"": false, ""fuel_level_avg"": 0, ""lock_geo_alert"": false, ""operation_mode"": ""RENT"", ""battery_voltage"": 14.800000190734863, ""in_primary_zone"": true, ""lock_engine_alert"": false, ""in_restricted_zone"": false, ""onboard_geofencing"": false, ""speed_limit_active"": false}"
2023-07-17 12:58:04.918,5237,13,"359159972073523",20,"{""key"": false, ""flip"": false, ""zone"": false, ""speed"": 27.0, ""buzzer"": 0, ""engine"": true, ""in_zone"": true, ""ignition"": true, ""latitude"": 42.64081, ""direction"": 122, ""longitude"": 18.06547, ""gsm_signal"": 31, ""sleep_mode"": false, ""staff_mode"": false, ""fault_codes"": [], ""speed_limit"": 46, ""engine_hours"": 1591, ""idc_triggers"": [], ""buzzer_active"": false, ""fuel_level_avg"": 0, ""lock_geo_alert"": false, ""operation_mode"": ""RENT"", ""battery_voltage"": 14.800000190734863, ""in_primary_zone"": true, ""lock_engine_alert"": false, ""in_restricted_zone"": false, ""onboard_geofencing"": false, ""speed_limit_active"": false}"
2023-07-17 12:58:03.420,5237,13,"359159972073523",20,"{""key"": false, ""flip"": false, ""zone"": false, ""speed"": 31.6, ""buzzer"": 0, ""engine"": true, ""in_zone"": true, ""ignition"": true, ""latitude"": 42.6408466, ""direction"": 117, ""longitude"": 18.0653882, ""gsm_signal"": 31, ""sleep_mode"": false, ""staff_mode"": false, ""fault_codes"": [], ""speed_limit"": 46, ""engine_hours"": 1591, ""idc_triggers"": [], ""buzzer_active"": false, ""fuel_level_avg"": 0, ""lock_geo_alert"": false, ""operation_mode"": ""RENT"", ""battery_voltage"": 14.800000190734863, ""in_primary_zone"": true, ""lock_engine_alert"": false, ""in_restricted_zone"": false, ""onboard_geofencing"": false, ""speed_limit_active"": false}"
2023-07-17 12:58:02.436,5237,13,"359159972073523",20,"{""key"": false, ""flip"": false, ""zone"": false, ""speed"": 39.2, ""buzzer"": 0, ""engine"": true, ""in_zone"": true, ""ignition"": true, ""latitude"": 42.6408866, ""direction"": 117, ""longitude"": 18.0652866, ""gsm_signal"": 31, ""sleep_mode"": false, ""staff_mode"": false, ""fault_codes"": [], ""speed_limit"": 46, ""engine_hours"": 1591, ""idc_triggers"": [], ""buzzer_active"": false, ""fuel_level_avg"": 0, ""lock_geo_alert"": false, ""operation_mode"": ""RENT"", ""battery_voltage"": 14.800000190734863, ""in_primary_zone"": true, ""lock_engine_alert"": false, ""in_restricted_zone"": false, ""onboard_geofencing"": false, ""speed_limit_active"": false}"
2023-07-17 12:58:01.498,5237,13,"359159972073523",20,"{""key"": false, ""flip"": false, ""zone"": false, ""speed"": 48.9, ""buzzer"": 0, ""engine"": true, ""in_zone"": true, ""ignition"": true, ""latitude"": 42.6409333, ""direction"": 116, ""longitude"": 18.06516, ""gsm_signal"": 31, ""sleep_mode"": false, ""staff_mode"": false, ""fault_codes"": [], ""speed_limit"": 46, ""engine_hours"": 1591, ""idc_triggers"": [], ""buzzer_active"": false, ""fuel_level_avg"": 0, ""lock_geo_alert"": false, ""operation_mode"": ""RENT"", ""battery_voltage"": 14.800000190734863, ""in_primary_zone"": true, ""lock_engine_alert"": false, ""in_restricted_zone"": false, ""onboard_geofencing"": false, ""speed_limit_active"": false}"
2023-07-17 12:58:00.918,5237,13,"359159972073523",20,"{""key"": false, ""flip"": false, ""zone"": false, ""speed"": 54.8, ""buzzer"": 0, ""engine"": true, ""in_zone"": true, ""ignition"": true, ""latitude"": 42.64099, ""direction"": 116, ""longitude"": 18.0650066, ""gsm_signal"": 31, ""sleep_mode"": false, ""staff_mode"": false, ""fault_codes"": [], ""speed_limit"": 46, ""engine_hours"": 1591, ""idc_triggers"": [], ""buzzer_active"": false, ""fuel_level_avg"": 0, ""lock_geo_alert"": false, ""operation_mode"": ""RENT"", ""battery_voltage"": 14.800000190734863, ""in_primary_zone"": true, ""lock_engine_alert"": false, ""in_restricted_zone"": false, ""onboard_geofencing"": false, ""speed_limit_active"": false}"
2023-07-17 12:57:59.421,5237,13,"359159972073523",20,"{""key"": false, ""flip"": false, ""zone"": false, ""speed"": 60.1, ""buzzer"": 0, ""engine"": true, ""in_zone"": true, ""ignition"": true, ""latitude"": 42.6410533, ""direction"": 116, ""longitude"": 18.064835, ""gsm_signal"": 31, ""sleep_mode"": false, ""staff_mode"": false, ""fault_codes"": [], ""speed_limit"": 46, ""engine_hours"": 1591, ""idc_triggers"": [], ""buzzer_active"": false, ""fuel_level_avg"": 0, ""lock_geo_alert"": false, ""operation_mode"": ""RENT"", ""battery_voltage"": 14.800000190734863, ""in_primary_zone"": true, ""lock_engine_alert"": false, ""in_restricted_zone"": false, ""onboard_geofencing"": false, ""speed_limit_active"": false}"
2023-07-17 12:57:58.457,5237,13,"359159972073523",20,"{""key"": false, ""flip"": false, ""zone"": false, ""speed"": 60.1, ""buzzer"": 0, ""engine"": true, ""in_zone"": true, ""ignition"": true, ""latitude"": 42.64112, ""direction"": 116, ""longitude"": 18.0646532, ""gsm_signal"": 31, ""sleep_mode"": false, ""staff_mode"": false, ""fault_codes"": [], ""speed_limit"": 46, ""engine_hours"": 1591, ""idc_triggers"": [], ""buzzer_active"": false, ""fuel_level_avg"": 0, ""lock_geo_alert"": false, ""operation_mode"": ""RENT"", ""battery_voltage"": 14.800000190734863, ""in_primary_zone"": true, ""lock_engine_alert"": false, ""in_restricted_zone"": false, ""onboard_geofencing"": false, ""speed_limit_active"": false}"
2023-07-17 12:57:57.496,5237,13,"359159972073523",20,"{""key"": false, ""flip"": false, ""zone"": false, ""speed"": 56.9, ""buzzer"": 0, ""engine"": true, ""in_zone"": true, ""ignition"": true, ""latitude"": 42.6411866, ""direction"": 117, ""longitude"": 18.064475, ""gsm_signal"": 31, ""sleep_mode"": false, ""staff_mode"": false, ""fault_codes"": [], ""speed_limit"": 46, ""engine_hours"": 1591, ""idc_triggers"": [], ""buzzer_active"": false, ""fuel_level_avg"": 0, ""lock_geo_alert"": false, ""operation_mode"": ""RENT"", ""battery_voltage"": 14.800000190734863, ""in_primary_zone"": true, ""lock_engine_alert"": false, ""in_restricted_zone"": false, ""onboard_geofencing"": false, ""speed_limit_active"": false}"
2023-07-17 12:57:56.913,5237,13,"359159972073523",20,"{""key"": false, ""flip"": false, ""zone"": false, ""speed"": 56.1, ""buzzer"": 0, ""engine"": true, ""in_zone"": true, ""ignition"": true, ""latitude"": 42.6412516, ""direction"": 117, ""longitude"": 18.0643032, ""gsm_signal"": 31, ""sleep_mode"": false, ""staff_mode"": false, ""fault_codes"": [], ""speed_limit"": 46, ""engine_hours"": 1591, ""idc_triggers"": [], ""buzzer_active"": false, ""fuel_level_avg"": 0, ""lock_geo_alert"": false, ""operation_mode"": ""RENT"", ""battery_voltage"": 14.800000190734863, ""in_primary_zone"": true, ""lock_engine_alert"": false, ""in_restricted_zone"": false, ""onboard_geofencing"": false, ""speed_limit_active"": false}"
2023-07-17 12:57:55.415,5237,13,"359159972073523",20,"{""key"": false, ""flip"": false, ""zone"": false, ""speed"": 53.6, ""buzzer"": 0, ""engine"": true, ""in_zone"": true, ""ignition"": true, ""latitude"": 42.6413133, ""direction"": 116, ""longitude"": 18.0641382, ""gsm_signal"": 31, ""sleep_mode"": false, ""staff_mode"": false, ""fault_codes"": [], ""speed_limit"": 46, ""engine_hours"": 1591, ""idc_triggers"": [], ""buzzer_active"": false, ""fuel_level_avg"": 0, ""lock_geo_alert"": false, ""operation_mode"": ""RENT"", ""battery_voltage"": 14.800000190734863, ""in_primary_zone"": true, ""lock_engine_alert"": false, ""in_restricted_zone"": false, ""onboard_geofencing"": false, ""speed_limit_active"": false}"
2023-07-17 12:57:54.421,5237,13,"359159972073523",20,"{""key"": false, ""flip"": false, ""zone"": false, ""speed"": 50.2, ""buzzer"": 0, ""engine"": true, ""in_zone"": true, ""ignition"": true, ""latitude"": 42.6413716, ""direction"": 115, ""longitude"": 18.0639782, ""gsm_signal"": 31, ""sleep_mode"": false, ""staff_mode"": false, ""fault_codes"": [], ""speed_limit"": 46, ""engine_hours"": 1591, ""idc_triggers"": [], ""buzzer_active"": false, ""fuel_level_avg"": 0, ""lock_geo_alert"": false, ""operation_mode"": ""RENT"", ""battery_voltage"": 14.800000190734863, ""in_primary_zone"": true, ""lock_engine_alert"": false, ""in_restricted_zone"": false, ""onboard_geofencing"": false, ""speed_limit_active"": false}"
2023-07-17 12:57:53.434,5237,13,"359159972073523",20,"{""key"": false, ""flip"": false, ""zone"": false, ""speed"": 46.4, ""buzzer"": 0, ""engine"": true, ""in_zone"": true, ""ignition"": true, ""latitude"": 42.6414266, ""direction"": 115, ""longitude"": 18.0638282, ""gsm_signal"": 31, ""sleep_mode"": false, ""staff_mode"": false, ""fault_codes"": [], ""speed_limit"": 46, ""engine_hours"": 1591, ""idc_triggers"": [], ""buzzer_active"": false, ""fuel_level_avg"": 0, ""lock_geo_alert"": false, ""operation_mode"": ""RENT"", ""battery_voltage"": 14.800000190734863, ""in_primary_zone"": true, ""lock_engine_alert"": false, ""in_restricted_zone"": false, ""onboard_geofencing"": false, ""speed_limit_active"": false}"
2023-07-17 12:57:52.497,5237,13,"359159972073523",20,"{""key"": false, ""flip"": false, ""zone"": false, ""speed"": 42.2, ""buzzer"": 0, ""engine"": true, ""in_zone"": true, ""ignition"": true, ""latitude"": 42.641475, ""direction"": 116, ""longitude"": 18.0636916, ""gsm_signal"": 31, ""sleep_mode"": false, ""staff_mode"": false, ""fault_codes"": [], ""speed_limit"": 46, ""engine_hours"": 1591, ""idc_triggers"": [], ""buzzer_active"": false, ""fuel_level_avg"": 0, ""lock_geo_alert"": false, ""operation_mode"": ""RENT"", ""battery_voltage"": 14.800000190734863, ""in_primary_zone"": true, ""lock_engine_alert"": false, ""in_restricted_zone"": false, ""onboard_geofencing"": false, ""speed_limit_active"": false}"
2023-07-17 12:57:51.916,5237,13,"359159972073523",20,"{""key"": false, ""flip"": false, ""zone"": false, ""speed"": 38.9, ""buzzer"": 0, ""engine"": true, ""in_zone"": true, ""ignition"": true, ""latitude"": 42.64152, ""direction"": 117, ""longitude"": 18.06357, ""gsm_signal"": 31, ""sleep_mode"": false, ""staff_mode"": false, ""fault_codes"": [], ""speed_limit"": 46, ""engine_hours"": 1591, ""idc_triggers"": [], ""buzzer_active"": false, ""fuel_level_avg"": 0, ""lock_geo_alert"": false, ""operation_mode"": ""RENT"", ""battery_voltage"": 14.800000190734863, ""in_primary_zone"": true, ""lock_engine_alert"": false, ""in_restricted_zone"": false, ""onboard_geofencing"": false, ""speed_limit_active"": false}"
2023-07-17 12:57:50.418,5237,13,"359159972073523",20,"{""key"": false, ""flip"": false, ""zone"": false, ""speed"": 34.8, ""buzzer"": 0, ""engine"": true, ""in_zone"": true, ""ignition"": true, ""latitude"": 42.641565, ""direction"": 119, ""longitude"": 18.0634566, ""gsm_signal"": 31, ""sleep_mode"": false, ""staff_mode"": false, ""fault_codes"": [], ""speed_limit"": 46, ""engine_hours"": 1591, ""idc_triggers"": [], ""buzzer_active"": false, ""fuel_level_avg"": 0, ""lock_geo_alert"": false, ""operation_mode"": ""RENT"", ""battery_voltage"": 14.800000190734863, ""in_primary_zone"": true, ""lock_engine_alert"": false, ""in_restricted_zone"": false, ""onboard_geofencing"": false, ""speed_limit_active"": false}"
2023-07-17 12:57:49.438,5237,13,"359159972073523",20,"{""key"": false, ""flip"": false, ""zone"": false, ""speed"": 26.4, ""buzzer"": 0, ""engine"": true, ""in_zone"": true, ""ignition"": true, ""latitude"": 42.641605, ""direction"": 118, ""longitude"": 18.0633616, ""gsm_signal"": 31, ""sleep_mode"": false, ""staff_mode"": false, ""fault_codes"": [], ""speed_limit"": 46, ""engine_hours"": 1591, ""idc_triggers"": [], ""buzzer_active"": false, ""fuel_level_avg"": 0, ""lock_geo_alert"": false, ""operation_mode"": ""RENT"", ""battery_voltage"": 14.800000190734863, ""in_primary_zone"": true, ""lock_engine_alert"": false, ""in_restricted_zone"": false, ""onboard_geofencing"": false, ""speed_limit_active"": false}"
2023-07-17 12:57:48.504,5237,13,"359159972073523",20,"{""key"": false, ""flip"": false, ""zone"": false, ""speed"": 19.9, ""buzzer"": 0, ""engine"": true, ""in_zone"": true, ""ignition"": true, ""latitude"": 42.641635, ""direction"": 114, ""longitude"": 18.0632882, ""gsm_signal"": 31, ""sleep_mode"": false, ""staff_mode"": false, ""fault_codes"": [], ""speed_limit"": 46, ""engine_hours"": 1591, ""idc_triggers"": [], ""buzzer_active"": false, ""fuel_level_avg"": 0, ""lock_geo_alert"": false, ""operation_mode"": ""RENT"", ""battery_voltage"": 14.800000190734863, ""in_primary_zone"": true, ""lock_engine_alert"": false, ""in_restricted_zone"": false, ""onboard_geofencing"": false, ""speed_limit_active"": false}"
2023-07-17 12:57:47.928,5237,13,"359159972073523",20,"{""key"": false, ""flip"": false, ""zone"": false, ""speed"": 16.7, ""buzzer"": 0, ""engine"": true, ""in_zone"": true, ""ignition"": true, ""latitude"": 42.641655, ""direction"": 98, ""longitude"": 18.0632282, ""gsm_signal"": 31, ""sleep_mode"": false, ""staff_mode"": false, ""fault_codes"": [], ""speed_limit"": 46, ""engine_hours"": 1591, ""idc_triggers"": [], ""buzzer_active"": false, ""fuel_level_avg"": 0, ""lock_geo_alert"": false, ""operation_mode"": ""RENT"", ""battery_voltage"": 14.800000190734863, ""in_primary_zone"": true, ""lock_engine_alert"": false, ""in_restricted_zone"": false, ""onboard_geofencing"": false, ""speed_limit_active"": false}"
2023-07-17 12:57:46.415,5237,13,"359159972073523",20,"{""key"": false, ""flip"": false, ""zone"": false, ""speed"": 13.3, ""buzzer"": 0, ""engine"": true, ""in_zone"": true, ""ignition"": true, ""latitude"": 42.6416583, ""direction"": 70, ""longitude"": 18.0631766, ""gsm_signal"": 31, ""sleep_mode"": false, ""staff_mode"": false, ""fault_codes"": [], ""speed_limit"": 46, ""engine_hours"": 1591, ""idc_triggers"": [], ""buzzer_active"": false, ""fuel_level_avg"": 0, ""lock_geo_alert"": false, ""operation_mode"": ""RENT"", ""battery_voltage"": 14.800000190734863, ""in_primary_zone"": true, ""lock_engine_alert"": false, ""in_restricted_zone"": false, ""onboard_geofencing"": false, ""speed_limit_active"": false}"
2023-07-17 12:57:45.425,5237,13,"359159972073523",20,"{""key"": false, ""flip"": false, ""zone"": false, ""speed"": 14.0, ""buzzer"": 0, ""engine"": true, ""in_zone"": true, ""ignition"": true, ""latitude"": 42.6416483, ""direction"": 56, ""longitude"": 18.0631332, ""gsm_signal"": 31, ""sleep_mode"": false, ""staff_mode"": false, ""fault_codes"": [], ""speed_limit"": 46, ""engine_hours"": 1591, ""idc_triggers"": [], ""buzzer_active"": false, ""fuel_level_avg"": 0, ""lock_geo_alert"": false, ""operation_mode"": ""RENT"", ""battery_voltage"": 14.800000190734863, ""in_primary_zone"": true, ""lock_engine_alert"": false, ""in_restricted_zone"": false, ""onboard_geofencing"": false, ""speed_limit_active"": false}"
2023-07-17 12:57:44.439,5237,13,"359159972073523",20,"{""key"": false, ""flip"": false, ""zone"": false, ""speed"": 10.5, ""buzzer"": 0, ""engine"": true, ""in_zone"": true, ""ignition"": true, ""latitude"": 42.64163, ""direction"": 25, ""longitude"": 18.0630966, ""gsm_signal"": 31, ""sleep_mode"": false, ""staff_mode"": false, ""fault_codes"": [], ""speed_limit"": 46, ""engine_hours"": 1591, ""idc_triggers"": [], ""buzzer_active"": false, ""fuel_level_avg"": 0, ""lock_geo_alert"": false, ""operation_mode"": ""RENT"", ""battery_voltage"": 14.800000190734863, ""in_primary_zone"": true, ""lock_engine_alert"": false, ""in_restricted_zone"": false, ""onboard_geofencing"": false, ""speed_limit_active"": false}"
2023-07-17 12:57:43.498,5237,13,"359159972073523",20,"{""key"": false, ""flip"": false, ""zone"": false, ""speed"": 13.9, ""buzzer"": 0, ""engine"": true, ""in_zone"": true, ""ignition"": true, ""latitude"": 42.641605, ""direction"": 8, ""longitude"": 18.0630766, ""gsm_signal"": 31, ""sleep_mode"": false, ""staff_mode"": false, ""fault_codes"": [], ""speed_limit"": 46, ""engine_hours"": 1591, ""idc_triggers"": [], ""buzzer_active"": false, ""fuel_level_avg"": 0, ""lock_geo_alert"": false, ""operation_mode"": ""RENT"", ""battery_voltage"": 14.800000190734863, ""in_primary_zone"": true, ""lock_engine_alert"": false, ""in_restricted_zone"": false, ""onboard_geofencing"": false, ""speed_limit_active"": false}"
2023-07-17 12:57:42.917,5237,13,"359159972073523",20,"{""key"": false, ""flip"": false, ""zone"": false, ""speed"": 17.5, ""buzzer"": 0, ""engine"": true, ""in_zone"": true, ""ignition"": true, ""latitude"": 42.6415683, ""direction"": 358, ""longitude"": 18.06307, ""gsm_signal"": 27, ""sleep_mode"": false, ""staff_mode"": false, ""fault_codes"": [], ""speed_limit"": 46, ""engine_hours"": 1591, ""idc_triggers"": [], ""buzzer_active"": false, ""fuel_level_avg"": 0, ""lock_geo_alert"": false, ""operation_mode"": ""RENT"", ""battery_voltage"": 14.800000190734863, ""in_primary_zone"": true, ""lock_engine_alert"": false, ""in_restricted_zone"": false, ""onboard_geofencing"": false, ""speed_limit_active"": false}"
2023-07-17 12:57:41.418,5237,13,"359159972073523",20,"{""key"": false, ""flip"": false, ""zone"": false, ""speed"": 12.8, ""buzzer"": 0, ""engine"": true, ""in_zone"": true, ""ignition"": true, ""latitude"": 42.6415283, ""direction"": 348, ""longitude"": 18.06307, ""gsm_signal"": 27, ""sleep_mode"": false, ""staff_mode"": false, ""fault_codes"": [], ""speed_limit"": 46, ""engine_hours"": 1591, ""idc_triggers"": [], ""buzzer_active"": false, ""fuel_level_avg"": 0, ""lock_geo_alert"": false, ""operation_mode"": ""RENT"", ""battery_voltage"": 14.800000190734863, ""in_primary_zone"": true, ""lock_engine_alert"": false, ""in_restricted_zone"": false, ""onboard_geofencing"": false, ""speed_limit_active"": false}"
2023-07-17 12:57:40.536,5237,13,"359159972073523",20,"{""key"": false, ""flip"": false, ""zone"": false, ""speed"": 10.6, ""buzzer"": 0, ""engine"": true, ""in_zone"": true, ""ignition"": true, ""latitude"": 42.6415, ""direction"": 326, ""longitude"": 18.063075, ""gsm_signal"": 27, ""sleep_mode"": false, ""staff_mode"": false, ""fault_codes"": [], ""speed_limit"": 46, ""engine_hours"": 1591, ""idc_triggers"": [], ""buzzer_active"": false, ""fuel_level_avg"": 0, ""lock_geo_alert"": false, ""operation_mode"": ""RENT"", ""battery_voltage"": 14.800000190734863, ""in_primary_zone"": true, ""lock_engine_alert"": false, ""in_restricted_zone"": false, ""onboard_geofencing"": false, ""speed_limit_active"": false}"
2023-07-17 12:57:39.495,5237,13,"359159972073523",20,"{""key"": false, ""flip"": false, ""zone"": false, ""speed"": 9.9, ""buzzer"": 0, ""engine"": true, ""in_zone"": true, ""ignition"": true, ""latitude"": 42.6414783, ""direction"": 284, ""longitude"": 18.0630916, ""gsm_signal"": 27, ""sleep_mode"": false, ""staff_mode"": false, ""fault_codes"": [], ""speed_limit"": 46, ""engine_hours"": 1591, ""idc_triggers"": [], ""buzzer_active"": false, ""fuel_level_avg"": 0, ""lock_geo_alert"": false, ""operation_mode"": ""RENT"", ""battery_voltage"": 14.800000190734863, ""in_primary_zone"": true, ""lock_engine_alert"": false, ""in_restricted_zone"": false, ""onboard_geofencing"": false, ""speed_limit_active"": false}"
2023-07-17 12:57:38.917,5237,13,"359159972073523",20,"{""key"": false, ""flip"": false, ""zone"": false, ""speed"": 14.1, ""buzzer"": 0, ""engine"": true, ""in_zone"": true, ""ignition"": true, ""latitude"": 42.64147, ""direction"": 250, ""longitude"": 18.063125, ""gsm_signal"": 27, ""sleep_mode"": false, ""staff_mode"": false, ""fault_codes"": [], ""speed_limit"": 46, ""engine_hours"": 1591, ""idc_triggers"": [], ""buzzer_active"": false, ""fuel_level_avg"": 0, ""lock_geo_alert"": false, ""operation_mode"": ""RENT"", ""battery_voltage"": 14.800000190734863, ""in_primary_zone"": true, ""lock_engine_alert"": false, ""in_restricted_zone"": false, ""onboard_geofencing"": false, ""speed_limit_active"": false}"
2023-07-17 12:57:37.415,5237,13,"359159972073523",20,"{""key"": false, ""flip"": false, ""zone"": false, ""speed"": 19.7, ""buzzer"": 0, ""engine"": true, ""in_zone"": true, ""ignition"": true, ""latitude"": 42.641485, ""direction"": 225, ""longitude"": 18.0631716, ""gsm_signal"": 27, ""sleep_mode"": false, ""staff_mode"": false, ""fault_codes"": [], ""speed_limit"": 46, ""engine_hours"": 1591, ""idc_triggers"": [], ""buzzer_active"": false, ""fuel_level_avg"": 0, ""lock_geo_alert"": false, ""operation_mode"": ""RENT"", ""battery_voltage"": 14.800000190734863, ""in_primary_zone"": true, ""lock_engine_alert"": false, ""in_restricted_zone"": false, ""onboard_geofencing"": false, ""speed_limit_active"": false}"
2023-07-17 12:57:36.441,5237,13,"359159972073523",20,"{""key"": false, ""flip"": false, ""zone"": false, ""speed"": 26.5, ""buzzer"": 0, ""engine"": true, ""in_zone"": true, ""ignition"": true, ""latitude"": 42.6415266, ""direction"": 211, ""longitude"": 18.06322, ""gsm_signal"": 27, ""sleep_mode"": false, ""staff_mode"": false, ""fault_codes"": [], ""speed_limit"": 46, ""engine_hours"": 1591, ""idc_triggers"": [], ""buzzer_active"": false, ""fuel_level_avg"": 0, ""lock_geo_alert"": false, ""operation_mode"": ""RENT"", ""battery_voltage"": 14.800000190734863, ""in_primary_zone"": true, ""lock_engine_alert"": false, ""in_restricted_zone"": false, ""onboard_geofencing"": false, ""speed_limit_active"": false}"
2023-07-17 12:57:35.476,5237,13,"359159972073523",20,"{""key"": false, ""flip"": false, ""zone"": false, ""speed"": 36.3, ""buzzer"": 0, ""engine"": true, ""in_zone"": true, ""ignition"": true, ""latitude"": 42.64159, ""direction"": 207, ""longitude"": 18.06327, ""gsm_signal"": 27, ""sleep_mode"": false, ""staff_mode"": false, ""fault_codes"": [], ""speed_limit"": 46, ""engine_hours"": 1591, ""idc_triggers"": [], ""buzzer_active"": false, ""fuel_level_avg"": 0, ""lock_geo_alert"": false, ""operation_mode"": ""RENT"", ""battery_voltage"": 14.800000190734863, ""in_primary_zone"": true, ""lock_engine_alert"": false, ""in_restricted_zone"": false, ""onboard_geofencing"": false, ""speed_limit_active"": false}"
2023-07-17 12:57:34.917,5237,13,"359159972073523",20,"{""key"": false, ""flip"": false, ""zone"": false, ""speed"": 46.5, ""buzzer"": 0, ""engine"": true, ""in_zone"": true, ""ignition"": true, ""latitude"": 42.6416783, ""direction"": 206, ""longitude"": 18.06333, ""gsm_signal"": 27, ""sleep_mode"": false, ""staff_mode"": false, ""fault_codes"": [], ""speed_limit"": 46, ""engine_hours"": 1591, ""idc_triggers"": [], ""buzzer_active"": false, ""fuel_level_avg"": 0, ""lock_geo_alert"": false, ""operation_mode"": ""RENT"", ""battery_voltage"": 14.800000190734863, ""in_primary_zone"": true, ""lock_engine_alert"": false, ""in_restricted_zone"": false, ""onboard_geofencing"": false, ""speed_limit_active"": false}"
2023-07-17 12:57:33.418,5237,13,"359159972073523",20,"{""key"": false, ""flip"": false, ""zone"": false, ""speed"": 54.7, ""buzzer"": 0, ""engine"": true, ""in_zone"": true, ""ignition"": true, ""latitude"": 42.6417866, ""direction"": 206, ""longitude"": 18.0634032, ""gsm_signal"": 28, ""sleep_mode"": false, ""staff_mode"": false, ""fault_codes"": [], ""speed_limit"": 46, ""engine_hours"": 1591, ""idc_triggers"": [], ""buzzer_active"": false, ""fuel_level_avg"": 0, ""lock_geo_alert"": false, ""operation_mode"": ""RENT"", ""battery_voltage"": 14.800000190734863, ""in_primary_zone"": true, ""lock_engine_alert"": false, ""in_restricted_zone"": false, ""onboard_geofencing"": false, ""speed_limit_active"": false}"
2023-07-17 12:57:32.436,5237,13,"359159972073523",20,"{""key"": false, ""flip"": false, ""zone"": false, ""speed"": 53.2, ""buzzer"": 0, ""engine"": true, ""in_zone"": true, ""ignition"": true, ""latitude"": 42.6419083, ""direction"": 207, ""longitude"": 18.063485, ""gsm_signal"": 28, ""sleep_mode"": false, ""staff_mode"": false, ""fault_codes"": [], ""speed_limit"": 46, ""engine_hours"": 1591, ""idc_triggers"": [], ""buzzer_active"": false, ""fuel_level_avg"": 0, ""lock_geo_alert"": false, ""operation_mode"": ""RENT"", ""battery_voltage"": 14.800000190734863, ""in_primary_zone"": true, ""lock_engine_alert"": false, ""in_restricted_zone"": false, ""onboard_geofencing"": false, ""speed_limit_active"": false}"
2023-07-17 12:57:31.499,5237,13,"359159972073523",20,"{""key"": false, ""flip"": false, ""zone"": false, ""speed"": 50.6, ""buzzer"": 0, ""engine"": true, ""in_zone"": true, ""ignition"": true, ""latitude"": 42.6420233, ""direction"": 208, ""longitude"": 18.0635682, ""gsm_signal"": 28, ""sleep_mode"": false, ""staff_mode"": false, ""fault_codes"": [], ""speed_limit"": 46, ""engine_hours"": 1591, ""idc_triggers"": [], ""buzzer_active"": false, ""fuel_level_avg"": 0, ""lock_geo_alert"": false, ""operation_mode"": ""RENT"", ""battery_voltage"": 14.800000190734863, ""in_primary_zone"": true, ""lock_engine_alert"": false, ""in_restricted_zone"": false, ""onboard_geofencing"": false, ""speed_limit_active"": false}"
2023-07-17 12:57:30.918,5237,13,"359159972073523",20,"{""key"": false, ""flip"": false, ""zone"": false, ""speed"": 46.9, ""buzzer"": 0, ""engine"": true, ""in_zone"": true, ""ignition"": true, ""latitude"": 42.6421316, ""direction"": 209, ""longitude"": 18.06365, ""gsm_signal"": 26, ""sleep_mode"": false, ""staff_mode"": false, ""fault_codes"": [], ""speed_limit"": 46, ""engine_hours"": 1591, ""idc_triggers"": [], ""buzzer_active"": false, ""fuel_level_avg"": 0, ""lock_geo_alert"": false, ""operation_mode"": ""RENT"", ""battery_voltage"": 14.800000190734863, ""in_primary_zone"": true, ""lock_engine_alert"": false, ""in_restricted_zone"": false, ""onboard_geofencing"": false, ""speed_limit_active"": false}"
2023-07-17 12:57:29.419,5237,13,"359159972073523",20,"{""key"": false, ""flip"": false, ""zone"": false, ""speed"": 44.1, ""buzzer"": 0, ""engine"": true, ""in_zone"": true, ""ignition"": true, ""latitude"": 42.6422316, ""direction"": 209, ""longitude"": 18.0637266, ""gsm_signal"": 26, ""sleep_mode"": false, ""staff_mode"": false, ""fault_codes"": [], ""speed_limit"": 46, ""engine_hours"": 1591, ""idc_triggers"": [], ""buzzer_active"": false, ""fuel_level_avg"": 0, ""lock_geo_alert"": false, ""operation_mode"": ""RENT"", ""battery_voltage"": 14.800000190734863, ""in_primary_zone"": true, ""lock_engine_alert"": false, ""in_restricted_zone"": false, ""onboard_geofencing"": false, ""speed_limit_active"": false}"
2023-07-17 12:57:28.416,5237,13,"359159972073523",20,"{""key"": false, ""flip"": false, ""zone"": false, ""speed"": 39.5, ""buzzer"": 0, ""engine"": true, ""in_zone"": true, ""ignition"": true, ""latitude"": 42.642325, ""direction"": 207, ""longitude"": 18.0637966, ""gsm_signal"": 26, ""sleep_mode"": false, ""staff_mode"": false, ""fault_codes"": [], ""speed_limit"": 46, ""engine_hours"": 1591, ""idc_triggers"": [], ""buzzer_active"": false, ""fuel_level_avg"": 0, ""lock_geo_alert"": false, ""operation_mode"": ""RENT"", ""battery_voltage"": 14.800000190734863, ""in_primary_zone"": true, ""lock_engine_alert"": false, ""in_restricted_zone"": false, ""onboard_geofencing"": false, ""speed_limit_active"": false}"
2023-07-17 12:57:27.440,5237,13,"359159972073523",20,"{""key"": false, ""flip"": false, ""zone"": false, ""speed"": 34.0, ""buzzer"": 0, ""engine"": true, ""in_zone"": true, ""ignition"": true, ""latitude"": 42.6424083, ""direction"": 209, ""longitude"": 18.0638566, ""gsm_signal"": 26, ""sleep_mode"": false, ""staff_mode"": false, ""fault_codes"": [], ""speed_limit"": 46, ""engine_hours"": 1591, ""idc_triggers"": [], ""buzzer_active"": false, ""fuel_level_avg"": 0, ""lock_geo_alert"": false, ""operation_mode"": ""RENT"", ""battery_voltage"": 14.800000190734863, ""in_primary_zone"": true, ""lock_engine_alert"": false, ""in_restricted_zone"": false, ""onboard_geofencing"": false, ""speed_limit_active"": false}"
2023-07-17 12:57:26.476,5237,13,"359159972073523",20,"{""key"": false, ""flip"": false, ""zone"": false, ""speed"": 26.8, ""buzzer"": 0, ""engine"": true, ""in_zone"": true, ""ignition"": true, ""latitude"": 42.6424766, ""direction"": 210, ""longitude"": 18.06391, ""gsm_signal"": 26, ""sleep_mode"": false, ""staff_mode"": false, ""fault_codes"": [], ""speed_limit"": 46, ""engine_hours"": 1591, ""idc_triggers"": [], ""buzzer_active"": false, ""fuel_level_avg"": 0, ""lock_geo_alert"": false, ""operation_mode"": ""RENT"", ""battery_voltage"": 14.800000190734863, ""in_primary_zone"": true, ""lock_engine_alert"": false, ""in_restricted_zone"": false, ""onboard_geofencing"": false, ""speed_limit_active"": false}"
2023-07-17 12:57:25.917,5237,13,"359159972073523",20,"{""key"": false, ""flip"": false, ""zone"": false, ""speed"": 24.2, ""buzzer"": 0, ""engine"": true, ""in_zone"": true, ""ignition"": true, ""latitude"": 42.6425333, ""direction"": 208, ""longitude"": 18.0639532, ""gsm_signal"": 26, ""sleep_mode"": false, ""staff_mode"": false, ""fault_codes"": [], ""speed_limit"": 46, ""engine_hours"": 1591, ""idc_triggers"": [], ""buzzer_active"": false, ""fuel_level_avg"": 0, ""lock_geo_alert"": false, ""operation_mode"": ""RENT"", ""battery_voltage"": 14.800000190734863, ""in_primary_zone"": true, ""lock_engine_alert"": false, ""in_restricted_zone"": false, ""onboard_geofencing"": false, ""speed_limit_active"": false}"
2023-07-17 12:57:24.436,5237,13,"359159972073523",20,"{""key"": false, ""flip"": false, ""zone"": false, ""speed"": 16.1, ""buzzer"": 0, ""engine"": true, ""in_zone"": true, ""ignition"": true, ""latitude"": 42.64258, ""direction"": 202, ""longitude"": 18.0639882, ""gsm_signal"": 29, ""sleep_mode"": false, ""staff_mode"": false, ""fault_codes"": [], ""speed_limit"": 46, ""engine_hours"": 1591, ""idc_triggers"": [], ""buzzer_active"": false, ""fuel_level_avg"": 0, ""lock_geo_alert"": false, ""operation_mode"": ""RENT"", ""battery_voltage"": 14.800000190734863, ""in_primary_zone"": true, ""lock_engine_alert"": false, ""in_restricted_zone"": false, ""onboard_geofencing"": false, ""speed_limit_active"": false}"
2023-07-17 12:57:23.476,5237,13,"359159972073523",20,"{""key"": false, ""flip"": false, ""zone"": false, ""speed"": 10.8, ""buzzer"": 0, ""engine"": true, ""in_zone"": true, ""ignition"": true, ""latitude"": 42.642615, ""direction"": 187, ""longitude"": 18.064005, ""gsm_signal"": 29, ""sleep_mode"": false, ""staff_mode"": false, ""fault_codes"": [], ""speed_limit"": 46, ""engine_hours"": 1591, ""idc_triggers"": [], ""buzzer_active"": false, ""fuel_level_avg"": 0, ""lock_geo_alert"": false, ""operation_mode"": ""RENT"", ""battery_voltage"": 14.800000190734863, ""in_primary_zone"": true, ""lock_engine_alert"": false, ""in_restricted_zone"": false, ""onboard_geofencing"": false, ""speed_limit_active"": false}"
2023-07-17 12:57:22.919,5237,13,"359159972073523",20,"{""key"": false, ""flip"": false, ""zone"": false, ""speed"": 7.4, ""buzzer"": 0, ""engine"": true, ""in_zone"": true, ""ignition"": true, ""latitude"": 42.6426383, ""direction"": 177, ""longitude"": 18.0640082, ""gsm_signal"": 29, ""sleep_mode"": false, ""staff_mode"": false, ""fault_codes"": [], ""speed_limit"": 46, ""engine_hours"": 1591, ""idc_triggers"": [], ""buzzer_active"": false, ""fuel_level_avg"": 0, ""lock_geo_alert"": false, ""operation_mode"": ""RENT"", ""battery_voltage"": 14.800000190734863, ""in_primary_zone"": true, ""lock_engine_alert"": false, ""in_restricted_zone"": false, ""onboard_geofencing"": false, ""speed_limit_active"": false}"
2023-07-17 12:57:21.420,5237,13,"359159972073523",20,"{""key"": false, ""flip"": false, ""zone"": false, ""speed"": 5.5, ""buzzer"": 0, ""engine"": true, ""in_zone"": true, ""ignition"": true, ""latitude"": 42.6426566, ""direction"": 173, ""longitude"": 18.0640066, ""gsm_signal"": 29, ""sleep_mode"": false, ""staff_mode"": false, ""fault_codes"": [], ""speed_limit"": 46, ""engine_hours"": 1591, ""idc_triggers"": [], ""buzzer_active"": false, ""fuel_level_avg"": 0, ""lock_geo_alert"": false, ""operation_mode"": ""RENT"", ""battery_voltage"": 14.800000190734863, ""in_primary_zone"": true, ""lock_engine_alert"": false, ""in_restricted_zone"": false, ""onboard_geofencing"": false, ""speed_limit_active"": false}"
2023-07-17 12:57:20.435,5237,13,"359159972073523",20,"{""key"": false, ""flip"": false, ""zone"": false, ""speed"": 5.1, ""buzzer"": 0, ""engine"": true, ""in_zone"": true, ""ignition"": true, ""latitude"": 42.64267, ""direction"": 170, ""longitude"": 18.064005, ""gsm_signal"": 29, ""sleep_mode"": false, ""staff_mode"": false, ""fault_codes"": [], ""speed_limit"": 46, ""engine_hours"": 1591, ""idc_triggers"": [], ""buzzer_active"": false, ""fuel_level_avg"": 0, ""lock_geo_alert"": false, ""operation_mode"": ""RENT"", ""battery_voltage"": 14.800000190734863, ""in_primary_zone"": true, ""lock_engine_alert"": false, ""in_restricted_zone"": false, ""onboard_geofencing"": false, ""speed_limit_active"": false}"
2023-07-17 12:57:19.497,5237,13,"359159972073523",20,"{""key"": false, ""flip"": false, ""zone"": false, ""speed"": 5.9, ""buzzer"": 0, ""engine"": true, ""in_zone"": true, ""ignition"": true, ""latitude"": 42.6426833, ""direction"": 165, ""longitude"": 18.0640016, ""gsm_signal"": 29, ""sleep_mode"": false, ""staff_mode"": false, ""fault_codes"": [], ""speed_limit"": 46, ""engine_hours"": 1591, ""idc_triggers"": [], ""buzzer_active"": false, ""fuel_level_avg"": 0, ""lock_geo_alert"": false, ""operation_mode"": ""RENT"", ""battery_voltage"": 14.800000190734863, ""in_primary_zone"": true, ""lock_engine_alert"": false, ""in_restricted_zone"": false, ""onboard_geofencing"": false, ""speed_limit_active"": false}"
2023-07-17 12:57:18.924,5237,13,"359159972073523",20,"{""key"": false, ""flip"": false, ""zone"": false, ""speed"": 6.6, ""buzzer"": 0, ""engine"": true, ""in_zone"": true, ""ignition"": true, ""latitude"": 42.6426983, ""direction"": 159, ""longitude"": 18.0639966, ""gsm_signal"": 30, ""sleep_mode"": false, ""staff_mode"": false, ""fault_codes"": [], ""speed_limit"": 46, ""engine_hours"": 1591, ""idc_triggers"": [], ""buzzer_active"": false, ""fuel_level_avg"": 0, ""lock_geo_alert"": false, ""operation_mode"": ""RENT"", ""battery_voltage"": 14.800000190734863, ""in_primary_zone"": true, ""lock_engine_alert"": false, ""in_restricted_zone"": false, ""onboard_geofencing"": false, ""speed_limit_active"": false}"
2023-07-17 12:57:17.416,5237,13,"359159972073523",20,"{""key"": false, ""flip"": false, ""zone"": false, ""speed"": 5.8, ""buzzer"": 0, ""engine"": true, ""in_zone"": true, ""ignition"": true, ""latitude"": 42.6427133, ""direction"": 152, ""longitude"": 18.06399, ""gsm_signal"": 30, ""sleep_mode"": false, ""staff_mode"": false, ""fault_codes"": [], ""speed_limit"": 46, ""engine_hours"": 1591, ""idc_triggers"": [], ""buzzer_active"": false, ""fuel_level_avg"": 0, ""lock_geo_alert"": false, ""operation_mode"": ""RENT"", ""battery_voltage"": 14.800000190734863, ""in_primary_zone"": true, ""lock_engine_alert"": false, ""in_restricted_zone"": false, ""onboard_geofencing"": false, ""speed_limit_active"": false}"
2023-07-17 12:57:16.438,5237,13,"359159972073523",20,"{""key"": false, ""flip"": false, ""zone"": false, ""speed"": 6.6, ""buzzer"": 0, ""engine"": true, ""in_zone"": true, ""ignition"": true, ""latitude"": 42.6427283, ""direction"": 147, ""longitude"": 18.06398, ""gsm_signal"": 30, ""sleep_mode"": false, ""staff_mode"": false, ""fault_codes"": [], ""speed_limit"": 46, ""engine_hours"": 1591, ""idc_triggers"": [], ""buzzer_active"": false, ""fuel_level_avg"": 0, ""lock_geo_alert"": false, ""operation_mode"": ""RENT"", ""battery_voltage"": 14.800000190734863, ""in_primary_zone"": true, ""lock_engine_alert"": false, ""in_restricted_zone"": false, ""onboard_geofencing"": false, ""speed_limit_active"": false}"
2023-07-17 12:57:15.496,5237,13,"359159972073523",20,"{""key"": false, ""flip"": false, ""zone"": false, ""speed"": 11.0, ""buzzer"": 0, ""engine"": true, ""in_zone"": true, ""ignition"": true, ""latitude"": 42.642745, ""direction"": 145, ""longitude"": 18.063965, ""gsm_signal"": 31, ""sleep_mode"": false, ""staff_mode"": false, ""fault_codes"": [], ""speed_limit"": 46, ""engine_hours"": 1591, ""idc_triggers"": [], ""buzzer_active"": false, ""fuel_level_avg"": 0, ""lock_geo_alert"": false, ""operation_mode"": ""RENT"", ""battery_voltage"": 14.800000190734863, ""in_primary_zone"": true, ""lock_engine_alert"": false, ""in_restricted_zone"": false, ""onboard_geofencing"": false, ""speed_limit_active"": false}"
2023-07-17 12:57:14.915,5237,13,"359159972073523",20,"{""key"": false, ""flip"": false, ""zone"": false, ""speed"": 17.4, ""buzzer"": 0, ""engine"": true, ""in_zone"": true, ""ignition"": true, ""latitude"": 42.6427716, ""direction"": 146, ""longitude"": 18.06394, ""gsm_signal"": 31, ""sleep_mode"": false, ""staff_mode"": false, ""fault_codes"": [], ""speed_limit"": 46, ""engine_hours"": 1591, ""idc_triggers"": [], ""buzzer_active"": false, ""fuel_level_avg"": 0, ""lock_geo_alert"": false, ""operation_mode"": ""RENT"", ""battery_voltage"": 14.800000190734863, ""in_primary_zone"": true, ""lock_engine_alert"": false, ""in_restricted_zone"": false, ""onboard_geofencing"": false, ""speed_limit_active"": false}"
2023-07-17 12:57:13.418,5237,13,"359159972073523",20,"{""key"": false, ""flip"": false, ""zone"": false, ""speed"": 25.7, ""buzzer"": 0, ""engine"": true, ""in_zone"": true, ""ignition"": true, ""latitude"": 42.642815, ""direction"": 150, ""longitude"": 18.063905, ""gsm_signal"": 31, ""sleep_mode"": false, ""staff_mode"": false, ""fault_codes"": [], ""speed_limit"": 46, ""engine_hours"": 1591, ""idc_triggers"": [], ""buzzer_active"": false, ""fuel_level_avg"": 0, ""lock_geo_alert"": false, ""operation_mode"": ""RENT"", ""battery_voltage"": 14.800000190734863, ""in_primary_zone"": true, ""lock_engine_alert"": false, ""in_restricted_zone"": false, ""onboard_geofencing"": false, ""speed_limit_active"": false}"
2023-07-17 12:57:12.417,5237,13,"359159972073523",20,"{""key"": false, ""flip"": false, ""zone"": false, ""speed"": 33.8, ""buzzer"": 0, ""engine"": true, ""in_zone"": true, ""ignition"": true, ""latitude"": 42.6428766, ""direction"": 153, ""longitude"": 18.06386, ""gsm_signal"": 29, ""sleep_mode"": false, ""staff_mode"": false, ""fault_codes"": [], ""speed_limit"": 46, ""engine_hours"": 1591, ""idc_triggers"": [], ""buzzer_active"": false, ""fuel_level_avg"": 0, ""lock_geo_alert"": false, ""operation_mode"": ""RENT"", ""battery_voltage"": 14.800000190734863, ""in_primary_zone"": true, ""lock_engine_alert"": false, ""in_restricted_zone"": false, ""onboard_geofencing"": false, ""speed_limit_active"": false}"
2023-07-17 12:57:11.436,5237,13,"359159972073523",20,"{""key"": false, ""flip"": false, ""zone"": false, ""speed"": 43.8, ""buzzer"": 0, ""engine"": true, ""in_zone"": true, ""ignition"": true, ""latitude"": 42.6429566, ""direction"": 153, ""longitude"": 18.0638016, ""gsm_signal"": 29, ""sleep_mode"": false, ""staff_mode"": false, ""fault_codes"": [], ""speed_limit"": 46, ""engine_hours"": 1591, ""idc_triggers"": [], ""buzzer_active"": false, ""fuel_level_avg"": 0, ""lock_geo_alert"": false, ""operation_mode"": ""RENT"", ""battery_voltage"": 14.800000190734863, ""in_primary_zone"": true, ""lock_engine_alert"": false, ""in_restricted_zone"": false, ""onboard_geofencing"": false, ""speed_limit_active"": false}"
2023-07-17 12:57:10.457,5237,13,"359159972073523",20,"{""key"": false, ""flip"": false, ""zone"": false, ""speed"": 55.0, ""buzzer"": 0, ""engine"": true, ""in_zone"": true, ""ignition"": true, ""latitude"": 42.6430633, ""direction"": 151, ""longitude"": 18.0637282, ""gsm_signal"": 29, ""sleep_mode"": false, ""staff_mode"": false, ""fault_codes"": [], ""speed_limit"": 46, ""engine_hours"": 1591, ""idc_triggers"": [], ""buzzer_active"": false, ""fuel_level_avg"": 0, ""lock_geo_alert"": false, ""operation_mode"": ""RENT"", ""battery_voltage"": 14.800000190734863, ""in_primary_zone"": true, ""lock_engine_alert"": false, ""in_restricted_zone"": false, ""onboard_geofencing"": false, ""speed_limit_active"": false}"
2023-07-17 12:57:09.495,5237,13,"359159972073523",20,"{""key"": false, ""flip"": false, ""zone"": false, ""speed"": 57.1, ""buzzer"": 0, ""engine"": true, ""in_zone"": true, ""ignition"": true, ""latitude"": 42.643185, ""direction"": 151, ""longitude"": 18.0636382, ""gsm_signal"": 29, ""sleep_mode"": false, ""staff_mode"": false, ""fault_codes"": [], ""speed_limit"": 46, ""engine_hours"": 1591, ""idc_triggers"": [], ""buzzer_active"": false, ""fuel_level_avg"": 0, ""lock_geo_alert"": false, ""operation_mode"": ""RENT"", ""battery_voltage"": 14.800000190734863, ""in_primary_zone"": true, ""lock_engine_alert"": false, ""in_restricted_zone"": false, ""onboard_geofencing"": false, ""speed_limit_active"": false}"
2023-07-17 12:57:08.915,5237,13,"359159972073523",20,"{""key"": false, ""flip"": false, ""zone"": false, ""speed"": 56.0, ""buzzer"": 0, ""engine"": true, ""in_zone"": true, ""ignition"": true, ""latitude"": 42.64331, ""direction"": 149, ""longitude"": 18.063545, ""gsm_signal"": 29, ""sleep_mode"": false, ""staff_mode"": false, ""fault_codes"": [], ""speed_limit"": 46, ""engine_hours"": 1591, ""idc_triggers"": [], ""buzzer_active"": false, ""fuel_level_avg"": 0, ""lock_geo_alert"": false, ""operation_mode"": ""RENT"", ""battery_voltage"": 14.800000190734863, ""in_primary_zone"": true, ""lock_engine_alert"": false, ""in_restricted_zone"": false, ""onboard_geofencing"": false, ""speed_limit_active"": false}"
2023-07-17 12:57:07.415,5237,13,"359159972073523",20,"{""key"": false, ""flip"": false, ""zone"": false, ""speed"": 55.6, ""buzzer"": 0, ""engine"": true, ""in_zone"": true, ""ignition"": true, ""latitude"": 42.64343, ""direction"": 149, ""longitude"": 18.06345, ""gsm_signal"": 29, ""sleep_mode"": false, ""staff_mode"": false, ""fault_codes"": [], ""speed_limit"": 46, ""engine_hours"": 1591, ""idc_triggers"": [], ""buzzer_active"": false, ""fuel_level_avg"": 0, ""lock_geo_alert"": false, ""operation_mode"": ""RENT"", ""battery_voltage"": 14.800000190734863, ""in_primary_zone"": true, ""lock_engine_alert"": false, ""in_restricted_zone"": false, ""onboard_geofencing"": false, ""speed_limit_active"": false}"
2023-07-17 12:57:06.437,5237,13,"359159972073523",20,"{""key"": false, ""flip"": false, ""zone"": false, ""speed"": 54.7, ""buzzer"": 0, ""engine"": true, ""in_zone"": true, ""ignition"": true, ""latitude"": 42.64355, ""direction"": 150, ""longitude"": 18.063355, ""gsm_signal"": 28, ""sleep_mode"": false, ""staff_mode"": false, ""fault_codes"": [], ""speed_limit"": 46, ""engine_hours"": 1591, ""idc_triggers"": [], ""buzzer_active"": false, ""fuel_level_avg"": 0, ""lock_geo_alert"": false, ""operation_mode"": ""RENT"", ""battery_voltage"": 14.800000190734863, ""in_primary_zone"": true, ""lock_engine_alert"": false, ""in_restricted_zone"": false, ""onboard_geofencing"": false, ""speed_limit_active"": false}"
2023-07-17 12:57:05.461,5237,13,"359159972073523",20,"{""key"": false, ""flip"": false, ""zone"": false, ""speed"": 54.3, ""buzzer"": 0, ""engine"": true, ""in_zone"": true, ""ignition"": true, ""latitude"": 42.64367, ""direction"": 151, ""longitude"": 18.063265, ""gsm_signal"": 28, ""sleep_mode"": false, ""staff_mode"": false, ""fault_codes"": [], ""speed_limit"": 46, ""engine_hours"": 1591, ""idc_triggers"": [], ""buzzer_active"": false, ""fuel_level_avg"": 0, ""lock_geo_alert"": false, ""operation_mode"": ""RENT"", ""battery_voltage"": 14.800000190734863, ""in_primary_zone"": true, ""lock_engine_alert"": false, ""in_restricted_zone"": false, ""onboard_geofencing"": false, ""speed_limit_active"": false}"
2023-07-17 12:57:04.954,5237,13,"359159972073523",20,"{""key"": false, ""flip"": false, ""zone"": false, ""speed"": 52.7, ""buzzer"": 0, ""engine"": true, ""in_zone"": true, ""ignition"": true, ""latitude"": 42.6437883, ""direction"": 151, ""longitude"": 18.0631766, ""gsm_signal"": 28, ""sleep_mode"": false, ""staff_mode"": false, ""fault_codes"": [], ""speed_limit"": 46, ""engine_hours"": 1591, ""idc_triggers"": [], ""buzzer_active"": false, ""fuel_level_avg"": 0, ""lock_geo_alert"": false, ""operation_mode"": ""RENT"", ""battery_voltage"": 14.800000190734863, ""in_primary_zone"": true, ""lock_engine_alert"": false, ""in_restricted_zone"": false, ""onboard_geofencing"": false, ""speed_limit_active"": false}"
2023-07-17 12:57:03.456,5237,13,"359159972073523",20,"{""key"": false, ""flip"": false, ""zone"": false, ""speed"": 51.6, ""buzzer"": 0, ""engine"": true, ""in_zone"": true, ""ignition"": true, ""latitude"": 42.6439033, ""direction"": 152, ""longitude"": 18.0630932, ""gsm_signal"": 28, ""sleep_mode"": false, ""staff_mode"": false, ""fault_codes"": [], ""speed_limit"": 46, ""engine_hours"": 1591, ""idc_triggers"": [], ""buzzer_active"": false, ""fuel_level_avg"": 0, ""lock_geo_alert"": false, ""operation_mode"": ""RENT"", ""battery_voltage"": 14.800000190734863, ""in_primary_zone"": true, ""lock_engine_alert"": false, ""in_restricted_zone"": false, ""onboard_geofencing"": false, ""speed_limit_active"": false}"
2023-07-17 12:57:02.536,5237,13,"359159972073523",20,"{""key"": false, ""flip"": false, ""zone"": false, ""speed"": 49.5, ""buzzer"": 0, ""engine"": true, ""in_zone"": true, ""ignition"": true, ""latitude"": 42.6440166, ""direction"": 151, ""longitude"": 18.0630132, ""gsm_signal"": 28, ""sleep_mode"": false, ""staff_mode"": false, ""fault_codes"": [], ""speed_limit"": 46, ""engine_hours"": 1591, ""idc_triggers"": [], ""buzzer_active"": false, ""fuel_level_avg"": 0, ""lock_geo_alert"": false, ""operation_mode"": ""RENT"", ""battery_voltage"": 14.800000190734863, ""in_primary_zone"": true, ""lock_engine_alert"": false, ""in_restricted_zone"": false, ""onboard_geofencing"": false, ""speed_limit_active"": false}"
2023-07-17 12:57:01.875,5237,13,"359159972073523",20,"{""key"": false, ""flip"": false, ""zone"": false, ""speed"": 47.0, ""buzzer"": 0, ""engine"": true, ""in_zone"": true, ""ignition"": true, ""latitude"": 42.644125, ""direction"": 151, ""longitude"": 18.0629332, ""gsm_signal"": 28, ""sleep_mode"": false, ""staff_mode"": false, ""fault_codes"": [], ""speed_limit"": 46, ""engine_hours"": 1591, ""idc_triggers"": [], ""buzzer_active"": false, ""fuel_level_avg"": 0, ""lock_geo_alert"": false, ""operation_mode"": ""RENT"", ""battery_voltage"": 14.800000190734863, ""in_primary_zone"": true, ""lock_engine_alert"": false, ""in_restricted_zone"": false, ""onboard_geofencing"": false, ""speed_limit_active"": false}"
2023-07-17 12:57:00.417,5237,13,"359159972073523",20,"{""key"": false, ""flip"": false, ""zone"": false, ""speed"": 43.1, ""buzzer"": 0, ""engine"": true, ""in_zone"": true, ""ignition"": true, ""latitude"": 42.6442266, ""direction"": 153, ""longitude"": 18.0628616, ""gsm_signal"": 27, ""sleep_mode"": false, ""staff_mode"": false, ""fault_codes"": [], ""speed_limit"": 46, ""engine_hours"": 1591, ""idc_triggers"": [], ""buzzer_active"": false, ""fuel_level_avg"": 0, ""lock_geo_alert"": false, ""operation_mode"": ""RENT"", ""battery_voltage"": 14.800000190734863, ""in_primary_zone"": true, ""lock_engine_alert"": false, ""in_restricted_zone"": false, ""onboard_geofencing"": false, ""speed_limit_active"": false}"
2023-07-17 12:56:59.433,5237,13,"359159972073523",20,"{""key"": false, ""flip"": false, ""zone"": false, ""speed"": 39.8, ""buzzer"": 0, ""engine"": true, ""in_zone"": true, ""ignition"": true, ""latitude"": 42.6443216, ""direction"": 153, ""longitude"": 18.0627982, ""gsm_signal"": 27, ""sleep_mode"": false, ""staff_mode"": false, ""fault_codes"": [], ""speed_limit"": 46, ""engine_hours"": 1591, ""idc_triggers"": [], ""buzzer_active"": false, ""fuel_level_avg"": 0, ""lock_geo_alert"": false, ""operation_mode"": ""RENT"", ""battery_voltage"": 14.800000190734863, ""in_primary_zone"": true, ""lock_engine_alert"": false, ""in_restricted_zone"": false, ""onboard_geofencing"": false, ""speed_limit_active"": false}"
2023-07-17 12:56:58.455,5237,13,"359159972073523",20,"{""key"": false, ""flip"": false, ""zone"": false, ""speed"": 38.8, ""buzzer"": 0, ""engine"": true, ""in_zone"": true, ""ignition"": true, ""latitude"": 42.64441, ""direction"": 150, ""longitude"": 18.0627382, ""gsm_signal"": 27, ""sleep_mode"": false, ""staff_mode"": false, ""fault_codes"": [], ""speed_limit"": 46, ""engine_hours"": 1591, ""idc_triggers"": [], ""buzzer_active"": false, ""fuel_level_avg"": 0, ""lock_geo_alert"": false, ""operation_mode"": ""RENT"", ""battery_voltage"": 14.800000190734863, ""in_primary_zone"": true, ""lock_engine_alert"": false, ""in_restricted_zone"": false, ""onboard_geofencing"": false, ""speed_limit_active"": false}"
2023-07-17 12:56:57.494,5237,13,"359159972073523",20,"{""key"": false, ""flip"": false, ""zone"": false, ""speed"": 41.6, ""buzzer"": 0, ""engine"": true, ""in_zone"": true, ""ignition"": true, ""latitude"": 42.6444983, ""direction"": 152, ""longitude"": 18.0626732, ""gsm_signal"": 28, ""sleep_mode"": false, ""staff_mode"": false, ""fault_codes"": [], ""speed_limit"": 46, ""engine_hours"": 1591, ""idc_triggers"": [], ""buzzer_active"": false, ""fuel_level_avg"": 0, ""lock_geo_alert"": false, ""operation_mode"": ""RENT"", ""battery_voltage"": 14.800000190734863, ""in_primary_zone"": true, ""lock_engine_alert"": false, ""in_restricted_zone"": false, ""onboard_geofencing"": false, ""speed_limit_active"": false}"
2023-07-17 12:56:56.554,5237,13,"359159972073523",20,"{""key"": false, ""flip"": false, ""zone"": false, ""speed"": 38.5, ""buzzer"": 0, ""engine"": true, ""in_zone"": true, ""ignition"": true, ""latitude"": 42.6445883, ""direction"": 152, ""longitude"": 18.06261, ""gsm_signal"": 28, ""sleep_mode"": false, ""staff_mode"": false, ""fault_codes"": [], ""speed_limit"": 46, ""engine_hours"": 1591, ""idc_triggers"": [], ""buzzer_active"": false, ""fuel_level_avg"": 0, ""lock_geo_alert"": false, ""operation_mode"": ""RENT"", ""battery_voltage"": 14.800000190734863, ""in_primary_zone"": true, ""lock_engine_alert"": false, ""in_restricted_zone"": false, ""onboard_geofencing"": false, ""speed_limit_active"": false}"
2023-07-17 12:56:55.894,5237,13,"359159972073523",20,"{""key"": false, ""flip"": false, ""zone"": false, ""speed"": 42.8, ""buzzer"": 0, ""engine"": true, ""in_zone"": true, ""ignition"": true, ""latitude"": 42.6446766, ""direction"": 150, ""longitude"": 18.0625482, ""gsm_signal"": 28, ""sleep_mode"": false, ""staff_mode"": false, ""fault_codes"": [], ""speed_limit"": 46, ""engine_hours"": 1591, ""idc_triggers"": [], ""buzzer_active"": false, ""fuel_level_avg"": 0, ""lock_geo_alert"": false, ""operation_mode"": ""RENT"", ""battery_voltage"": 14.800000190734863, ""in_primary_zone"": true, ""lock_engine_alert"": false, ""in_restricted_zone"": false, ""onboard_geofencing"": false, ""speed_limit_active"": false}"
2023-07-17 12:56:54.434,5237,13,"359159972073523",20,"{""key"": false, ""flip"": false, ""zone"": false, ""speed"": 41.7, ""buzzer"": 0, ""engine"": true, ""in_zone"": true, ""ignition"": true, ""latitude"": 42.64477, ""direction"": 149, ""longitude"": 18.0624766, ""gsm_signal"": 30, ""sleep_mode"": false, ""staff_mode"": false, ""fault_codes"": [], ""speed_limit"": 46, ""engine_hours"": 1591, ""idc_triggers"": [], ""buzzer_active"": false, ""fuel_level_avg"": 0, ""lock_geo_alert"": false, ""operation_mode"": ""RENT"", ""battery_voltage"": 14.800000190734863, ""in_primary_zone"": true, ""lock_engine_alert"": false, ""in_restricted_zone"": false, ""onboard_geofencing"": false, ""speed_limit_active"": false}"
2023-07-17 12:56:53.435,5237,13,"359159972073523",20,"{""key"": false, ""flip"": false, ""zone"": false, ""speed"": 37.5, ""buzzer"": 0, ""engine"": true, ""in_zone"": true, ""ignition"": true, ""latitude"": 42.6448566, ""direction"": 149, ""longitude"": 18.0624066, ""gsm_signal"": 30, ""sleep_mode"": false, ""staff_mode"": false, ""fault_codes"": [], ""speed_limit"": 46, ""engine_hours"": 1591, ""idc_triggers"": [], ""buzzer_active"": false, ""fuel_level_avg"": 0, ""lock_geo_alert"": false, ""operation_mode"": ""RENT"", ""battery_voltage"": 14.800000190734863, ""in_primary_zone"": true, ""lock_engine_alert"": false, ""in_restricted_zone"": false, ""onboard_geofencing"": false, ""speed_limit_active"": false}"
2023-07-17 12:56:52.441,5237,13,"359159972073523",20,"{""key"": false, ""flip"": false, ""zone"": false, ""speed"": 36.0, ""buzzer"": 0, ""engine"": true, ""in_zone"": true, ""ignition"": true, ""latitude"": 42.6449366, ""direction"": 149, ""longitude"": 18.0623432, ""gsm_signal"": 30, ""sleep_mode"": false, ""staff_mode"": false, ""fault_codes"": [], ""speed_limit"": 46, ""engine_hours"": 1591, ""idc_triggers"": [], ""buzzer_active"": false, ""fuel_level_avg"": 0, ""lock_geo_alert"": false, ""operation_mode"": ""RENT"", ""battery_voltage"": 14.800000190734863, ""in_primary_zone"": true, ""lock_engine_alert"": false, ""in_restricted_zone"": false, ""onboard_geofencing"": false, ""speed_limit_active"": false}"
2023-07-17 12:56:51.440,5237,13,"359159972073523",20,"{""key"": false, ""flip"": false, ""zone"": false, ""speed"": 32.0, ""buzzer"": 0, ""engine"": true, ""in_zone"": true, ""ignition"": true, ""latitude"": 42.6450116, ""direction"": 151, ""longitude"": 18.062285, ""gsm_signal"": 28, ""sleep_mode"": false, ""staff_mode"": false, ""fault_codes"": [], ""speed_limit"": 46, ""engine_hours"": 1591, ""idc_triggers"": [], ""buzzer_active"": false, ""fuel_level_avg"": 6, ""lock_geo_alert"": false, ""operation_mode"": ""RENT"", ""battery_voltage"": 14.800000190734863, ""in_primary_zone"": true, ""lock_engine_alert"": false, ""in_restricted_zone"": false, ""onboard_geofencing"": false, ""speed_limit_active"": false}"
2023-07-17 12:56:50.475,5237,13,"359159972073523",20,"{""key"": false, ""flip"": false, ""zone"": false, ""speed"": 27.6, ""buzzer"": 0, ""engine"": true, ""in_zone"": true, ""ignition"": true, ""latitude"": 42.64508, ""direction"": 150, ""longitude"": 18.062235, ""gsm_signal"": 28, ""sleep_mode"": false, ""staff_mode"": false, ""fault_codes"": [], ""speed_limit"": 46, ""engine_hours"": 1591, ""idc_triggers"": [], ""buzzer_active"": false, ""fuel_level_avg"": 6, ""lock_geo_alert"": false, ""operation_mode"": ""RENT"", ""battery_voltage"": 14.800000190734863, ""in_primary_zone"": true, ""lock_engine_alert"": false, ""in_restricted_zone"": false, ""onboard_geofencing"": false, ""speed_limit_active"": false}"
2023-07-17 12:56:49.497,5237,13,"359159972073523",20,"{""key"": false, ""flip"": false, ""zone"": false, ""speed"": 23.0, ""buzzer"": 0, ""engine"": true, ""in_zone"": true, ""ignition"": true, ""latitude"": 42.6451366, ""direction"": 150, ""longitude"": 18.0621916, ""gsm_signal"": 28, ""sleep_mode"": false, ""staff_mode"": false, ""fault_codes"": [], ""speed_limit"": 46, ""engine_hours"": 1591, ""idc_triggers"": [], ""buzzer_active"": false, ""fuel_level_avg"": 6, ""lock_geo_alert"": false, ""operation_mode"": ""RENT"", ""battery_voltage"": 14.800000190734863, ""in_primary_zone"": true, ""lock_engine_alert"": false, ""in_restricted_zone"": false, ""onboard_geofencing"": false, ""speed_limit_active"": false}"
2023-07-17 12:56:48.898,5237,13,"359159972073523",20,"{""key"": false, ""flip"": false, ""zone"": false, ""speed"": 15.3, ""buzzer"": 0, ""engine"": true, ""in_zone"": true, ""ignition"": true, ""latitude"": 42.6451816, ""direction"": 154, ""longitude"": 18.0621582, ""gsm_signal"": 27, ""sleep_mode"": false, ""staff_mode"": false, ""fault_codes"": [], ""speed_limit"": 46, ""engine_hours"": 1591, ""idc_triggers"": [], ""buzzer_active"": false, ""fuel_level_avg"": 6, ""lock_geo_alert"": false, ""operation_mode"": ""RENT"", ""battery_voltage"": 14.800000190734863, ""in_primary_zone"": true, ""lock_engine_alert"": false, ""in_restricted_zone"": false, ""onboard_geofencing"": false, ""speed_limit_active"": false}"
2023-07-17 12:56:47.439,5237,13,"359159972073523",20,"{""key"": false, ""flip"": false, ""zone"": false, ""speed"": 12.1, ""buzzer"": 0, ""engine"": true, ""in_zone"": true, ""ignition"": true, ""latitude"": 42.645215, ""direction"": 163, ""longitude"": 18.0621366, ""gsm_signal"": 27, ""sleep_mode"": false, ""staff_mode"": false, ""fault_codes"": [], ""speed_limit"": 46, ""engine_hours"": 1591, ""idc_triggers"": [], ""buzzer_active"": false, ""fuel_level_avg"": 6, ""lock_geo_alert"": false, ""operation_mode"": ""RENT"", ""battery_voltage"": 14.800000190734863, ""in_primary_zone"": true, ""lock_engine_alert"": false, ""in_restricted_zone"": false, ""onboard_geofencing"": false, ""speed_limit_active"": false}"
2023-07-17 12:56:46.437,5237,13,"359159972073523",20,"{""key"": false, ""flip"": false, ""zone"": false, ""speed"": 9.9, ""buzzer"": 0, ""engine"": true, ""in_zone"": true, ""ignition"": true, ""latitude"": 42.6452416, ""direction"": 183, ""longitude"": 18.0621266, ""gsm_signal"": 27, ""sleep_mode"": false, ""staff_mode"": false, ""fault_codes"": [], ""speed_limit"": 46, ""engine_hours"": 1591, ""idc_triggers"": [], ""buzzer_active"": false, ""fuel_level_avg"": 6, ""lock_geo_alert"": false, ""operation_mode"": ""RENT"", ""battery_voltage"": 14.800000190734863, ""in_primary_zone"": true, ""lock_engine_alert"": false, ""in_restricted_zone"": false, ""onboard_geofencing"": false, ""speed_limit_active"": false}"
2023-07-17 12:56:45.477,5237,13,"359159972073523",20,"{""key"": false, ""flip"": false, ""zone"": false, ""speed"": 9.1, ""buzzer"": 0, ""engine"": true, ""in_zone"": true, ""ignition"": true, ""latitude"": 42.645265, ""direction"": 207, ""longitude"": 18.0621282, ""gsm_signal"": 29, ""sleep_mode"": false, ""staff_mode"": false, ""fault_codes"": [], ""speed_limit"": 46, ""engine_hours"": 1591, ""idc_triggers"": [], ""buzzer_active"": false, ""fuel_level_avg"": 6, ""lock_geo_alert"": false, ""operation_mode"": ""RENT"", ""battery_voltage"": 14.800000190734863, ""in_primary_zone"": true, ""lock_engine_alert"": false, ""in_restricted_zone"": false, ""onboard_geofencing"": false, ""speed_limit_active"": false}"
2023-07-17 12:56:44.615,5237,13,"359159972073523",20,"{""key"": false, ""flip"": false, ""zone"": false, ""speed"": 10.0, ""buzzer"": 0, ""engine"": true, ""in_zone"": true, ""ignition"": true, ""latitude"": 42.645285, ""direction"": 213, ""longitude"": 18.0621432, ""gsm_signal"": 29, ""sleep_mode"": false, ""staff_mode"": false, ""fault_codes"": [], ""speed_limit"": 46, ""engine_hours"": 1591, ""idc_triggers"": [], ""buzzer_active"": false, ""fuel_level_avg"": 6, ""lock_geo_alert"": false, ""operation_mode"": ""RENT"", ""battery_voltage"": 14.800000190734863, ""in_primary_zone"": true, ""lock_engine_alert"": false, ""in_restricted_zone"": false, ""onboard_geofencing"": false, ""speed_limit_active"": false}"
2023-07-17 12:56:43.935,5237,13,"359159972073523",20,"{""key"": false, ""flip"": false, ""zone"": false, ""speed"": 8.9, ""buzzer"": 0, ""engine"": true, ""in_zone"": true, ""ignition"": true, ""latitude"": 42.645305, ""direction"": 215, ""longitude"": 18.06216, ""gsm_signal"": 29, ""sleep_mode"": false, ""staff_mode"": false, ""fault_codes"": [], ""speed_limit"": 46, ""engine_hours"": 1591, ""idc_triggers"": [], ""buzzer_active"": false, ""fuel_level_avg"": 6, ""lock_geo_alert"": false, ""operation_mode"": ""RENT"", ""battery_voltage"": 14.800000190734863, ""in_primary_zone"": true, ""lock_engine_alert"": false, ""in_restricted_zone"": false, ""onboard_geofencing"": false, ""speed_limit_active"": false}"
2023-07-17 12:56:42.418,5237,13,"359159972073523",20,"{""key"": false, ""flip"": false, ""zone"": false, ""speed"": 6.5, ""buzzer"": 0, ""engine"": true, ""in_zone"": true, ""ignition"": true, ""latitude"": 42.6453233, ""direction"": 214, ""longitude"": 18.0621766, ""gsm_signal"": 31, ""sleep_mode"": false, ""staff_mode"": false, ""fault_codes"": [], ""speed_limit"": 46, ""engine_hours"": 1591, ""idc_triggers"": [], ""buzzer_active"": false, ""fuel_level_avg"": 6, ""lock_geo_alert"": false, ""operation_mode"": ""RENT"", ""battery_voltage"": 14.800000190734863, ""in_primary_zone"": true, ""lock_engine_alert"": false, ""in_restricted_zone"": false, ""onboard_geofencing"": false, ""speed_limit_active"": false}"
2023-07-17 12:56:41.494,5237,13,"359159972073523",20,"{""key"": false, ""flip"": false, ""zone"": false, ""speed"": 5.2, ""buzzer"": 0, ""engine"": true, ""in_zone"": true, ""ignition"": true, ""latitude"": 42.645335, ""direction"": 213, ""longitude"": 18.0621882, ""gsm_signal"": 31, ""sleep_mode"": false, ""staff_mode"": false, ""fault_codes"": [], ""speed_limit"": 46, ""engine_hours"": 1591, ""idc_triggers"": [], ""buzzer_active"": false, ""fuel_level_avg"": 6, ""lock_geo_alert"": false, ""operation_mode"": ""RENT"", ""battery_voltage"": 14.800000190734863, ""in_primary_zone"": true, ""lock_engine_alert"": false, ""in_restricted_zone"": false, ""onboard_geofencing"": false, ""speed_limit_active"": false}"
2023-07-17 12:56:40.475,5237,13,"359159972073523",20,"{""key"": false, ""flip"": false, ""zone"": false, ""speed"": 5.3, ""buzzer"": 0, ""engine"": true, ""in_zone"": true, ""ignition"": true, ""latitude"": 42.6453466, ""direction"": 212, ""longitude"": 18.0621982, ""gsm_signal"": 31, ""sleep_mode"": false, ""staff_mode"": false, ""fault_codes"": [], ""speed_limit"": 46, ""engine_hours"": 1591, ""idc_triggers"": [], ""buzzer_active"": false, ""fuel_level_avg"": 6, ""lock_geo_alert"": false, ""operation_mode"": ""RENT"", ""battery_voltage"": 14.800000190734863, ""in_primary_zone"": true, ""lock_engine_alert"": false, ""in_restricted_zone"": false, ""onboard_geofencing"": false, ""speed_limit_active"": false}"
2023-07-17 12:56:39.875,5237,13,"359159972073523",20,"{""key"": false, ""flip"": false, ""zone"": false, ""speed"": 4.3, ""buzzer"": 0, ""engine"": true, ""in_zone"": true, ""ignition"": true, ""latitude"": 42.6453566, ""direction"": 219, ""longitude"": 18.0622082, ""gsm_signal"": 31, ""sleep_mode"": false, ""staff_mode"": false, ""fault_codes"": [], ""speed_limit"": 46, ""engine_hours"": 1591, ""idc_triggers"": [], ""buzzer_active"": false, ""fuel_level_avg"": 6, ""lock_geo_alert"": false, ""operation_mode"": ""RENT"", ""battery_voltage"": 14.800000190734863, ""in_primary_zone"": true, ""lock_engine_alert"": false, ""in_restricted_zone"": false, ""onboard_geofencing"": false, ""speed_limit_active"": false}"
2023-07-17 12:56:38.416,5237,13,"359159972073523",20,"{""key"": false, ""flip"": false, ""zone"": false, ""speed"": 4.6, ""buzzer"": 0, ""engine"": true, ""in_zone"": true, ""ignition"": true, ""latitude"": 42.6453666, ""direction"": 230, ""longitude"": 18.0622166, ""gsm_signal"": 31, ""sleep_mode"": false, ""staff_mode"": false, ""fault_codes"": [], ""speed_limit"": 46, ""engine_hours"": 1591, ""idc_triggers"": [], ""buzzer_active"": false, ""fuel_level_avg"": 6, ""lock_geo_alert"": false, ""operation_mode"": ""RENT"", ""battery_voltage"": 14.800000190734863, ""in_primary_zone"": true, ""lock_engine_alert"": false, ""in_restricted_zone"": false, ""onboard_geofencing"": false, ""speed_limit_active"": false}"
2023-07-17 12:56:37.496,5237,13,"359159972073523",20,"{""key"": false, ""flip"": false, ""zone"": false, ""speed"": 6.3, ""buzzer"": 0, ""engine"": true, ""in_zone"": true, ""ignition"": true, ""latitude"": 42.645375, ""direction"": 240, ""longitude"": 18.062225, ""gsm_signal"": 31, ""sleep_mode"": false, ""staff_mode"": false, ""fault_codes"": [], ""speed_limit"": 46, ""engine_hours"": 1591, ""idc_triggers"": [], ""buzzer_active"": false, ""fuel_level_avg"": 6, ""lock_geo_alert"": false, ""operation_mode"": ""RENT"", ""battery_voltage"": 14.800000190734863, ""in_primary_zone"": true, ""lock_engine_alert"": false, ""in_restricted_zone"": false, ""onboard_geofencing"": false, ""speed_limit_active"": false}"
2023-07-17 12:56:36.478,5237,13,"359159972073523",20,"{""key"": false, ""flip"": false, ""zone"": false, ""speed"": 6.6, ""buzzer"": 0, ""engine"": true, ""in_zone"": true, ""ignition"": true, ""latitude"": 42.645385, ""direction"": 261, ""longitude"": 18.0622416, ""gsm_signal"": 31, ""sleep_mode"": false, ""staff_mode"": false, ""fault_codes"": [], ""speed_limit"": 46, ""engine_hours"": 1591, ""idc_triggers"": [], ""buzzer_active"": false, ""fuel_level_avg"": 6, ""lock_geo_alert"": false, ""operation_mode"": ""RENT"", ""battery_voltage"": 14.800000190734863, ""in_primary_zone"": true, ""lock_engine_alert"": false, ""in_restricted_zone"": false, ""onboard_geofencing"": false, ""speed_limit_active"": false}"
2023-07-17 12:56:35.957,5237,13,"359159972073523",20,"{""key"": false, ""flip"": false, ""zone"": false, ""speed"": 7.2, ""buzzer"": 0, ""engine"": true, ""in_zone"": true, ""ignition"": true, ""latitude"": 42.6453883, ""direction"": 282, ""longitude"": 18.0622632, ""gsm_signal"": 31, ""sleep_mode"": false, ""staff_mode"": false, ""fault_codes"": [], ""speed_limit"": 46, ""engine_hours"": 1591, ""idc_triggers"": [], ""buzzer_active"": false, ""fuel_level_avg"": 6, ""lock_geo_alert"": false, ""operation_mode"": ""RENT"", ""battery_voltage"": 14.800000190734863, ""in_primary_zone"": true, ""lock_engine_alert"": false, ""in_restricted_zone"": false, ""onboard_geofencing"": false, ""speed_limit_active"": false}"
2023-07-17 12:56:34.498,5237,13,"359159972073523",20,"{""key"": false, ""flip"": false, ""zone"": false, ""speed"": 6.5, ""buzzer"": 0, ""engine"": true, ""in_zone"": true, ""ignition"": true, ""latitude"": 42.645385, ""direction"": 292, ""longitude"": 18.0622866, ""gsm_signal"": 31, ""sleep_mode"": false, ""staff_mode"": false, ""fault_codes"": [], ""speed_limit"": 46, ""engine_hours"": 1591, ""idc_triggers"": [], ""buzzer_active"": false, ""fuel_level_avg"": 6, ""lock_geo_alert"": false, ""operation_mode"": ""RENT"", ""battery_voltage"": 14.800000190734863, ""in_primary_zone"": true, ""lock_engine_alert"": false, ""in_restricted_zone"": false, ""onboard_geofencing"": false, ""speed_limit_active"": false}"
2023-07-17 12:56:33.896,5237,13,"359159972073523",20,"{""key"": false, ""flip"": false, ""zone"": false, ""speed"": 5.5, ""buzzer"": 0, ""engine"": true, ""in_zone"": true, ""ignition"": true, ""latitude"": 42.64538, ""direction"": 291, ""longitude"": 18.0623066, ""gsm_signal"": 31, ""sleep_mode"": false, ""staff_mode"": false, ""fault_codes"": [], ""speed_limit"": 46, ""engine_hours"": 1591, ""idc_triggers"": [], ""buzzer_active"": false, ""fuel_level_avg"": 6, ""lock_geo_alert"": false, ""operation_mode"": ""RENT"", ""battery_voltage"": 14.800000190734863, ""in_primary_zone"": true, ""lock_engine_alert"": false, ""in_restricted_zone"": false, ""onboard_geofencing"": false, ""speed_limit_active"": false}"
2023-07-17 12:56:32.418,5237,13,"359159972073523",20,"{""key"": false, ""flip"": false, ""zone"": false, ""speed"": 5.6, ""buzzer"": 0, ""engine"": true, ""in_zone"": true, ""ignition"": true, ""latitude"": 42.645375, ""direction"": 289, ""longitude"": 18.0623232, ""gsm_signal"": 31, ""sleep_mode"": false, ""staff_mode"": false, ""fault_codes"": [], ""speed_limit"": 46, ""engine_hours"": 1591, ""idc_triggers"": [], ""buzzer_active"": false, ""fuel_level_avg"": 6, ""lock_geo_alert"": false, ""operation_mode"": ""RENT"", ""battery_voltage"": 14.800000190734863, ""in_primary_zone"": true, ""lock_engine_alert"": false, ""in_restricted_zone"": false, ""onboard_geofencing"": false, ""speed_limit_active"": false}"
2023-07-17 12:56:31.454,5237,13,"359159972073523",20,"{""key"": false, ""flip"": false, ""zone"": false, ""speed"": 5.5, ""buzzer"": 0, ""engine"": true, ""in_zone"": true, ""ignition"": true, ""latitude"": 42.64537, ""direction"": 286, ""longitude"": 18.0623416, ""gsm_signal"": 31, ""sleep_mode"": false, ""staff_mode"": false, ""fault_codes"": [], ""speed_limit"": 46, ""engine_hours"": 1591, ""idc_triggers"": [], ""buzzer_active"": false, ""fuel_level_avg"": 6, ""lock_geo_alert"": false, ""operation_mode"": ""RENT"", ""battery_voltage"": 14.800000190734863, ""in_primary_zone"": true, ""lock_engine_alert"": false, ""in_restricted_zone"": false, ""onboard_geofencing"": false, ""speed_limit_active"": false}"
2023-07-17 12:56:30.476,5237,13,"359159972073523",20,"{""key"": false, ""flip"": false, ""zone"": false, ""speed"": 5.5, ""buzzer"": 0, ""engine"": true, ""in_zone"": true, ""ignition"": true, ""latitude"": 42.645365, ""direction"": 285, ""longitude"": 18.0623582, ""gsm_signal"": 31, ""sleep_mode"": false, ""staff_mode"": false, ""fault_codes"": [], ""speed_limit"": 46, ""engine_hours"": 1591, ""idc_triggers"": [], ""buzzer_active"": false, ""fuel_level_avg"": 6, ""lock_geo_alert"": false, ""operation_mode"": ""RENT"", ""battery_voltage"": 14.800000190734863, ""in_primary_zone"": true, ""lock_engine_alert"": false, ""in_restricted_zone"": false, ""onboard_geofencing"": false, ""speed_limit_active"": false}"
2023-07-17 12:56:29.973,5237,13,"359159972073523",20,"{""key"": false, ""flip"": false, ""zone"": false, ""speed"": 5.7, ""buzzer"": 0, ""engine"": true, ""in_zone"": true, ""ignition"": true, ""latitude"": 42.6453633, ""direction"": 286, ""longitude"": 18.0623766, ""gsm_signal"": 31, ""sleep_mode"": false, ""staff_mode"": false, ""fault_codes"": [], ""speed_limit"": 46, ""engine_hours"": 1591, ""idc_triggers"": [], ""buzzer_active"": false, ""fuel_level_avg"": 6, ""lock_geo_alert"": false, ""operation_mode"": ""RENT"", ""battery_voltage"": 14.800000190734863, ""in_primary_zone"": true, ""lock_engine_alert"": false, ""in_restricted_zone"": false, ""onboard_geofencing"": false, ""speed_limit_active"": false}"
2023-07-17 12:56:28.474,5237,13,"359159972073523",20,"{""key"": false, ""flip"": false, ""zone"": false, ""speed"": 6.1, ""buzzer"": 0, ""engine"": true, ""in_zone"": true, ""ignition"": true, ""latitude"": 42.64536, ""direction"": 290, ""longitude"": 18.0623966, ""gsm_signal"": 31, ""sleep_mode"": false, ""staff_mode"": false, ""fault_codes"": [], ""speed_limit"": 46, ""engine_hours"": 1591, ""idc_triggers"": [], ""buzzer_active"": false, ""fuel_level_avg"": 6, ""lock_geo_alert"": false, ""operation_mode"": ""RENT"", ""battery_voltage"": 14.800000190734863, ""in_primary_zone"": true, ""lock_engine_alert"": false, ""in_restricted_zone"": false, ""onboard_geofencing"": false, ""speed_limit_active"": false}"
2023-07-17 12:56:27.873,5237,13,"359159972073523",20,"{""key"": false, ""flip"": false, ""zone"": false, ""speed"": 5.8, ""buzzer"": 0, ""engine"": true, ""in_zone"": true, ""ignition"": true, ""latitude"": 42.645355, ""direction"": 291, ""longitude"": 18.0624166, ""gsm_signal"": 31, ""sleep_mode"": false, ""staff_mode"": false, ""fault_codes"": [], ""speed_limit"": 46, ""engine_hours"": 1591, ""idc_triggers"": [], ""buzzer_active"": false, ""fuel_level_avg"": 6, ""lock_geo_alert"": false, ""operation_mode"": ""RENT"", ""battery_voltage"": 14.800000190734863, ""in_primary_zone"": true, ""lock_engine_alert"": false, ""in_restricted_zone"": false, ""onboard_geofencing"": false, ""speed_limit_active"": false}"
2023-07-17 12:56:26.414,5237,13,"359159972073523",20,"{""key"": false, ""flip"": false, ""zone"": false, ""speed"": 5.9, ""buzzer"": 0, ""engine"": true, ""in_zone"": true, ""ignition"": true, ""latitude"": 42.6453483, ""direction"": 286, ""longitude"": 18.062435, ""gsm_signal"": 31, ""sleep_mode"": false, ""staff_mode"": false, ""fault_codes"": [], ""speed_limit"": 46, ""engine_hours"": 1591, ""idc_triggers"": [], ""buzzer_active"": false, ""fuel_level_avg"": 6, ""lock_geo_alert"": false, ""operation_mode"": ""RENT"", ""battery_voltage"": 14.800000190734863, ""in_primary_zone"": true, ""lock_engine_alert"": false, ""in_restricted_zone"": false, ""onboard_geofencing"": false, ""speed_limit_active"": false}"
2023-07-17 12:56:25.456,5237,13,"359159972073523",20,"{""key"": false, ""flip"": false, ""zone"": false, ""speed"": 6.0, ""buzzer"": 0, ""engine"": true, ""in_zone"": true, ""ignition"": true, ""latitude"": 42.645345, ""direction"": 284, ""longitude"": 18.0624532, ""gsm_signal"": 31, ""sleep_mode"": false, ""staff_mode"": false, ""fault_codes"": [], ""speed_limit"": 46, ""engine_hours"": 1591, ""idc_triggers"": [], ""buzzer_active"": false, ""fuel_level_avg"": 6, ""lock_geo_alert"": false, ""operation_mode"": ""RENT"", ""battery_voltage"": 14.800000190734863, ""in_primary_zone"": true, ""lock_engine_alert"": false, ""in_restricted_zone"": false, ""onboard_geofencing"": false, ""speed_limit_active"": false}"
2023-07-17 12:56:24.514,5237,13,"359159972073523",20,"{""key"": false, ""flip"": false, ""zone"": false, ""speed"": 6.0, ""buzzer"": 0, ""engine"": true, ""in_zone"": true, ""ignition"": true, ""latitude"": 42.6453416, ""direction"": 288, ""longitude"": 18.0624732, ""gsm_signal"": 31, ""sleep_mode"": false, ""staff_mode"": false, ""fault_codes"": [], ""speed_limit"": 46, ""engine_hours"": 1591, ""idc_triggers"": [], ""buzzer_active"": false, ""fuel_level_avg"": 6, ""lock_geo_alert"": false, ""operation_mode"": ""RENT"", ""battery_voltage"": 14.800000190734863, ""in_primary_zone"": true, ""lock_engine_alert"": false, ""in_restricted_zone"": false, ""onboard_geofencing"": false, ""speed_limit_active"": false}"
2023-07-17 12:56:23.937,5237,13,"359159972073523",20,"{""key"": false, ""flip"": false, ""zone"": false, ""speed"": 5.9, ""buzzer"": 0, ""engine"": true, ""in_zone"": true, ""ignition"": true, ""latitude"": 42.6453366, ""direction"": 290, ""longitude"": 18.0624932, ""gsm_signal"": 31, ""sleep_mode"": false, ""staff_mode"": false, ""fault_codes"": [], ""speed_limit"": 46, ""engine_hours"": 1591, ""idc_triggers"": [], ""buzzer_active"": false, ""fuel_level_avg"": 6, ""lock_geo_alert"": false, ""operation_mode"": ""RENT"", ""battery_voltage"": 14.800000190734863, ""in_primary_zone"": true, ""lock_engine_alert"": false, ""in_restricted_zone"": false, ""onboard_geofencing"": false, ""speed_limit_active"": false}"
2023-07-17 12:56:22.415,5237,13,"359159972073523",20,"{""key"": false, ""flip"": false, ""zone"": false, ""speed"": 6.4, ""buzzer"": 0, ""engine"": true, ""in_zone"": true, ""ignition"": true, ""latitude"": 42.6453316, ""direction"": 291, ""longitude"": 18.0625132, ""gsm_signal"": 31, ""sleep_mode"": false, ""staff_mode"": false, ""fault_codes"": [], ""speed_limit"": 46, ""engine_hours"": 1591, ""idc_triggers"": [], ""buzzer_active"": false, ""fuel_level_avg"": 6, ""lock_geo_alert"": false, ""operation_mode"": ""RENT"", ""battery_voltage"": 14.800000190734863, ""in_primary_zone"": true, ""lock_engine_alert"": false, ""in_restricted_zone"": false, ""onboard_geofencing"": false, ""speed_limit_active"": false}"
2023-07-17 12:56:21.438,5237,13,"359159972073523",20,"{""key"": false, ""flip"": false, ""zone"": false, ""speed"": 6.0, ""buzzer"": 0, ""engine"": true, ""in_zone"": true, ""ignition"": true, ""latitude"": 42.6453266, ""direction"": 294, ""longitude"": 18.0625332, ""gsm_signal"": 31, ""sleep_mode"": false, ""staff_mode"": false, ""fault_codes"": [], ""speed_limit"": 46, ""engine_hours"": 1591, ""idc_triggers"": [], ""buzzer_active"": false, ""fuel_level_avg"": 6, ""lock_geo_alert"": false, ""operation_mode"": ""RENT"", ""battery_voltage"": 14.800000190734863, ""in_primary_zone"": true, ""lock_engine_alert"": false, ""in_restricted_zone"": false, ""onboard_geofencing"": false, ""speed_limit_active"": false}"
2023-07-17 12:56:20.457,5237,13,"359159972073523",20,"{""key"": false, ""flip"": false, ""zone"": false, ""speed"": 6.1, ""buzzer"": 0, ""engine"": true, ""in_zone"": true, ""ignition"": true, ""latitude"": 42.64532, ""direction"": 294, ""longitude"": 18.0625516, ""gsm_signal"": 31, ""sleep_mode"": false, ""staff_mode"": false, ""fault_codes"": [], ""speed_limit"": 46, ""engine_hours"": 1591, ""idc_triggers"": [], ""buzzer_active"": false, ""fuel_level_avg"": 6, ""lock_geo_alert"": false, ""operation_mode"": ""RENT"", ""battery_voltage"": 14.800000190734863, ""in_primary_zone"": true, ""lock_engine_alert"": false, ""in_restricted_zone"": false, ""onboard_geofencing"": false, ""speed_limit_active"": false}"
2023-07-17 12:56:19.498,5237,13,"359159972073523",20,"{""key"": false, ""flip"": false, ""zone"": false, ""speed"": 6.7, ""buzzer"": 0, ""engine"": true, ""in_zone"": true, ""ignition"": true, ""latitude"": 42.6453133, ""direction"": 297, ""longitude"": 18.0625716, ""gsm_signal"": 31, ""sleep_mode"": false, ""staff_mode"": false, ""fault_codes"": [], ""speed_limit"": 46, ""engine_hours"": 1591, ""idc_triggers"": [], ""buzzer_active"": false, ""fuel_level_avg"": 6, ""lock_geo_alert"": false, ""operation_mode"": ""RENT"", ""battery_voltage"": 14.800000190734863, ""in_primary_zone"": true, ""lock_engine_alert"": false, ""in_restricted_zone"": false, ""onboard_geofencing"": false, ""speed_limit_active"": false}"
2023-07-17 12:56:18.479,5237,13,"359159972073523",20,"{""key"": false, ""flip"": false, ""zone"": false, ""speed"": 7.1, ""buzzer"": 0, ""engine"": true, ""in_zone"": true, ""ignition"": true, ""latitude"": 42.645305, ""direction"": 299, ""longitude"": 18.0625932, ""gsm_signal"": 31, ""sleep_mode"": false, ""staff_mode"": false, ""fault_codes"": [], ""speed_limit"": 46, ""engine_hours"": 1591, ""idc_triggers"": [], ""buzzer_active"": false, ""fuel_level_avg"": 6, ""lock_geo_alert"": false, ""operation_mode"": ""RENT"", ""battery_voltage"": 14.800000190734863, ""in_primary_zone"": true, ""lock_engine_alert"": false, ""in_restricted_zone"": false, ""onboard_geofencing"": false, ""speed_limit_active"": false}"
2023-07-17 12:56:17.877,5237,13,"359159972073523",20,"{""key"": false, ""flip"": false, ""zone"": false, ""speed"": 7.3, ""buzzer"": 0, ""engine"": true, ""in_zone"": true, ""ignition"": true, ""latitude"": 42.6452966, ""direction"": 302, ""longitude"": 18.062615, ""gsm_signal"": 31, ""sleep_mode"": false, ""staff_mode"": false, ""fault_codes"": [], ""speed_limit"": 46, ""engine_hours"": 1591, ""idc_triggers"": [], ""buzzer_active"": false, ""fuel_level_avg"": 6, ""lock_geo_alert"": false, ""operation_mode"": ""RENT"", ""battery_voltage"": 14.800000190734863, ""in_primary_zone"": true, ""lock_engine_alert"": false, ""in_restricted_zone"": false, ""onboard_geofencing"": false, ""speed_limit_active"": false}"
2023-07-17 12:56:16.414,5237,13,"359159972073523",20,"{""key"": false, ""flip"": false, ""zone"": false, ""speed"": 7.9, ""buzzer"": 0, ""engine"": true, ""in_zone"": true, ""ignition"": true, ""latitude"": 42.6452866, ""direction"": 299, ""longitude"": 18.062635, ""gsm_signal"": 31, ""sleep_mode"": false, ""staff_mode"": false, ""fault_codes"": [], ""speed_limit"": 46, ""engine_hours"": 1591, ""idc_triggers"": [], ""buzzer_active"": false, ""fuel_level_avg"": 6, ""lock_geo_alert"": false, ""operation_mode"": ""RENT"", ""battery_voltage"": 14.800000190734863, ""in_primary_zone"": true, ""lock_engine_alert"": false, ""in_restricted_zone"": false, ""onboard_geofencing"": false, ""speed_limit_active"": false}"
2023-07-17 12:56:15.597,5237,13,"359159972073523",20,"{""key"": false, ""flip"": false, ""zone"": false, ""speed"": 8.6, ""buzzer"": 0, ""engine"": true, ""in_zone"": true, ""ignition"": true, ""latitude"": 42.6452766, ""direction"": 299, ""longitude"": 18.06266, ""gsm_signal"": 31, ""sleep_mode"": false, ""staff_mode"": false, ""fault_codes"": [], ""speed_limit"": 46, ""engine_hours"": 1591, ""idc_triggers"": [], ""buzzer_active"": false, ""fuel_level_avg"": 6, ""lock_geo_alert"": false, ""operation_mode"": ""RENT"", ""battery_voltage"": 14.800000190734863, ""in_primary_zone"": true, ""lock_engine_alert"": false, ""in_restricted_zone"": false, ""onboard_geofencing"": false, ""speed_limit_active"": false}"
2023-07-17 12:56:14.975,5237,13,"359159972073523",20,"{""key"": false, ""flip"": false, ""zone"": false, ""speed"": 8.8, ""buzzer"": 0, ""engine"": true, ""in_zone"": true, ""ignition"": true, ""latitude"": 42.645265, ""direction"": 299, ""longitude"": 18.062685, ""gsm_signal"": 31, ""sleep_mode"": false, ""staff_mode"": false, ""fault_codes"": [], ""speed_limit"": 46, ""engine_hours"": 1591, ""idc_triggers"": [], ""buzzer_active"": false, ""fuel_level_avg"": 6, ""lock_geo_alert"": false, ""operation_mode"": ""RENT"", ""battery_voltage"": 14.800000190734863, ""in_primary_zone"": true, ""lock_engine_alert"": false, ""in_restricted_zone"": false, ""onboard_geofencing"": false, ""speed_limit_active"": false}"
2023-07-17 12:56:13.476,5237,13,"359159972073523",20,"{""key"": false, ""flip"": false, ""zone"": false, ""speed"": 9.1, ""buzzer"": 0, ""engine"": true, ""in_zone"": true, ""ignition"": true, ""latitude"": 42.645255, ""direction"": 297, ""longitude"": 18.0627116, ""gsm_signal"": 31, ""sleep_mode"": false, ""staff_mode"": false, ""fault_codes"": [], ""speed_limit"": 46, ""engine_hours"": 1591, ""idc_triggers"": [], ""buzzer_active"": false, ""fuel_level_avg"": 6, ""lock_geo_alert"": false, ""operation_mode"": ""RENT"", ""battery_voltage"": 14.800000190734863, ""in_primary_zone"": true, ""lock_engine_alert"": false, ""in_restricted_zone"": false, ""onboard_geofencing"": false, ""speed_limit_active"": false}"
2023-07-17 12:56:12.477,5237,13,"359159972073523",20,"{""key"": false, ""flip"": false, ""zone"": false, ""speed"": 9.7, ""buzzer"": 0, ""engine"": true, ""in_zone"": true, ""ignition"": true, ""latitude"": 42.6452433, ""direction"": 301, ""longitude"": 18.06274, ""gsm_signal"": 31, ""sleep_mode"": false, ""staff_mode"": false, ""fault_codes"": [], ""speed_limit"": 46, ""engine_hours"": 1591, ""idc_triggers"": [], ""buzzer_active"": false, ""fuel_level_avg"": 6, ""lock_geo_alert"": false, ""operation_mode"": ""RENT"", ""battery_voltage"": 14.800000190734863, ""in_primary_zone"": true, ""lock_engine_alert"": false, ""in_restricted_zone"": false, ""onboard_geofencing"": false, ""speed_limit_active"": false}"
2023-07-17 12:56:11.494,5237,13,"359159972073523",20,"{""key"": false, ""flip"": false, ""zone"": false, ""speed"": 8.9, ""buzzer"": 0, ""engine"": true, ""in_zone"": true, ""ignition"": true, ""latitude"": 42.64523, ""direction"": 295, ""longitude"": 18.0627682, ""gsm_signal"": 31, ""sleep_mode"": false, ""staff_mode"": false, ""fault_codes"": [], ""speed_limit"": 46, ""engine_hours"": 1591, ""idc_triggers"": [], ""buzzer_active"": false, ""fuel_level_avg"": 6, ""lock_geo_alert"": false, ""operation_mode"": ""RENT"", ""battery_voltage"": 14.800000190734863, ""in_primary_zone"": true, ""lock_engine_alert"": false, ""in_restricted_zone"": false, ""onboard_geofencing"": false, ""speed_limit_active"": false}"
2023-07-17 12:56:10.520,5237,13,"359159972073523",20,"{""key"": false, ""flip"": false, ""zone"": false, ""speed"": 9.3, ""buzzer"": 0, ""engine"": true, ""in_zone"": true, ""ignition"": true, ""latitude"": 42.6452216, ""direction"": 294, ""longitude"": 18.062795, ""gsm_signal"": 31, ""sleep_mode"": false, ""staff_mode"": false, ""fault_codes"": [], ""speed_limit"": 46, ""engine_hours"": 1591, ""idc_triggers"": [], ""buzzer_active"": false, ""fuel_level_avg"": 6, ""lock_geo_alert"": false, ""operation_mode"": ""RENT"", ""battery_voltage"": 14.800000190734863, ""in_primary_zone"": true, ""lock_engine_alert"": false, ""in_restricted_zone"": false, ""onboard_geofencing"": false, ""speed_limit_active"": false}"
2023-07-17 12:56:09.934,5237,13,"359159972073523",20,"{""key"": false, ""flip"": false, ""zone"": false, ""speed"": 9.7, ""buzzer"": 0, ""engine"": true, ""in_zone"": true, ""ignition"": true, ""latitude"": 42.64521, ""direction"": 293, ""longitude"": 18.0628232, ""gsm_signal"": 31, ""sleep_mode"": false, ""staff_mode"": false, ""fault_codes"": [], ""speed_limit"": 46, ""engine_hours"": 1591, ""idc_triggers"": [], ""buzzer_active"": false, ""fuel_level_avg"": 6, ""lock_geo_alert"": false, ""operation_mode"": ""RENT"", ""battery_voltage"": 14.800000190734863, ""in_primary_zone"": true, ""lock_engine_alert"": false, ""in_restricted_zone"": false, ""onboard_geofencing"": false, ""speed_limit_active"": false}"
2023-07-17 12:56:08.476,5237,13,"359159972073523",20,"{""key"": false, ""flip"": false, ""zone"": false, ""speed"": 8.7, ""buzzer"": 0, ""engine"": true, ""in_zone"": true, ""ignition"": true, ""latitude"": 42.6452, ""direction"": 293, ""longitude"": 18.0628532, ""gsm_signal"": 31, ""sleep_mode"": false, ""staff_mode"": false, ""fault_codes"": [], ""speed_limit"": 46, ""engine_hours"": 1591, ""idc_triggers"": [], ""buzzer_active"": false, ""fuel_level_avg"": 6, ""lock_geo_alert"": false, ""operation_mode"": ""RENT"", ""battery_voltage"": 14.800000190734863, ""in_primary_zone"": true, ""lock_engine_alert"": false, ""in_restricted_zone"": false, ""onboard_geofencing"": false, ""speed_limit_active"": false}"
2023-07-17 12:56:07.496,5237,13,"359159972073523",20,"{""key"": false, ""flip"": false, ""zone"": false, ""speed"": 8.3, ""buzzer"": 0, ""engine"": true, ""in_zone"": true, ""ignition"": true, ""latitude"": 42.6451933, ""direction"": 294, ""longitude"": 18.06288, ""gsm_signal"": 31, ""sleep_mode"": false, ""staff_mode"": false, ""fault_codes"": [], ""speed_limit"": 46, ""engine_hours"": 1591, ""idc_triggers"": [], ""buzzer_active"": false, ""fuel_level_avg"": 6, ""lock_geo_alert"": false, ""operation_mode"": ""RENT"", ""battery_voltage"": 14.800000190734863, ""in_primary_zone"": true, ""lock_engine_alert"": false, ""in_restricted_zone"": false, ""onboard_geofencing"": false, ""speed_limit_active"": false}"
2023-07-17 12:56:06.897,5237,13,"359159972073523",20,"{""key"": false, ""flip"": false, ""zone"": false, ""speed"": 8.4, ""buzzer"": 0, ""engine"": true, ""in_zone"": true, ""ignition"": true, ""latitude"": 42.645185, ""direction"": 295, ""longitude"": 18.062905, ""gsm_signal"": 31, ""sleep_mode"": false, ""staff_mode"": false, ""fault_codes"": [], ""speed_limit"": 46, ""engine_hours"": 1591, ""idc_triggers"": [], ""buzzer_active"": false, ""fuel_level_avg"": 6, ""lock_geo_alert"": false, ""operation_mode"": ""RENT"", ""battery_voltage"": 14.800000190734863, ""in_primary_zone"": true, ""lock_engine_alert"": false, ""in_restricted_zone"": false, ""onboard_geofencing"": false, ""speed_limit_active"": false}"
2023-07-17 12:56:05.433,5237,13,"359159972073523",20,"{""key"": false, ""flip"": false, ""zone"": false, ""speed"": 9.0, ""buzzer"": 0, ""engine"": true, ""in_zone"": true, ""ignition"": true, ""latitude"": 42.6451766, ""direction"": 295, ""longitude"": 18.0629316, ""gsm_signal"": 31, ""sleep_mode"": false, ""staff_mode"": false, ""fault_codes"": [], ""speed_limit"": 46, ""engine_hours"": 1591, ""idc_triggers"": [], ""buzzer_active"": false, ""fuel_level_avg"": 6, ""lock_geo_alert"": false, ""operation_mode"": ""RENT"", ""battery_voltage"": 14.800000190734863, ""in_primary_zone"": true, ""lock_engine_alert"": false, ""in_restricted_zone"": false, ""onboard_geofencing"": false, ""speed_limit_active"": false}"
2023-07-17 12:56:04.438,5237,13,"359159972073523",20,"{""key"": false, ""flip"": false, ""zone"": false, ""speed"": 9.0, ""buzzer"": 0, ""engine"": true, ""in_zone"": true, ""ignition"": true, ""latitude"": 42.6451666, ""direction"": 295, ""longitude"": 18.0629582, ""gsm_signal"": 31, ""sleep_mode"": false, ""staff_mode"": false, ""fault_codes"": [], ""speed_limit"": 46, ""engine_hours"": 1591, ""idc_triggers"": [], ""buzzer_active"": false, ""fuel_level_avg"": 6, ""lock_geo_alert"": false, ""operation_mode"": ""RENT"", ""battery_voltage"": 14.800000190734863, ""in_primary_zone"": true, ""lock_engine_alert"": false, ""in_restricted_zone"": false, ""onboard_geofencing"": false, ""speed_limit_active"": false}"
2023-07-17 12:56:03.454,5237,13,"359159972073523",20,"{""key"": false, ""flip"": false, ""zone"": false, ""speed"": 8.0, ""buzzer"": 0, ""engine"": true, ""in_zone"": true, ""ignition"": true, ""latitude"": 42.6451566, ""direction"": 293, ""longitude"": 18.062985, ""gsm_signal"": 31, ""sleep_mode"": false, ""staff_mode"": false, ""fault_codes"": [], ""speed_limit"": 46, ""engine_hours"": 1591, ""idc_triggers"": [], ""buzzer_active"": false, ""fuel_level_avg"": 6, ""lock_geo_alert"": false, ""operation_mode"": ""RENT"", ""battery_voltage"": 14.800000190734863, ""in_primary_zone"": true, ""lock_engine_alert"": false, ""in_restricted_zone"": false, ""onboard_geofencing"": false, ""speed_limit_active"": false}"
2023-07-17 12:56:02.475,5237,13,"359159972073523",20,"{""key"": false, ""flip"": false, ""zone"": false, ""speed"": 6.3, ""buzzer"": 0, ""engine"": true, ""in_zone"": true, ""ignition"": true, ""latitude"": 42.64515, ""direction"": 298, ""longitude"": 18.06301, ""gsm_signal"": 31, ""sleep_mode"": false, ""staff_mode"": false, ""fault_codes"": [], ""speed_limit"": 46, ""engine_hours"": 1591, ""idc_triggers"": [], ""buzzer_active"": false, ""fuel_level_avg"": 6, ""lock_geo_alert"": false, ""operation_mode"": ""RENT"", ""battery_voltage"": 14.800000190734863, ""in_primary_zone"": true, ""lock_engine_alert"": false, ""in_restricted_zone"": false, ""onboard_geofencing"": false, ""speed_limit_active"": false}"
2023-07-17 12:56:01.514,5237,13,"359159972073523",20,"{""key"": false, ""flip"": false, ""zone"": false, ""speed"": 8.1, ""buzzer"": 0, ""engine"": true, ""in_zone"": true, ""ignition"": true, ""latitude"": 42.6451433, ""direction"": 299, ""longitude"": 18.06303, ""gsm_signal"": 31, ""sleep_mode"": false, ""staff_mode"": false, ""fault_codes"": [], ""speed_limit"": 46, ""engine_hours"": 1591, ""idc_triggers"": [], ""buzzer_active"": false, ""fuel_level_avg"": 6, ""lock_geo_alert"": false, ""operation_mode"": ""RENT"", ""battery_voltage"": 14.800000190734863, ""in_primary_zone"": true, ""lock_engine_alert"": false, ""in_restricted_zone"": false, ""onboard_geofencing"": false, ""speed_limit_active"": false}"
2023-07-17 12:56:00.896,5237,13,"359159972073523",20,"{""key"": false, ""flip"": false, ""zone"": false, ""speed"": 7.8, ""buzzer"": 0, ""engine"": true, ""in_zone"": true, ""ignition"": true, ""latitude"": 42.6451333, ""direction"": 304, ""longitude"": 18.0630532, ""gsm_signal"": 29, ""sleep_mode"": false, ""staff_mode"": false, ""fault_codes"": [], ""speed_limit"": 46, ""engine_hours"": 1591, ""idc_triggers"": [], ""buzzer_active"": false, ""fuel_level_avg"": 6, ""lock_geo_alert"": false, ""operation_mode"": ""RENT"", ""battery_voltage"": 14.800000190734863, ""in_primary_zone"": true, ""lock_engine_alert"": false, ""in_restricted_zone"": false, ""onboard_geofencing"": false, ""speed_limit_active"": false}"
2023-07-17 12:55:59.433,5237,13,"359159972073523",20,"{""key"": false, ""flip"": false, ""zone"": false, ""speed"": 6.6, ""buzzer"": 0, ""engine"": true, ""in_zone"": true, ""ignition"": true, ""latitude"": 42.6451233, ""direction"": 303, ""longitude"": 18.063075, ""gsm_signal"": 29, ""sleep_mode"": false, ""staff_mode"": false, ""fault_codes"": [], ""speed_limit"": 46, ""engine_hours"": 1591, ""idc_triggers"": [], ""buzzer_active"": false, ""fuel_level_avg"": 6, ""lock_geo_alert"": false, ""operation_mode"": ""RENT"", ""battery_voltage"": 14.800000190734863, ""in_primary_zone"": true, ""lock_engine_alert"": false, ""in_restricted_zone"": false, ""onboard_geofencing"": false, ""speed_limit_active"": false}"
2023-07-17 12:55:58.497,5237,13,"359159972073523",20,"{""key"": false, ""flip"": false, ""zone"": false, ""speed"": 7.0, ""buzzer"": 0, ""engine"": true, ""in_zone"": true, ""ignition"": true, ""latitude"": 42.645115, ""direction"": 298, ""longitude"": 18.0630932, ""gsm_signal"": 29, ""sleep_mode"": false, ""staff_mode"": false, ""fault_codes"": [], ""speed_limit"": 46, ""engine_hours"": 1591, ""idc_triggers"": [], ""buzzer_active"": false, ""fuel_level_avg"": 6, ""lock_geo_alert"": false, ""operation_mode"": ""RENT"", ""battery_voltage"": 14.800000190734863, ""in_primary_zone"": true, ""lock_engine_alert"": false, ""in_restricted_zone"": false, ""onboard_geofencing"": false, ""speed_limit_active"": false}"
2023-07-17 12:55:57.477,5237,13,"359159972073523",20,"{""key"": false, ""flip"": false, ""zone"": false, ""speed"": 11.7, ""buzzer"": 0, ""engine"": true, ""in_zone"": true, ""ignition"": true, ""latitude"": 42.645105, ""direction"": 291, ""longitude"": 18.0631166, ""gsm_signal"": 25, ""sleep_mode"": false, ""staff_mode"": false, ""fault_codes"": [], ""speed_limit"": 46, ""engine_hours"": 1591, ""idc_triggers"": [], ""buzzer_active"": false, ""fuel_level_avg"": 6, ""lock_geo_alert"": false, ""operation_mode"": ""RENT"", ""battery_voltage"": 14.800000190734863, ""in_primary_zone"": true, ""lock_engine_alert"": false, ""in_restricted_zone"": false, ""onboard_geofencing"": false, ""speed_limit_active"": false}"
2023-07-17 12:55:56.955,5237,13,"359159972073523",20,"{""key"": false, ""flip"": false, ""zone"": false, ""speed"": 18.1, ""buzzer"": 0, ""engine"": true, ""in_zone"": true, ""ignition"": true, ""latitude"": 42.6450916, ""direction"": 285, ""longitude"": 18.0631582, ""gsm_signal"": 25, ""sleep_mode"": false, ""staff_mode"": false, ""fault_codes"": [], ""speed_limit"": 46, ""engine_hours"": 1591, ""idc_triggers"": [], ""buzzer_active"": false, ""fuel_level_avg"": 6, ""lock_geo_alert"": false, ""operation_mode"": ""RENT"", ""battery_voltage"": 14.800000190734863, ""in_primary_zone"": true, ""lock_engine_alert"": false, ""in_restricted_zone"": false, ""onboard_geofencing"": false, ""speed_limit_active"": false}"
2023-07-17 12:55:55.497,5237,13,"359159972073523",20,"{""key"": false, ""flip"": false, ""zone"": false, ""speed"": 25.8, ""buzzer"": 0, ""engine"": true, ""in_zone"": true, ""ignition"": true, ""latitude"": 42.64508, ""direction"": 281, ""longitude"": 18.063225, ""gsm_signal"": 25, ""sleep_mode"": false, ""staff_mode"": false, ""fault_codes"": [], ""speed_limit"": 46, ""engine_hours"": 1591, ""idc_triggers"": [], ""buzzer_active"": false, ""fuel_level_avg"": 6, ""lock_geo_alert"": false, ""operation_mode"": ""RENT"", ""battery_voltage"": 14.800000190734863, ""in_primary_zone"": true, ""lock_engine_alert"": false, ""in_restricted_zone"": false, ""onboard_geofencing"": false, ""speed_limit_active"": false}"
2023-07-17 12:55:54.898,5237,13,"359159972073523",20,"{""key"": false, ""flip"": false, ""zone"": false, ""speed"": 30.9, ""buzzer"": 0, ""engine"": true, ""in_zone"": true, ""ignition"": true, ""latitude"": 42.64507, ""direction"": 272, ""longitude"": 18.063315, ""gsm_signal"": 27, ""sleep_mode"": false, ""staff_mode"": false, ""fault_codes"": [], ""speed_limit"": 46, ""engine_hours"": 1591, ""idc_triggers"": [], ""buzzer_active"": false, ""fuel_level_avg"": 6, ""lock_geo_alert"": false, ""operation_mode"": ""RENT"", ""battery_voltage"": 14.800000190734863, ""in_primary_zone"": true, ""lock_engine_alert"": false, ""in_restricted_zone"": false, ""onboard_geofencing"": false, ""speed_limit_active"": false}"
2023-07-17 12:55:53.434,5237,13,"359159972073523",20,"{""key"": false, ""flip"": false, ""zone"": false, ""speed"": 29.0, ""buzzer"": 0, ""engine"": true, ""in_zone"": true, ""ignition"": true, ""latitude"": 42.64507, ""direction"": 255, ""longitude"": 18.0634166, ""gsm_signal"": 27, ""sleep_mode"": false, ""staff_mode"": false, ""fault_codes"": [], ""speed_limit"": 46, ""engine_hours"": 1591, ""idc_triggers"": [], ""buzzer_active"": false, ""fuel_level_avg"": 6, ""lock_geo_alert"": false, ""operation_mode"": ""RENT"", ""battery_voltage"": 14.800000190734863, ""in_primary_zone"": true, ""lock_engine_alert"": false, ""in_restricted_zone"": false, ""onboard_geofencing"": false, ""speed_limit_active"": false}"
2023-07-17 12:55:52.437,5237,13,"359159972073523",20,"{""key"": false, ""flip"": false, ""zone"": false, ""speed"": 29.7, ""buzzer"": 0, ""engine"": true, ""in_zone"": true, ""ignition"": true, ""latitude"": 42.6450916, ""direction"": 247, ""longitude"": 18.0635132, ""gsm_signal"": 27, ""sleep_mode"": false, ""staff_mode"": false, ""fault_codes"": [], ""speed_limit"": 46, ""engine_hours"": 1591, ""idc_triggers"": [], ""buzzer_active"": false, ""fuel_level_avg"": 6, ""lock_geo_alert"": false, ""operation_mode"": ""RENT"", ""battery_voltage"": 14.800000190734863, ""in_primary_zone"": true, ""lock_engine_alert"": false, ""in_restricted_zone"": false, ""onboard_geofencing"": false, ""speed_limit_active"": false}"
2023-07-17 12:55:51.500,5237,13,"359159972073523",20,"{""key"": false, ""flip"": false, ""zone"": false, ""speed"": 29.5, ""buzzer"": 0, ""engine"": true, ""in_zone"": true, ""ignition"": true, ""latitude"": 42.64512, ""direction"": 244, ""longitude"": 18.063605, ""gsm_signal"": 31, ""sleep_mode"": false, ""staff_mode"": false, ""fault_codes"": [], ""speed_limit"": 46, ""engine_hours"": 1591, ""idc_triggers"": [], ""buzzer_active"": false, ""fuel_level_avg"": 6, ""lock_geo_alert"": false, ""operation_mode"": ""RENT"", ""battery_voltage"": 14.800000190734863, ""in_primary_zone"": true, ""lock_engine_alert"": false, ""in_restricted_zone"": false, ""onboard_geofencing"": false, ""speed_limit_active"": false}"
2023-07-17 12:55:50.417,5237,13,"359159972073523",20,"{""key"": false, ""flip"": false, ""zone"": false, ""speed"": 31.4, ""buzzer"": 0, ""engine"": true, ""in_zone"": true, ""ignition"": true, ""latitude"": 42.6451533, ""direction"": 243, ""longitude"": 18.0636966, ""gsm_signal"": 31, ""sleep_mode"": false, ""staff_mode"": false, ""fault_codes"": [], ""speed_limit"": 46, ""engine_hours"": 1591, ""idc_triggers"": [], ""buzzer_active"": false, ""fuel_level_avg"": 0, ""lock_geo_alert"": false, ""operation_mode"": ""RENT"", ""battery_voltage"": 14.800000190734863, ""in_primary_zone"": true, ""lock_engine_alert"": false, ""in_restricted_zone"": false, ""onboard_geofencing"": false, ""speed_limit_active"": false}"
2023-07-17 12:55:49.655,5237,13,"359159972073523",20,"{""key"": false, ""flip"": false, ""zone"": false, ""speed"": 30.2, ""buzzer"": 0, ""engine"": true, ""in_zone"": true, ""ignition"": true, ""latitude"": 42.6451883, ""direction"": 242, ""longitude"": 18.0637916, ""gsm_signal"": 31, ""sleep_mode"": false, ""staff_mode"": false, ""fault_codes"": [], ""speed_limit"": 46, ""engine_hours"": 1591, ""idc_triggers"": [], ""buzzer_active"": false, ""fuel_level_avg"": 0, ""lock_geo_alert"": false, ""operation_mode"": ""RENT"", ""battery_voltage"": 14.800000190734863, ""in_primary_zone"": true, ""lock_engine_alert"": false, ""in_restricted_zone"": false, ""onboard_geofencing"": false, ""speed_limit_active"": false}"
2023-07-17 12:55:48.956,5237,13,"359159972073523",20,"{""key"": false, ""flip"": false, ""zone"": false, ""speed"": 27.3, ""buzzer"": 0, ""engine"": true, ""in_zone"": true, ""ignition"": true, ""latitude"": 42.6452216, ""direction"": 242, ""longitude"": 18.06388, ""gsm_signal"": 31, ""sleep_mode"": false, ""staff_mode"": false, ""fault_codes"": [], ""speed_limit"": 46, ""engine_hours"": 1591, ""idc_triggers"": [], ""buzzer_active"": false, ""fuel_level_avg"": 0, ""lock_geo_alert"": false, ""operation_mode"": ""RENT"", ""battery_voltage"": 14.800000190734863, ""in_primary_zone"": true, ""lock_engine_alert"": false, ""in_restricted_zone"": false, ""onboard_geofencing"": false, ""speed_limit_active"": false}"
2023-07-17 12:55:47.433,5237,13,"359159972073523",20,"{""key"": false, ""flip"": false, ""zone"": false, ""speed"": 25.9, ""buzzer"": 0, ""engine"": true, ""in_zone"": true, ""ignition"": true, ""latitude"": 42.6452516, ""direction"": 244, ""longitude"": 18.0639632, ""gsm_signal"": 31, ""sleep_mode"": false, ""staff_mode"": false, ""fault_codes"": [], ""speed_limit"": 46, ""engine_hours"": 1591, ""idc_triggers"": [], ""buzzer_active"": false, ""fuel_level_avg"": 0, ""lock_geo_alert"": false, ""operation_mode"": ""RENT"", ""battery_voltage"": 14.800000190734863, ""in_primary_zone"": true, ""lock_engine_alert"": false, ""in_restricted_zone"": false, ""onboard_geofencing"": false, ""speed_limit_active"": false}"
2023-07-17 12:55:46.475,5237,13,"359159972073523",20,"{""key"": false, ""flip"": false, ""zone"": false, ""speed"": 23.4, ""buzzer"": 0, ""engine"": true, ""in_zone"": true, ""ignition"": true, ""latitude"": 42.6452783, ""direction"": 248, ""longitude"": 18.06404, ""gsm_signal"": 31, ""sleep_mode"": false, ""staff_mode"": false, ""fault_codes"": [], ""speed_limit"": 46, ""engine_hours"": 1591, ""idc_triggers"": [], ""buzzer_active"": false, ""fuel_level_avg"": 0, ""lock_geo_alert"": false, ""operation_mode"": ""RENT"", ""battery_voltage"": 14.800000190734863, ""in_primary_zone"": true, ""lock_engine_alert"": false, ""in_restricted_zone"": false, ""onboard_geofencing"": false, ""speed_limit_active"": false}"
2023-07-17 12:55:45.500,5237,13,"359159972073523",20,"{""key"": false, ""flip"": false, ""zone"": false, ""speed"": 21.9, ""buzzer"": 0, ""engine"": true, ""in_zone"": true, ""ignition"": true, ""latitude"": 42.6452966, ""direction"": 260, ""longitude"": 18.0641116, ""gsm_signal"": 31, ""sleep_mode"": false, ""staff_mode"": false, ""fault_codes"": [], ""speed_limit"": 46, ""engine_hours"": 1591, ""idc_triggers"": [], ""buzzer_active"": false, ""fuel_level_avg"": 0, ""lock_geo_alert"": false, ""operation_mode"": ""RENT"", ""battery_voltage"": 14.800000190734863, ""in_primary_zone"": true, ""lock_engine_alert"": false, ""in_restricted_zone"": false, ""onboard_geofencing"": false, ""speed_limit_active"": false}"
2023-07-17 12:55:44.517,5237,13,"359159972073523",20,"{""key"": false, ""flip"": false, ""zone"": false, ""speed"": 25.8, ""buzzer"": 0, ""engine"": true, ""in_zone"": true, ""ignition"": true, ""latitude"": 42.6452983, ""direction"": 275, ""longitude"": 18.064185, ""gsm_signal"": 31, ""sleep_mode"": false, ""staff_mode"": false, ""fault_codes"": [], ""speed_limit"": 46, ""engine_hours"": 1591, ""idc_triggers"": [], ""buzzer_active"": false, ""fuel_level_avg"": 0, ""lock_geo_alert"": false, ""operation_mode"": ""RENT"", ""battery_voltage"": 14.800000190734863, ""in_primary_zone"": true, ""lock_engine_alert"": false, ""in_restricted_zone"": false, ""onboard_geofencing"": false, ""speed_limit_active"": false}"
2023-07-17 12:55:43.935,5237,13,"359159972073523",20,"{""key"": false, ""flip"": false, ""zone"": false, ""speed"": 32.3, ""buzzer"": 0, ""engine"": true, ""in_zone"": true, ""ignition"": true, ""latitude"": 42.64529, ""direction"": 283, ""longitude"": 18.0642782, ""gsm_signal"": 31, ""sleep_mode"": false, ""staff_mode"": false, ""fault_codes"": [], ""speed_limit"": 46, ""engine_hours"": 1591, ""idc_triggers"": [], ""buzzer_active"": false, ""fuel_level_avg"": 0, ""lock_geo_alert"": false, ""operation_mode"": ""RENT"", ""battery_voltage"": 14.800000190734863, ""in_primary_zone"": true, ""lock_engine_alert"": false, ""in_restricted_zone"": false, ""onboard_geofencing"": false, ""speed_limit_active"": false}"
2023-07-17 12:55:42.418,5237,13,"359159972073523",20,"{""key"": false, ""flip"": false, ""zone"": false, ""speed"": 38.1, ""buzzer"": 0, ""engine"": true, ""in_zone"": true, ""ignition"": true, ""latitude"": 42.6452666, ""direction"": 289, ""longitude"": 18.0643882, ""gsm_signal"": 31, ""sleep_mode"": false, ""staff_mode"": false, ""fault_codes"": [], ""speed_limit"": 46, ""engine_hours"": 1591, ""idc_triggers"": [], ""buzzer_active"": false, ""fuel_level_avg"": 0, ""lock_geo_alert"": false, ""operation_mode"": ""RENT"", ""battery_voltage"": 14.800000190734863, ""in_primary_zone"": true, ""lock_engine_alert"": false, ""in_restricted_zone"": false, ""onboard_geofencing"": false, ""speed_limit_active"": false}"
2023-07-17 12:55:41.435,5237,13,"359159972073523",20,"{""key"": false, ""flip"": false, ""zone"": false, ""speed"": 43.1, ""buzzer"": 0, ""engine"": true, ""in_zone"": true, ""ignition"": true, ""latitude"": 42.6452333, ""direction"": 289, ""longitude"": 18.064515, ""gsm_signal"": 31, ""sleep_mode"": false, ""staff_mode"": false, ""fault_codes"": [], ""speed_limit"": 46, ""engine_hours"": 1591, ""idc_triggers"": [], ""buzzer_active"": false, ""fuel_level_avg"": 0, ""lock_geo_alert"": false, ""operation_mode"": ""RENT"", ""battery_voltage"": 14.800000190734863, ""in_primary_zone"": true, ""lock_engine_alert"": false, ""in_restricted_zone"": false, ""onboard_geofencing"": false, ""speed_limit_active"": false}"
2023-07-17 12:55:40.440,5237,13,"359159972073523",20,"{""key"": false, ""flip"": false, ""zone"": false, ""speed"": 45.2, ""buzzer"": 0, ""engine"": true, ""in_zone"": true, ""ignition"": true, ""latitude"": 42.6451966, ""direction"": 288, ""longitude"": 18.064655, ""gsm_signal"": 31, ""sleep_mode"": false, ""staff_mode"": false, ""fault_codes"": [], ""speed_limit"": 46, ""engine_hours"": 1591, ""idc_triggers"": [], ""buzzer_active"": false, ""fuel_level_avg"": 0, ""lock_geo_alert"": false, ""operation_mode"": ""RENT"", ""battery_voltage"": 14.800000190734863, ""in_primary_zone"": true, ""lock_engine_alert"": false, ""in_restricted_zone"": false, ""onboard_geofencing"": false, ""speed_limit_active"": false}"
2023-07-17 12:55:39.477,5237,13,"359159972073523",20,"{""key"": false, ""flip"": false, ""zone"": false, ""speed"": 44.7, ""buzzer"": 0, ""engine"": true, ""in_zone"": true, ""ignition"": true, ""latitude"": 42.64516, ""direction"": 289, ""longitude"": 18.0647982, ""gsm_signal"": 31, ""sleep_mode"": false, ""staff_mode"": false, ""fault_codes"": [], ""speed_limit"": 46, ""engine_hours"": 1591, ""idc_triggers"": [], ""buzzer_active"": false, ""fuel_level_avg"": 0, ""lock_geo_alert"": false, ""operation_mode"": ""RENT"", ""battery_voltage"": 14.800000190734863, ""in_primary_zone"": true, ""lock_engine_alert"": false, ""in_restricted_zone"": false, ""onboard_geofencing"": false, ""speed_limit_active"": false}"
2023-07-17 12:55:38.496,5237,13,"359159972073523",20,"{""key"": false, ""flip"": false, ""zone"": false, ""speed"": 44.6, ""buzzer"": 0, ""engine"": true, ""in_zone"": true, ""ignition"": true, ""latitude"": 42.6451233, ""direction"": 289, ""longitude"": 18.0649416, ""gsm_signal"": 31, ""sleep_mode"": false, ""staff_mode"": false, ""fault_codes"": [], ""speed_limit"": 46, ""engine_hours"": 1591, ""idc_triggers"": [], ""buzzer_active"": false, ""fuel_level_avg"": 0, ""lock_geo_alert"": false, ""operation_mode"": ""RENT"", ""battery_voltage"": 14.800000190734863, ""in_primary_zone"": true, ""lock_engine_alert"": false, ""in_restricted_zone"": false, ""onboard_geofencing"": false, ""speed_limit_active"": false}"
2023-07-17 12:55:37.936,5237,13,"359159972073523",20,"{""key"": false, ""flip"": false, ""zone"": false, ""speed"": 42.0, ""buzzer"": 0, ""engine"": true, ""in_zone"": true, ""ignition"": true, ""latitude"": 42.6450866, ""direction"": 288, ""longitude"": 18.0650816, ""gsm_signal"": 31, ""sleep_mode"": false, ""staff_mode"": false, ""fault_codes"": [], ""speed_limit"": 46, ""engine_hours"": 1591, ""idc_triggers"": [], ""buzzer_active"": false, ""fuel_level_avg"": 0, ""lock_geo_alert"": false, ""operation_mode"": ""RENT"", ""battery_voltage"": 14.800000190734863, ""in_primary_zone"": true, ""lock_engine_alert"": false, ""in_restricted_zone"": false, ""onboard_geofencing"": false, ""speed_limit_active"": false}"
2023-07-17 12:55:36.443,5237,13,"359159972073523",20,"{""key"": false, ""flip"": false, ""zone"": false, ""speed"": 42.2, ""buzzer"": 0, ""engine"": true, ""in_zone"": true, ""ignition"": true, ""latitude"": 42.6450533, ""direction"": 288, ""longitude"": 18.0652166, ""gsm_signal"": 31, ""sleep_mode"": false, ""staff_mode"": false, ""fault_codes"": [], ""speed_limit"": 46, ""engine_hours"": 1591, ""idc_triggers"": [], ""buzzer_active"": false, ""fuel_level_avg"": 0, ""lock_geo_alert"": false, ""operation_mode"": ""RENT"", ""battery_voltage"": 14.800000190734863, ""in_primary_zone"": true, ""lock_engine_alert"": false, ""in_restricted_zone"": false, ""onboard_geofencing"": false, ""speed_limit_active"": false}"
2023-07-17 12:55:35.477,5237,13,"359159972073523",20,"{""key"": false, ""flip"": false, ""zone"": false, ""speed"": 40.9, ""buzzer"": 0, ""engine"": true, ""in_zone"": true, ""ignition"": true, ""latitude"": 42.64502, ""direction"": 289, ""longitude"": 18.06535, ""gsm_signal"": 31, ""sleep_mode"": false, ""staff_mode"": false, ""fault_codes"": [], ""speed_limit"": 46, ""engine_hours"": 1591, ""idc_triggers"": [], ""buzzer_active"": false, ""fuel_level_avg"": 0, ""lock_geo_alert"": false, ""operation_mode"": ""RENT"", ""battery_voltage"": 14.800000190734863, ""in_primary_zone"": true, ""lock_engine_alert"": false, ""in_restricted_zone"": false, ""onboard_geofencing"": false, ""speed_limit_active"": false}"
2023-07-17 12:55:34.917,5237,13,"359159972073523",20,"{""key"": false, ""flip"": false, ""zone"": false, ""speed"": 38.4, ""buzzer"": 0, ""engine"": true, ""in_zone"": true, ""ignition"": true, ""latitude"": 42.6449883, ""direction"": 288, ""longitude"": 18.06548, ""gsm_signal"": 31, ""sleep_mode"": false, ""staff_mode"": false, ""fault_codes"": [], ""speed_limit"": 46, ""engine_hours"": 1591, ""idc_triggers"": [], ""buzzer_active"": false, ""fuel_level_avg"": 0, ""lock_geo_alert"": false, ""operation_mode"": ""RENT"", ""battery_voltage"": 14.800000190734863, ""in_primary_zone"": true, ""lock_engine_alert"": false, ""in_restricted_zone"": false, ""onboard_geofencing"": false, ""speed_limit_active"": false}"
2023-07-17 12:55:33.418,5237,13,"359159972073523",20,"{""key"": false, ""flip"": false, ""zone"": false, ""speed"": 36.8, ""buzzer"": 0, ""engine"": true, ""in_zone"": true, ""ignition"": true, ""latitude"": 42.6449566, ""direction"": 288, ""longitude"": 18.0656016, ""gsm_signal"": 31, ""sleep_mode"": false, ""staff_mode"": false, ""fault_codes"": [], ""speed_limit"": 46, ""engine_hours"": 1591, ""idc_triggers"": [], ""buzzer_active"": false, ""fuel_level_avg"": 0, ""lock_geo_alert"": false, ""operation_mode"": ""RENT"", ""battery_voltage"": 14.800000190734863, ""in_primary_zone"": true, ""lock_engine_alert"": false, ""in_restricted_zone"": false, ""onboard_geofencing"": false, ""speed_limit_active"": false}"
2023-07-17 12:55:32.433,5237,13,"359159972073523",20,"{""key"": false, ""flip"": false, ""zone"": false, ""speed"": 35.5, ""buzzer"": 0, ""engine"": true, ""in_zone"": true, ""ignition"": true, ""latitude"": 42.6449283, ""direction"": 288, ""longitude"": 18.06572, ""gsm_signal"": 31, ""sleep_mode"": false, ""staff_mode"": false, ""fault_codes"": [], ""speed_limit"": 46, ""engine_hours"": 1591, ""idc_triggers"": [], ""buzzer_active"": false, ""fuel_level_avg"": 0, ""lock_geo_alert"": false, ""operation_mode"": ""RENT"", ""battery_voltage"": 14.800000190734863, ""in_primary_zone"": true, ""lock_engine_alert"": false, ""in_restricted_zone"": false, ""onboard_geofencing"": false, ""speed_limit_active"": false}"
2023-07-17 12:55:31.435,5237,13,"359159972073523",20,"{""key"": false, ""flip"": false, ""zone"": false, ""speed"": 36.0, ""buzzer"": 0, ""engine"": true, ""in_zone"": true, ""ignition"": true, ""latitude"": 42.6449016, ""direction"": 288, ""longitude"": 18.0658332, ""gsm_signal"": 31, ""sleep_mode"": false, ""staff_mode"": false, ""fault_codes"": [], ""speed_limit"": 46, ""engine_hours"": 1591, ""idc_triggers"": [], ""buzzer_active"": false, ""fuel_level_avg"": 0, ""lock_geo_alert"": false, ""operation_mode"": ""RENT"", ""battery_voltage"": 14.800000190734863, ""in_primary_zone"": true, ""lock_engine_alert"": false, ""in_restricted_zone"": false, ""onboard_geofencing"": false, ""speed_limit_active"": false}"
2023-07-17 12:55:30.454,5237,13,"359159972073523",20,"{""key"": false, ""flip"": false, ""zone"": false, ""speed"": 38.9, ""buzzer"": 0, ""engine"": true, ""in_zone"": true, ""ignition"": true, ""latitude"": 42.6448716, ""direction"": 289, ""longitude"": 18.065951599999998, ""gsm_signal"": 31, ""sleep_mode"": false, ""staff_mode"": false, ""fault_codes"": [], ""speed_limit"": 46, ""engine_hours"": 1591, ""idc_triggers"": [], ""buzzer_active"": false, ""fuel_level_avg"": 0, ""lock_geo_alert"": false, ""operation_mode"": ""RENT"", ""battery_voltage"": 14.800000190734863, ""in_primary_zone"": true, ""lock_engine_alert"": false, ""in_restricted_zone"": false, ""onboard_geofencing"": false, ""speed_limit_active"": false}"
2023-07-17 12:55:29.474,5237,13,"359159972073523",20,"{""key"": false, ""flip"": false, ""zone"": false, ""speed"": 41.5, ""buzzer"": 0, ""engine"": true, ""in_zone"": true, ""ignition"": true, ""latitude"": 42.6448366, ""direction"": 290, ""longitude"": 18.06608, ""gsm_signal"": 31, ""sleep_mode"": false, ""staff_mode"": false, ""fault_codes"": [], ""speed_limit"": 46, ""engine_hours"": 1591, ""idc_triggers"": [], ""buzzer_active"": false, ""fuel_level_avg"": 0, ""lock_geo_alert"": false, ""operation_mode"": ""RENT"", ""battery_voltage"": 14.800000190734863, ""in_primary_zone"": true, ""lock_engine_alert"": false, ""in_restricted_zone"": false, ""onboard_geofencing"": false, ""speed_limit_active"": false}"
2023-07-17 12:55:28.916,5237,13,"359159972073523",20,"{""key"": false, ""flip"": false, ""zone"": false, ""speed"": 41.6, ""buzzer"": 0, ""engine"": true, ""in_zone"": true, ""ignition"": true, ""latitude"": 42.644800000000004, ""direction"": 289, ""longitude"": 18.0662116, ""gsm_signal"": 31, ""sleep_mode"": false, ""staff_mode"": false, ""fault_codes"": [], ""speed_limit"": 46, ""engine_hours"": 1591, ""idc_triggers"": [], ""buzzer_active"": false, ""fuel_level_avg"": 0, ""lock_geo_alert"": false, ""operation_mode"": ""RENT"", ""battery_voltage"": 14.800000190734863, ""in_primary_zone"": true, ""lock_engine_alert"": false, ""in_restricted_zone"": false, ""onboard_geofencing"": false, ""speed_limit_active"": false}"
2023-07-17 12:55:27.416,5237,13,"359159972073523",20,"{""key"": false, ""flip"": false, ""zone"": false, ""speed"": 46.7, ""buzzer"": 0, ""engine"": true, ""in_zone"": true, ""ignition"": true, ""latitude"": 42.6447633, ""direction"": 288, ""longitude"": 18.0663482, ""gsm_signal"": 31, ""sleep_mode"": false, ""staff_mode"": false, ""fault_codes"": [], ""speed_limit"": 46, ""engine_hours"": 1591, ""idc_triggers"": [], ""buzzer_active"": false, ""fuel_level_avg"": 0, ""lock_geo_alert"": false, ""operation_mode"": ""RENT"", ""battery_voltage"": 14.800000190734863, ""in_primary_zone"": true, ""lock_engine_alert"": false, ""in_restricted_zone"": false, ""onboard_geofencing"": false, ""speed_limit_active"": false}"
2023-07-17 12:55:26.433,5237,13,"359159972073523",20,"{""key"": false, ""flip"": false, ""zone"": false, ""speed"": 44.7, ""buzzer"": 0, ""engine"": true, ""in_zone"": true, ""ignition"": true, ""latitude"": 42.6447266, ""direction"": 288, ""longitude"": 18.066495, ""gsm_signal"": 31, ""sleep_mode"": false, ""staff_mode"": false, ""fault_codes"": [], ""speed_limit"": 46, ""engine_hours"": 1591, ""idc_triggers"": [], ""buzzer_active"": false, ""fuel_level_avg"": 0, ""lock_geo_alert"": false, ""operation_mode"": ""RENT"", ""battery_voltage"": 14.800000190734863, ""in_primary_zone"": true, ""lock_engine_alert"": false, ""in_restricted_zone"": false, ""onboard_geofencing"": false, ""speed_limit_active"": false}"
2023-07-17 12:55:25.495,5237,13,"359159972073523",20,"{""key"": false, ""flip"": false, ""zone"": false, ""speed"": 42.9, ""buzzer"": 0, ""engine"": true, ""in_zone"": true, ""ignition"": true, ""latitude"": 42.6446933, ""direction"": 288, ""longitude"": 18.0666366, ""gsm_signal"": 31, ""sleep_mode"": false, ""staff_mode"": false, ""fault_codes"": [], ""speed_limit"": 46, ""engine_hours"": 1591, ""idc_triggers"": [], ""buzzer_active"": false, ""fuel_level_avg"": 0, ""lock_geo_alert"": false, ""operation_mode"": ""RENT"", ""battery_voltage"": 14.800000190734863, ""in_primary_zone"": true, ""lock_engine_alert"": false, ""in_restricted_zone"": false, ""onboard_geofencing"": false, ""speed_limit_active"": false}"
2023-07-17 12:55:24.916,5237,13,"359159972073523",20,"{""key"": false, ""flip"": false, ""zone"": false, ""speed"": 42.4, ""buzzer"": 0, ""engine"": true, ""in_zone"": true, ""ignition"": true, ""latitude"": 42.6446583, ""direction"": 288, ""longitude"": 18.0667732, ""gsm_signal"": 31, ""sleep_mode"": false, ""staff_mode"": false, ""fault_codes"": [], ""speed_limit"": 46, ""engine_hours"": 1591, ""idc_triggers"": [], ""buzzer_active"": false, ""fuel_level_avg"": 0, ""lock_geo_alert"": false, ""operation_mode"": ""RENT"", ""battery_voltage"": 14.800000190734863, ""in_primary_zone"": true, ""lock_engine_alert"": false, ""in_restricted_zone"": false, ""onboard_geofencing"": false, ""speed_limit_active"": false}"
2023-07-17 12:55:23.415,5237,13,"359159972073523",20,"{""key"": false, ""flip"": false, ""zone"": false, ""speed"": 39.3, ""buzzer"": 0, ""engine"": true, ""in_zone"": true, ""ignition"": true, ""latitude"": 42.644625, ""direction"": 290, ""longitude"": 18.066905, ""gsm_signal"": 31, ""sleep_mode"": false, ""staff_mode"": false, ""fault_codes"": [], ""speed_limit"": 46, ""engine_hours"": 1591, ""idc_triggers"": [], ""buzzer_active"": false, ""fuel_level_avg"": 0, ""lock_geo_alert"": false, ""operation_mode"": ""RENT"", ""battery_voltage"": 14.800000190734863, ""in_primary_zone"": true, ""lock_engine_alert"": false, ""in_restricted_zone"": false, ""onboard_geofencing"": false, ""speed_limit_active"": false}"
2023-07-17 12:55:22.457,5237,13,"359159972073523",20,"{""key"": false, ""flip"": false, ""zone"": false, ""speed"": 39.2, ""buzzer"": 0, ""engine"": true, ""in_zone"": true, ""ignition"": true, ""latitude"": 42.6445916, ""direction"": 290, ""longitude"": 18.06703, ""gsm_signal"": 31, ""sleep_mode"": false, ""staff_mode"": false, ""fault_codes"": [], ""speed_limit"": 46, ""engine_hours"": 1591, ""idc_triggers"": [], ""buzzer_active"": false, ""fuel_level_avg"": 0, ""lock_geo_alert"": false, ""operation_mode"": ""RENT"", ""battery_voltage"": 14.800000190734863, ""in_primary_zone"": true, ""lock_engine_alert"": false, ""in_restricted_zone"": false, ""onboard_geofencing"": false, ""speed_limit_active"": false}"
2023-07-17 12:55:21.494,5237,13,"359159972073523",20,"{""key"": false, ""flip"": false, ""zone"": false, ""speed"": 35.0, ""buzzer"": 0, ""engine"": true, ""in_zone"": true, ""ignition"": true, ""latitude"": 42.64456, ""direction"": 289, ""longitude"": 18.0671516, ""gsm_signal"": 31, ""sleep_mode"": false, ""staff_mode"": false, ""fault_codes"": [], ""speed_limit"": 46, ""engine_hours"": 1591, ""idc_triggers"": [], ""buzzer_active"": false, ""fuel_level_avg"": 0, ""lock_geo_alert"": false, ""operation_mode"": ""RENT"", ""battery_voltage"": 14.800000190734863, ""in_primary_zone"": true, ""lock_engine_alert"": false, ""in_restricted_zone"": false, ""onboard_geofencing"": false, ""speed_limit_active"": false}"
2023-07-17 12:55:20.914,5237,13,"359159972073523",20,"{""key"": false, ""flip"": false, ""zone"": false, ""speed"": 29.4, ""buzzer"": 0, ""engine"": true, ""in_zone"": true, ""ignition"": true, ""latitude"": 42.6445333, ""direction"": 288, ""longitude"": 18.0672582, ""gsm_signal"": 31, ""sleep_mode"": false, ""staff_mode"": false, ""fault_codes"": [], ""speed_limit"": 46, ""engine_hours"": 1591, ""idc_triggers"": [], ""buzzer_active"": false, ""fuel_level_avg"": 0, ""lock_geo_alert"": false, ""operation_mode"": ""RENT"", ""battery_voltage"": 14.800000190734863, ""in_primary_zone"": true, ""lock_engine_alert"": false, ""in_restricted_zone"": false, ""onboard_geofencing"": false, ""speed_limit_active"": false}"
2023-07-17 12:55:19.414,5237,13,"359159972073523",20,"{""key"": false, ""flip"": false, ""zone"": false, ""speed"": 26.2, ""buzzer"": 0, ""engine"": true, ""in_zone"": true, ""ignition"": true, ""latitude"": 42.6445116, ""direction"": 286, ""longitude"": 18.06735, ""gsm_signal"": 31, ""sleep_mode"": false, ""staff_mode"": false, ""fault_codes"": [], ""speed_limit"": 46, ""engine_hours"": 1591, ""idc_triggers"": [], ""buzzer_active"": false, ""fuel_level_avg"": 0, ""lock_geo_alert"": false, ""operation_mode"": ""RENT"", ""battery_voltage"": 14.800000190734863, ""in_primary_zone"": true, ""lock_engine_alert"": false, ""in_restricted_zone"": false, ""onboard_geofencing"": false, ""speed_limit_active"": false}"
2023-07-17 12:55:18.436,5237,13,"359159972073523",20,"{""key"": false, ""flip"": false, ""zone"": false, ""speed"": 23.6, ""buzzer"": 0, ""engine"": true, ""in_zone"": true, ""ignition"": true, ""latitude"": 42.6444933, ""direction"": 286, ""longitude"": 18.0674316, ""gsm_signal"": 31, ""sleep_mode"": false, ""staff_mode"": false, ""fault_codes"": [], ""speed_limit"": 46, ""engine_hours"": 1591, ""idc_triggers"": [], ""buzzer_active"": false, ""fuel_level_avg"": 0, ""lock_geo_alert"": false, ""operation_mode"": ""RENT"", ""battery_voltage"": 14.800000190734863, ""in_primary_zone"": true, ""lock_engine_alert"": false, ""in_restricted_zone"": false, ""onboard_geofencing"": false, ""speed_limit_active"": false}"
2023-07-17 12:55:17.475,5237,13,"359159972073523",20,"{""key"": false, ""flip"": false, ""zone"": false, ""speed"": 21.6, ""buzzer"": 0, ""engine"": true, ""in_zone"": true, ""ignition"": true, ""latitude"": 42.6444783, ""direction"": 286, ""longitude"": 18.067505, ""gsm_signal"": 31, ""sleep_mode"": false, ""staff_mode"": false, ""fault_codes"": [], ""speed_limit"": 46, ""engine_hours"": 1591, ""idc_triggers"": [], ""buzzer_active"": false, ""fuel_level_avg"": 0, ""lock_geo_alert"": false, ""operation_mode"": ""RENT"", ""battery_voltage"": 14.800000190734863, ""in_primary_zone"": true, ""lock_engine_alert"": false, ""in_restricted_zone"": false, ""onboard_geofencing"": false, ""speed_limit_active"": false}"
2023-07-17 12:55:16.917,5237,13,"359159972073523",20,"{""key"": false, ""flip"": false, ""zone"": false, ""speed"": 19.7, ""buzzer"": 0, ""engine"": true, ""in_zone"": true, ""ignition"": true, ""latitude"": 42.6444616, ""direction"": 289, ""longitude"": 18.067573199999998, ""gsm_signal"": 31, ""sleep_mode"": false, ""staff_mode"": false, ""fault_codes"": [], ""speed_limit"": 46, ""engine_hours"": 1591, ""idc_triggers"": [], ""buzzer_active"": false, ""fuel_level_avg"": 0, ""lock_geo_alert"": false, ""operation_mode"": ""RENT"", ""battery_voltage"": 14.800000190734863, ""in_primary_zone"": true, ""lock_engine_alert"": false, ""in_restricted_zone"": false, ""onboard_geofencing"": false, ""speed_limit_active"": false}"
2023-07-17 12:55:15.435,5237,13,"359159972073523",20,"{""key"": false, ""flip"": false, ""zone"": false, ""speed"": 17.3, ""buzzer"": 0, ""engine"": true, ""in_zone"": true, ""ignition"": true, ""latitude"": 42.6444466, ""direction"": 294, ""longitude"": 18.0676332, ""gsm_signal"": 31, ""sleep_mode"": false, ""staff_mode"": false, ""fault_codes"": [], ""speed_limit"": 46, ""engine_hours"": 1591, ""idc_triggers"": [], ""buzzer_active"": false, ""fuel_level_avg"": 0, ""lock_geo_alert"": false, ""operation_mode"": ""RENT"", ""battery_voltage"": 14.800000190734863, ""in_primary_zone"": true, ""lock_engine_alert"": false, ""in_restricted_zone"": false, ""onboard_geofencing"": false, ""speed_limit_active"": false}"
2023-07-17 12:55:14.475,5237,13,"359159972073523",20,"{""key"": false, ""flip"": false, ""zone"": false, ""speed"": 15.2, ""buzzer"": 0, ""engine"": true, ""in_zone"": true, ""ignition"": true, ""latitude"": 42.6444283, ""direction"": 303, ""longitude"": 18.0676832, ""gsm_signal"": 31, ""sleep_mode"": false, ""staff_mode"": false, ""fault_codes"": [], ""speed_limit"": 46, ""engine_hours"": 1591, ""idc_triggers"": [], ""buzzer_active"": false, ""fuel_level_avg"": 0, ""lock_geo_alert"": false, ""operation_mode"": ""RENT"", ""battery_voltage"": 14.800000190734863, ""in_primary_zone"": true, ""lock_engine_alert"": false, ""in_restricted_zone"": false, ""onboard_geofencing"": false, ""speed_limit_active"": false}"
2023-07-17 12:55:13.918,5237,13,"359159972073523",20,"{""key"": false, ""flip"": false, ""zone"": false, ""speed"": 12.7, ""buzzer"": 0, ""engine"": true, ""in_zone"": true, ""ignition"": true, ""latitude"": 42.64441, ""direction"": 317, ""longitude"": 18.06772, ""gsm_signal"": 31, ""sleep_mode"": false, ""staff_mode"": false, ""fault_codes"": [], ""speed_limit"": 46, ""engine_hours"": 1591, ""idc_triggers"": [], ""buzzer_active"": false, ""fuel_level_avg"": 0, ""lock_geo_alert"": false, ""operation_mode"": ""RENT"", ""battery_voltage"": 14.800000190734863, ""in_primary_zone"": true, ""lock_engine_alert"": false, ""in_restricted_zone"": false, ""onboard_geofencing"": false, ""speed_limit_active"": false}"
2023-07-17 12:55:12.422,5237,13,"359159972073523",20,"{""key"": false, ""flip"": false, ""zone"": false, ""speed"": 11.5, ""buzzer"": 0, ""engine"": true, ""in_zone"": true, ""ignition"": true, ""latitude"": 42.6443866, ""direction"": 332, ""longitude"": 18.067745, ""gsm_signal"": 31, ""sleep_mode"": false, ""staff_mode"": false, ""fault_codes"": [], ""speed_limit"": 46, ""engine_hours"": 1591, ""idc_triggers"": [], ""buzzer_active"": false, ""fuel_level_avg"": 0, ""lock_geo_alert"": false, ""operation_mode"": ""RENT"", ""battery_voltage"": 14.800000190734863, ""in_primary_zone"": true, ""lock_engine_alert"": false, ""in_restricted_zone"": false, ""onboard_geofencing"": false, ""speed_limit_active"": false}"
2023-07-17 12:55:11.433,5237,13,"359159972073523",20,"{""key"": false, ""flip"": false, ""zone"": false, ""speed"": 13.9, ""buzzer"": 0, ""engine"": true, ""in_zone"": true, ""ignition"": true, ""latitude"": 42.6443583, ""direction"": 330, ""longitude"": 18.0677632, ""gsm_signal"": 31, ""sleep_mode"": false, ""staff_mode"": false, ""fault_codes"": [], ""speed_limit"": 46, ""engine_hours"": 1591, ""idc_triggers"": [], ""buzzer_active"": false, ""fuel_level_avg"": 0, ""lock_geo_alert"": false, ""operation_mode"": ""RENT"", ""battery_voltage"": 14.800000190734863, ""in_primary_zone"": true, ""lock_engine_alert"": false, ""in_restricted_zone"": false, ""onboard_geofencing"": false, ""speed_limit_active"": false}"
2023-07-17 12:55:10.455,5237,13,"359159972073523",20,"{""key"": false, ""flip"": false, ""zone"": false, ""speed"": 12.7, ""buzzer"": 0, ""engine"": true, ""in_zone"": true, ""ignition"": true, ""latitude"": 42.6443316, ""direction"": 298, ""longitude"": 18.0677866, ""gsm_signal"": 31, ""sleep_mode"": false, ""staff_mode"": false, ""fault_codes"": [], ""speed_limit"": 46, ""engine_hours"": 1591, ""idc_triggers"": [], ""buzzer_active"": false, ""fuel_level_avg"": 0, ""lock_geo_alert"": false, ""operation_mode"": ""RENT"", ""battery_voltage"": 14.800000190734863, ""in_primary_zone"": true, ""lock_engine_alert"": false, ""in_restricted_zone"": false, ""onboard_geofencing"": false, ""speed_limit_active"": false}"
2023-07-17 12:55:09.915,5237,13,"359159972073523",20,"{""key"": false, ""flip"": false, ""zone"": false, ""speed"": 14.0, ""buzzer"": 0, ""engine"": true, ""in_zone"": true, ""ignition"": true, ""latitude"": 42.64432, ""direction"": 257, ""longitude"": 18.067825, ""gsm_signal"": 29, ""sleep_mode"": false, ""staff_mode"": false, ""fault_codes"": [], ""speed_limit"": 46, ""engine_hours"": 1591, ""idc_triggers"": [], ""buzzer_active"": false, ""fuel_level_avg"": 0, ""lock_geo_alert"": false, ""operation_mode"": ""RENT"", ""battery_voltage"": 14.800000190734863, ""in_primary_zone"": true, ""lock_engine_alert"": false, ""in_restricted_zone"": false, ""onboard_geofencing"": false, ""speed_limit_active"": false}"
2023-07-17 12:55:08.426,5237,13,"359159972073523",20,"{""key"": false, ""flip"": false, ""zone"": false, ""speed"": 17.8, ""buzzer"": 0, ""engine"": true, ""in_zone"": true, ""ignition"": true, ""latitude"": 42.6443283, ""direction"": 241, ""longitude"": 18.0678732, ""gsm_signal"": 29, ""sleep_mode"": false, ""staff_mode"": false, ""fault_codes"": [], ""speed_limit"": 46, ""engine_hours"": 1591, ""idc_triggers"": [], ""buzzer_active"": false, ""fuel_level_avg"": 0, ""lock_geo_alert"": false, ""operation_mode"": ""RENT"", ""battery_voltage"": 14.800000190734863, ""in_primary_zone"": true, ""lock_engine_alert"": false, ""in_restricted_zone"": false, ""onboard_geofencing"": false, ""speed_limit_active"": false}"
2023-07-17 12:55:07.455,5237,13,"359159972073523",20,"{""key"": false, ""flip"": false, ""zone"": false, ""speed"": 26.0, ""buzzer"": 0, ""engine"": true, ""in_zone"": true, ""ignition"": true, ""latitude"": 42.6443533, ""direction"": 236, ""longitude"": 18.0679316, ""gsm_signal"": 29, ""sleep_mode"": false, ""staff_mode"": false, ""fault_codes"": [], ""speed_limit"": 46, ""engine_hours"": 1591, ""idc_triggers"": [], ""buzzer_active"": false, ""fuel_level_avg"": 0, ""lock_geo_alert"": false, ""operation_mode"": ""RENT"", ""battery_voltage"": 14.800000190734863, ""in_primary_zone"": true, ""lock_engine_alert"": false, ""in_restricted_zone"": false, ""onboard_geofencing"": false, ""speed_limit_active"": false}"
2023-07-17 12:55:06.518,5237,13,"359159972073523",20,"{""key"": false, ""flip"": false, ""zone"": false, ""speed"": 33.1, ""buzzer"": 0, ""engine"": true, ""in_zone"": true, ""ignition"": true, ""latitude"": 42.6443933, ""direction"": 233, ""longitude"": 18.06801, ""gsm_signal"": 29, ""sleep_mode"": false, ""staff_mode"": false, ""fault_codes"": [], ""speed_limit"": 46, ""engine_hours"": 1591, ""idc_triggers"": [], ""buzzer_active"": false, ""fuel_level_avg"": 0, ""lock_geo_alert"": false, ""operation_mode"": ""RENT"", ""battery_voltage"": 14.800000190734863, ""in_primary_zone"": true, ""lock_engine_alert"": false, ""in_restricted_zone"": false, ""onboard_geofencing"": false, ""speed_limit_active"": false}"
2023-07-17 12:55:05.913,5237,13,"359159972073523",20,"{""key"": false, ""flip"": false, ""zone"": false, ""speed"": 32.7, ""buzzer"": 0, ""engine"": true, ""in_zone"": true, ""ignition"": true, ""latitude"": 42.6444433, ""direction"": 236, ""longitude"": 18.0681, ""gsm_signal"": 29, ""sleep_mode"": false, ""staff_mode"": false, ""fault_codes"": [], ""speed_limit"": 46, ""engine_hours"": 1591, ""idc_triggers"": [], ""buzzer_active"": false, ""fuel_level_avg"": 0, ""lock_geo_alert"": false, ""operation_mode"": ""RENT"", ""battery_voltage"": 14.800000190734863, ""in_primary_zone"": true, ""lock_engine_alert"": false, ""in_restricted_zone"": false, ""onboard_geofencing"": false, ""speed_limit_active"": false}"
2023-07-17 12:55:04.414,5237,13,"359159972073523",20,"{""key"": false, ""flip"": false, ""zone"": false, ""speed"": 35.3, ""buzzer"": 0, ""engine"": true, ""in_zone"": true, ""ignition"": true, ""latitude"": 42.64449, ""direction"": 235, ""longitude"": 18.0681916, ""gsm_signal"": 29, ""sleep_mode"": false, ""staff_mode"": false, ""fault_codes"": [], ""speed_limit"": 46, ""engine_hours"": 1591, ""idc_triggers"": [], ""buzzer_active"": false, ""fuel_level_avg"": 0, ""lock_geo_alert"": false, ""operation_mode"": ""RENT"", ""battery_voltage"": 14.800000190734863, ""in_primary_zone"": true, ""lock_engine_alert"": false, ""in_restricted_zone"": false, ""onboard_geofencing"": false, ""speed_limit_active"": false}"
2023-07-17 12:55:03.420,5237,13,"359159972073523",20,"{""key"": false, ""flip"": false, ""zone"": false, ""speed"": 36.6, ""buzzer"": 0, ""engine"": true, ""in_zone"": true, ""ignition"": true, ""latitude"": 42.6445433, ""direction"": 232, ""longitude"": 18.06829, ""gsm_signal"": 30, ""sleep_mode"": false, ""staff_mode"": false, ""fault_codes"": [], ""speed_limit"": 46, ""engine_hours"": 1591, ""idc_triggers"": [], ""buzzer_active"": false, ""fuel_level_avg"": 0, ""lock_geo_alert"": false, ""operation_mode"": ""RENT"", ""battery_voltage"": 14.800000190734863, ""in_primary_zone"": true, ""lock_engine_alert"": false, ""in_restricted_zone"": false, ""onboard_geofencing"": false, ""speed_limit_active"": false}"
2023-07-17 12:55:02.435,5237,13,"359159972073523",20,"{""key"": false, ""flip"": false, ""zone"": false, ""speed"": 34.8, ""buzzer"": 0, ""engine"": true, ""in_zone"": true, ""ignition"": true, ""latitude"": 42.6445983, ""direction"": 231, ""longitude"": 18.0683866, ""gsm_signal"": 30, ""sleep_mode"": false, ""staff_mode"": false, ""fault_codes"": [], ""speed_limit"": 46, ""engine_hours"": 1591, ""idc_triggers"": [], ""buzzer_active"": false, ""fuel_level_avg"": 0, ""lock_geo_alert"": false, ""operation_mode"": ""RENT"", ""battery_voltage"": 14.800000190734863, ""in_primary_zone"": true, ""lock_engine_alert"": false, ""in_restricted_zone"": false, ""onboard_geofencing"": false, ""speed_limit_active"": false}"
2023-07-17 12:55:01.497,5237,13,"359159972073523",20,"{""key"": false, ""flip"": false, ""zone"": false, ""speed"": 34.7, ""buzzer"": 0, ""engine"": true, ""in_zone"": true, ""ignition"": true, ""latitude"": 42.6446516, ""direction"": 231, ""longitude"": 18.0684782, ""gsm_signal"": 30, ""sleep_mode"": false, ""staff_mode"": false, ""fault_codes"": [], ""speed_limit"": 46, ""engine_hours"": 1591, ""idc_triggers"": [], ""buzzer_active"": false, ""fuel_level_avg"": 0, ""lock_geo_alert"": false, ""operation_mode"": ""RENT"", ""battery_voltage"": 14.800000190734863, ""in_primary_zone"": true, ""lock_engine_alert"": false, ""in_restricted_zone"": false, ""onboard_geofencing"": false, ""speed_limit_active"": false}"
2023-07-17 12:55:00.915,5237,13,"359159972073523",20,"{""key"": false, ""flip"": false, ""zone"": false, ""speed"": 34.7, ""buzzer"": 0, ""engine"": true, ""in_zone"": true, ""ignition"": true, ""latitude"": 42.644705, ""direction"": 231, ""longitude"": 18.06857, ""gsm_signal"": 30, ""sleep_mode"": false, ""staff_mode"": false, ""fault_codes"": [], ""speed_limit"": 46, ""engine_hours"": 1591, ""idc_triggers"": [], ""buzzer_active"": false, ""fuel_level_avg"": 0, ""lock_geo_alert"": false, ""operation_mode"": ""RENT"", ""battery_voltage"": 14.800000190734863, ""in_primary_zone"": true, ""lock_engine_alert"": false, ""in_restricted_zone"": false, ""onboard_geofencing"": false, ""speed_limit_active"": false}"
2023-07-17 12:54:59.415,5237,13,"359159972073523",20,"{""key"": false, ""flip"": false, ""zone"": false, ""speed"": 35.1, ""buzzer"": 0, ""engine"": true, ""in_zone"": true, ""ignition"": true, ""latitude"": 42.64476, ""direction"": 230, ""longitude"": 18.0686632, ""gsm_signal"": 30, ""sleep_mode"": false, ""staff_mode"": false, ""fault_codes"": [], ""speed_limit"": 46, ""engine_hours"": 1591, ""idc_triggers"": [], ""buzzer_active"": false, ""fuel_level_avg"": 0, ""lock_geo_alert"": false, ""operation_mode"": ""RENT"", ""battery_voltage"": 14.800000190734863, ""in_primary_zone"": true, ""lock_engine_alert"": false, ""in_restricted_zone"": false, ""onboard_geofencing"": false, ""speed_limit_active"": false}"
2023-07-17 12:54:58.438,5237,13,"359159972073523",20,"{""key"": false, ""flip"": false, ""zone"": false, ""speed"": 34.2, ""buzzer"": 0, ""engine"": true, ""in_zone"": true, ""ignition"": true, ""latitude"": 42.6448166, ""direction"": 225, ""longitude"": 18.0687532, ""gsm_signal"": 30, ""sleep_mode"": false, ""staff_mode"": false, ""fault_codes"": [], ""speed_limit"": 46, ""engine_hours"": 1591, ""idc_triggers"": [], ""buzzer_active"": false, ""fuel_level_avg"": 0, ""lock_geo_alert"": false, ""operation_mode"": ""RENT"", ""battery_voltage"": 14.800000190734863, ""in_primary_zone"": true, ""lock_engine_alert"": false, ""in_restricted_zone"": false, ""onboard_geofencing"": false, ""speed_limit_active"": false}"
2023-07-17 12:54:57.477,5237,13,"359159972073523",20,"{""key"": false, ""flip"": false, ""zone"": false, ""speed"": 33.0, ""buzzer"": 0, ""engine"": true, ""in_zone"": true, ""ignition"": true, ""latitude"": 42.6448766, ""direction"": 219, ""longitude"": 18.0688332, ""gsm_signal"": 28, ""sleep_mode"": false, ""staff_mode"": false, ""fault_codes"": [], ""speed_limit"": 46, ""engine_hours"": 1591, ""idc_triggers"": [], ""buzzer_active"": false, ""fuel_level_avg"": 0, ""lock_geo_alert"": false, ""operation_mode"": ""RENT"", ""battery_voltage"": 14.800000190734863, ""in_primary_zone"": true, ""lock_engine_alert"": false, ""in_restricted_zone"": false, ""onboard_geofencing"": false, ""speed_limit_active"": false}"
2023-07-17 12:54:56.913,5237,13,"359159972073523",20,"{""key"": false, ""flip"": false, ""zone"": false, ""speed"": 31.4, ""buzzer"": 0, ""engine"": true, ""in_zone"": true, ""ignition"": true, ""latitude"": 42.6449416, ""direction"": 212, ""longitude"": 18.0689, ""gsm_signal"": 28, ""sleep_mode"": false, ""staff_mode"": false, ""fault_codes"": [], ""speed_limit"": 46, ""engine_hours"": 1591, ""idc_triggers"": [], ""buzzer_active"": false, ""fuel_level_avg"": 0, ""lock_geo_alert"": false, ""operation_mode"": ""RENT"", ""battery_voltage"": 14.800000190734863, ""in_primary_zone"": true, ""lock_engine_alert"": false, ""in_restricted_zone"": false, ""onboard_geofencing"": false, ""speed_limit_active"": false}"
2023-07-17 12:54:55.415,5237,13,"359159972073523",20,"{""key"": false, ""flip"": false, ""zone"": false, ""speed"": 30.6, ""buzzer"": 0, ""engine"": true, ""in_zone"": true, ""ignition"": true, ""latitude"": 42.6450083, ""direction"": 211, ""longitude"": 18.0689566, ""gsm_signal"": 28, ""sleep_mode"": false, ""staff_mode"": false, ""fault_codes"": [], ""speed_limit"": 46, ""engine_hours"": 1591, ""idc_triggers"": [], ""buzzer_active"": false, ""fuel_level_avg"": 0, ""lock_geo_alert"": false, ""operation_mode"": ""RENT"", ""battery_voltage"": 14.800000190734863, ""in_primary_zone"": true, ""lock_engine_alert"": false, ""in_restricted_zone"": false, ""onboard_geofencing"": false, ""speed_limit_active"": false}"
2023-07-17 12:54:54.439,5237,13,"359159972073523",20,"{""key"": false, ""flip"": false, ""zone"": false, ""speed"": 29.9, ""buzzer"": 0, ""engine"": true, ""in_zone"": true, ""ignition"": true, ""latitude"": 42.645075, ""direction"": 210, ""longitude"": 18.06901, ""gsm_signal"": 30, ""sleep_mode"": false, ""staff_mode"": false, ""fault_codes"": [], ""speed_limit"": 46, ""engine_hours"": 1591, ""idc_triggers"": [], ""buzzer_active"": false, ""fuel_level_avg"": 0, ""lock_geo_alert"": false, ""operation_mode"": ""RENT"", ""battery_voltage"": 14.800000190734863, ""in_primary_zone"": true, ""lock_engine_alert"": false, ""in_restricted_zone"": false, ""onboard_geofencing"": false, ""speed_limit_active"": false}"
2023-07-17 12:54:53.434,5237,13,"359159972073523",20,"{""key"": false, ""flip"": false, ""zone"": false, ""speed"": 28.9, ""buzzer"": 0, ""engine"": true, ""in_zone"": true, ""ignition"": true, ""latitude"": 42.6451383, ""direction"": 209, ""longitude"": 18.0690616, ""gsm_signal"": 30, ""sleep_mode"": false, ""staff_mode"": false, ""fault_codes"": [], ""speed_limit"": 46, ""engine_hours"": 1591, ""idc_triggers"": [], ""buzzer_active"": false, ""fuel_level_avg"": 0, ""lock_geo_alert"": false, ""operation_mode"": ""RENT"", ""battery_voltage"": 14.800000190734863, ""in_primary_zone"": true, ""lock_engine_alert"": false, ""in_restricted_zone"": false, ""onboard_geofencing"": false, ""speed_limit_active"": false}"
2023-07-17 12:54:52.527,5237,13,"359159972073523",20,"{""key"": false, ""flip"": false, ""zone"": false, ""speed"": 28.2, ""buzzer"": 0, ""engine"": true, ""in_zone"": true, ""ignition"": true, ""latitude"": 42.6452, ""direction"": 209, ""longitude"": 18.06911, ""gsm_signal"": 30, ""sleep_mode"": false, ""staff_mode"": false, ""fault_codes"": [], ""speed_limit"": 46, ""engine_hours"": 1591, ""idc_triggers"": [], ""buzzer_active"": false, ""fuel_level_avg"": 0, ""lock_geo_alert"": false, ""operation_mode"": ""RENT"", ""battery_voltage"": 14.800000190734863, ""in_primary_zone"": true, ""lock_engine_alert"": false, ""in_restricted_zone"": false, ""onboard_geofencing"": false, ""speed_limit_active"": false}"
2023-07-17 12:54:51.917,5237,13,"359159972073523",20,"{""key"": false, ""flip"": false, ""zone"": false, ""speed"": 22.5, ""buzzer"": 0, ""engine"": true, ""in_zone"": true, ""ignition"": true, ""latitude"": 42.6452566, ""direction"": 210, ""longitude"": 18.0691516, ""gsm_signal"": 31, ""sleep_mode"": false, ""staff_mode"": false, ""fault_codes"": [], ""speed_limit"": 46, ""engine_hours"": 1591, ""idc_triggers"": [], ""buzzer_active"": false, ""fuel_level_avg"": 0, ""lock_geo_alert"": false, ""operation_mode"": ""RENT"", ""battery_voltage"": 14.800000190734863, ""in_primary_zone"": true, ""lock_engine_alert"": false, ""in_restricted_zone"": false, ""onboard_geofencing"": false, ""speed_limit_active"": false}"
2023-07-17 12:54:50.414,5237,13,"359159972073523",20,"{""key"": false, ""flip"": false, ""zone"": false, ""speed"": 18.1, ""buzzer"": 0, ""engine"": true, ""in_zone"": true, ""ignition"": true, ""latitude"": 42.6453033, ""direction"": 214, ""longitude"": 18.0691882, ""gsm_signal"": 31, ""sleep_mode"": false, ""staff_mode"": false, ""fault_codes"": [], ""speed_limit"": 46, ""engine_hours"": 1591, ""idc_triggers"": [], ""buzzer_active"": false, ""fuel_level_avg"": 0, ""lock_geo_alert"": false, ""operation_mode"": ""RENT"", ""battery_voltage"": 14.800000190734863, ""in_primary_zone"": true, ""lock_engine_alert"": false, ""in_restricted_zone"": false, ""onboard_geofencing"": false, ""speed_limit_active"": false}"
2023-07-17 12:54:49.440,5237,13,"359159972073523",20,"{""key"": false, ""flip"": false, ""zone"": false, ""speed"": 15.5, ""buzzer"": 0, ""engine"": true, ""in_zone"": true, ""ignition"": true, ""latitude"": 42.6453383, ""direction"": 220, ""longitude"": 18.0692232, ""gsm_signal"": 31, ""sleep_mode"": false, ""staff_mode"": false, ""fault_codes"": [], ""speed_limit"": 46, ""engine_hours"": 1591, ""idc_triggers"": [], ""buzzer_active"": false, ""fuel_level_avg"": 0, ""lock_geo_alert"": false, ""operation_mode"": ""RENT"", ""battery_voltage"": 14.800000190734863, ""in_primary_zone"": true, ""lock_engine_alert"": false, ""in_restricted_zone"": false, ""onboard_geofencing"": false, ""speed_limit_active"": false}"
2023-07-17 12:54:48.495,5237,13,"359159972073523",20,"{""key"": false, ""flip"": false, ""zone"": false, ""speed"": 12.6, ""buzzer"": 0, ""engine"": true, ""in_zone"": true, ""ignition"": true, ""latitude"": 42.645365, ""direction"": 228, ""longitude"": 18.0692566, ""gsm_signal"": 31, ""sleep_mode"": false, ""staff_mode"": false, ""fault_codes"": [], ""speed_limit"": 46, ""engine_hours"": 1591, ""idc_triggers"": [], ""buzzer_active"": false, ""fuel_level_avg"": 0, ""lock_geo_alert"": false, ""operation_mode"": ""RENT"", ""battery_voltage"": 14.800000190734863, ""in_primary_zone"": true, ""lock_engine_alert"": false, ""in_restricted_zone"": false, ""onboard_geofencing"": false, ""speed_limit_active"": false}"
2023-07-17 12:54:47.914,5237,13,"359159972073523",20,"{""key"": false, ""flip"": false, ""zone"": false, ""speed"": 10.6, ""buzzer"": 0, ""engine"": true, ""in_zone"": true, ""ignition"": true, ""latitude"": 42.6453833, ""direction"": 240, ""longitude"": 18.0692882, ""gsm_signal"": 31, ""sleep_mode"": false, ""staff_mode"": false, ""fault_codes"": [], ""speed_limit"": 46, ""engine_hours"": 1591, ""idc_triggers"": [], ""buzzer_active"": false, ""fuel_level_avg"": 0, ""lock_geo_alert"": false, ""operation_mode"": ""RENT"", ""battery_voltage"": 14.800000190734863, ""in_primary_zone"": true, ""lock_engine_alert"": false, ""in_restricted_zone"": false, ""onboard_geofencing"": false, ""speed_limit_active"": false}"
2023-07-17 12:54:46.416,5237,13,"359159972073523",20,"{""key"": false, ""flip"": false, ""zone"": false, ""speed"": 9.1, ""buzzer"": 0, ""engine"": true, ""in_zone"": true, ""ignition"": true, ""latitude"": 42.645395, ""direction"": 253, ""longitude"": 18.0693182, ""gsm_signal"": 31, ""sleep_mode"": false, ""staff_mode"": false, ""fault_codes"": [], ""speed_limit"": 46, ""engine_hours"": 1591, ""idc_triggers"": [], ""buzzer_active"": false, ""fuel_level_avg"": 0, ""lock_geo_alert"": false, ""operation_mode"": ""RENT"", ""battery_voltage"": 14.800000190734863, ""in_primary_zone"": true, ""lock_engine_alert"": false, ""in_restricted_zone"": false, ""onboard_geofencing"": false, ""speed_limit_active"": false}"
2023-07-17 12:54:45.418,5237,13,"359159972073523",20,"{""key"": false, ""flip"": false, ""zone"": false, ""speed"": 9.6, ""buzzer"": 0, ""engine"": true, ""in_zone"": true, ""ignition"": true, ""latitude"": 42.6454, ""direction"": 263, ""longitude"": 18.0693466, ""gsm_signal"": 31, ""sleep_mode"": false, ""staff_mode"": false, ""fault_codes"": [], ""speed_limit"": 46, ""engine_hours"": 1591, ""idc_triggers"": [], ""buzzer_active"": false, ""fuel_level_avg"": 0, ""lock_geo_alert"": false, ""operation_mode"": ""RENT"", ""battery_voltage"": 14.800000190734863, ""in_primary_zone"": true, ""lock_engine_alert"": false, ""in_restricted_zone"": false, ""onboard_geofencing"": false, ""speed_limit_active"": false}"
2023-07-17 12:54:44.437,5237,13,"359159972073523",20,"{""key"": false, ""flip"": false, ""zone"": false, ""speed"": 10.2, ""buzzer"": 0, ""engine"": true, ""in_zone"": true, ""ignition"": true, ""latitude"": 42.6454016, ""direction"": 270, ""longitude"": 18.0693782, ""gsm_signal"": 31, ""sleep_mode"": false, ""staff_mode"": false, ""fault_codes"": [], ""speed_limit"": 46, ""engine_hours"": 1591, ""idc_triggers"": [], ""buzzer_active"": false, ""fuel_level_avg"": 0, ""lock_geo_alert"": false, ""operation_mode"": ""RENT"", ""battery_voltage"": 14.800000190734863, ""in_primary_zone"": true, ""lock_engine_alert"": false, ""in_restricted_zone"": false, ""onboard_geofencing"": false, ""speed_limit_active"": false}"
2023-07-17 12:54:43.460,5237,13,"359159972073523",20,"{""key"": false, ""flip"": false, ""zone"": false, ""speed"": 9.2, ""buzzer"": 0, ""engine"": true, ""in_zone"": true, ""ignition"": true, ""latitude"": 42.6454016, ""direction"": 273, ""longitude"": 18.0694132, ""gsm_signal"": 31, ""sleep_mode"": false, ""staff_mode"": false, ""fault_codes"": [], ""speed_limit"": 46, ""engine_hours"": 1591, ""idc_triggers"": [], ""buzzer_active"": false, ""fuel_level_avg"": 0, ""lock_geo_alert"": false, ""operation_mode"": ""RENT"", ""battery_voltage"": 14.800000190734863, ""in_primary_zone"": true, ""lock_engine_alert"": false, ""in_restricted_zone"": false, ""onboard_geofencing"": false, ""speed_limit_active"": false}"
2023-07-17 12:54:42.915,5237,13,"359159972073523",20,"{""key"": false, ""flip"": false, ""zone"": false, ""speed"": 8.6, ""buzzer"": 0, ""engine"": true, ""in_zone"": true, ""ignition"": true, ""latitude"": 42.6454, ""direction"": 280, ""longitude"": 18.0694432, ""gsm_signal"": 31, ""sleep_mode"": false, ""staff_mode"": false, ""fault_codes"": [], ""speed_limit"": 46, ""engine_hours"": 1591, ""idc_triggers"": [], ""buzzer_active"": false, ""fuel_level_avg"": 0, ""lock_geo_alert"": false, ""operation_mode"": ""RENT"", ""battery_voltage"": 14.800000190734863, ""in_primary_zone"": true, ""lock_engine_alert"": false, ""in_restricted_zone"": false, ""onboard_geofencing"": false, ""speed_limit_active"": false}"
2023-07-17 12:54:41.417,5237,13,"359159972073523",20,"{""key"": false, ""flip"": false, ""zone"": false, ""speed"": 8.8, ""buzzer"": 0, ""engine"": true, ""in_zone"": true, ""ignition"": true, ""latitude"": 42.645395, ""direction"": 287, ""longitude"": 18.06947, ""gsm_signal"": 31, ""sleep_mode"": false, ""staff_mode"": false, ""fault_codes"": [], ""speed_limit"": 46, ""engine_hours"": 1591, ""idc_triggers"": [], ""buzzer_active"": false, ""fuel_level_avg"": 0, ""lock_geo_alert"": false, ""operation_mode"": ""RENT"", ""battery_voltage"": 14.800000190734863, ""in_primary_zone"": true, ""lock_engine_alert"": false, ""in_restricted_zone"": false, ""onboard_geofencing"": false, ""speed_limit_active"": false}"
2023-07-17 12:54:40.457,5237,13,"359159972073523",20,"{""key"": false, ""flip"": false, ""zone"": false, ""speed"": 8.9, ""buzzer"": 0, ""engine"": true, ""in_zone"": true, ""ignition"": true, ""latitude"": 42.6453883, ""direction"": 292, ""longitude"": 18.0694982, ""gsm_signal"": 31, ""sleep_mode"": false, ""staff_mode"": false, ""fault_codes"": [], ""speed_limit"": 46, ""engine_hours"": 1591, ""idc_triggers"": [], ""buzzer_active"": false, ""fuel_level_avg"": 0, ""lock_geo_alert"": false, ""operation_mode"": ""RENT"", ""battery_voltage"": 14.800000190734863, ""in_primary_zone"": true, ""lock_engine_alert"": false, ""in_restricted_zone"": false, ""onboard_geofencing"": false, ""speed_limit_active"": false}"
2023-07-17 12:54:39.495,5237,13,"359159972073523",20,"{""key"": false, ""flip"": false, ""zone"": false, ""speed"": 12.9, ""buzzer"": 0, ""engine"": true, ""in_zone"": true, ""ignition"": true, ""latitude"": 42.6453783, ""direction"": 294, ""longitude"": 18.0695316, ""gsm_signal"": 31, ""sleep_mode"": false, ""staff_mode"": false, ""fault_codes"": [], ""speed_limit"": 46, ""engine_hours"": 1591, ""idc_triggers"": [], ""buzzer_active"": false, ""fuel_level_avg"": 0, ""lock_geo_alert"": false, ""operation_mode"": ""RENT"", ""battery_voltage"": 14.800000190734863, ""in_primary_zone"": true, ""lock_engine_alert"": false, ""in_restricted_zone"": false, ""onboard_geofencing"": false, ""speed_limit_active"": false}"
2023-07-17 12:54:38.916,5237,13,"359159972073523",20,"{""key"": false, ""flip"": false, ""zone"": false, ""speed"": 20.1, ""buzzer"": 0, ""engine"": true, ""in_zone"": true, ""ignition"": true, ""latitude"": 42.6453633, ""direction"": 293, ""longitude"": 18.0695782, ""gsm_signal"": 31, ""sleep_mode"": false, ""staff_mode"": false, ""fault_codes"": [], ""speed_limit"": 46, ""engine_hours"": 1591, ""idc_triggers"": [], ""buzzer_active"": false, ""fuel_level_avg"": 0, ""lock_geo_alert"": false, ""operation_mode"": ""RENT"", ""battery_voltage"": 14.800000190734863, ""in_primary_zone"": true, ""lock_engine_alert"": false, ""in_restricted_zone"": false, ""onboard_geofencing"": false, ""speed_limit_active"": false}"
2023-07-17 12:54:37.415,5237,13,"359159972073523",20,"{""key"": false, ""flip"": false, ""zone"": false, ""speed"": 27.6, ""buzzer"": 0, ""engine"": true, ""in_zone"": true, ""ignition"": true, ""latitude"": 42.6453416, ""direction"": 290, ""longitude"": 18.0696482, ""gsm_signal"": 31, ""sleep_mode"": false, ""staff_mode"": false, ""fault_codes"": [], ""speed_limit"": 46, ""engine_hours"": 1591, ""idc_triggers"": [], ""buzzer_active"": false, ""fuel_level_avg"": 0, ""lock_geo_alert"": false, ""operation_mode"": ""RENT"", ""battery_voltage"": 14.800000190734863, ""in_primary_zone"": true, ""lock_engine_alert"": false, ""in_restricted_zone"": false, ""onboard_geofencing"": false, ""speed_limit_active"": false}"
2023-07-17 12:54:36.436,5237,13,"359159972073523",20,"{""key"": false, ""flip"": false, ""zone"": false, ""speed"": 35.2, ""buzzer"": 0, ""engine"": true, ""in_zone"": true, ""ignition"": true, ""latitude"": 42.6453166, ""direction"": 285, ""longitude"": 18.0697432, ""gsm_signal"": 31, ""sleep_mode"": false, ""staff_mode"": false, ""fault_codes"": [], ""speed_limit"": 46, ""engine_hours"": 1591, ""idc_triggers"": [], ""buzzer_active"": false, ""fuel_level_avg"": 0, ""lock_geo_alert"": false, ""operation_mode"": ""RENT"", ""battery_voltage"": 14.800000190734863, ""in_primary_zone"": true, ""lock_engine_alert"": false, ""in_restricted_zone"": false, ""onboard_geofencing"": false, ""speed_limit_active"": false}"
2023-07-17 12:54:35.475,5237,13,"359159972073523",20,"{""key"": false, ""flip"": false, ""zone"": false, ""speed"": 35.4, ""buzzer"": 0, ""engine"": true, ""in_zone"": true, ""ignition"": true, ""latitude"": 42.6452933, ""direction"": 284, ""longitude"": 18.0698582, ""gsm_signal"": 31, ""sleep_mode"": false, ""staff_mode"": false, ""fault_codes"": [], ""speed_limit"": 46, ""engine_hours"": 1591, ""idc_triggers"": [], ""buzzer_active"": false, ""fuel_level_avg"": 0, ""lock_geo_alert"": false, ""operation_mode"": ""RENT"", ""battery_voltage"": 14.800000190734863, ""in_primary_zone"": true, ""lock_engine_alert"": false, ""in_restricted_zone"": false, ""onboard_geofencing"": false, ""speed_limit_active"": false}"
2023-07-17 12:54:34.917,5237,13,"359159972073523",20,"{""key"": false, ""flip"": false, ""zone"": false, ""speed"": 32.9, ""buzzer"": 0, ""engine"": true, ""in_zone"": true, ""ignition"": true, ""latitude"": 42.64527, ""direction"": 284, ""longitude"": 18.0699782, ""gsm_signal"": 31, ""sleep_mode"": false, ""staff_mode"": false, ""fault_codes"": [], ""speed_limit"": 46, ""engine_hours"": 1591, ""idc_triggers"": [], ""buzzer_active"": false, ""fuel_level_avg"": 0, ""lock_geo_alert"": false, ""operation_mode"": ""RENT"", ""battery_voltage"": 14.800000190734863, ""in_primary_zone"": true, ""lock_engine_alert"": false, ""in_restricted_zone"": false, ""onboard_geofencing"": false, ""speed_limit_active"": false}"
2023-07-17 12:54:33.421,5237,13,"359159972073523",20,"{""key"": false, ""flip"": false, ""zone"": false, ""speed"": 32.8, ""buzzer"": 0, ""engine"": true, ""in_zone"": true, ""ignition"": true, ""latitude"": 42.64525, ""direction"": 283, ""longitude"": 18.0700866, ""gsm_signal"": 31, ""sleep_mode"": false, ""staff_mode"": false, ""fault_codes"": [], ""speed_limit"": 46, ""engine_hours"": 1591, ""idc_triggers"": [], ""buzzer_active"": false, ""fuel_level_avg"": 0, ""lock_geo_alert"": false, ""operation_mode"": ""RENT"", ""battery_voltage"": 14.800000190734863, ""in_primary_zone"": true, ""lock_engine_alert"": false, ""in_restricted_zone"": false, ""onboard_geofencing"": false, ""speed_limit_active"": false}"
2023-07-17 12:54:32.457,5237,13,"359159972073523",20,"{""key"": false, ""flip"": false, ""zone"": false, ""speed"": 30.9, ""buzzer"": 0, ""engine"": true, ""in_zone"": true, ""ignition"": true, ""latitude"": 42.6452316, ""direction"": 283, ""longitude"": 18.0701932, ""gsm_signal"": 31, ""sleep_mode"": false, ""staff_mode"": false, ""fault_codes"": [], ""speed_limit"": 46, ""engine_hours"": 1591, ""idc_triggers"": [], ""buzzer_active"": false, ""fuel_level_avg"": 0, ""lock_geo_alert"": false, ""operation_mode"": ""RENT"", ""battery_voltage"": 14.800000190734863, ""in_primary_zone"": true, ""lock_engine_alert"": false, ""in_restricted_zone"": false, ""onboard_geofencing"": false, ""speed_limit_active"": false}"
2023-07-17 12:54:31.498,5237,13,"359159972073523",20,"{""key"": false, ""flip"": false, ""zone"": false, ""speed"": 31.1, ""buzzer"": 0, ""engine"": true, ""in_zone"": true, ""ignition"": true, ""latitude"": 42.6452116, ""direction"": 286, ""longitude"": 18.070295, ""gsm_signal"": 31, ""sleep_mode"": false, ""staff_mode"": false, ""fault_codes"": [], ""speed_limit"": 46, ""engine_hours"": 1591, ""idc_triggers"": [], ""buzzer_active"": false, ""fuel_level_avg"": 0, ""lock_geo_alert"": false, ""operation_mode"": ""RENT"", ""battery_voltage"": 14.800000190734863, ""in_primary_zone"": true, ""lock_engine_alert"": false, ""in_restricted_zone"": false, ""onboard_geofencing"": false, ""speed_limit_active"": false}"
2023-07-17 12:54:30.915,5237,13,"359159972073523",20,"{""key"": false, ""flip"": false, ""zone"": false, ""speed"": 29.3, ""buzzer"": 0, ""engine"": true, ""in_zone"": true, ""ignition"": true, ""latitude"": 42.64519, ""direction"": 288, ""longitude"": 18.070395, ""gsm_signal"": 31, ""sleep_mode"": false, ""staff_mode"": false, ""fault_codes"": [], ""speed_limit"": 46, ""engine_hours"": 1591, ""idc_triggers"": [], ""buzzer_active"": false, ""fuel_level_avg"": 0, ""lock_geo_alert"": false, ""operation_mode"": ""RENT"", ""battery_voltage"": 14.800000190734863, ""in_primary_zone"": true, ""lock_engine_alert"": false, ""in_restricted_zone"": false, ""onboard_geofencing"": false, ""speed_limit_active"": false}"
2023-07-17 12:54:29.416,5237,13,"359159972073523",20,"{""key"": false, ""flip"": false, ""zone"": false, ""speed"": 26.9, ""buzzer"": 0, ""engine"": true, ""in_zone"": true, ""ignition"": true, ""latitude"": 42.6451683, ""direction"": 290, ""longitude"": 18.0704882, ""gsm_signal"": 31, ""sleep_mode"": false, ""staff_mode"": false, ""fault_codes"": [], ""speed_limit"": 46, ""engine_hours"": 1591, ""idc_triggers"": [], ""buzzer_active"": false, ""fuel_level_avg"": 0, ""lock_geo_alert"": false, ""operation_mode"": ""RENT"", ""battery_voltage"": 14.800000190734863, ""in_primary_zone"": true, ""lock_engine_alert"": false, ""in_restricted_zone"": false, ""onboard_geofencing"": false, ""speed_limit_active"": false}"
2023-07-17 12:54:28.442,5237,13,"359159972073523",20,"{""key"": false, ""flip"": false, ""zone"": false, ""speed"": 26.8, ""buzzer"": 0, ""engine"": true, ""in_zone"": true, ""ignition"": true, ""latitude"": 42.645145, ""direction"": 290, ""longitude"": 18.0705732, ""gsm_signal"": 31, ""sleep_mode"": false, ""staff_mode"": false, ""fault_codes"": [], ""speed_limit"": 46, ""engine_hours"": 1591, ""idc_triggers"": [], ""buzzer_active"": false, ""fuel_level_avg"": 0, ""lock_geo_alert"": false, ""operation_mode"": ""RENT"", ""battery_voltage"": 14.800000190734863, ""in_primary_zone"": true, ""lock_engine_alert"": false, ""in_restricted_zone"": false, ""onboard_geofencing"": false, ""speed_limit_active"": false}"
2023-07-17 12:54:27.497,5237,13,"359159972073523",20,"{""key"": false, ""flip"": false, ""zone"": false, ""speed"": 28.5, ""buzzer"": 0, ""engine"": true, ""in_zone"": true, ""ignition"": true, ""latitude"": 42.6451216, ""direction"": 288, ""longitude"": 18.0706616, ""gsm_signal"": 31, ""sleep_mode"": false, ""staff_mode"": false, ""fault_codes"": [], ""speed_limit"": 46, ""engine_hours"": 1591, ""idc_triggers"": [], ""buzzer_active"": false, ""fuel_level_avg"": 0, ""lock_geo_alert"": false, ""operation_mode"": ""RENT"", ""battery_voltage"": 14.800000190734863, ""in_primary_zone"": true, ""lock_engine_alert"": false, ""in_restricted_zone"": false, ""onboard_geofencing"": false, ""speed_limit_active"": false}"
2023-07-17 12:54:26.915,5237,13,"359159972073523",20,"{""key"": false, ""flip"": false, ""zone"": false, ""speed"": 32.6, ""buzzer"": 0, ""engine"": true, ""in_zone"": true, ""ignition"": true, ""latitude"": 42.6450983, ""direction"": 287, ""longitude"": 18.0707566, ""gsm_signal"": 31, ""sleep_mode"": false, ""staff_mode"": false, ""fault_codes"": [], ""speed_limit"": 46, ""engine_hours"": 1591, ""idc_triggers"": [], ""buzzer_active"": false, ""fuel_level_avg"": 0, ""lock_geo_alert"": false, ""operation_mode"": ""RENT"", ""battery_voltage"": 14.800000190734863, ""in_primary_zone"": true, ""lock_engine_alert"": false, ""in_restricted_zone"": false, ""onboard_geofencing"": false, ""speed_limit_active"": false}"
2023-07-17 12:54:25.415,5237,13,"359159972073523",20,"{""key"": false, ""flip"": false, ""zone"": false, ""speed"": 34.3, ""buzzer"": 0, ""engine"": true, ""in_zone"": true, ""ignition"": true, ""latitude"": 42.645075, ""direction"": 286, ""longitude"": 18.070865, ""gsm_signal"": 31, ""sleep_mode"": false, ""staff_mode"": false, ""fault_codes"": [], ""speed_limit"": 46, ""engine_hours"": 1591, ""idc_triggers"": [], ""buzzer_active"": false, ""fuel_level_avg"": 0, ""lock_geo_alert"": false, ""operation_mode"": ""RENT"", ""battery_voltage"": 14.800000190734863, ""in_primary_zone"": true, ""lock_engine_alert"": false, ""in_restricted_zone"": false, ""onboard_geofencing"": false, ""speed_limit_active"": false}"
2023-07-17 12:54:24.418,5237,13,"359159972073523",20,"{""key"": false, ""flip"": false, ""zone"": false, ""speed"": 32.0, ""buzzer"": 0, ""engine"": true, ""in_zone"": true, ""ignition"": true, ""latitude"": 42.6450516, ""direction"": 286, ""longitude"": 18.070975, ""gsm_signal"": 31, ""sleep_mode"": false, ""staff_mode"": false, ""fault_codes"": [], ""speed_limit"": 46, ""engine_hours"": 1591, ""idc_triggers"": [], ""buzzer_active"": false, ""fuel_level_avg"": 0, ""lock_geo_alert"": false, ""operation_mode"": ""RENT"", ""battery_voltage"": 14.800000190734863, ""in_primary_zone"": true, ""lock_engine_alert"": false, ""in_restricted_zone"": false, ""onboard_geofencing"": false, ""speed_limit_active"": false}"
2023-07-17 12:54:23.436,5237,13,"359159972073523",20,"{""key"": false, ""flip"": false, ""zone"": false, ""speed"": 29.9, ""buzzer"": 0, ""engine"": true, ""in_zone"": true, ""ignition"": true, ""latitude"": 42.6450283, ""direction"": 285, ""longitude"": 18.0710766, ""gsm_signal"": 31, ""sleep_mode"": false, ""staff_mode"": false, ""fault_codes"": [], ""speed_limit"": 46, ""engine_hours"": 1591, ""idc_triggers"": [], ""buzzer_active"": false, ""fuel_level_avg"": 0, ""lock_geo_alert"": false, ""operation_mode"": ""RENT"", ""battery_voltage"": 14.800000190734863, ""in_primary_zone"": true, ""lock_engine_alert"": false, ""in_restricted_zone"": false, ""onboard_geofencing"": false, ""speed_limit_active"": false}"
2023-07-17 12:54:22.497,5237,13,"359159972073523",20,"{""key"": false, ""flip"": false, ""zone"": false, ""speed"": 28.1, ""buzzer"": 0, ""engine"": true, ""in_zone"": true, ""ignition"": true, ""latitude"": 42.64501, ""direction"": 284, ""longitude"": 18.0711732, ""gsm_signal"": 31, ""sleep_mode"": false, ""staff_mode"": false, ""fault_codes"": [], ""speed_limit"": 46, ""engine_hours"": 1591, ""idc_triggers"": [], ""buzzer_active"": false, ""fuel_level_avg"": 0, ""lock_geo_alert"": false, ""operation_mode"": ""RENT"", ""battery_voltage"": 14.800000190734863, ""in_primary_zone"": true, ""lock_engine_alert"": false, ""in_restricted_zone"": false, ""onboard_geofencing"": false, ""speed_limit_active"": false}"
2023-07-17 12:54:21.917,5237,13,"359159972073523",20,"{""key"": false, ""flip"": false, ""zone"": false, ""speed"": 23.1, ""buzzer"": 0, ""engine"": true, ""in_zone"": true, ""ignition"": true, ""latitude"": 42.6449933, ""direction"": 286, ""longitude"": 18.07126, ""gsm_signal"": 31, ""sleep_mode"": false, ""staff_mode"": false, ""fault_codes"": [], ""speed_limit"": 46, ""engine_hours"": 1591, ""idc_triggers"": [], ""buzzer_active"": false, ""fuel_level_avg"": 0, ""lock_geo_alert"": false, ""operation_mode"": ""RENT"", ""battery_voltage"": 14.800000190734863, ""in_primary_zone"": true, ""lock_engine_alert"": false, ""in_restricted_zone"": false, ""onboard_geofencing"": false, ""speed_limit_active"": false}"
2023-07-17 12:54:20.418,5237,13,"359159972073523",20,"{""key"": false, ""flip"": false, ""zone"": false, ""speed"": 19.4, ""buzzer"": 0, ""engine"": true, ""in_zone"": true, ""ignition"": true, ""latitude"": 42.6449766, ""direction"": 290, ""longitude"": 18.0713316, ""gsm_signal"": 31, ""sleep_mode"": false, ""staff_mode"": false, ""fault_codes"": [], ""speed_limit"": 46, ""engine_hours"": 1591, ""idc_triggers"": [], ""buzzer_active"": false, ""fuel_level_avg"": 0, ""lock_geo_alert"": false, ""operation_mode"": ""RENT"", ""battery_voltage"": 14.800000190734863, ""in_primary_zone"": true, ""lock_engine_alert"": false, ""in_restricted_zone"": false, ""onboard_geofencing"": false, ""speed_limit_active"": false}"
2023-07-17 12:54:19.509,5237,13,"359159972073523",20,"{""key"": false, ""flip"": false, ""zone"": false, ""speed"": 17.4, ""buzzer"": 0, ""engine"": true, ""in_zone"": true, ""ignition"": true, ""latitude"": 42.64496, ""direction"": 289, ""longitude"": 18.0713916, ""gsm_signal"": 31, ""sleep_mode"": false, ""staff_mode"": false, ""fault_codes"": [], ""speed_limit"": 46, ""engine_hours"": 1591, ""idc_triggers"": [], ""buzzer_active"": false, ""fuel_level_avg"": 0, ""lock_geo_alert"": false, ""operation_mode"": ""RENT"", ""battery_voltage"": 14.800000190734863, ""in_primary_zone"": true, ""lock_engine_alert"": false, ""in_restricted_zone"": false, ""onboard_geofencing"": false, ""speed_limit_active"": false}"
2023-07-17 12:54:18.497,5237,13,"359159972073523",20,"{""key"": false, ""flip"": false, ""zone"": false, ""speed"": 15.2, ""buzzer"": 0, ""engine"": true, ""in_zone"": true, ""ignition"": true, ""latitude"": 42.644945, ""direction"": 289, ""longitude"": 18.071445, ""gsm_signal"": 31, ""sleep_mode"": false, ""staff_mode"": false, ""fault_codes"": [], ""speed_limit"": 46, ""engine_hours"": 1591, ""idc_triggers"": [], ""buzzer_active"": false, ""fuel_level_avg"": 0, ""lock_geo_alert"": false, ""operation_mode"": ""RENT"", ""battery_voltage"": 14.800000190734863, ""in_primary_zone"": true, ""lock_engine_alert"": false, ""in_restricted_zone"": false, ""onboard_geofencing"": false, ""speed_limit_active"": false}"
2023-07-17 12:54:17.915,5237,13,"359159972073523",20,"{""key"": false, ""flip"": false, ""zone"": false, ""speed"": 12.8, ""buzzer"": 0, ""engine"": true, ""in_zone"": true, ""ignition"": true, ""latitude"": 42.6449316, ""direction"": 291, ""longitude"": 18.0714916, ""gsm_signal"": 31, ""sleep_mode"": false, ""staff_mode"": false, ""fault_codes"": [], ""speed_limit"": 46, ""engine_hours"": 1591, ""idc_triggers"": [], ""buzzer_active"": false, ""fuel_level_avg"": 0, ""lock_geo_alert"": false, ""operation_mode"": ""RENT"", ""battery_voltage"": 14.800000190734863, ""in_primary_zone"": true, ""lock_engine_alert"": false, ""in_restricted_zone"": false, ""onboard_geofencing"": false, ""speed_limit_active"": false}"
2023-07-17 12:54:16.417,5237,13,"359159972073523",20,"{""key"": false, ""flip"": false, ""zone"": false, ""speed"": 9.6, ""buzzer"": 0, ""engine"": true, ""in_zone"": true, ""ignition"": true, ""latitude"": 42.6449216, ""direction"": 292, ""longitude"": 18.0715282, ""gsm_signal"": 31, ""sleep_mode"": false, ""staff_mode"": false, ""fault_codes"": [], ""speed_limit"": 46, ""engine_hours"": 1591, ""idc_triggers"": [], ""buzzer_active"": false, ""fuel_level_avg"": 0, ""lock_geo_alert"": false, ""operation_mode"": ""RENT"", ""battery_voltage"": 14.800000190734863, ""in_primary_zone"": true, ""lock_engine_alert"": false, ""in_restricted_zone"": false, ""onboard_geofencing"": false, ""speed_limit_active"": false}"
2023-07-17 12:54:15.439,5237,13,"359159972073523",20,"{""key"": false, ""flip"": false, ""zone"": false, ""speed"": 8.7, ""buzzer"": 0, ""engine"": true, ""in_zone"": true, ""ignition"": true, ""latitude"": 42.6449133, ""direction"": 297, ""longitude"": 18.0715582, ""gsm_signal"": 31, ""sleep_mode"": false, ""staff_mode"": false, ""fault_codes"": [], ""speed_limit"": 46, ""engine_hours"": 1591, ""idc_triggers"": [], ""buzzer_active"": false, ""fuel_level_avg"": 0, ""lock_geo_alert"": false, ""operation_mode"": ""RENT"", ""battery_voltage"": 14.800000190734863, ""in_primary_zone"": true, ""lock_engine_alert"": false, ""in_restricted_zone"": false, ""onboard_geofencing"": false, ""speed_limit_active"": false}"
2023-07-17 12:54:14.476,5237,13,"359159972073523",20,"{""key"": false, ""flip"": false, ""zone"": false, ""speed"": 9.0, ""buzzer"": 0, ""engine"": true, ""in_zone"": true, ""ignition"": true, ""latitude"": 42.6449033, ""direction"": 299, ""longitude"": 18.071585, ""gsm_signal"": 31, ""sleep_mode"": false, ""staff_mode"": false, ""fault_codes"": [], ""speed_limit"": 46, ""engine_hours"": 1591, ""idc_triggers"": [], ""buzzer_active"": false, ""fuel_level_avg"": 0, ""lock_geo_alert"": false, ""operation_mode"": ""RENT"", ""battery_voltage"": 14.800000190734863, ""in_primary_zone"": true, ""lock_engine_alert"": false, ""in_restricted_zone"": false, ""onboard_geofencing"": false, ""speed_limit_active"": false}"
2023-07-17 12:54:13.918,5237,13,"359159972073523",20,"{""key"": false, ""flip"": false, ""zone"": false, ""speed"": 15.7, ""buzzer"": 0, ""engine"": true, ""in_zone"": true, ""ignition"": true, ""latitude"": 42.64489, ""direction"": 299, ""longitude"": 18.0716182, ""gsm_signal"": 31, ""sleep_mode"": false, ""staff_mode"": false, ""fault_codes"": [], ""speed_limit"": 46, ""engine_hours"": 1591, ""idc_triggers"": [], ""buzzer_active"": false, ""fuel_level_avg"": 0, ""lock_geo_alert"": false, ""operation_mode"": ""RENT"", ""battery_voltage"": 14.800000190734863, ""in_primary_zone"": true, ""lock_engine_alert"": false, ""in_restricted_zone"": false, ""onboard_geofencing"": false, ""speed_limit_active"": false}"
2023-07-17 12:54:12.417,5237,13,"359159972073523",20,"{""key"": false, ""flip"": false, ""zone"": false, ""speed"": 23.1, ""buzzer"": 0, ""engine"": true, ""in_zone"": true, ""ignition"": true, ""latitude"": 42.6448683, ""direction"": 296, ""longitude"": 18.0716716, ""gsm_signal"": 22, ""sleep_mode"": false, ""staff_mode"": false, ""fault_codes"": [], ""speed_limit"": 46, ""engine_hours"": 1591, ""idc_triggers"": [], ""buzzer_active"": false, ""fuel_level_avg"": 0, ""lock_geo_alert"": false, ""operation_mode"": ""RENT"", ""battery_voltage"": 14.800000190734863, ""in_primary_zone"": true, ""lock_engine_alert"": false, ""in_restricted_zone"": false, ""onboard_geofencing"": false, ""speed_limit_active"": false}"
2023-07-17 12:54:11.435,5237,13,"359159972073523",20,"{""key"": false, ""flip"": false, ""zone"": false, ""speed"": 30.7, ""buzzer"": 0, ""engine"": true, ""in_zone"": true, ""ignition"": true, ""latitude"": 42.6448416, ""direction"": 294, ""longitude"": 18.0717482, ""gsm_signal"": 22, ""sleep_mode"": false, ""staff_mode"": false, ""fault_codes"": [], ""speed_limit"": 46, ""engine_hours"": 1591, ""idc_triggers"": [], ""buzzer_active"": false, ""fuel_level_avg"": 0, ""lock_geo_alert"": false, ""operation_mode"": ""RENT"", ""battery_voltage"": 14.800000190734863, ""in_primary_zone"": true, ""lock_engine_alert"": false, ""in_restricted_zone"": false, ""onboard_geofencing"": false, ""speed_limit_active"": false}"
2023-07-17 12:54:10.439,5237,13,"359159972073523",20,"{""key"": false, ""flip"": false, ""zone"": false, ""speed"": 38.8, ""buzzer"": 0, ""engine"": true, ""in_zone"": true, ""ignition"": true, ""latitude"": 42.6448083, ""direction"": 292, ""longitude"": 18.07185, ""gsm_signal"": 22, ""sleep_mode"": false, ""staff_mode"": false, ""fault_codes"": [], ""speed_limit"": 46, ""engine_hours"": 1591, ""idc_triggers"": [], ""buzzer_active"": false, ""fuel_level_avg"": 0, ""lock_geo_alert"": false, ""operation_mode"": ""RENT"", ""battery_voltage"": 14.800000190734863, ""in_primary_zone"": true, ""lock_engine_alert"": false, ""in_restricted_zone"": false, ""onboard_geofencing"": false, ""speed_limit_active"": false}"
2023-07-17 12:54:09.635,5237,13,"359159972073523",20,"{""key"": false, ""flip"": false, ""zone"": false, ""speed"": 39.3, ""buzzer"": 0, ""engine"": true, ""in_zone"": true, ""ignition"": true, ""latitude"": 42.6447733, ""direction"": 290, ""longitude"": 18.0719716, ""gsm_signal"": 25, ""sleep_mode"": false, ""staff_mode"": false, ""fault_codes"": [], ""speed_limit"": 46, ""engine_hours"": 1591, ""idc_triggers"": [], ""buzzer_active"": false, ""fuel_level_avg"": 0, ""lock_geo_alert"": false, ""operation_mode"": ""RENT"", ""battery_voltage"": 14.800000190734863, ""in_primary_zone"": true, ""lock_engine_alert"": false, ""in_restricted_zone"": false, ""onboard_geofencing"": false, ""speed_limit_active"": false}"
2023-07-17 12:54:08.458,5237,13,"359159972073523",20,"{""key"": false, ""flip"": false, ""zone"": false, ""speed"": 41.5, ""buzzer"": 0, ""engine"": true, ""in_zone"": true, ""ignition"": true, ""latitude"": 42.64474, ""direction"": 289, ""longitude"": 18.0721, ""gsm_signal"": 25, ""sleep_mode"": false, ""staff_mode"": false, ""fault_codes"": [], ""speed_limit"": 46, ""engine_hours"": 1591, ""idc_triggers"": [], ""buzzer_active"": false, ""fuel_level_avg"": 0, ""lock_geo_alert"": false, ""operation_mode"": ""RENT"", ""battery_voltage"": 14.800000190734863, ""in_primary_zone"": true, ""lock_engine_alert"": false, ""in_restricted_zone"": false, ""onboard_geofencing"": false, ""speed_limit_active"": false}"
2023-07-17 12:54:07.447,5237,13,"359159972073523",20,"{""key"": false, ""flip"": false, ""zone"": false, ""speed"": 38.6, ""buzzer"": 0, ""engine"": true, ""in_zone"": true, ""ignition"": true, ""latitude"": 42.6447066, ""direction"": 290, ""longitude"": 18.0722282, ""gsm_signal"": 25, ""sleep_mode"": false, ""staff_mode"": false, ""fault_codes"": [], ""speed_limit"": 46, ""engine_hours"": 1591, ""idc_triggers"": [], ""buzzer_active"": false, ""fuel_level_avg"": 0, ""lock_geo_alert"": false, ""operation_mode"": ""RENT"", ""battery_voltage"": 14.800000190734863, ""in_primary_zone"": true, ""lock_engine_alert"": false, ""in_restricted_zone"": false, ""onboard_geofencing"": false, ""speed_limit_active"": false}"
2023-07-17 12:54:06.451,5237,13,"359159972073523",20,"{""key"": false, ""flip"": false, ""zone"": false, ""speed"": 40.1, ""buzzer"": 0, ""engine"": true, ""in_zone"": true, ""ignition"": true, ""latitude"": 42.6446716, ""direction"": 291, ""longitude"": 18.0723516, ""gsm_signal"": 28, ""sleep_mode"": false, ""staff_mode"": false, ""fault_codes"": [], ""speed_limit"": 46, ""engine_hours"": 1591, ""idc_triggers"": [], ""buzzer_active"": false, ""fuel_level_avg"": 0, ""lock_geo_alert"": false, ""operation_mode"": ""RENT"", ""battery_voltage"": 14.800000190734863, ""in_primary_zone"": true, ""lock_engine_alert"": false, ""in_restricted_zone"": false, ""onboard_geofencing"": false, ""speed_limit_active"": false}"
2023-07-17 12:54:05.850,5237,13,"359159972073523",20,"{""key"": false, ""flip"": false, ""zone"": false, ""speed"": 41.8, ""buzzer"": 0, ""engine"": true, ""in_zone"": true, ""ignition"": true, ""latitude"": 42.644635, ""direction"": 289, ""longitude"": 18.07248, ""gsm_signal"": 28, ""sleep_mode"": false, ""staff_mode"": false, ""fault_codes"": [], ""speed_limit"": 46, ""engine_hours"": 1591, ""idc_triggers"": [], ""buzzer_active"": false, ""fuel_level_avg"": 0, ""lock_geo_alert"": false, ""operation_mode"": ""RENT"", ""battery_voltage"": 14.800000190734863, ""in_primary_zone"": true, ""lock_engine_alert"": false, ""in_restricted_zone"": false, ""onboard_geofencing"": false, ""speed_limit_active"": false}"
2023-07-17 12:54:04.426,5237,13,"359159972073523",20,"{""key"": false, ""flip"": false, ""zone"": false, ""speed"": 42.8, ""buzzer"": 0, ""engine"": true, ""in_zone"": true, ""ignition"": true, ""latitude"": 42.6445983, ""direction"": 289, ""longitude"": 18.072615, ""gsm_signal"": 28, ""sleep_mode"": false, ""staff_mode"": false, ""fault_codes"": [], ""speed_limit"": 46, ""engine_hours"": 1591, ""idc_triggers"": [], ""buzzer_active"": false, ""fuel_level_avg"": 0, ""lock_geo_alert"": false, ""operation_mode"": ""RENT"", ""battery_voltage"": 14.800000190734863, ""in_primary_zone"": true, ""lock_engine_alert"": false, ""in_restricted_zone"": false, ""onboard_geofencing"": false, ""speed_limit_active"": false}"
2023-07-17 12:54:03.449,5237,13,"359159972073523",20,"{""key"": false, ""flip"": false, ""zone"": false, ""speed"": 43.5, ""buzzer"": 0, ""engine"": true, ""in_zone"": true, ""ignition"": true, ""latitude"": 42.64456, ""direction"": 291, ""longitude"": 18.0727516, ""gsm_signal"": 31, ""sleep_mode"": false, ""staff_mode"": false, ""fault_codes"": [], ""speed_limit"": 46, ""engine_hours"": 1591, ""idc_triggers"": [], ""buzzer_active"": false, ""fuel_level_avg"": 0, ""lock_geo_alert"": false, ""operation_mode"": ""RENT"", ""battery_voltage"": 14.800000190734863, ""in_primary_zone"": true, ""lock_engine_alert"": false, ""in_restricted_zone"": false, ""onboard_geofencing"": false, ""speed_limit_active"": false}"
2023-07-17 12:54:02.849,5237,13,"359159972073523",20,"{""key"": false, ""flip"": false, ""zone"": false, ""speed"": 44.9, ""buzzer"": 0, ""engine"": true, ""in_zone"": true, ""ignition"": true, ""latitude"": 42.6445216, ""direction"": 291, ""longitude"": 18.07289, ""gsm_signal"": 31, ""sleep_mode"": false, ""staff_mode"": false, ""fault_codes"": [], ""speed_limit"": 46, ""engine_hours"": 1591, ""idc_triggers"": [], ""buzzer_active"": false, ""fuel_level_avg"": 0, ""lock_geo_alert"": false, ""operation_mode"": ""RENT"", ""battery_voltage"": 14.800000190734863, ""in_primary_zone"": true, ""lock_engine_alert"": false, ""in_restricted_zone"": false, ""onboard_geofencing"": false, ""speed_limit_active"": false}"
2023-07-17 12:54:01.409,5237,13,"359159972073523",20,"{""key"": false, ""flip"": false, ""zone"": false, ""speed"": 42.4, ""buzzer"": 0, ""engine"": true, ""in_zone"": true, ""ignition"": true, ""latitude"": 42.6444816, ""direction"": 290, ""longitude"": 18.07303, ""gsm_signal"": 31, ""sleep_mode"": false, ""staff_mode"": false, ""fault_codes"": [], ""speed_limit"": 46, ""engine_hours"": 1591, ""idc_triggers"": [], ""buzzer_active"": false, ""fuel_level_avg"": 0, ""lock_geo_alert"": false, ""operation_mode"": ""RENT"", ""battery_voltage"": 14.800000190734863, ""in_primary_zone"": true, ""lock_engine_alert"": false, ""in_restricted_zone"": false, ""onboard_geofencing"": false, ""speed_limit_active"": false}"
2023-07-17 12:54:00.426,5237,13,"359159972073523",20,"{""key"": false, ""flip"": false, ""zone"": false, ""speed"": 42.1, ""buzzer"": 0, ""engine"": true, ""in_zone"": true, ""ignition"": true, ""latitude"": 42.644445, ""direction"": 288, ""longitude"": 18.0731632, ""gsm_signal"": 31, ""sleep_mode"": false, ""staff_mode"": false, ""fault_codes"": [], ""speed_limit"": 46, ""engine_hours"": 1591, ""idc_triggers"": [], ""buzzer_active"": false, ""fuel_level_avg"": 0, ""lock_geo_alert"": false, ""operation_mode"": ""RENT"", ""battery_voltage"": 14.800000190734863, ""in_primary_zone"": true, ""lock_engine_alert"": false, ""in_restricted_zone"": false, ""onboard_geofencing"": false, ""speed_limit_active"": false}"
2023-07-17 12:53:59.433,5237,13,"359159972073523",20,"{""key"": false, ""flip"": false, ""zone"": false, ""speed"": 43.5, ""buzzer"": 0, ""engine"": true, ""in_zone"": true, ""ignition"": true, ""latitude"": 42.64441, ""direction"": 289, ""longitude"": 18.0732982, ""gsm_signal"": 31, ""sleep_mode"": false, ""staff_mode"": false, ""fault_codes"": [], ""speed_limit"": 46, ""engine_hours"": 1591, ""idc_triggers"": [], ""buzzer_active"": false, ""fuel_level_avg"": 0, ""lock_geo_alert"": false, ""operation_mode"": ""RENT"", ""battery_voltage"": 14.800000190734863, ""in_primary_zone"": true, ""lock_engine_alert"": false, ""in_restricted_zone"": false, ""onboard_geofencing"": false, ""speed_limit_active"": false}"
2023-07-17 12:53:58.428,5237,13,"359159972073523",20,"{""key"": false, ""flip"": false, ""zone"": false, ""speed"": 44.1, ""buzzer"": 0, ""engine"": true, ""in_zone"": true, ""ignition"": true, ""latitude"": 42.644375, ""direction"": 289, ""longitude"": 18.07344, ""gsm_signal"": 31, ""sleep_mode"": false, ""staff_mode"": false, ""fault_codes"": [], ""speed_limit"": 46, ""engine_hours"": 1591, ""idc_triggers"": [], ""buzzer_active"": false, ""fuel_level_avg"": 0, ""lock_geo_alert"": false, ""operation_mode"": ""RENT"", ""battery_voltage"": 14.800000190734863, ""in_primary_zone"": true, ""lock_engine_alert"": false, ""in_restricted_zone"": false, ""onboard_geofencing"": false, ""speed_limit_active"": false}"
2023-07-17 12:53:57.447,5237,13,"359159972073523",20,"{""key"": false, ""flip"": false, ""zone"": false, ""speed"": 43.8, ""buzzer"": 0, ""engine"": true, ""in_zone"": true, ""ignition"": true, ""latitude"": 42.6443383, ""direction"": 289, ""longitude"": 18.0735766, ""gsm_signal"": 31, ""sleep_mode"": false, ""staff_mode"": false, ""fault_codes"": [], ""speed_limit"": 46, ""engine_hours"": 1591, ""idc_triggers"": [], ""buzzer_active"": false, ""fuel_level_avg"": 0, ""lock_geo_alert"": false, ""operation_mode"": ""RENT"", ""battery_voltage"": 14.800000190734863, ""in_primary_zone"": true, ""lock_engine_alert"": false, ""in_restricted_zone"": false, ""onboard_geofencing"": false, ""speed_limit_active"": false}"
2023-07-17 12:53:56.447,5237,13,"359159972073523",20,"{""key"": false, ""flip"": false, ""zone"": false, ""speed"": 42.7, ""buzzer"": 0, ""engine"": true, ""in_zone"": true, ""ignition"": true, ""latitude"": 42.6443016, ""direction"": 290, ""longitude"": 18.0737166, ""gsm_signal"": 31, ""sleep_mode"": false, ""staff_mode"": false, ""fault_codes"": [], ""speed_limit"": 46, ""engine_hours"": 1591, ""idc_triggers"": [], ""buzzer_active"": false, ""fuel_level_avg"": 0, ""lock_geo_alert"": false, ""operation_mode"": ""RENT"", ""battery_voltage"": 14.800000190734863, ""in_primary_zone"": true, ""lock_engine_alert"": false, ""in_restricted_zone"": false, ""onboard_geofencing"": false, ""speed_limit_active"": false}"
2023-07-17 12:53:55.804,5237,13,"359159972073523",20,"{""key"": false, ""flip"": false, ""zone"": false, ""speed"": 43.1, ""buzzer"": 0, ""engine"": true, ""in_zone"": true, ""ignition"": true, ""latitude"": 42.6442633, ""direction"": 291, ""longitude"": 18.0738516, ""gsm_signal"": 31, ""sleep_mode"": false, ""staff_mode"": false, ""fault_codes"": [], ""speed_limit"": 46, ""engine_hours"": 1591, ""idc_triggers"": [], ""buzzer_active"": false, ""fuel_level_avg"": 0, ""lock_geo_alert"": false, ""operation_mode"": ""RENT"", ""battery_voltage"": 14.800000190734863, ""in_primary_zone"": true, ""lock_engine_alert"": false, ""in_restricted_zone"": false, ""onboard_geofencing"": false, ""speed_limit_active"": false}"
2023-07-17 12:53:54.407,5237,13,"359159972073523",20,"{""key"": false, ""flip"": false, ""zone"": false, ""speed"": 45.2, ""buzzer"": 0, ""engine"": true, ""in_zone"": true, ""ignition"": true, ""latitude"": 42.644225, ""direction"": 291, ""longitude"": 18.07399, ""gsm_signal"": 31, ""sleep_mode"": false, ""staff_mode"": false, ""fault_codes"": [], ""speed_limit"": 46, ""engine_hours"": 1591, ""idc_triggers"": [], ""buzzer_active"": false, ""fuel_level_avg"": 0, ""lock_geo_alert"": false, ""operation_mode"": ""RENT"", ""battery_voltage"": 14.800000190734863, ""in_primary_zone"": true, ""lock_engine_alert"": false, ""in_restricted_zone"": false, ""onboard_geofencing"": false, ""speed_limit_active"": false}"
2023-07-17 12:53:53.431,5237,13,"359159972073523",20,"{""key"": false, ""flip"": false, ""zone"": false, ""speed"": 46.9, ""buzzer"": 0, ""engine"": true, ""in_zone"": true, ""ignition"": true, ""latitude"": 42.6441833, ""direction"": 290, ""longitude"": 18.074135, ""gsm_signal"": 31, ""sleep_mode"": false, ""staff_mode"": false, ""fault_codes"": [], ""speed_limit"": 46, ""engine_hours"": 1591, ""idc_triggers"": [], ""buzzer_active"": false, ""fuel_level_avg"": 0, ""lock_geo_alert"": false, ""operation_mode"": ""RENT"", ""battery_voltage"": 14.800000190734863, ""in_primary_zone"": true, ""lock_engine_alert"": false, ""in_restricted_zone"": false, ""onboard_geofencing"": false, ""speed_limit_active"": false}"
2023-07-17 12:53:52.428,5237,13,"359159972073523",20,"{""key"": false, ""flip"": false, ""zone"": false, ""speed"": 44.9, ""buzzer"": 0, ""engine"": true, ""in_zone"": true, ""ignition"": true, ""latitude"": 42.6441433, ""direction"": 291, ""longitude"": 18.0742816, ""gsm_signal"": 31, ""sleep_mode"": false, ""staff_mode"": false, ""fault_codes"": [], ""speed_limit"": 46, ""engine_hours"": 1591, ""idc_triggers"": [], ""buzzer_active"": false, ""fuel_level_avg"": 0, ""lock_geo_alert"": false, ""operation_mode"": ""RENT"", ""battery_voltage"": 14.800000190734863, ""in_primary_zone"": true, ""lock_engine_alert"": false, ""in_restricted_zone"": false, ""onboard_geofencing"": false, ""speed_limit_active"": false}"
2023-07-17 12:53:51.441,5237,13,"359159972073523",20,"{""key"": false, ""flip"": false, ""zone"": false, ""speed"": 43.4, ""buzzer"": 0, ""engine"": true, ""in_zone"": true, ""ignition"": true, ""latitude"": 42.6441033, ""direction"": 290, ""longitude"": 18.0744232, ""gsm_signal"": 31, ""sleep_mode"": false, ""staff_mode"": false, ""fault_codes"": [], ""speed_limit"": 46, ""engine_hours"": 1591, ""idc_triggers"": [], ""buzzer_active"": false, ""fuel_level_avg"": 0, ""lock_geo_alert"": false, ""operation_mode"": ""RENT"", ""battery_voltage"": 14.800000190734863, ""in_primary_zone"": true, ""lock_engine_alert"": false, ""in_restricted_zone"": false, ""onboard_geofencing"": false, ""speed_limit_active"": false}"
2023-07-17 12:53:50.850,5237,13,"359159972073523",20,"{""key"": false, ""flip"": false, ""zone"": false, ""speed"": 42.9, ""buzzer"": 0, ""engine"": true, ""in_zone"": true, ""ignition"": true, ""latitude"": 42.644065, ""direction"": 289, ""longitude"": 18.0745616, ""gsm_signal"": 31, ""sleep_mode"": false, ""staff_mode"": false, ""fault_codes"": [], ""speed_limit"": 46, ""engine_hours"": 1591, ""idc_triggers"": [], ""buzzer_active"": false, ""fuel_level_avg"": 0, ""lock_geo_alert"": false, ""operation_mode"": ""RENT"", ""battery_voltage"": 14.800000190734863, ""in_primary_zone"": true, ""lock_engine_alert"": false, ""in_restricted_zone"": false, ""onboard_geofencing"": false, ""speed_limit_active"": false}"
2023-07-17 12:53:49.426,5237,13,"359159972073523",20,"{""key"": false, ""flip"": false, ""zone"": false, ""speed"": 39.6, ""buzzer"": 0, ""engine"": true, ""in_zone"": true, ""ignition"": true, ""latitude"": 42.64403, ""direction"": 288, ""longitude"": 18.0746966, ""gsm_signal"": 31, ""sleep_mode"": false, ""staff_mode"": false, ""fault_codes"": [], ""speed_limit"": 46, ""engine_hours"": 1591, ""idc_triggers"": [], ""buzzer_active"": false, ""fuel_level_avg"": 0, ""lock_geo_alert"": false, ""operation_mode"": ""RENT"", ""battery_voltage"": 14.800000190734863, ""in_primary_zone"": true, ""lock_engine_alert"": false, ""in_restricted_zone"": false, ""onboard_geofencing"": false, ""speed_limit_active"": false}"
2023-07-17 12:53:48.428,5237,13,"359159972073523",20,"{""key"": false, ""flip"": false, ""zone"": false, ""speed"": 39.1, ""buzzer"": 0, ""engine"": true, ""in_zone"": true, ""ignition"": true, ""latitude"": 42.6439966, ""direction"": 289, ""longitude"": 18.0748216, ""gsm_signal"": 31, ""sleep_mode"": false, ""staff_mode"": false, ""fault_codes"": [], ""speed_limit"": 46, ""engine_hours"": 1591, ""idc_triggers"": [], ""buzzer_active"": false, ""fuel_level_avg"": 0, ""lock_geo_alert"": false, ""operation_mode"": ""RENT"", ""battery_voltage"": 14.800000190734863, ""in_primary_zone"": true, ""lock_engine_alert"": false, ""in_restricted_zone"": false, ""onboard_geofencing"": false, ""speed_limit_active"": false}"
2023-07-17 12:53:47.448,5237,13,"359159972073523",20,"{""key"": false, ""flip"": false, ""zone"": false, ""speed"": 39.2, ""buzzer"": 0, ""engine"": true, ""in_zone"": true, ""ignition"": true, ""latitude"": 42.643965, ""direction"": 289, ""longitude"": 18.0749466, ""gsm_signal"": 31, ""sleep_mode"": false, ""staff_mode"": false, ""fault_codes"": [], ""speed_limit"": 46, ""engine_hours"": 1591, ""idc_triggers"": [], ""buzzer_active"": false, ""fuel_level_avg"": 0, ""lock_geo_alert"": false, ""operation_mode"": ""RENT"", ""battery_voltage"": 14.800000190734863, ""in_primary_zone"": true, ""lock_engine_alert"": false, ""in_restricted_zone"": false, ""onboard_geofencing"": false, ""speed_limit_active"": false}"
2023-07-17 12:53:46.848,5237,13,"359159972073523",20,"{""key"": false, ""flip"": false, ""zone"": false, ""speed"": 39.3, ""buzzer"": 0, ""engine"": true, ""in_zone"": true, ""ignition"": true, ""latitude"": 42.6439316, ""direction"": 289, ""longitude"": 18.0750716, ""gsm_signal"": 31, ""sleep_mode"": false, ""staff_mode"": false, ""fault_codes"": [], ""speed_limit"": 46, ""engine_hours"": 1591, ""idc_triggers"": [], ""buzzer_active"": false, ""fuel_level_avg"": 0, ""lock_geo_alert"": false, ""operation_mode"": ""RENT"", ""battery_voltage"": 14.800000190734863, ""in_primary_zone"": true, ""lock_engine_alert"": false, ""in_restricted_zone"": false, ""onboard_geofencing"": false, ""speed_limit_active"": false}"
2023-07-17 12:53:45.406,5237,13,"359159972073523",20,"{""key"": false, ""flip"": false, ""zone"": false, ""speed"": 38.3, ""buzzer"": 0, ""engine"": true, ""in_zone"": true, ""ignition"": true, ""latitude"": 42.643898300000004, ""direction"": 290, ""longitude"": 18.0751966, ""gsm_signal"": 31, ""sleep_mode"": false, ""staff_mode"": false, ""fault_codes"": [], ""speed_limit"": 46, ""engine_hours"": 1591, ""idc_triggers"": [], ""buzzer_active"": false, ""fuel_level_avg"": 0, ""lock_geo_alert"": false, ""operation_mode"": ""RENT"", ""battery_voltage"": 14.800000190734863, ""in_primary_zone"": true, ""lock_engine_alert"": false, ""in_restricted_zone"": false, ""onboard_geofencing"": false, ""speed_limit_active"": false}"
2023-07-17 12:53:44.447,5237,13,"359159972073523",20,"{""key"": false, ""flip"": false, ""zone"": false, ""speed"": 37.0, ""buzzer"": 0, ""engine"": true, ""in_zone"": true, ""ignition"": true, ""latitude"": 42.6438666, ""direction"": 289, ""longitude"": 18.0753182, ""gsm_signal"": 31, ""sleep_mode"": false, ""staff_mode"": false, ""fault_codes"": [], ""speed_limit"": 46, ""engine_hours"": 1591, ""idc_triggers"": [], ""buzzer_active"": false, ""fuel_level_avg"": 0, ""lock_geo_alert"": false, ""operation_mode"": ""RENT"", ""battery_voltage"": 14.800000190734863, ""in_primary_zone"": true, ""lock_engine_alert"": false, ""in_restricted_zone"": false, ""onboard_geofencing"": false, ""speed_limit_active"": false}"
2023-07-17 12:53:43.468,5237,13,"359159972073523",20,"{""key"": false, ""flip"": false, ""zone"": false, ""speed"": 37.6, ""buzzer"": 0, ""engine"": true, ""in_zone"": true, ""ignition"": true, ""latitude"": 42.643835, ""direction"": 289, ""longitude"": 18.0754366, ""gsm_signal"": 31, ""sleep_mode"": false, ""staff_mode"": false, ""fault_codes"": [], ""speed_limit"": 46, ""engine_hours"": 1591, ""idc_triggers"": [], ""buzzer_active"": false, ""fuel_level_avg"": 0, ""lock_geo_alert"": false, ""operation_mode"": ""RENT"", ""battery_voltage"": 14.800000190734863, ""in_primary_zone"": true, ""lock_engine_alert"": false, ""in_restricted_zone"": false, ""onboard_geofencing"": false, ""speed_limit_active"": false}"
2023-07-17 12:53:42.906,5237,13,"359159972073523",20,"{""key"": false, ""flip"": false, ""zone"": false, ""speed"": 39.1, ""buzzer"": 0, ""engine"": true, ""in_zone"": true, ""ignition"": true, ""latitude"": 42.643805, ""direction"": 287, ""longitude"": 18.0755582, ""gsm_signal"": 31, ""sleep_mode"": false, ""staff_mode"": false, ""fault_codes"": [], ""speed_limit"": 46, ""engine_hours"": 1591, ""idc_triggers"": [], ""buzzer_active"": false, ""fuel_level_avg"": 0, ""lock_geo_alert"": false, ""operation_mode"": ""RENT"", ""battery_voltage"": 14.800000190734863, ""in_primary_zone"": true, ""lock_engine_alert"": false, ""in_restricted_zone"": false, ""onboard_geofencing"": false, ""speed_limit_active"": false}"
2023-07-17 12:53:41.405,5237,13,"359159972073523",20,"{""key"": false, ""flip"": false, ""zone"": false, ""speed"": 37.3, ""buzzer"": 0, ""engine"": true, ""in_zone"": true, ""ignition"": true, ""latitude"": 42.64378, ""direction"": 283, ""longitude"": 18.075685, ""gsm_signal"": 31, ""sleep_mode"": false, ""staff_mode"": false, ""fault_codes"": [], ""speed_limit"": 46, ""engine_hours"": 1591, ""idc_triggers"": [], ""buzzer_active"": false, ""fuel_level_avg"": 0, ""lock_geo_alert"": false, ""operation_mode"": ""RENT"", ""battery_voltage"": 14.800000190734863, ""in_primary_zone"": true, ""lock_engine_alert"": false, ""in_restricted_zone"": false, ""onboard_geofencing"": false, ""speed_limit_active"": false}"
2023-07-17 12:53:40.426,5237,13,"359159972073523",20,"{""key"": false, ""flip"": false, ""zone"": false, ""speed"": 36.3, ""buzzer"": 0, ""engine"": true, ""in_zone"": true, ""ignition"": true, ""latitude"": 42.643755, ""direction"": 285, ""longitude"": 18.0758066, ""gsm_signal"": 31, ""sleep_mode"": false, ""staff_mode"": false, ""fault_codes"": [], ""speed_limit"": 46, ""engine_hours"": 1591, ""idc_triggers"": [], ""buzzer_active"": false, ""fuel_level_avg"": 0, ""lock_geo_alert"": false, ""operation_mode"": ""RENT"", ""battery_voltage"": 14.800000190734863, ""in_primary_zone"": true, ""lock_engine_alert"": false, ""in_restricted_zone"": false, ""onboard_geofencing"": false, ""speed_limit_active"": false}"
2023-07-17 12:53:39.449,5237,13,"359159972073523",20,"{""key"": false, ""flip"": false, ""zone"": false, ""speed"": 35.0, ""buzzer"": 0, ""engine"": true, ""in_zone"": true, ""ignition"": true, ""latitude"": 42.6437283, ""direction"": 286, ""longitude"": 18.0759232, ""gsm_signal"": 31, ""sleep_mode"": false, ""staff_mode"": false, ""fault_codes"": [], ""speed_limit"": 46, ""engine_hours"": 1591, ""idc_triggers"": [], ""buzzer_active"": false, ""fuel_level_avg"": 0, ""lock_geo_alert"": false, ""operation_mode"": ""RENT"", ""battery_voltage"": 14.800000190734863, ""in_primary_zone"": true, ""lock_engine_alert"": false, ""in_restricted_zone"": false, ""onboard_geofencing"": false, ""speed_limit_active"": false}"
2023-07-17 12:53:38.446,5237,13,"359159972073523",20,"{""key"": false, ""flip"": false, ""zone"": false, ""speed"": 33.7, ""buzzer"": 0, ""engine"": true, ""in_zone"": true, ""ignition"": true, ""latitude"": 42.643705, ""direction"": 284, ""longitude"": 18.0760382, ""gsm_signal"": 31, ""sleep_mode"": false, ""staff_mode"": false, ""fault_codes"": [], ""speed_limit"": 46, ""engine_hours"": 1591, ""idc_triggers"": [], ""buzzer_active"": false, ""fuel_level_avg"": 0, ""lock_geo_alert"": false, ""operation_mode"": ""RENT"", ""battery_voltage"": 14.800000190734863, ""in_primary_zone"": true, ""lock_engine_alert"": false, ""in_restricted_zone"": false, ""onboard_geofencing"": false, ""speed_limit_active"": false}"
2023-07-17 12:53:37.865,5237,13,"359159972073523",20,"{""key"": false, ""flip"": false, ""zone"": false, ""speed"": 33.4, ""buzzer"": 0, ""engine"": true, ""in_zone"": true, ""ignition"": true, ""latitude"": 42.6436833, ""direction"": 286, ""longitude"": 18.0761532, ""gsm_signal"": 31, ""sleep_mode"": false, ""staff_mode"": false, ""fault_codes"": [], ""speed_limit"": 46, ""engine_hours"": 1591, ""idc_triggers"": [], ""buzzer_active"": false, ""fuel_level_avg"": 0, ""lock_geo_alert"": false, ""operation_mode"": ""RENT"", ""battery_voltage"": 14.800000190734863, ""in_primary_zone"": true, ""lock_engine_alert"": false, ""in_restricted_zone"": false, ""onboard_geofencing"": false, ""speed_limit_active"": false}"
2023-07-17 12:53:36.450,5237,13,"359159972073523",20,"{""key"": false, ""flip"": false, ""zone"": false, ""speed"": 34.6, ""buzzer"": 0, ""engine"": true, ""in_zone"": true, ""ignition"": true, ""latitude"": 42.6436583, ""direction"": 287, ""longitude"": 18.0762632, ""gsm_signal"": 31, ""sleep_mode"": false, ""staff_mode"": false, ""fault_codes"": [], ""speed_limit"": 46, ""engine_hours"": 1591, ""idc_triggers"": [], ""buzzer_active"": false, ""fuel_level_avg"": 0, ""lock_geo_alert"": false, ""operation_mode"": ""RENT"", ""battery_voltage"": 14.800000190734863, ""in_primary_zone"": true, ""lock_engine_alert"": false, ""in_restricted_zone"": false, ""onboard_geofencing"": false, ""speed_limit_active"": false}"
2023-07-17 12:53:35.848,5237,13,"359159972073523",20,"{""key"": false, ""flip"": false, ""zone"": false, ""speed"": 35.7, ""buzzer"": 0, ""engine"": true, ""in_zone"": true, ""ignition"": true, ""latitude"": 42.6436316, ""direction"": 287, ""longitude"": 18.0763782, ""gsm_signal"": 31, ""sleep_mode"": false, ""staff_mode"": false, ""fault_codes"": [], ""speed_limit"": 46, ""engine_hours"": 1591, ""idc_triggers"": [], ""buzzer_active"": false, ""fuel_level_avg"": 0, ""lock_geo_alert"": false, ""operation_mode"": ""RENT"", ""battery_voltage"": 14.800000190734863, ""in_primary_zone"": true, ""lock_engine_alert"": false, ""in_restricted_zone"": false, ""onboard_geofencing"": false, ""speed_limit_active"": false}"
2023-07-17 12:53:34.409,5237,13,"359159972073523",20,"{""key"": false, ""flip"": false, ""zone"": false, ""speed"": 35.1, ""buzzer"": 0, ""engine"": true, ""in_zone"": true, ""ignition"": true, ""latitude"": 42.6436066, ""direction"": 284, ""longitude"": 18.0764932, ""gsm_signal"": 31, ""sleep_mode"": false, ""staff_mode"": false, ""fault_codes"": [], ""speed_limit"": 46, ""engine_hours"": 1591, ""idc_triggers"": [], ""buzzer_active"": false, ""fuel_level_avg"": 0, ""lock_geo_alert"": false, ""operation_mode"": ""RENT"", ""battery_voltage"": 14.800000190734863, ""in_primary_zone"": true, ""lock_engine_alert"": false, ""in_restricted_zone"": false, ""onboard_geofencing"": false, ""speed_limit_active"": false}"
2023-07-17 12:53:33.448,5237,13,"359159972073523",20,"{""key"": false, ""flip"": false, ""zone"": false, ""speed"": 34.2, ""buzzer"": 0, ""engine"": true, ""in_zone"": true, ""ignition"": true, ""latitude"": 42.643585, ""direction"": 283, ""longitude"": 18.07661, ""gsm_signal"": 31, ""sleep_mode"": false, ""staff_mode"": false, ""fault_codes"": [], ""speed_limit"": 46, ""engine_hours"": 1591, ""idc_triggers"": [], ""buzzer_active"": false, ""fuel_level_avg"": 0, ""lock_geo_alert"": false, ""operation_mode"": ""RENT"", ""battery_voltage"": 14.800000190734863, ""in_primary_zone"": true, ""lock_engine_alert"": false, ""in_restricted_zone"": false, ""onboard_geofencing"": false, ""speed_limit_active"": false}"
2023-07-17 12:53:32.848,5237,13,"359159972073523",20,"{""key"": false, ""flip"": false, ""zone"": false, ""speed"": 32.7, ""buzzer"": 0, ""engine"": true, ""in_zone"": true, ""ignition"": true, ""latitude"": 42.643565, ""direction"": 283, ""longitude"": 18.07672, ""gsm_signal"": 31, ""sleep_mode"": false, ""staff_mode"": false, ""fault_codes"": [], ""speed_limit"": 46, ""engine_hours"": 1591, ""idc_triggers"": [], ""buzzer_active"": false, ""fuel_level_avg"": 0, ""lock_geo_alert"": false, ""operation_mode"": ""RENT"", ""battery_voltage"": 14.800000190734863, ""in_primary_zone"": true, ""lock_engine_alert"": false, ""in_restricted_zone"": false, ""onboard_geofencing"": false, ""speed_limit_active"": false}"
2023-07-17 12:53:31.429,5237,13,"359159972073523",20,"{""key"": false, ""flip"": false, ""zone"": false, ""speed"": 31.8, ""buzzer"": 0, ""engine"": true, ""in_zone"": true, ""ignition"": true, ""latitude"": 42.643545, ""direction"": 283, ""longitude"": 18.0768266, ""gsm_signal"": 31, ""sleep_mode"": false, ""staff_mode"": false, ""fault_codes"": [], ""speed_limit"": 46, ""engine_hours"": 1591, ""idc_triggers"": [], ""buzzer_active"": false, ""fuel_level_avg"": 0, ""lock_geo_alert"": false, ""operation_mode"": ""RENT"", ""battery_voltage"": 14.800000190734863, ""in_primary_zone"": true, ""lock_engine_alert"": false, ""in_restricted_zone"": false, ""onboard_geofencing"": false, ""speed_limit_active"": false}"
2023-07-17 12:53:30.546,5237,13,"359159972073523",20,"{""key"": false, ""flip"": false, ""zone"": false, ""speed"": 30.0, ""buzzer"": 0, ""engine"": true, ""in_zone"": true, ""ignition"": true, ""latitude"": 42.6435266, ""direction"": 283, ""longitude"": 18.07693, ""gsm_signal"": 31, ""sleep_mode"": false, ""staff_mode"": false, ""fault_codes"": [], ""speed_limit"": 46, ""engine_hours"": 1591, ""idc_triggers"": [], ""buzzer_active"": false, ""fuel_level_avg"": 0, ""lock_geo_alert"": false, ""operation_mode"": ""RENT"", ""battery_voltage"": 14.800000190734863, ""in_primary_zone"": true, ""lock_engine_alert"": false, ""in_restricted_zone"": false, ""onboard_geofencing"": false, ""speed_limit_active"": false}"
2023-07-17 12:53:29.968,5237,13,"359159972073523",20,"{""key"": false, ""flip"": false, ""zone"": false, ""speed"": 29.8, ""buzzer"": 0, ""engine"": true, ""in_zone"": true, ""ignition"": true, ""latitude"": 42.6435083, ""direction"": 281, ""longitude"": 18.0770266, ""gsm_signal"": 31, ""sleep_mode"": false, ""staff_mode"": false, ""fault_codes"": [], ""speed_limit"": 46, ""engine_hours"": 1591, ""idc_triggers"": [], ""buzzer_active"": false, ""fuel_level_avg"": 0, ""lock_geo_alert"": false, ""operation_mode"": ""RENT"", ""battery_voltage"": 14.800000190734863, ""in_primary_zone"": true, ""lock_engine_alert"": false, ""in_restricted_zone"": false, ""onboard_geofencing"": false, ""speed_limit_active"": false}"
2023-07-17 12:53:28.431,5237,13,"359159972073523",20,"{""key"": false, ""flip"": false, ""zone"": false, ""speed"": 30.5, ""buzzer"": 0, ""engine"": true, ""in_zone"": true, ""ignition"": true, ""latitude"": 42.6434916, ""direction"": 283, ""longitude"": 18.077125, ""gsm_signal"": 31, ""sleep_mode"": false, ""staff_mode"": false, ""fault_codes"": [], ""speed_limit"": 46, ""engine_hours"": 1591, ""idc_triggers"": [], ""buzzer_active"": false, ""fuel_level_avg"": 0, ""lock_geo_alert"": false, ""operation_mode"": ""RENT"", ""battery_voltage"": 14.800000190734863, ""in_primary_zone"": true, ""lock_engine_alert"": false, ""in_restricted_zone"": false, ""onboard_geofencing"": false, ""speed_limit_active"": false}"
2023-07-17 12:53:27.466,5237,13,"359159972073523",20,"{""key"": false, ""flip"": false, ""zone"": false, ""speed"": 30.7, ""buzzer"": 0, ""engine"": true, ""in_zone"": true, ""ignition"": true, ""latitude"": 42.643475, ""direction"": 281, ""longitude"": 18.0772266, ""gsm_signal"": 31, ""sleep_mode"": false, ""staff_mode"": false, ""fault_codes"": [], ""speed_limit"": 46, ""engine_hours"": 1591, ""idc_triggers"": [], ""buzzer_active"": false, ""fuel_level_avg"": 0, ""lock_geo_alert"": false, ""operation_mode"": ""RENT"", ""battery_voltage"": 14.800000190734863, ""in_primary_zone"": true, ""lock_engine_alert"": false, ""in_restricted_zone"": false, ""onboard_geofencing"": false, ""speed_limit_active"": false}"
2023-07-17 12:53:26.908,5237,13,"359159972073523",20,"{""key"": false, ""flip"": false, ""zone"": false, ""speed"": 32.7, ""buzzer"": 0, ""engine"": true, ""in_zone"": true, ""ignition"": true, ""latitude"": 42.6434583, ""direction"": 285, ""longitude"": 18.0773282, ""gsm_signal"": 31, ""sleep_mode"": false, ""staff_mode"": false, ""fault_codes"": [], ""speed_limit"": 46, ""engine_hours"": 1591, ""idc_triggers"": [], ""buzzer_active"": false, ""fuel_level_avg"": 0, ""lock_geo_alert"": false, ""operation_mode"": ""RENT"", ""battery_voltage"": 14.800000190734863, ""in_primary_zone"": true, ""lock_engine_alert"": false, ""in_restricted_zone"": false, ""onboard_geofencing"": false, ""speed_limit_active"": false}"
2023-07-17 12:53:25.427,5237,13,"359159972073523",20,"{""key"": false, ""flip"": false, ""zone"": false, ""speed"": 34.9, ""buzzer"": 0, ""engine"": true, ""in_zone"": true, ""ignition"": true, ""latitude"": 42.643435, ""direction"": 286, ""longitude"": 18.0774382, ""gsm_signal"": 31, ""sleep_mode"": false, ""staff_mode"": false, ""fault_codes"": [], ""speed_limit"": 46, ""engine_hours"": 1591, ""idc_triggers"": [], ""buzzer_active"": false, ""fuel_level_avg"": 0, ""lock_geo_alert"": false, ""operation_mode"": ""RENT"", ""battery_voltage"": 14.800000190734863, ""in_primary_zone"": true, ""lock_engine_alert"": false, ""in_restricted_zone"": false, ""onboard_geofencing"": false, ""speed_limit_active"": false}"
2023-07-17 12:53:24.425,5237,13,"359159972073523",20,"{""key"": false, ""flip"": false, ""zone"": false, ""speed"": 35.6, ""buzzer"": 0, ""engine"": true, ""in_zone"": true, ""ignition"": true, ""latitude"": 42.64341, ""direction"": 286, ""longitude"": 18.0775516, ""gsm_signal"": 24, ""sleep_mode"": false, ""staff_mode"": false, ""fault_codes"": [], ""speed_limit"": 46, ""engine_hours"": 1591, ""idc_triggers"": [], ""buzzer_active"": false, ""fuel_level_avg"": 0, ""lock_geo_alert"": false, ""operation_mode"": ""RENT"", ""battery_voltage"": 14.800000190734863, ""in_primary_zone"": true, ""lock_engine_alert"": false, ""in_restricted_zone"": false, ""onboard_geofencing"": false, ""speed_limit_active"": false}"
2023-07-17 12:53:23.867,5237,13,"359159972073523",20,"{""key"": false, ""flip"": false, ""zone"": false, ""speed"": 36.2, ""buzzer"": 0, ""engine"": true, ""in_zone"": true, ""ignition"": true, ""latitude"": 42.643385, ""direction"": 286, ""longitude"": 18.0776682, ""gsm_signal"": 24, ""sleep_mode"": false, ""staff_mode"": false, ""fault_codes"": [], ""speed_limit"": 46, ""engine_hours"": 1591, ""idc_triggers"": [], ""buzzer_active"": false, ""fuel_level_avg"": 0, ""lock_geo_alert"": false, ""operation_mode"": ""RENT"", ""battery_voltage"": 14.800000190734863, ""in_primary_zone"": true, ""lock_engine_alert"": false, ""in_restricted_zone"": false, ""onboard_geofencing"": false, ""speed_limit_active"": false}"
2023-07-17 12:53:22.426,5237,13,"359159972073523",20,"{""key"": false, ""flip"": false, ""zone"": false, ""speed"": 36.5, ""buzzer"": 0, ""engine"": true, ""in_zone"": true, ""ignition"": true, ""latitude"": 42.64336, ""direction"": 283, ""longitude"": 18.0777866, ""gsm_signal"": 24, ""sleep_mode"": false, ""staff_mode"": false, ""fault_codes"": [], ""speed_limit"": 46, ""engine_hours"": 1591, ""idc_triggers"": [], ""buzzer_active"": false, ""fuel_level_avg"": 0, ""lock_geo_alert"": false, ""operation_mode"": ""RENT"", ""battery_voltage"": 14.800000190734863, ""in_primary_zone"": true, ""lock_engine_alert"": false, ""in_restricted_zone"": false, ""onboard_geofencing"": false, ""speed_limit_active"": false}"
2023-07-17 12:53:21.425,5237,13,"359159972073523",20,"{""key"": false, ""flip"": false, ""zone"": false, ""speed"": 37.0, ""buzzer"": 0, ""engine"": true, ""in_zone"": true, ""ignition"": true, ""latitude"": 42.6433383, ""direction"": 283, ""longitude"": 18.0779066, ""gsm_signal"": 26, ""sleep_mode"": false, ""staff_mode"": false, ""fault_codes"": [], ""speed_limit"": 46, ""engine_hours"": 1591, ""idc_triggers"": [], ""buzzer_active"": false, ""fuel_level_avg"": 0, ""lock_geo_alert"": false, ""operation_mode"": ""RENT"", ""battery_voltage"": 14.800000190734863, ""in_primary_zone"": true, ""lock_engine_alert"": false, ""in_restricted_zone"": false, ""onboard_geofencing"": false, ""speed_limit_active"": false}"
2023-07-17 12:53:20.628,5237,13,"359159972073523",20,"{""key"": false, ""flip"": false, ""zone"": false, ""speed"": 36.8, ""buzzer"": 0, ""engine"": true, ""in_zone"": true, ""ignition"": true, ""latitude"": 42.643315, ""direction"": 284, ""longitude"": 18.0780282, ""gsm_signal"": 26, ""sleep_mode"": false, ""staff_mode"": false, ""fault_codes"": [], ""speed_limit"": 46, ""engine_hours"": 1591, ""idc_triggers"": [], ""buzzer_active"": false, ""fuel_level_avg"": 0, ""lock_geo_alert"": false, ""operation_mode"": ""RENT"", ""battery_voltage"": 14.800000190734863, ""in_primary_zone"": true, ""lock_engine_alert"": false, ""in_restricted_zone"": false, ""onboard_geofencing"": false, ""speed_limit_active"": false}"
2023-07-17 12:53:19.484,5237,13,"359159972073523",20,"{""key"": false, ""flip"": false, ""zone"": false, ""speed"": 37.9, ""buzzer"": 0, ""engine"": true, ""in_zone"": true, ""ignition"": true, ""latitude"": 42.64329, ""direction"": 285, ""longitude"": 18.0781516, ""gsm_signal"": 26, ""sleep_mode"": false, ""staff_mode"": false, ""fault_codes"": [], ""speed_limit"": 46, ""engine_hours"": 1591, ""idc_triggers"": [], ""buzzer_active"": false, ""fuel_level_avg"": 0, ""lock_geo_alert"": false, ""operation_mode"": ""RENT"", ""battery_voltage"": 14.800000190734863, ""in_primary_zone"": true, ""lock_engine_alert"": false, ""in_restricted_zone"": false, ""onboard_geofencing"": false, ""speed_limit_active"": false}"
2023-07-17 12:53:18.896,5237,13,"359159972073523",20,"{""key"": false, ""flip"": false, ""zone"": false, ""speed"": 38.9, ""buzzer"": 0, ""engine"": true, ""in_zone"": true, ""ignition"": true, ""latitude"": 42.6432633, ""direction"": 286, ""longitude"": 18.078275, ""gsm_signal"": 27, ""sleep_mode"": false, ""staff_mode"": false, ""fault_codes"": [], ""speed_limit"": 46, ""engine_hours"": 1591, ""idc_triggers"": [], ""buzzer_active"": false, ""fuel_level_avg"": 0, ""lock_geo_alert"": false, ""operation_mode"": ""RENT"", ""battery_voltage"": 14.800000190734863, ""in_primary_zone"": true, ""lock_engine_alert"": false, ""in_restricted_zone"": false, ""onboard_geofencing"": false, ""speed_limit_active"": false}"
2023-07-17 12:53:17.419,5237,13,"359159972073523",20,"{""key"": false, ""flip"": false, ""zone"": false, ""speed"": 39.8, ""buzzer"": 0, ""engine"": true, ""in_zone"": true, ""ignition"": true, ""latitude"": 42.643235, ""direction"": 286, ""longitude"": 18.0784032, ""gsm_signal"": 27, ""sleep_mode"": false, ""staff_mode"": false, ""fault_codes"": [], ""speed_limit"": 46, ""engine_hours"": 1591, ""idc_triggers"": [], ""buzzer_active"": false, ""fuel_level_avg"": 0, ""lock_geo_alert"": false, ""operation_mode"": ""RENT"", ""battery_voltage"": 14.800000190734863, ""in_primary_zone"": true, ""lock_engine_alert"": false, ""in_restricted_zone"": false, ""onboard_geofencing"": false, ""speed_limit_active"": false}"
2023-07-17 12:53:16.419,5237,13,"359159972073523",20,"{""key"": false, ""flip"": false, ""zone"": false, ""speed"": 41.3, ""buzzer"": 0, ""engine"": true, ""in_zone"": true, ""ignition"": true, ""latitude"": 42.6432066, ""direction"": 286, ""longitude"": 18.0785332, ""gsm_signal"": 27, ""sleep_mode"": false, ""staff_mode"": false, ""fault_codes"": [], ""speed_limit"": 46, ""engine_hours"": 1591, ""idc_triggers"": [], ""buzzer_active"": false, ""fuel_level_avg"": 0, ""lock_geo_alert"": false, ""operation_mode"": ""RENT"", ""battery_voltage"": 14.800000190734863, ""in_primary_zone"": true, ""lock_engine_alert"": false, ""in_restricted_zone"": false, ""onboard_geofencing"": false, ""speed_limit_active"": false}"
2023-07-17 12:53:15.443,5237,13,"359159972073523",20,"{""key"": false, ""flip"": false, ""zone"": false, ""speed"": 38.7, ""buzzer"": 0, ""engine"": true, ""in_zone"": true, ""ignition"": true, ""latitude"": 42.6431766, ""direction"": 286, ""longitude"": 18.0786666, ""gsm_signal"": 28, ""sleep_mode"": false, ""staff_mode"": false, ""fault_codes"": [], ""speed_limit"": 46, ""engine_hours"": 1591, ""idc_triggers"": [], ""buzzer_active"": false, ""fuel_level_avg"": 0, ""lock_geo_alert"": false, ""operation_mode"": ""RENT"", ""battery_voltage"": 14.800000190734863, ""in_primary_zone"": true, ""lock_engine_alert"": false, ""in_restricted_zone"": false, ""onboard_geofencing"": false, ""speed_limit_active"": false}"
2023-07-17 12:53:14.479,5237,13,"359159972073523",20,"{""key"": false, ""flip"": false, ""zone"": false, ""speed"": 37.2, ""buzzer"": 0, ""engine"": true, ""in_zone"": true, ""ignition"": true, ""latitude"": 42.6431483, ""direction"": 284, ""longitude"": 18.07879, ""gsm_signal"": 28, ""sleep_mode"": false, ""staff_mode"": false, ""fault_codes"": [], ""speed_limit"": 46, ""engine_hours"": 1591, ""idc_triggers"": [], ""buzzer_active"": false, ""fuel_level_avg"": 0, ""lock_geo_alert"": false, ""operation_mode"": ""RENT"", ""battery_voltage"": 14.800000190734863, ""in_primary_zone"": true, ""lock_engine_alert"": false, ""in_restricted_zone"": false, ""onboard_geofencing"": false, ""speed_limit_active"": false}"
2023-07-17 12:53:13.897,5237,13,"359159972073523",20,"{""key"": false, ""flip"": false, ""zone"": false, ""speed"": 36.1, ""buzzer"": 0, ""engine"": true, ""in_zone"": true, ""ignition"": true, ""latitude"": 42.6431266, ""direction"": 283, ""longitude"": 18.0789116, ""gsm_signal"": 28, ""sleep_mode"": false, ""staff_mode"": false, ""fault_codes"": [], ""speed_limit"": 46, ""engine_hours"": 1591, ""idc_triggers"": [], ""buzzer_active"": false, ""fuel_level_avg"": 0, ""lock_geo_alert"": false, ""operation_mode"": ""RENT"", ""battery_voltage"": 14.800000190734863, ""in_primary_zone"": true, ""lock_engine_alert"": false, ""in_restricted_zone"": false, ""onboard_geofencing"": false, ""speed_limit_active"": false}"
2023-07-17 12:53:12.416,5237,13,"359159972073523",20,"{""key"": false, ""flip"": false, ""zone"": false, ""speed"": 36.4, ""buzzer"": 0, ""engine"": true, ""in_zone"": true, ""ignition"": true, ""latitude"": 42.6431033, ""direction"": 285, ""longitude"": 18.07903, ""gsm_signal"": 28, ""sleep_mode"": false, ""staff_mode"": false, ""fault_codes"": [], ""speed_limit"": 46, ""engine_hours"": 1591, ""idc_triggers"": [], ""buzzer_active"": false, ""fuel_level_avg"": 0, ""lock_geo_alert"": false, ""operation_mode"": ""RENT"", ""battery_voltage"": 14.800000190734863, ""in_primary_zone"": true, ""lock_engine_alert"": false, ""in_restricted_zone"": false, ""onboard_geofencing"": false, ""speed_limit_active"": false}"
2023-07-17 12:53:11.439,5237,13,"359159972073523",20,"{""key"": false, ""flip"": false, ""zone"": false, ""speed"": 37.9, ""buzzer"": 0, ""engine"": true, ""in_zone"": true, ""ignition"": true, ""latitude"": 42.6430783, ""direction"": 285, ""longitude"": 18.07915, ""gsm_signal"": 28, ""sleep_mode"": false, ""staff_mode"": false, ""fault_codes"": [], ""speed_limit"": 46, ""engine_hours"": 1591, ""idc_triggers"": [], ""buzzer_active"": false, ""fuel_level_avg"": 0, ""lock_geo_alert"": false, ""operation_mode"": ""RENT"", ""battery_voltage"": 14.800000190734863, ""in_primary_zone"": true, ""lock_engine_alert"": false, ""in_restricted_zone"": false, ""onboard_geofencing"": false, ""speed_limit_active"": false}"
2023-07-17 12:53:10.443,5237,13,"359159972073523",20,"{""key"": false, ""flip"": false, ""zone"": false, ""speed"": 39.0, ""buzzer"": 0, ""engine"": true, ""in_zone"": true, ""ignition"": true, ""latitude"": 42.643055, ""direction"": 284, ""longitude"": 18.079275, ""gsm_signal"": 28, ""sleep_mode"": false, ""staff_mode"": false, ""fault_codes"": [], ""speed_limit"": 46, ""engine_hours"": 1591, ""idc_triggers"": [], ""buzzer_active"": false, ""fuel_level_avg"": 0, ""lock_geo_alert"": false, ""operation_mode"": ""RENT"", ""battery_voltage"": 14.800000190734863, ""in_primary_zone"": true, ""lock_engine_alert"": false, ""in_restricted_zone"": false, ""onboard_geofencing"": false, ""speed_limit_active"": false}"
2023-07-17 12:53:09.458,5237,13,"359159972073523",20,"{""key"": false, ""flip"": false, ""zone"": false, ""speed"": 40.2, ""buzzer"": 0, ""engine"": true, ""in_zone"": true, ""ignition"": true, ""latitude"": 42.6430316, ""direction"": 282, ""longitude"": 18.079405, ""gsm_signal"": 28, ""sleep_mode"": false, ""staff_mode"": false, ""fault_codes"": [], ""speed_limit"": 46, ""engine_hours"": 1591, ""idc_triggers"": [], ""buzzer_active"": false, ""fuel_level_avg"": 0, ""lock_geo_alert"": false, ""operation_mode"": ""RENT"", ""battery_voltage"": 14.800000190734863, ""in_primary_zone"": true, ""lock_engine_alert"": false, ""in_restricted_zone"": false, ""onboard_geofencing"": false, ""speed_limit_active"": false}"
2023-07-17 12:53:08.878,5237,13,"359159972073523",20,"{""key"": false, ""flip"": false, ""zone"": false, ""speed"": 40.5, ""buzzer"": 0, ""engine"": true, ""in_zone"": true, ""ignition"": true, ""latitude"": 42.64301, ""direction"": 283, ""longitude"": 18.079538200000002, ""gsm_signal"": 28, ""sleep_mode"": false, ""staff_mode"": false, ""fault_codes"": [], ""speed_limit"": 46, ""engine_hours"": 1591, ""idc_triggers"": [], ""buzzer_active"": false, ""fuel_level_avg"": 0, ""lock_geo_alert"": false, ""operation_mode"": ""RENT"", ""battery_voltage"": 14.800000190734863, ""in_primary_zone"": true, ""lock_engine_alert"": false, ""in_restricted_zone"": false, ""onboard_geofencing"": false, ""speed_limit_active"": false}"
2023-07-17 12:53:07.419,5237,13,"359159972073523",20,"{""key"": false, ""flip"": false, ""zone"": false, ""speed"": 38.2, ""buzzer"": 0, ""engine"": true, ""in_zone"": true, ""ignition"": true, ""latitude"": 42.642985, ""direction"": 284, ""longitude"": 18.07967, ""gsm_signal"": 28, ""sleep_mode"": false, ""staff_mode"": false, ""fault_codes"": [], ""speed_limit"": 46, ""engine_hours"": 1591, ""idc_triggers"": [], ""buzzer_active"": false, ""fuel_level_avg"": 0, ""lock_geo_alert"": false, ""operation_mode"": ""RENT"", ""battery_voltage"": 14.800000190734863, ""in_primary_zone"": true, ""lock_engine_alert"": false, ""in_restricted_zone"": false, ""onboard_geofencing"": false, ""speed_limit_active"": false}"
2023-07-17 12:53:06.420,5237,13,"359159972073523",20,"{""key"": false, ""flip"": false, ""zone"": false, ""speed"": 36.5, ""buzzer"": 0, ""engine"": true, ""in_zone"": true, ""ignition"": true, ""latitude"": 42.6429616, ""direction"": 284, ""longitude"": 18.0797932, ""gsm_signal"": 28, ""sleep_mode"": false, ""staff_mode"": false, ""fault_codes"": [], ""speed_limit"": 46, ""engine_hours"": 1591, ""idc_triggers"": [], ""buzzer_active"": false, ""fuel_level_avg"": 0, ""lock_geo_alert"": false, ""operation_mode"": ""RENT"", ""battery_voltage"": 14.800000190734863, ""in_primary_zone"": true, ""lock_engine_alert"": false, ""in_restricted_zone"": false, ""onboard_geofencing"": false, ""speed_limit_active"": false}"
2023-07-17 12:53:05.422,5237,13,"359159972073523",20,"{""key"": false, ""flip"": false, ""zone"": false, ""speed"": 35.7, ""buzzer"": 0, ""engine"": true, ""in_zone"": true, ""ignition"": true, ""latitude"": 42.64294, ""direction"": 285, ""longitude"": 18.0799116, ""gsm_signal"": 28, ""sleep_mode"": false, ""staff_mode"": false, ""fault_codes"": [], ""speed_limit"": 46, ""engine_hours"": 1591, ""idc_triggers"": [], ""buzzer_active"": false, ""fuel_level_avg"": 0, ""lock_geo_alert"": false, ""operation_mode"": ""RENT"", ""battery_voltage"": 14.800000190734863, ""in_primary_zone"": true, ""lock_engine_alert"": false, ""in_restricted_zone"": false, ""onboard_geofencing"": false, ""speed_limit_active"": false}"
2023-07-17 12:53:04.417,5237,13,"359159972073523",20,"{""key"": false, ""flip"": false, ""zone"": false, ""speed"": 35.3, ""buzzer"": 0, ""engine"": true, ""in_zone"": true, ""ignition"": true, ""latitude"": 42.642915, ""direction"": 286, ""longitude"": 18.0800266, ""gsm_signal"": 28, ""sleep_mode"": false, ""staff_mode"": false, ""fault_codes"": [], ""speed_limit"": 46, ""engine_hours"": 1591, ""idc_triggers"": [], ""buzzer_active"": false, ""fuel_level_avg"": 0, ""lock_geo_alert"": false, ""operation_mode"": ""RENT"", ""battery_voltage"": 14.800000190734863, ""in_primary_zone"": true, ""lock_engine_alert"": false, ""in_restricted_zone"": false, ""onboard_geofencing"": false, ""speed_limit_active"": false}"
2023-07-17 12:53:03.416,5237,13,"359159972073523",20,"{""key"": false, ""flip"": false, ""zone"": false, ""speed"": 35.1, ""buzzer"": 0, ""engine"": true, ""in_zone"": true, ""ignition"": true, ""latitude"": 42.6428916, ""direction"": 284, ""longitude"": 18.0801432, ""gsm_signal"": 28, ""sleep_mode"": false, ""staff_mode"": false, ""fault_codes"": [], ""speed_limit"": 46, ""engine_hours"": 1591, ""idc_triggers"": [], ""buzzer_active"": false, ""fuel_level_avg"": 0, ""lock_geo_alert"": false, ""operation_mode"": ""RENT"", ""battery_voltage"": 14.800000190734863, ""in_primary_zone"": true, ""lock_engine_alert"": false, ""in_restricted_zone"": false, ""onboard_geofencing"": false, ""speed_limit_active"": false}"
2023-07-17 12:53:02.421,5237,13,"359159972073523",20,"{""key"": false, ""flip"": false, ""zone"": false, ""speed"": 35.7, ""buzzer"": 0, ""engine"": true, ""in_zone"": true, ""ignition"": true, ""latitude"": 42.64287, ""direction"": 284, ""longitude"": 18.0802582, ""gsm_signal"": 28, ""sleep_mode"": false, ""staff_mode"": false, ""fault_codes"": [], ""speed_limit"": 46, ""engine_hours"": 1591, ""idc_triggers"": [], ""buzzer_active"": false, ""fuel_level_avg"": 0, ""lock_geo_alert"": false, ""operation_mode"": ""RENT"", ""battery_voltage"": 14.800000190734863, ""in_primary_zone"": true, ""lock_engine_alert"": false, ""in_restricted_zone"": false, ""onboard_geofencing"": false, ""speed_limit_active"": false}"
2023-07-17 12:53:01.428,5237,13,"359159972073523",20,"{""key"": false, ""flip"": false, ""zone"": false, ""speed"": 36.2, ""buzzer"": 0, ""engine"": true, ""in_zone"": true, ""ignition"": true, ""latitude"": 42.6428466, ""direction"": 284, ""longitude"": 18.080375, ""gsm_signal"": 28, ""sleep_mode"": false, ""staff_mode"": false, ""fault_codes"": [], ""speed_limit"": 46, ""engine_hours"": 1591, ""idc_triggers"": [], ""buzzer_active"": false, ""fuel_level_avg"": 0, ""lock_geo_alert"": false, ""operation_mode"": ""RENT"", ""battery_voltage"": 14.800000190734863, ""in_primary_zone"": true, ""lock_engine_alert"": false, ""in_restricted_zone"": false, ""onboard_geofencing"": false, ""speed_limit_active"": false}"
2023-07-17 12:53:00.439,5237,13,"359159972073523",20,"{""key"": false, ""flip"": false, ""zone"": false, ""speed"": 36.3, ""buzzer"": 0, ""engine"": true, ""in_zone"": true, ""ignition"": true, ""latitude"": 42.642825, ""direction"": 283, ""longitude"": 18.080495, ""gsm_signal"": 28, ""sleep_mode"": false, ""staff_mode"": false, ""fault_codes"": [], ""speed_limit"": 46, ""engine_hours"": 1591, ""idc_triggers"": [], ""buzzer_active"": false, ""fuel_level_avg"": 0, ""lock_geo_alert"": false, ""operation_mode"": ""RENT"", ""battery_voltage"": 14.800000190734863, ""in_primary_zone"": true, ""lock_engine_alert"": false, ""in_restricted_zone"": false, ""onboard_geofencing"": false, ""speed_limit_active"": false}"
2023-07-17 12:52:59.498,5237,13,"359159972073523",20,"{""key"": false, ""flip"": false, ""zone"": false, ""speed"": 36.9, ""buzzer"": 0, ""engine"": true, ""in_zone"": true, ""ignition"": true, ""latitude"": 42.642805, ""direction"": 282, ""longitude"": 18.080615, ""gsm_signal"": 28, ""sleep_mode"": false, ""staff_mode"": false, ""fault_codes"": [], ""speed_limit"": 46, ""engine_hours"": 1591, ""idc_triggers"": [], ""buzzer_active"": false, ""fuel_level_avg"": 0, ""lock_geo_alert"": false, ""operation_mode"": ""RENT"", ""battery_voltage"": 14.800000190734863, ""in_primary_zone"": true, ""lock_engine_alert"": false, ""in_restricted_zone"": false, ""onboard_geofencing"": false, ""speed_limit_active"": false}"
2023-07-17 12:52:58.916,5237,13,"359159972073523",20,"{""key"": false, ""flip"": false, ""zone"": false, ""speed"": 37.4, ""buzzer"": 0, ""engine"": true, ""in_zone"": true, ""ignition"": true, ""latitude"": 42.642785, ""direction"": 283, ""longitude"": 18.0807382, ""gsm_signal"": 28, ""sleep_mode"": false, ""staff_mode"": false, ""fault_codes"": [], ""speed_limit"": 46, ""engine_hours"": 1591, ""idc_triggers"": [], ""buzzer_active"": false, ""fuel_level_avg"": 0, ""lock_geo_alert"": false, ""operation_mode"": ""RENT"", ""battery_voltage"": 14.800000190734863, ""in_primary_zone"": true, ""lock_engine_alert"": false, ""in_restricted_zone"": false, ""onboard_geofencing"": false, ""speed_limit_active"": false}"
2023-07-17 12:52:57.439,5237,13,"359159972073523",20,"{""key"": false, ""flip"": false, ""zone"": false, ""speed"": 38.7, ""buzzer"": 0, ""engine"": true, ""in_zone"": true, ""ignition"": true, ""latitude"": 42.6427616, ""direction"": 286, ""longitude"": 18.0808616, ""gsm_signal"": 28, ""sleep_mode"": false, ""staff_mode"": false, ""fault_codes"": [], ""speed_limit"": 46, ""engine_hours"": 1591, ""idc_triggers"": [], ""buzzer_active"": false, ""fuel_level_avg"": 0, ""lock_geo_alert"": false, ""operation_mode"": ""RENT"", ""battery_voltage"": 14.800000190734863, ""in_primary_zone"": true, ""lock_engine_alert"": false, ""in_restricted_zone"": false, ""onboard_geofencing"": false, ""speed_limit_active"": false}"
2023-07-17 12:52:56.439,5237,13,"359159972073523",20,"{""key"": false, ""flip"": false, ""zone"": false, ""speed"": 37.1, ""buzzer"": 0, ""engine"": true, ""in_zone"": true, ""ignition"": true, ""latitude"": 42.642735, ""direction"": 286, ""longitude"": 18.080985, ""gsm_signal"": 28, ""sleep_mode"": false, ""staff_mode"": false, ""fault_codes"": [], ""speed_limit"": 46, ""engine_hours"": 1591, ""idc_triggers"": [], ""buzzer_active"": false, ""fuel_level_avg"": 0, ""lock_geo_alert"": false, ""operation_mode"": ""RENT"", ""battery_voltage"": 14.800000190734863, ""in_primary_zone"": true, ""lock_engine_alert"": false, ""in_restricted_zone"": false, ""onboard_geofencing"": false, ""speed_limit_active"": false}"
2023-07-17 12:52:55.897,5237,13,"359159972073523",20,"{""key"": false, ""flip"": false, ""zone"": false, ""speed"": 35.8, ""buzzer"": 0, ""engine"": true, ""in_zone"": true, ""ignition"": true, ""latitude"": 42.6427083, ""direction"": 287, ""longitude"": 18.081105, ""gsm_signal"": 28, ""sleep_mode"": false, ""staff_mode"": false, ""fault_codes"": [], ""speed_limit"": 46, ""engine_hours"": 1591, ""idc_triggers"": [], ""buzzer_active"": false, ""fuel_level_avg"": 0, ""lock_geo_alert"": false, ""operation_mode"": ""RENT"", ""battery_voltage"": 14.800000190734863, ""in_primary_zone"": true, ""lock_engine_alert"": false, ""in_restricted_zone"": false, ""onboard_geofencing"": false, ""speed_limit_active"": false}"
2023-07-17 12:52:54.419,5237,13,"359159972073523",20,"{""key"": false, ""flip"": false, ""zone"": false, ""speed"": 33.7, ""buzzer"": 0, ""engine"": true, ""in_zone"": true, ""ignition"": true, ""latitude"": 42.6426816, ""direction"": 288, ""longitude"": 18.0812182, ""gsm_signal"": 28, ""sleep_mode"": false, ""staff_mode"": false, ""fault_codes"": [], ""speed_limit"": 46, ""engine_hours"": 1591, ""idc_triggers"": [], ""buzzer_active"": false, ""fuel_level_avg"": 0, ""lock_geo_alert"": false, ""operation_mode"": ""RENT"", ""battery_voltage"": 14.800000190734863, ""in_primary_zone"": true, ""lock_engine_alert"": false, ""in_restricted_zone"": false, ""onboard_geofencing"": false, ""speed_limit_active"": false}"
2023-07-17 12:52:53.420,5237,13,"359159972073523",20,"{""key"": false, ""flip"": false, ""zone"": false, ""speed"": 31.6, ""buzzer"": 0, ""engine"": true, ""in_zone"": true, ""ignition"": true, ""latitude"": 42.6426566, ""direction"": 287, ""longitude"": 18.081325, ""gsm_signal"": 28, ""sleep_mode"": false, ""staff_mode"": false, ""fault_codes"": [], ""speed_limit"": 46, ""engine_hours"": 1591, ""idc_triggers"": [], ""buzzer_active"": false, ""fuel_level_avg"": 0, ""lock_geo_alert"": false, ""operation_mode"": ""RENT"", ""battery_voltage"": 14.800000190734863, ""in_primary_zone"": true, ""lock_engine_alert"": false, ""in_restricted_zone"": false, ""onboard_geofencing"": false, ""speed_limit_active"": false}"
2023-07-17 12:52:52.436,5237,13,"359159972073523",20,"{""key"": false, ""flip"": false, ""zone"": false, ""speed"": 30.1, ""buzzer"": 0, ""engine"": true, ""in_zone"": true, ""ignition"": true, ""latitude"": 42.6426333, ""direction"": 285, ""longitude"": 18.081425, ""gsm_signal"": 28, ""sleep_mode"": false, ""staff_mode"": false, ""fault_codes"": [], ""speed_limit"": 46, ""engine_hours"": 1591, ""idc_triggers"": [], ""buzzer_active"": false, ""fuel_level_avg"": 0, ""lock_geo_alert"": false, ""operation_mode"": ""RENT"", ""battery_voltage"": 14.800000190734863, ""in_primary_zone"": true, ""lock_engine_alert"": false, ""in_restricted_zone"": false, ""onboard_geofencing"": false, ""speed_limit_active"": false}"
2023-07-17 12:52:51.459,5237,13,"359159972073523",20,"{""key"": false, ""flip"": false, ""zone"": false, ""speed"": 30.8, ""buzzer"": 0, ""engine"": true, ""in_zone"": true, ""ignition"": true, ""latitude"": 42.6426116, ""direction"": 286, ""longitude"": 18.0815232, ""gsm_signal"": 28, ""sleep_mode"": false, ""staff_mode"": false, ""fault_codes"": [], ""speed_limit"": 46, ""engine_hours"": 1591, ""idc_triggers"": [], ""buzzer_active"": false, ""fuel_level_avg"": 0, ""lock_geo_alert"": false, ""operation_mode"": ""RENT"", ""battery_voltage"": 14.800000190734863, ""in_primary_zone"": true, ""lock_engine_alert"": false, ""in_restricted_zone"": false, ""onboard_geofencing"": false, ""speed_limit_active"": false}"
2023-07-17 12:52:50.901,5237,13,"359159972073523",20,"{""key"": false, ""flip"": false, ""zone"": false, ""speed"": 28.5, ""buzzer"": 0, ""engine"": true, ""in_zone"": true, ""ignition"": true, ""latitude"": 42.64259, ""direction"": 286, ""longitude"": 18.08162, ""gsm_signal"": 28, ""sleep_mode"": false, ""staff_mode"": false, ""fault_codes"": [], ""speed_limit"": 46, ""engine_hours"": 1591, ""idc_triggers"": [], ""buzzer_active"": false, ""fuel_level_avg"": 0, ""lock_geo_alert"": false, ""operation_mode"": ""RENT"", ""battery_voltage"": 14.800000190734863, ""in_primary_zone"": true, ""lock_engine_alert"": false, ""in_restricted_zone"": false, ""onboard_geofencing"": false, ""speed_limit_active"": false}"
2023-07-17 12:52:49.427,5237,13,"359159972073523",20,"{""key"": false, ""flip"": false, ""zone"": false, ""speed"": 28.0, ""buzzer"": 0, ""engine"": true, ""in_zone"": true, ""ignition"": true, ""latitude"": 42.64257, ""direction"": 287, ""longitude"": 18.0817116, ""gsm_signal"": 28, ""sleep_mode"": false, ""staff_mode"": false, ""fault_codes"": [], ""speed_limit"": 46, ""engine_hours"": 1591, ""idc_triggers"": [], ""buzzer_active"": false, ""fuel_level_avg"": 0, ""lock_geo_alert"": false, ""operation_mode"": ""RENT"", ""battery_voltage"": 14.800000190734863, ""in_primary_zone"": true, ""lock_engine_alert"": false, ""in_restricted_zone"": false, ""onboard_geofencing"": false, ""speed_limit_active"": false}"
2023-07-17 12:52:48.439,5237,13,"359159972073523",20,"{""key"": false, ""flip"": false, ""zone"": false, ""speed"": 27.6, ""buzzer"": 0, ""engine"": true, ""in_zone"": true, ""ignition"": true, ""latitude"": 42.6425483, ""direction"": 288, ""longitude"": 18.0818016, ""gsm_signal"": 28, ""sleep_mode"": false, ""staff_mode"": false, ""fault_codes"": [], ""speed_limit"": 46, ""engine_hours"": 1591, ""idc_triggers"": [], ""buzzer_active"": false, ""fuel_level_avg"": 0, ""lock_geo_alert"": false, ""operation_mode"": ""RENT"", ""battery_voltage"": 14.800000190734863, ""in_primary_zone"": true, ""lock_engine_alert"": false, ""in_restricted_zone"": false, ""onboard_geofencing"": false, ""speed_limit_active"": false}"
2023-07-17 12:52:47.798,5237,13,"359159972073523",20,"{""key"": false, ""flip"": false, ""zone"": false, ""speed"": 27.9, ""buzzer"": 0, ""engine"": true, ""in_zone"": true, ""ignition"": true, ""latitude"": 42.642525, ""direction"": 288, ""longitude"": 18.0818916, ""gsm_signal"": 28, ""sleep_mode"": false, ""staff_mode"": false, ""fault_codes"": [], ""speed_limit"": 46, ""engine_hours"": 1591, ""idc_triggers"": [], ""buzzer_active"": false, ""fuel_level_avg"": 0, ""lock_geo_alert"": false, ""operation_mode"": ""RENT"", ""battery_voltage"": 14.800000190734863, ""in_primary_zone"": true, ""lock_engine_alert"": false, ""in_restricted_zone"": false, ""onboard_geofencing"": false, ""speed_limit_active"": false}"
2023-07-17 12:52:46.879,5237,13,"359159972073523",20,"{""key"": false, ""flip"": false, ""zone"": false, ""speed"": 29.6, ""buzzer"": 0, ""engine"": true, ""in_zone"": true, ""ignition"": true, ""latitude"": 42.6425033, ""direction"": 288, ""longitude"": 18.0819816, ""gsm_signal"": 28, ""sleep_mode"": false, ""staff_mode"": false, ""fault_codes"": [], ""speed_limit"": 46, ""engine_hours"": 1591, ""idc_triggers"": [], ""buzzer_active"": false, ""fuel_level_avg"": 17, ""lock_geo_alert"": false, ""operation_mode"": ""RENT"", ""battery_voltage"": 14.5, ""in_primary_zone"": true, ""lock_engine_alert"": false, ""in_restricted_zone"": false, ""onboard_geofencing"": false, ""speed_limit_active"": false}"
2023-07-17 12:52:45.417,5237,13,"359159972073523",20,"{""key"": false, ""flip"": false, ""zone"": false, ""speed"": 30.0, ""buzzer"": 0, ""engine"": true, ""in_zone"": true, ""ignition"": true, ""latitude"": 42.64248, ""direction"": 290, ""longitude"": 18.0820782, ""gsm_signal"": 28, ""sleep_mode"": false, ""staff_mode"": false, ""fault_codes"": [], ""speed_limit"": 46, ""engine_hours"": 1591, ""idc_triggers"": [], ""buzzer_active"": false, ""fuel_level_avg"": 17, ""lock_geo_alert"": false, ""operation_mode"": ""RENT"", ""battery_voltage"": 14.5, ""in_primary_zone"": true, ""lock_engine_alert"": false, ""in_restricted_zone"": false, ""onboard_geofencing"": false, ""speed_limit_active"": false}"
2023-07-17 12:52:44.421,5237,13,"359159972073523",20,"{""key"": false, ""flip"": false, ""zone"": false, ""speed"": 29.1, ""buzzer"": 0, ""engine"": true, ""in_zone"": true, ""ignition"": true, ""latitude"": 42.6424566, ""direction"": 287, ""longitude"": 18.0821732, ""gsm_signal"": 28, ""sleep_mode"": false, ""staff_mode"": false, ""fault_codes"": [], ""speed_limit"": 46, ""engine_hours"": 1591, ""idc_triggers"": [], ""buzzer_active"": false, ""fuel_level_avg"": 17, ""lock_geo_alert"": false, ""operation_mode"": ""RENT"", ""battery_voltage"": 14.5, ""in_primary_zone"": true, ""lock_engine_alert"": false, ""in_restricted_zone"": false, ""onboard_geofencing"": false, ""speed_limit_active"": false}"
2023-07-17 12:52:43.439,5237,13,"359159972073523",20,"{""key"": false, ""flip"": false, ""zone"": false, ""speed"": 29.4, ""buzzer"": 0, ""engine"": true, ""in_zone"": true, ""ignition"": true, ""latitude"": 42.642435, ""direction"": 283, ""longitude"": 18.08227, ""gsm_signal"": 28, ""sleep_mode"": false, ""staff_mode"": false, ""fault_codes"": [], ""speed_limit"": 46, ""engine_hours"": 1591, ""idc_triggers"": [], ""buzzer_active"": false, ""fuel_level_avg"": 17, ""lock_geo_alert"": false, ""operation_mode"": ""RENT"", ""battery_voltage"": 14.5, ""in_primary_zone"": true, ""lock_engine_alert"": false, ""in_restricted_zone"": false, ""onboard_geofencing"": false, ""speed_limit_active"": false}"
2023-07-17 12:52:42.459,5237,13,"359159972073523",20,"{""key"": false, ""flip"": false, ""zone"": false, ""speed"": 29.3, ""buzzer"": 0, ""engine"": true, ""in_zone"": true, ""ignition"": true, ""latitude"": 42.6424183, ""direction"": 284, ""longitude"": 18.0823666, ""gsm_signal"": 27, ""sleep_mode"": false, ""staff_mode"": false, ""fault_codes"": [], ""speed_limit"": 46, ""engine_hours"": 1591, ""idc_triggers"": [], ""buzzer_active"": false, ""fuel_level_avg"": 17, ""lock_geo_alert"": false, ""operation_mode"": ""RENT"", ""battery_voltage"": 14.5, ""in_primary_zone"": true, ""lock_engine_alert"": false, ""in_restricted_zone"": false, ""onboard_geofencing"": false, ""speed_limit_active"": false}"
2023-07-17 12:52:41.904,5237,13,"359159972073523",20,"{""key"": false, ""flip"": false, ""zone"": false, ""speed"": 29.7, ""buzzer"": 0, ""engine"": true, ""in_zone"": true, ""ignition"": true, ""latitude"": 42.6423966, ""direction"": 290, ""longitude"": 18.0824616, ""gsm_signal"": 27, ""sleep_mode"": false, ""staff_mode"": false, ""fault_codes"": [], ""speed_limit"": 46, ""engine_hours"": 1591, ""idc_triggers"": [], ""buzzer_active"": false, ""fuel_level_avg"": 17, ""lock_geo_alert"": false, ""operation_mode"": ""RENT"", ""battery_voltage"": 14.5, ""in_primary_zone"": true, ""lock_engine_alert"": false, ""in_restricted_zone"": false, ""onboard_geofencing"": false, ""speed_limit_active"": false}"
2023-07-17 12:52:40.420,5237,13,"359159972073523",20,"{""key"": false, ""flip"": false, ""zone"": false, ""speed"": 28.3, ""buzzer"": 0, ""engine"": true, ""in_zone"": true, ""ignition"": true, ""latitude"": 42.6423716, ""direction"": 291, ""longitude"": 18.082555, ""gsm_signal"": 27, ""sleep_mode"": false, ""staff_mode"": false, ""fault_codes"": [], ""speed_limit"": 46, ""engine_hours"": 1591, ""idc_triggers"": [], ""buzzer_active"": false, ""fuel_level_avg"": 17, ""lock_geo_alert"": false, ""operation_mode"": ""RENT"", ""battery_voltage"": 14.5, ""in_primary_zone"": true, ""lock_engine_alert"": false, ""in_restricted_zone"": false, ""onboard_geofencing"": false, ""speed_limit_active"": false}"
2023-07-17 12:52:39.440,5237,13,"359159972073523",20,"{""key"": false, ""flip"": false, ""zone"": false, ""speed"": 29.3, ""buzzer"": 0, ""engine"": true, ""in_zone"": true, ""ignition"": true, ""latitude"": 42.642345, ""direction"": 291, ""longitude"": 18.0826466, ""gsm_signal"": 27, ""sleep_mode"": false, ""staff_mode"": false, ""fault_codes"": [], ""speed_limit"": 46, ""engine_hours"": 1591, ""idc_triggers"": [], ""buzzer_active"": false, ""fuel_level_avg"": 17, ""lock_geo_alert"": false, ""operation_mode"": ""RENT"", ""battery_voltage"": 14.5, ""in_primary_zone"": true, ""lock_engine_alert"": false, ""in_restricted_zone"": false, ""onboard_geofencing"": false, ""speed_limit_active"": false}"
2023-07-17 12:52:38.480,5237,13,"359159972073523",20,"{""key"": false, ""flip"": false, ""zone"": false, ""speed"": 29.5, ""buzzer"": 0, ""engine"": true, ""in_zone"": true, ""ignition"": true, ""latitude"": 42.6423183, ""direction"": 290, ""longitude"": 18.08274, ""gsm_signal"": 27, ""sleep_mode"": false, ""staff_mode"": false, ""fault_codes"": [], ""speed_limit"": 46, ""engine_hours"": 1591, ""idc_triggers"": [], ""buzzer_active"": false, ""fuel_level_avg"": 17, ""lock_geo_alert"": false, ""operation_mode"": ""RENT"", ""battery_voltage"": 14.5, ""in_primary_zone"": true, ""lock_engine_alert"": false, ""in_restricted_zone"": false, ""onboard_geofencing"": false, ""speed_limit_active"": false}"
2023-07-17 12:52:37.900,5237,13,"359159972073523",20,"{""key"": false, ""flip"": false, ""zone"": false, ""speed"": 30.5, ""buzzer"": 0, ""engine"": true, ""in_zone"": true, ""ignition"": true, ""latitude"": 42.6422933, ""direction"": 287, ""longitude"": 18.082835, ""gsm_signal"": 27, ""sleep_mode"": false, ""staff_mode"": false, ""fault_codes"": [], ""speed_limit"": 46, ""engine_hours"": 1591, ""idc_triggers"": [], ""buzzer_active"": false, ""fuel_level_avg"": 17, ""lock_geo_alert"": false, ""operation_mode"": ""RENT"", ""battery_voltage"": 14.5, ""in_primary_zone"": true, ""lock_engine_alert"": false, ""in_restricted_zone"": false, ""onboard_geofencing"": false, ""speed_limit_active"": false}"
2023-07-17 12:52:36.418,5237,13,"359159972073523",20,"{""key"": false, ""flip"": false, ""zone"": false, ""speed"": 30.1, ""buzzer"": 0, ""engine"": true, ""in_zone"": true, ""ignition"": true, ""latitude"": 42.64227, ""direction"": 285, ""longitude"": 18.082935, ""gsm_signal"": 29, ""sleep_mode"": false, ""staff_mode"": false, ""fault_codes"": [], ""speed_limit"": 46, ""engine_hours"": 1591, ""idc_triggers"": [], ""buzzer_active"": false, ""fuel_level_avg"": 17, ""lock_geo_alert"": false, ""operation_mode"": ""RENT"", ""battery_voltage"": 14.5, ""in_primary_zone"": true, ""lock_engine_alert"": false, ""in_restricted_zone"": false, ""onboard_geofencing"": false, ""speed_limit_active"": false}"
2023-07-17 12:52:35.420,5237,13,"359159972073523",20,"{""key"": false, ""flip"": false, ""zone"": false, ""speed"": 32.1, ""buzzer"": 0, ""engine"": true, ""in_zone"": true, ""ignition"": true, ""latitude"": 42.64225, ""direction"": 286, ""longitude"": 18.083035, ""gsm_signal"": 29, ""sleep_mode"": false, ""staff_mode"": false, ""fault_codes"": [], ""speed_limit"": 46, ""engine_hours"": 1591, ""idc_triggers"": [], ""buzzer_active"": false, ""fuel_level_avg"": 17, ""lock_geo_alert"": false, ""operation_mode"": ""RENT"", ""battery_voltage"": 14.5, ""in_primary_zone"": true, ""lock_engine_alert"": false, ""in_restricted_zone"": false, ""onboard_geofencing"": false, ""speed_limit_active"": false}"
2023-07-17 12:52:34.439,5237,13,"359159972073523",20,"{""key"": false, ""flip"": false, ""zone"": false, ""speed"": 32.2, ""buzzer"": 0, ""engine"": true, ""in_zone"": true, ""ignition"": true, ""latitude"": 42.6422266, ""direction"": 288, ""longitude"": 18.08314, ""gsm_signal"": 29, ""sleep_mode"": false, ""staff_mode"": false, ""fault_codes"": [], ""speed_limit"": 46, ""engine_hours"": 1591, ""idc_triggers"": [], ""buzzer_active"": false, ""fuel_level_avg"": 17, ""lock_geo_alert"": false, ""operation_mode"": ""RENT"", ""battery_voltage"": 14.5, ""in_primary_zone"": true, ""lock_engine_alert"": false, ""in_restricted_zone"": false, ""onboard_geofencing"": false, ""speed_limit_active"": false}"
2023-07-17 12:52:33.499,5237,13,"359159972073523",20,"{""key"": false, ""flip"": false, ""zone"": false, ""speed"": 31.6, ""buzzer"": 0, ""engine"": true, ""in_zone"": true, ""ignition"": true, ""latitude"": 42.6422, ""direction"": 290, ""longitude"": 18.0832416, ""gsm_signal"": 29, ""sleep_mode"": false, ""staff_mode"": false, ""fault_codes"": [], ""speed_limit"": 46, ""engine_hours"": 1591, ""idc_triggers"": [], ""buzzer_active"": false, ""fuel_level_avg"": 17, ""lock_geo_alert"": false, ""operation_mode"": ""RENT"", ""battery_voltage"": 14.5, ""in_primary_zone"": true, ""lock_engine_alert"": false, ""in_restricted_zone"": false, ""onboard_geofencing"": false, ""speed_limit_active"": false}"
2023-07-17 12:52:32.922,5237,13,"359159972073523",20,"{""key"": false, ""flip"": false, ""zone"": false, ""speed"": 29.9, ""buzzer"": 0, ""engine"": true, ""in_zone"": true, ""ignition"": true, ""latitude"": 42.6421716, ""direction"": 291, ""longitude"": 18.08334, ""gsm_signal"": 29, ""sleep_mode"": false, ""staff_mode"": false, ""fault_codes"": [], ""speed_limit"": 46, ""engine_hours"": 1591, ""idc_triggers"": [], ""buzzer_active"": false, ""fuel_level_avg"": 17, ""lock_geo_alert"": false, ""operation_mode"": ""RENT"", ""battery_voltage"": 14.5, ""in_primary_zone"": true, ""lock_engine_alert"": false, ""in_restricted_zone"": false, ""onboard_geofencing"": false, ""speed_limit_active"": false}"
2023-07-17 12:52:31.419,5237,13,"359159972073523",20,"{""key"": false, ""flip"": false, ""zone"": false, ""speed"": 29.2, ""buzzer"": 0, ""engine"": true, ""in_zone"": true, ""ignition"": true, ""latitude"": 42.642145, ""direction"": 292, ""longitude"": 18.0834332, ""gsm_signal"": 29, ""sleep_mode"": false, ""staff_mode"": false, ""fault_codes"": [], ""speed_limit"": 46, ""engine_hours"": 1591, ""idc_triggers"": [], ""buzzer_active"": false, ""fuel_level_avg"": 17, ""lock_geo_alert"": false, ""operation_mode"": ""RENT"", ""battery_voltage"": 14.5, ""in_primary_zone"": true, ""lock_engine_alert"": false, ""in_restricted_zone"": false, ""onboard_geofencing"": false, ""speed_limit_active"": false}"
2023-07-17 12:52:30.441,5237,13,"359159972073523",20,"{""key"": false, ""flip"": false, ""zone"": false, ""speed"": 29.3, ""buzzer"": 0, ""engine"": true, ""in_zone"": true, ""ignition"": true, ""latitude"": 42.6421183, ""direction"": 288, ""longitude"": 18.083525, ""gsm_signal"": 29, ""sleep_mode"": false, ""staff_mode"": false, ""fault_codes"": [], ""speed_limit"": 46, ""engine_hours"": 1591, ""idc_triggers"": [], ""buzzer_active"": false, ""fuel_level_avg"": 17, ""lock_geo_alert"": false, ""operation_mode"": ""RENT"", ""battery_voltage"": 14.5, ""in_primary_zone"": true, ""lock_engine_alert"": false, ""in_restricted_zone"": false, ""onboard_geofencing"": false, ""speed_limit_active"": false}"
2023-07-17 12:52:29.499,5237,13,"359159972073523",20,"{""key"": false, ""flip"": false, ""zone"": false, ""speed"": 29.4, ""buzzer"": 0, ""engine"": true, ""in_zone"": true, ""ignition"": true, ""latitude"": 42.6420983, ""direction"": 283, ""longitude"": 18.08362, ""gsm_signal"": 29, ""sleep_mode"": false, ""staff_mode"": false, ""fault_codes"": [], ""speed_limit"": 46, ""engine_hours"": 1591, ""idc_triggers"": [], ""buzzer_active"": false, ""fuel_level_avg"": 17, ""lock_geo_alert"": false, ""operation_mode"": ""RENT"", ""battery_voltage"": 14.5, ""in_primary_zone"": true, ""lock_engine_alert"": false, ""in_restricted_zone"": false, ""onboard_geofencing"": false, ""speed_limit_active"": false}"
2023-07-17 12:52:28.918,5237,13,"359159972073523",20,"{""key"": false, ""flip"": false, ""zone"": false, ""speed"": 30.7, ""buzzer"": 0, ""engine"": true, ""in_zone"": true, ""ignition"": true, ""latitude"": 42.64208, ""direction"": 284, ""longitude"": 18.0837182, ""gsm_signal"": 29, ""sleep_mode"": false, ""staff_mode"": false, ""fault_codes"": [], ""speed_limit"": 46, ""engine_hours"": 1591, ""idc_triggers"": [], ""buzzer_active"": false, ""fuel_level_avg"": 17, ""lock_geo_alert"": false, ""operation_mode"": ""RENT"", ""battery_voltage"": 14.5, ""in_primary_zone"": true, ""lock_engine_alert"": false, ""in_restricted_zone"": false, ""onboard_geofencing"": false, ""speed_limit_active"": false}"
2023-07-17 12:52:27.418,5237,13,"359159972073523",20,"{""key"": false, ""flip"": false, ""zone"": false, ""speed"": 28.4, ""buzzer"": 0, ""engine"": true, ""in_zone"": true, ""ignition"": true, ""latitude"": 42.64206, ""direction"": 286, ""longitude"": 18.0838166, ""gsm_signal"": 28, ""sleep_mode"": false, ""staff_mode"": false, ""fault_codes"": [], ""speed_limit"": 46, ""engine_hours"": 1591, ""idc_triggers"": [], ""buzzer_active"": false, ""fuel_level_avg"": 17, ""lock_geo_alert"": false, ""operation_mode"": ""RENT"", ""battery_voltage"": 14.5, ""in_primary_zone"": true, ""lock_engine_alert"": false, ""in_restricted_zone"": false, ""onboard_geofencing"": false, ""speed_limit_active"": false}"
2023-07-17 12:52:26.437,5237,13,"359159972073523",20,"{""key"": false, ""flip"": false, ""zone"": false, ""speed"": 27.5, ""buzzer"": 0, ""engine"": true, ""in_zone"": true, ""ignition"": true, ""latitude"": 42.64204, ""direction"": 288, ""longitude"": 18.0839066, ""gsm_signal"": 28, ""sleep_mode"": false, ""staff_mode"": false, ""fault_codes"": [], ""speed_limit"": 46, ""engine_hours"": 1591, ""idc_triggers"": [], ""buzzer_active"": false, ""fuel_level_avg"": 17, ""lock_geo_alert"": false, ""operation_mode"": ""RENT"", ""battery_voltage"": 14.5, ""in_primary_zone"": true, ""lock_engine_alert"": false, ""in_restricted_zone"": false, ""onboard_geofencing"": false, ""speed_limit_active"": false}"
2023-07-17 12:52:25.440,5237,13,"359159972073523",20,"{""key"": false, ""flip"": false, ""zone"": false, ""speed"": 26.3, ""buzzer"": 0, ""engine"": true, ""in_zone"": true, ""ignition"": true, ""latitude"": 42.6420183, ""direction"": 289, ""longitude"": 18.0839932, ""gsm_signal"": 28, ""sleep_mode"": false, ""staff_mode"": false, ""fault_codes"": [], ""speed_limit"": 46, ""engine_hours"": 1591, ""idc_triggers"": [], ""buzzer_active"": false, ""fuel_level_avg"": 17, ""lock_geo_alert"": false, ""operation_mode"": ""RENT"", ""battery_voltage"": 14.5, ""in_primary_zone"": true, ""lock_engine_alert"": false, ""in_restricted_zone"": false, ""onboard_geofencing"": false, ""speed_limit_active"": false}"
2023-07-17 12:52:24.458,5237,13,"359159972073523",20,"{""key"": false, ""flip"": false, ""zone"": false, ""speed"": 25.2, ""buzzer"": 0, ""engine"": true, ""in_zone"": true, ""ignition"": true, ""latitude"": 42.6419966, ""direction"": 290, ""longitude"": 18.0840766, ""gsm_signal"": 28, ""sleep_mode"": false, ""staff_mode"": false, ""fault_codes"": [], ""speed_limit"": 46, ""engine_hours"": 1591, ""idc_triggers"": [], ""buzzer_active"": false, ""fuel_level_avg"": 17, ""lock_geo_alert"": false, ""operation_mode"": ""RENT"", ""battery_voltage"": 14.5, ""in_primary_zone"": true, ""lock_engine_alert"": false, ""in_restricted_zone"": false, ""onboard_geofencing"": false, ""speed_limit_active"": false}"
2023-07-17 12:52:23.900,5237,13,"359159972073523",20,"{""key"": false, ""flip"": false, ""zone"": false, ""speed"": 24.6, ""buzzer"": 0, ""engine"": true, ""in_zone"": true, ""ignition"": true, ""latitude"": 42.6419733, ""direction"": 293, ""longitude"": 18.084155, ""gsm_signal"": 28, ""sleep_mode"": false, ""staff_mode"": false, ""fault_codes"": [], ""speed_limit"": 46, ""engine_hours"": 1591, ""idc_triggers"": [], ""buzzer_active"": false, ""fuel_level_avg"": 17, ""lock_geo_alert"": false, ""operation_mode"": ""RENT"", ""battery_voltage"": 14.5, ""in_primary_zone"": true, ""lock_engine_alert"": false, ""in_restricted_zone"": false, ""onboard_geofencing"": false, ""speed_limit_active"": false}"
2023-07-17 12:52:22.420,5237,13,"359159972073523",20,"{""key"": false, ""flip"": false, ""zone"": false, ""speed"": 22.3, ""buzzer"": 0, ""engine"": true, ""in_zone"": true, ""ignition"": true, ""latitude"": 42.64195, ""direction"": 292, ""longitude"": 18.08423, ""gsm_signal"": 28, ""sleep_mode"": false, ""staff_mode"": false, ""fault_codes"": [], ""speed_limit"": 46, ""engine_hours"": 1591, ""idc_triggers"": [], ""buzzer_active"": false, ""fuel_level_avg"": 17, ""lock_geo_alert"": false, ""operation_mode"": ""RENT"", ""battery_voltage"": 14.5, ""in_primary_zone"": true, ""lock_engine_alert"": false, ""in_restricted_zone"": false, ""onboard_geofencing"": false, ""speed_limit_active"": false}"
2023-07-17 12:52:21.441,5237,13,"359159972073523",20,"{""key"": false, ""flip"": false, ""zone"": false, ""speed"": 20.2, ""buzzer"": 0, ""engine"": true, ""in_zone"": true, ""ignition"": true, ""latitude"": 42.641928300000004, ""direction"": 291, ""longitude"": 18.0842966, ""gsm_signal"": 29, ""sleep_mode"": false, ""staff_mode"": false, ""fault_codes"": [], ""speed_limit"": 46, ""engine_hours"": 1591, ""idc_triggers"": [], ""buzzer_active"": false, ""fuel_level_avg"": 17, ""lock_geo_alert"": false, ""operation_mode"": ""RENT"", ""battery_voltage"": 14.5, ""in_primary_zone"": true, ""lock_engine_alert"": false, ""in_restricted_zone"": false, ""onboard_geofencing"": false, ""speed_limit_active"": false}"
2023-07-17 12:52:20.500,5237,13,"359159972073523",20,"{""key"": false, ""flip"": false, ""zone"": false, ""speed"": 17.6, ""buzzer"": 0, ""engine"": true, ""in_zone"": true, ""ignition"": true, ""latitude"": 42.6419116, ""direction"": 288, ""longitude"": 18.0843582, ""gsm_signal"": 29, ""sleep_mode"": false, ""staff_mode"": false, ""fault_codes"": [], ""speed_limit"": 46, ""engine_hours"": 1591, ""idc_triggers"": [], ""buzzer_active"": false, ""fuel_level_avg"": 17, ""lock_geo_alert"": false, ""operation_mode"": ""RENT"", ""battery_voltage"": 14.5, ""in_primary_zone"": true, ""lock_engine_alert"": false, ""in_restricted_zone"": false, ""onboard_geofencing"": false, ""speed_limit_active"": false}"
2023-07-17 12:52:19.919,5237,13,"359159972073523",20,"{""key"": false, ""flip"": false, ""zone"": false, ""speed"": 15.2, ""buzzer"": 0, ""engine"": true, ""in_zone"": true, ""ignition"": true, ""latitude"": 42.6418983, ""direction"": 286, ""longitude"": 18.0844132, ""gsm_signal"": 29, ""sleep_mode"": false, ""staff_mode"": false, ""fault_codes"": [], ""speed_limit"": 46, ""engine_hours"": 1591, ""idc_triggers"": [], ""buzzer_active"": false, ""fuel_level_avg"": 17, ""lock_geo_alert"": false, ""operation_mode"": ""RENT"", ""battery_voltage"": 14.5, ""in_primary_zone"": true, ""lock_engine_alert"": false, ""in_restricted_zone"": false, ""onboard_geofencing"": false, ""speed_limit_active"": false}"
2023-07-17 12:52:18.417,5237,13,"359159972073523",20,"{""key"": false, ""flip"": false, ""zone"": false, ""speed"": 14.1, ""buzzer"": 0, ""engine"": true, ""in_zone"": true, ""ignition"": true, ""latitude"": 42.6418883, ""direction"": 286, ""longitude"": 18.08446, ""gsm_signal"": 29, ""sleep_mode"": false, ""staff_mode"": false, ""fault_codes"": [], ""speed_limit"": 46, ""engine_hours"": 1591, ""idc_triggers"": [], ""buzzer_active"": false, ""fuel_level_avg"": 17, ""lock_geo_alert"": false, ""operation_mode"": ""RENT"", ""battery_voltage"": 14.5, ""in_primary_zone"": true, ""lock_engine_alert"": false, ""in_restricted_zone"": false, ""onboard_geofencing"": false, ""speed_limit_active"": false}"
2023-07-17 12:52:17.427,5237,13,"359159972073523",20,"{""key"": false, ""flip"": false, ""zone"": false, ""speed"": 13.5, ""buzzer"": 0, ""engine"": true, ""in_zone"": true, ""ignition"": true, ""latitude"": 42.6418766, ""direction"": 286, ""longitude"": 18.084505, ""gsm_signal"": 29, ""sleep_mode"": false, ""staff_mode"": false, ""fault_codes"": [], ""speed_limit"": 46, ""engine_hours"": 1591, ""idc_triggers"": [], ""buzzer_active"": false, ""fuel_level_avg"": 17, ""lock_geo_alert"": false, ""operation_mode"": ""RENT"", ""battery_voltage"": 14.5, ""in_primary_zone"": true, ""lock_engine_alert"": false, ""in_restricted_zone"": false, ""onboard_geofencing"": false, ""speed_limit_active"": false}"
2023-07-17 12:52:16.439,5237,13,"359159972073523",20,"{""key"": false, ""flip"": false, ""zone"": false, ""speed"": 11.9, ""buzzer"": 0, ""engine"": true, ""in_zone"": true, ""ignition"": true, ""latitude"": 42.6418683, ""direction"": 285, ""longitude"": 18.0845466, ""gsm_signal"": 29, ""sleep_mode"": false, ""staff_mode"": false, ""fault_codes"": [], ""speed_limit"": 46, ""engine_hours"": 1591, ""idc_triggers"": [], ""buzzer_active"": false, ""fuel_level_avg"": 17, ""lock_geo_alert"": false, ""operation_mode"": ""RENT"", ""battery_voltage"": 14.5, ""in_primary_zone"": true, ""lock_engine_alert"": false, ""in_restricted_zone"": false, ""onboard_geofencing"": false, ""speed_limit_active"": false}"
2023-07-17 12:52:15.465,5237,13,"359159972073523",20,"{""key"": false, ""flip"": false, ""zone"": false, ""speed"": 9.5, ""buzzer"": 0, ""engine"": true, ""in_zone"": true, ""ignition"": true, ""latitude"": 42.64186, ""direction"": 287, ""longitude"": 18.0845832, ""gsm_signal"": 29, ""sleep_mode"": false, ""staff_mode"": false, ""fault_codes"": [], ""speed_limit"": 46, ""engine_hours"": 1591, ""idc_triggers"": [], ""buzzer_active"": false, ""fuel_level_avg"": 17, ""lock_geo_alert"": false, ""operation_mode"": ""RENT"", ""battery_voltage"": 14.5, ""in_primary_zone"": true, ""lock_engine_alert"": false, ""in_restricted_zone"": false, ""onboard_geofencing"": false, ""speed_limit_active"": false}"
2023-07-17 12:52:14.901,5237,13,"359159972073523",20,"{""key"": false, ""flip"": false, ""zone"": false, ""speed"": 8.4, ""buzzer"": 0, ""engine"": true, ""in_zone"": true, ""ignition"": true, ""latitude"": 42.6418533, ""direction"": 289, ""longitude"": 18.0846116, ""gsm_signal"": 29, ""sleep_mode"": false, ""staff_mode"": false, ""fault_codes"": [], ""speed_limit"": 46, ""engine_hours"": 1591, ""idc_triggers"": [], ""buzzer_active"": false, ""fuel_level_avg"": 17, ""lock_geo_alert"": false, ""operation_mode"": ""RENT"", ""battery_voltage"": 14.5, ""in_primary_zone"": true, ""lock_engine_alert"": false, ""in_restricted_zone"": false, ""onboard_geofencing"": false, ""speed_limit_active"": false}"
2023-07-17 12:52:13.420,5237,13,"359159972073523",20,"{""key"": false, ""flip"": false, ""zone"": false, ""speed"": 7.9, ""buzzer"": 0, ""engine"": true, ""in_zone"": true, ""ignition"": true, ""latitude"": 42.6418466, ""direction"": 287, ""longitude"": 18.0846382, ""gsm_signal"": 29, ""sleep_mode"": false, ""staff_mode"": false, ""fault_codes"": [], ""speed_limit"": 46, ""engine_hours"": 1591, ""idc_triggers"": [], ""buzzer_active"": false, ""fuel_level_avg"": 17, ""lock_geo_alert"": false, ""operation_mode"": ""RENT"", ""battery_voltage"": 14.5, ""in_primary_zone"": true, ""lock_engine_alert"": false, ""in_restricted_zone"": false, ""onboard_geofencing"": false, ""speed_limit_active"": false}"
2023-07-17 12:52:12.422,5237,13,"359159972073523",20,"{""key"": false, ""flip"": false, ""zone"": false, ""speed"": 9.4, ""buzzer"": 0, ""engine"": true, ""in_zone"": true, ""ignition"": true, ""latitude"": 42.64184, ""direction"": 287, ""longitude"": 18.0846666, ""gsm_signal"": 29, ""sleep_mode"": false, ""staff_mode"": false, ""fault_codes"": [], ""speed_limit"": 46, ""engine_hours"": 1591, ""idc_triggers"": [], ""buzzer_active"": false, ""fuel_level_avg"": 17, ""lock_geo_alert"": false, ""operation_mode"": ""RENT"", ""battery_voltage"": 14.5, ""in_primary_zone"": true, ""lock_engine_alert"": false, ""in_restricted_zone"": false, ""onboard_geofencing"": false, ""speed_limit_active"": false}"
2023-07-17 12:52:11.422,5237,13,"359159972073523",20,"{""key"": false, ""flip"": false, ""zone"": false, ""speed"": 9.6, ""buzzer"": 0, ""engine"": true, ""in_zone"": true, ""ignition"": true, ""latitude"": 42.6418333, ""direction"": 288, ""longitude"": 18.0846982, ""gsm_signal"": 29, ""sleep_mode"": false, ""staff_mode"": false, ""fault_codes"": [], ""speed_limit"": 46, ""engine_hours"": 1591, ""idc_triggers"": [], ""buzzer_active"": false, ""fuel_level_avg"": 17, ""lock_geo_alert"": false, ""operation_mode"": ""RENT"", ""battery_voltage"": 14.5, ""in_primary_zone"": true, ""lock_engine_alert"": false, ""in_restricted_zone"": false, ""onboard_geofencing"": false, ""speed_limit_active"": false}"
2023-07-17 12:52:10.462,5237,13,"359159972073523",20,"{""key"": false, ""flip"": false, ""zone"": false, ""speed"": 8.5, ""buzzer"": 0, ""engine"": true, ""in_zone"": true, ""ignition"": true, ""latitude"": 42.6418266, ""direction"": 288, ""longitude"": 18.0847282, ""gsm_signal"": 29, ""sleep_mode"": false, ""staff_mode"": false, ""fault_codes"": [], ""speed_limit"": 46, ""engine_hours"": 1591, ""idc_triggers"": [], ""buzzer_active"": false, ""fuel_level_avg"": 17, ""lock_geo_alert"": false, ""operation_mode"": ""RENT"", ""battery_voltage"": 14.5, ""in_primary_zone"": true, ""lock_engine_alert"": false, ""in_restricted_zone"": false, ""onboard_geofencing"": false, ""speed_limit_active"": false}"
2023-07-17 12:52:09.518,5237,13,"359159972073523",20,"{""key"": false, ""flip"": false, ""zone"": false, ""speed"": 7.9, ""buzzer"": 0, ""engine"": true, ""in_zone"": true, ""ignition"": true, ""latitude"": 42.64182, ""direction"": 291, ""longitude"": 18.0847532, ""gsm_signal"": 29, ""sleep_mode"": false, ""staff_mode"": false, ""fault_codes"": [], ""speed_limit"": 46, ""engine_hours"": 1591, ""idc_triggers"": [], ""buzzer_active"": false, ""fuel_level_avg"": 17, ""lock_geo_alert"": false, ""operation_mode"": ""RENT"", ""battery_voltage"": 14.5, ""in_primary_zone"": true, ""lock_engine_alert"": false, ""in_restricted_zone"": false, ""onboard_geofencing"": false, ""speed_limit_active"": false}"
2023-07-17 12:52:08.938,5237,13,"359159972073523",20,"{""key"": false, ""flip"": false, ""zone"": false, ""speed"": 8.9, ""buzzer"": 0, ""engine"": true, ""in_zone"": true, ""ignition"": true, ""latitude"": 42.6418116, ""direction"": 290, ""longitude"": 18.08478, ""gsm_signal"": 29, ""sleep_mode"": false, ""staff_mode"": false, ""fault_codes"": [], ""speed_limit"": 46, ""engine_hours"": 1591, ""idc_triggers"": [], ""buzzer_active"": false, ""fuel_level_avg"": 17, ""lock_geo_alert"": false, ""operation_mode"": ""RENT"", ""battery_voltage"": 14.5, ""in_primary_zone"": true, ""lock_engine_alert"": false, ""in_restricted_zone"": false, ""onboard_geofencing"": false, ""speed_limit_active"": false}"
2023-07-17 12:52:07.437,5237,13,"359159972073523",20,"{""key"": false, ""flip"": false, ""zone"": false, ""speed"": 9.5, ""buzzer"": 0, ""engine"": true, ""in_zone"": true, ""ignition"": true, ""latitude"": 42.641805, ""direction"": 292, ""longitude"": 18.0848082, ""gsm_signal"": 29, ""sleep_mode"": false, ""staff_mode"": false, ""fault_codes"": [], ""speed_limit"": 46, ""engine_hours"": 1591, ""idc_triggers"": [], ""buzzer_active"": false, ""fuel_level_avg"": 17, ""lock_geo_alert"": false, ""operation_mode"": ""RENT"", ""battery_voltage"": 14.5, ""in_primary_zone"": true, ""lock_engine_alert"": false, ""in_restricted_zone"": false, ""onboard_geofencing"": false, ""speed_limit_active"": false}"
2023-07-17 12:52:06.939,5237,13,"359159972073523",20,"{""key"": false, ""flip"": false, ""zone"": false, ""speed"": 9.0, ""buzzer"": 0, ""engine"": true, ""in_zone"": true, ""ignition"": true, ""latitude"": 42.641795, ""direction"": 294, ""longitude"": 18.0848382, ""gsm_signal"": 27, ""sleep_mode"": false, ""staff_mode"": false, ""fault_codes"": [], ""speed_limit"": 46, ""engine_hours"": 1591, ""idc_triggers"": [], ""buzzer_active"": false, ""fuel_level_avg"": 17, ""lock_geo_alert"": false, ""operation_mode"": ""RENT"", ""battery_voltage"": 14.5, ""in_primary_zone"": true, ""lock_engine_alert"": false, ""in_restricted_zone"": false, ""onboard_geofencing"": false, ""speed_limit_active"": false}"
2023-07-17 12:52:05.445,5237,13,"359159972073523",20,"{""key"": false, ""flip"": false, ""zone"": false, ""speed"": 8.1, ""buzzer"": 0, ""engine"": true, ""in_zone"": true, ""ignition"": true, ""latitude"": 42.6417866, ""direction"": 295, ""longitude"": 18.084865, ""gsm_signal"": 27, ""sleep_mode"": false, ""staff_mode"": false, ""fault_codes"": [], ""speed_limit"": 46, ""engine_hours"": 1591, ""idc_triggers"": [], ""buzzer_active"": false, ""fuel_level_avg"": 17, ""lock_geo_alert"": false, ""operation_mode"": ""RENT"", ""battery_voltage"": 14.5, ""in_primary_zone"": true, ""lock_engine_alert"": false, ""in_restricted_zone"": false, ""onboard_geofencing"": false, ""speed_limit_active"": false}"
2023-07-17 12:52:04.497,5237,13,"359159972073523",20,"{""key"": false, ""flip"": false, ""zone"": false, ""speed"": 8.0, ""buzzer"": 0, ""engine"": true, ""in_zone"": true, ""ignition"": true, ""latitude"": 42.6417783, ""direction"": 295, ""longitude"": 18.08489, ""gsm_signal"": 27, ""sleep_mode"": false, ""staff_mode"": false, ""fault_codes"": [], ""speed_limit"": 46, ""engine_hours"": 1591, ""idc_triggers"": [], ""buzzer_active"": false, ""fuel_level_avg"": 17, ""lock_geo_alert"": false, ""operation_mode"": ""RENT"", ""battery_voltage"": 14.5, ""in_primary_zone"": true, ""lock_engine_alert"": false, ""in_restricted_zone"": false, ""onboard_geofencing"": false, ""speed_limit_active"": false}"
2023-07-17 12:52:03.620,5237,13,"359159972073523",20,"{""key"": false, ""flip"": false, ""zone"": false, ""speed"": 7.8, ""buzzer"": 0, ""engine"": true, ""in_zone"": true, ""ignition"": true, ""latitude"": 42.64177, ""direction"": 293, ""longitude"": 18.084915, ""gsm_signal"": 25, ""sleep_mode"": false, ""staff_mode"": false, ""fault_codes"": [], ""speed_limit"": 46, ""engine_hours"": 1591, ""idc_triggers"": [], ""buzzer_active"": false, ""fuel_level_avg"": 17, ""lock_geo_alert"": false, ""operation_mode"": ""RENT"", ""battery_voltage"": 14.5, ""in_primary_zone"": true, ""lock_engine_alert"": false, ""in_restricted_zone"": false, ""onboard_geofencing"": false, ""speed_limit_active"": false}"
2023-07-17 12:52:02.482,5237,13,"359159972073523",20,"{""key"": false, ""flip"": false, ""zone"": false, ""speed"": 7.5, ""buzzer"": 0, ""engine"": true, ""in_zone"": true, ""ignition"": true, ""latitude"": 42.6417633, ""direction"": 294, ""longitude"": 18.0849382, ""gsm_signal"": 25, ""sleep_mode"": false, ""staff_mode"": false, ""fault_codes"": [], ""speed_limit"": 46, ""engine_hours"": 1591, ""idc_triggers"": [], ""buzzer_active"": false, ""fuel_level_avg"": 17, ""lock_geo_alert"": false, ""operation_mode"": ""RENT"", ""battery_voltage"": 14.5, ""in_primary_zone"": true, ""lock_engine_alert"": false, ""in_restricted_zone"": false, ""onboard_geofencing"": false, ""speed_limit_active"": false}"
2023-07-17 12:52:01.899,5237,13,"359159972073523",20,"{""key"": false, ""flip"": false, ""zone"": false, ""speed"": 6.5, ""buzzer"": 0, ""engine"": true, ""in_zone"": true, ""ignition"": true, ""latitude"": 42.641755, ""direction"": 295, ""longitude"": 18.0849616, ""gsm_signal"": 25, ""sleep_mode"": false, ""staff_mode"": false, ""fault_codes"": [], ""speed_limit"": 46, ""engine_hours"": 1591, ""idc_triggers"": [], ""buzzer_active"": false, ""fuel_level_avg"": 17, ""lock_geo_alert"": false, ""operation_mode"": ""RENT"", ""battery_voltage"": 14.5, ""in_primary_zone"": true, ""lock_engine_alert"": false, ""in_restricted_zone"": false, ""onboard_geofencing"": false, ""speed_limit_active"": false}"
2023-07-17 12:52:00.417,5237,13,"359159972073523",20,"{""key"": false, ""flip"": false, ""zone"": false, ""speed"": 4.2, ""buzzer"": 0, ""engine"": true, ""in_zone"": true, ""ignition"": true, ""latitude"": 42.6417483, ""direction"": 294, ""longitude"": 18.0849782, ""gsm_signal"": 27, ""sleep_mode"": false, ""staff_mode"": false, ""fault_codes"": [], ""speed_limit"": 46, ""engine_hours"": 1591, ""idc_triggers"": [], ""buzzer_active"": false, ""fuel_level_avg"": 17, ""lock_geo_alert"": false, ""operation_mode"": ""RENT"", ""battery_voltage"": 14.5, ""in_primary_zone"": true, ""lock_engine_alert"": false, ""in_restricted_zone"": false, ""onboard_geofencing"": false, ""speed_limit_active"": false}"
2023-07-17 12:51:59.421,5237,13,"359159972073523",20,"{""key"": false, ""flip"": false, ""zone"": false, ""speed"": 1.7, ""buzzer"": 0, ""engine"": true, ""in_zone"": true, ""ignition"": true, ""latitude"": 42.6417466, ""direction"": 273, ""longitude"": 18.08499, ""gsm_signal"": 27, ""sleep_mode"": false, ""staff_mode"": false, ""fault_codes"": [], ""speed_limit"": 46, ""engine_hours"": 1591, ""idc_triggers"": [], ""buzzer_active"": false, ""fuel_level_avg"": 17, ""lock_geo_alert"": false, ""operation_mode"": ""RENT"", ""battery_voltage"": 14.5, ""in_primary_zone"": true, ""lock_engine_alert"": false, ""in_restricted_zone"": false, ""onboard_geofencing"": false, ""speed_limit_active"": false}"
2023-07-17 12:51:58.420,5237,13,"359159972073523",20,"{""key"": false, ""flip"": false, ""zone"": false, ""speed"": 0.0, ""buzzer"": 0, ""engine"": true, ""in_zone"": true, ""ignition"": true, ""latitude"": 42.641745, ""direction"": 261, ""longitude"": 18.0849932, ""gsm_signal"": 27, ""sleep_mode"": false, ""staff_mode"": false, ""fault_codes"": [], ""speed_limit"": 46, ""engine_hours"": 1591, ""idc_triggers"": [], ""buzzer_active"": false, ""fuel_level_avg"": 17, ""lock_geo_alert"": false, ""operation_mode"": ""RENT"", ""battery_voltage"": 14.5, ""in_primary_zone"": true, ""lock_engine_alert"": false, ""in_restricted_zone"": false, ""onboard_geofencing"": false, ""speed_limit_active"": false}"
2023-07-17 12:51:57.439,5237,13,"359159972073523",20,"{""key"": false, ""flip"": false, ""zone"": false, ""speed"": 1.1, ""buzzer"": 0, ""engine"": true, ""in_zone"": true, ""ignition"": true, ""latitude"": 42.6417433, ""direction"": 261, ""longitude"": 18.0849932, ""gsm_signal"": 27, ""sleep_mode"": false, ""staff_mode"": false, ""fault_codes"": [], ""speed_limit"": 46, ""engine_hours"": 1591, ""idc_triggers"": [], ""buzzer_active"": false, ""fuel_level_avg"": 17, ""lock_geo_alert"": false, ""operation_mode"": ""RENT"", ""battery_voltage"": 14.5, ""in_primary_zone"": true, ""lock_engine_alert"": false, ""in_restricted_zone"": false, ""onboard_geofencing"": false, ""speed_limit_active"": false}"
2023-07-17 12:51:56.506,5237,13,"359159972073523",20,"{""key"": false, ""flip"": false, ""zone"": false, ""speed"": 1.4, ""buzzer"": 0, ""engine"": true, ""in_zone"": true, ""ignition"": true, ""latitude"": 42.6417416, ""direction"": 237, ""longitude"": 18.0849982, ""gsm_signal"": 27, ""sleep_mode"": false, ""staff_mode"": false, ""fault_codes"": [], ""speed_limit"": 46, ""engine_hours"": 1591, ""idc_triggers"": [], ""buzzer_active"": false, ""fuel_level_avg"": 17, ""lock_geo_alert"": false, ""operation_mode"": ""RENT"", ""battery_voltage"": 14.5, ""in_primary_zone"": true, ""lock_engine_alert"": false, ""in_restricted_zone"": false, ""onboard_geofencing"": false, ""speed_limit_active"": false}"
2023-07-17 12:51:55.916,5237,13,"359159972073523",20,"{""key"": false, ""flip"": false, ""zone"": false, ""speed"": 1.3, ""buzzer"": 0, ""engine"": true, ""in_zone"": true, ""ignition"": true, ""latitude"": 42.6417433, ""direction"": 215, ""longitude"": 18.0850016, ""gsm_signal"": 27, ""sleep_mode"": false, ""staff_mode"": false, ""fault_codes"": [], ""speed_limit"": 46, ""engine_hours"": 1591, ""idc_triggers"": [], ""buzzer_active"": false, ""fuel_level_avg"": 17, ""lock_geo_alert"": false, ""operation_mode"": ""RENT"", ""battery_voltage"": 14.5, ""in_primary_zone"": true, ""lock_engine_alert"": false, ""in_restricted_zone"": false, ""onboard_geofencing"": false, ""speed_limit_active"": false}"
2023-07-17 12:51:54.472,5237,13,"359159972073523",20,"{""key"": false, ""flip"": false, ""zone"": false, ""speed"": 1.6, ""buzzer"": 0, ""engine"": true, ""in_zone"": true, ""ignition"": true, ""latitude"": 42.6417466, ""direction"": 213, ""longitude"": 18.085005, ""gsm_signal"": 25, ""sleep_mode"": false, ""staff_mode"": false, ""fault_codes"": [], ""speed_limit"": 46, ""engine_hours"": 1591, ""idc_triggers"": [], ""buzzer_active"": false, ""fuel_level_avg"": 17, ""lock_geo_alert"": false, ""operation_mode"": ""RENT"", ""battery_voltage"": 14.5, ""in_primary_zone"": true, ""lock_engine_alert"": false, ""in_restricted_zone"": false, ""onboard_geofencing"": false, ""speed_limit_active"": false}"
2023-07-17 12:51:53.481,5237,13,"359159972073523",20,"{""key"": false, ""flip"": false, ""zone"": false, ""speed"": 1.1, ""buzzer"": 0, ""engine"": true, ""in_zone"": true, ""ignition"": true, ""latitude"": 42.64175, ""direction"": 257, ""longitude"": 18.0850032, ""gsm_signal"": 25, ""sleep_mode"": false, ""staff_mode"": false, ""fault_codes"": [], ""speed_limit"": 46, ""engine_hours"": 1591, ""idc_triggers"": [], ""buzzer_active"": false, ""fuel_level_avg"": 17, ""lock_geo_alert"": false, ""operation_mode"": ""RENT"", ""battery_voltage"": 14.5, ""in_primary_zone"": true, ""lock_engine_alert"": false, ""in_restricted_zone"": false, ""onboard_geofencing"": false, ""speed_limit_active"": false}"
2023-07-17 12:51:52.897,5237,13,"359159972073523",20,"{""key"": false, ""flip"": false, ""zone"": false, ""speed"": 0.0, ""buzzer"": 0, ""engine"": true, ""in_zone"": true, ""ignition"": true, ""latitude"": 42.6417483, ""direction"": 257, ""longitude"": 18.0850032, ""gsm_signal"": 25, ""sleep_mode"": false, ""staff_mode"": false, ""fault_codes"": [], ""speed_limit"": 46, ""engine_hours"": 1591, ""idc_triggers"": [], ""buzzer_active"": false, ""fuel_level_avg"": 17, ""lock_geo_alert"": false, ""operation_mode"": ""RENT"", ""battery_voltage"": 14.5, ""in_primary_zone"": true, ""lock_engine_alert"": false, ""in_restricted_zone"": false, ""onboard_geofencing"": false, ""speed_limit_active"": false}"
2023-07-17 12:51:51.416,5237,13,"359159972073523",20,"{""key"": false, ""flip"": false, ""zone"": false, ""speed"": 0.0, ""buzzer"": 0, ""engine"": true, ""in_zone"": true, ""ignition"": true, ""latitude"": 42.6417466, ""direction"": 257, ""longitude"": 18.0850032, ""gsm_signal"": 27, ""sleep_mode"": false, ""staff_mode"": false, ""fault_codes"": [], ""speed_limit"": 46, ""engine_hours"": 1591, ""idc_triggers"": [], ""buzzer_active"": false, ""fuel_level_avg"": 17, ""lock_geo_alert"": false, ""operation_mode"": ""RENT"", ""battery_voltage"": 14.5, ""in_primary_zone"": true, ""lock_engine_alert"": false, ""in_restricted_zone"": false, ""onboard_geofencing"": false, ""speed_limit_active"": false}"
2023-07-17 12:51:50.420,5237,13,"359159972073523",20,"{""key"": false, ""flip"": false, ""zone"": false, ""speed"": 2.6, ""buzzer"": 0, ""engine"": true, ""in_zone"": true, ""ignition"": true, ""latitude"": 42.641745, ""direction"": 257, ""longitude"": 18.0850066, ""gsm_signal"": 27, ""sleep_mode"": false, ""staff_mode"": false, ""fault_codes"": [], ""speed_limit"": 46, ""engine_hours"": 1591, ""idc_triggers"": [], ""buzzer_active"": false, ""fuel_level_avg"": 17, ""lock_geo_alert"": false, ""operation_mode"": ""RENT"", ""battery_voltage"": 14.5, ""in_primary_zone"": true, ""lock_engine_alert"": false, ""in_restricted_zone"": false, ""onboard_geofencing"": false, ""speed_limit_active"": false}"
2023-07-17 12:51:49.436,5237,13,"359159972073523",20,"{""key"": false, ""flip"": false, ""zone"": false, ""speed"": 3.7, ""buzzer"": 0, ""engine"": true, ""in_zone"": true, ""ignition"": true, ""latitude"": 42.6417416, ""direction"": 241, ""longitude"": 18.085015, ""gsm_signal"": 27, ""sleep_mode"": false, ""staff_mode"": false, ""fault_codes"": [], ""speed_limit"": 46, ""engine_hours"": 1591, ""idc_triggers"": [], ""buzzer_active"": false, ""fuel_level_avg"": 17, ""lock_geo_alert"": false, ""operation_mode"": ""RENT"", ""battery_voltage"": 14.5, ""in_primary_zone"": true, ""lock_engine_alert"": false, ""in_restricted_zone"": false, ""onboard_geofencing"": false, ""speed_limit_active"": false}"
2023-07-17 12:51:48.463,5237,13,"359159972073523",20,"{""key"": false, ""flip"": false, ""zone"": false, ""speed"": 4.3, ""buzzer"": 0, ""engine"": true, ""in_zone"": true, ""ignition"": true, ""latitude"": 42.641745, ""direction"": 231, ""longitude"": 18.0850266, ""gsm_signal"": 31, ""sleep_mode"": false, ""staff_mode"": false, ""fault_codes"": [], ""speed_limit"": 46, ""engine_hours"": 1591, ""idc_triggers"": [], ""buzzer_active"": false, ""fuel_level_avg"": 17, ""lock_geo_alert"": false, ""operation_mode"": ""RENT"", ""battery_voltage"": 14.5, ""in_primary_zone"": true, ""lock_engine_alert"": false, ""in_restricted_zone"": false, ""onboard_geofencing"": false, ""speed_limit_active"": false}"
2023-07-17 12:51:47.900,5237,13,"359159972073523",20,"{""key"": false, ""flip"": false, ""zone"": false, ""speed"": 3.1, ""buzzer"": 0, ""engine"": true, ""in_zone"": true, ""ignition"": true, ""latitude"": 42.6417533, ""direction"": 231, ""longitude"": 18.0850366, ""gsm_signal"": 31, ""sleep_mode"": false, ""staff_mode"": false, ""fault_codes"": [], ""speed_limit"": 46, ""engine_hours"": 1591, ""idc_triggers"": [], ""buzzer_active"": false, ""fuel_level_avg"": 17, ""lock_geo_alert"": false, ""operation_mode"": ""RENT"", ""battery_voltage"": 14.5, ""in_primary_zone"": true, ""lock_engine_alert"": false, ""in_restricted_zone"": false, ""onboard_geofencing"": false, ""speed_limit_active"": false}"
2023-07-17 12:51:46.418,5237,13,"359159972073523",20,"{""key"": false, ""flip"": false, ""zone"": false, ""speed"": 2.1, ""buzzer"": 0, ""engine"": true, ""in_zone"": true, ""ignition"": true, ""latitude"": 42.64176, ""direction"": 249, ""longitude"": 18.0850416, ""gsm_signal"": 31, ""sleep_mode"": false, ""staff_mode"": false, ""fault_codes"": [], ""speed_limit"": 46, ""engine_hours"": 1591, ""idc_triggers"": [], ""buzzer_active"": false, ""fuel_level_avg"": 17, ""lock_geo_alert"": false, ""operation_mode"": ""RENT"", ""battery_voltage"": 14.5, ""in_primary_zone"": true, ""lock_engine_alert"": false, ""in_restricted_zone"": false, ""onboard_geofencing"": false, ""speed_limit_active"": false}"
2023-07-17 12:51:45.835,5237,13,"359159972073523",20,"{""key"": false, ""flip"": false, ""zone"": false, ""speed"": 2.0, ""buzzer"": 0, ""engine"": true, ""in_zone"": true, ""ignition"": true, ""latitude"": 42.6417616, ""direction"": 272, ""longitude"": 18.0850482, ""gsm_signal"": 31, ""sleep_mode"": false, ""staff_mode"": false, ""fault_codes"": [], ""speed_limit"": 46, ""engine_hours"": 1591, ""idc_triggers"": [], ""buzzer_active"": false, ""fuel_level_avg"": 17, ""lock_geo_alert"": false, ""operation_mode"": ""RENT"", ""battery_voltage"": 14.5, ""in_primary_zone"": true, ""lock_engine_alert"": false, ""in_restricted_zone"": false, ""onboard_geofencing"": false, ""speed_limit_active"": false}"
2023-07-17 12:51:44.900,5237,13,"359159972073523",20,"{""key"": false, ""flip"": false, ""zone"": false, ""speed"": 2.9, ""buzzer"": 0, ""engine"": true, ""in_zone"": true, ""ignition"": true, ""latitude"": 42.6417633, ""direction"": 301, ""longitude"": 18.085055, ""gsm_signal"": 31, ""sleep_mode"": false, ""staff_mode"": false, ""fault_codes"": [], ""speed_limit"": 46, ""engine_hours"": 1591, ""idc_triggers"": [], ""buzzer_active"": false, ""fuel_level_avg"": 2, ""lock_geo_alert"": false, ""operation_mode"": ""RENT"", ""battery_voltage"": 14.800000190734863, ""in_primary_zone"": true, ""lock_engine_alert"": false, ""in_restricted_zone"": false, ""onboard_geofencing"": false, ""speed_limit_active"": false}"
2023-07-17 12:51:43.423,5237,13,"359159972073523",20,"{""key"": false, ""flip"": false, ""zone"": false, ""speed"": 3.7, ""buzzer"": 0, ""engine"": true, ""in_zone"": true, ""ignition"": true, ""latitude"": 42.6417616, ""direction"": 310, ""longitude"": 18.085065, ""gsm_signal"": 31, ""sleep_mode"": false, ""staff_mode"": false, ""fault_codes"": [], ""speed_limit"": 46, ""engine_hours"": 1591, ""idc_triggers"": [], ""buzzer_active"": false, ""fuel_level_avg"": 2, ""lock_geo_alert"": false, ""operation_mode"": ""RENT"", ""battery_voltage"": 14.800000190734863, ""in_primary_zone"": true, ""lock_engine_alert"": false, ""in_restricted_zone"": false, ""onboard_geofencing"": false, ""speed_limit_active"": false}"
2023-07-17 12:51:42.439,5237,13,"359159972073523",20,"{""key"": false, ""flip"": false, ""zone"": false, ""speed"": 4.7, ""buzzer"": 0, ""engine"": true, ""in_zone"": true, ""ignition"": true, ""latitude"": 42.6417566, ""direction"": 319, ""longitude"": 18.0850766, ""gsm_signal"": 29, ""sleep_mode"": false, ""staff_mode"": false, ""fault_codes"": [], ""speed_limit"": 46, ""engine_hours"": 1591, ""idc_triggers"": [], ""buzzer_active"": false, ""fuel_level_avg"": 2, ""lock_geo_alert"": false, ""operation_mode"": ""RENT"", ""battery_voltage"": 14.800000190734863, ""in_primary_zone"": true, ""lock_engine_alert"": false, ""in_restricted_zone"": false, ""onboard_geofencing"": false, ""speed_limit_active"": false}"
2023-07-17 12:51:41.442,5237,13,"359159972073523",20,"{""key"": false, ""flip"": false, ""zone"": false, ""speed"": 5.1, ""buzzer"": 0, ""engine"": true, ""in_zone"": true, ""ignition"": true, ""latitude"": 42.6417466, ""direction"": 321, ""longitude"": 18.0850882, ""gsm_signal"": 29, ""sleep_mode"": false, ""staff_mode"": false, ""fault_codes"": [], ""speed_limit"": 46, ""engine_hours"": 1591, ""idc_triggers"": [], ""buzzer_active"": false, ""fuel_level_avg"": 2, ""lock_geo_alert"": false, ""operation_mode"": ""RENT"", ""battery_voltage"": 14.800000190734863, ""in_primary_zone"": true, ""lock_engine_alert"": false, ""in_restricted_zone"": false, ""onboard_geofencing"": false, ""speed_limit_active"": false}"
2023-07-17 12:51:40.880,5237,13,"359159972073523",20,"{""key"": false, ""flip"": false, ""zone"": false, ""speed"": 4.8, ""buzzer"": 0, ""engine"": true, ""in_zone"": true, ""ignition"": true, ""latitude"": 42.6417383, ""direction"": 323, ""longitude"": 18.0850982, ""gsm_signal"": 29, ""sleep_mode"": false, ""staff_mode"": false, ""fault_codes"": [], ""speed_limit"": 46, ""engine_hours"": 1591, ""idc_triggers"": [], ""buzzer_active"": false, ""fuel_level_avg"": 2, ""lock_geo_alert"": false, ""operation_mode"": ""RENT"", ""battery_voltage"": 14.800000190734863, ""in_primary_zone"": true, ""lock_engine_alert"": false, ""in_restricted_zone"": false, ""onboard_geofencing"": false, ""speed_limit_active"": false}"
2023-07-17 12:51:39.420,5237,13,"359159972073523",20,"{""key"": false, ""flip"": false, ""zone"": false, ""speed"": 4.5, ""buzzer"": 0, ""engine"": true, ""in_zone"": true, ""ignition"": true, ""latitude"": 42.6417283, ""direction"": 323, ""longitude"": 18.0851082, ""gsm_signal"": 24, ""sleep_mode"": false, ""staff_mode"": false, ""fault_codes"": [], ""speed_limit"": 46, ""engine_hours"": 1591, ""idc_triggers"": [], ""buzzer_active"": false, ""fuel_level_avg"": 2, ""lock_geo_alert"": false, ""operation_mode"": ""RENT"", ""battery_voltage"": 14.800000190734863, ""in_primary_zone"": true, ""lock_engine_alert"": false, ""in_restricted_zone"": false, ""onboard_geofencing"": false, ""speed_limit_active"": false}"
2023-07-17 12:51:38.419,5237,13,"359159972073523",20,"{""key"": false, ""flip"": false, ""zone"": false, ""speed"": 4.7, ""buzzer"": 0, ""engine"": true, ""in_zone"": true, ""ignition"": true, ""latitude"": 42.6417183, ""direction"": 313, ""longitude"": 18.0851166, ""gsm_signal"": 24, ""sleep_mode"": false, ""staff_mode"": false, ""fault_codes"": [], ""speed_limit"": 46, ""engine_hours"": 1591, ""idc_triggers"": [], ""buzzer_active"": false, ""fuel_level_avg"": 2, ""lock_geo_alert"": false, ""operation_mode"": ""RENT"", ""battery_voltage"": 14.800000190734863, ""in_primary_zone"": true, ""lock_engine_alert"": false, ""in_restricted_zone"": false, ""onboard_geofencing"": false, ""speed_limit_active"": false}"
2023-07-17 12:51:37.445,5237,13,"359159972073523",20,"{""key"": false, ""flip"": false, ""zone"": false, ""speed"": 4.6, ""buzzer"": 0, ""engine"": true, ""in_zone"": true, ""ignition"": true, ""latitude"": 42.6417083, ""direction"": 304, ""longitude"": 18.0851266, ""gsm_signal"": 24, ""sleep_mode"": false, ""staff_mode"": false, ""fault_codes"": [], ""speed_limit"": 46, ""engine_hours"": 1591, ""idc_triggers"": [], ""buzzer_active"": false, ""fuel_level_avg"": 2, ""lock_geo_alert"": false, ""operation_mode"": ""RENT"", ""battery_voltage"": 14.800000190734863, ""in_primary_zone"": true, ""lock_engine_alert"": false, ""in_restricted_zone"": false, ""onboard_geofencing"": false, ""speed_limit_active"": false}"
2023-07-17 12:51:36.468,5237,13,"359159972073523",20,"{""key"": false, ""flip"": false, ""zone"": false, ""speed"": 4.3, ""buzzer"": 0, ""engine"": true, ""in_zone"": true, ""ignition"": true, ""latitude"": 42.6417016, ""direction"": 299, ""longitude"": 18.0851382, ""gsm_signal"": 22, ""sleep_mode"": false, ""staff_mode"": false, ""fault_codes"": [], ""speed_limit"": 46, ""engine_hours"": 1591, ""idc_triggers"": [], ""buzzer_active"": false, ""fuel_level_avg"": 2, ""lock_geo_alert"": false, ""operation_mode"": ""RENT"", ""battery_voltage"": 14.800000190734863, ""in_primary_zone"": true, ""lock_engine_alert"": false, ""in_restricted_zone"": false, ""onboard_geofencing"": false, ""speed_limit_active"": false}"
2023-07-17 12:51:35.900,5237,13,"359159972073523",20,"{""key"": false, ""flip"": false, ""zone"": false, ""speed"": 4.7, ""buzzer"": 0, ""engine"": true, ""in_zone"": true, ""ignition"": true, ""latitude"": 42.641695, ""direction"": 289, ""longitude"": 18.0851516, ""gsm_signal"": 22, ""sleep_mode"": false, ""staff_mode"": false, ""fault_codes"": [], ""speed_limit"": 46, ""engine_hours"": 1591, ""idc_triggers"": [], ""buzzer_active"": false, ""fuel_level_avg"": 2, ""lock_geo_alert"": false, ""operation_mode"": ""RENT"", ""battery_voltage"": 14.800000190734863, ""in_primary_zone"": true, ""lock_engine_alert"": false, ""in_restricted_zone"": false, ""onboard_geofencing"": false, ""speed_limit_active"": false}"
2023-07-17 12:51:34.419,5237,13,"359159972073523",20,"{""key"": false, ""flip"": false, ""zone"": false, ""speed"": 4.5, ""buzzer"": 0, ""engine"": true, ""in_zone"": true, ""ignition"": true, ""latitude"": 42.64169, ""direction"": 280, ""longitude"": 18.0851666, ""gsm_signal"": 22, ""sleep_mode"": false, ""staff_mode"": false, ""fault_codes"": [], ""speed_limit"": 46, ""engine_hours"": 1591, ""idc_triggers"": [], ""buzzer_active"": false, ""fuel_level_avg"": 2, ""lock_geo_alert"": false, ""operation_mode"": ""RENT"", ""battery_voltage"": 14.800000190734863, ""in_primary_zone"": true, ""lock_engine_alert"": false, ""in_restricted_zone"": false, ""onboard_geofencing"": false, ""speed_limit_active"": false}"
2023-07-17 12:51:33.451,5237,13,"359159972073523",20,"{""key"": false, ""flip"": false, ""zone"": false, ""speed"": 4.8, ""buzzer"": 0, ""engine"": true, ""in_zone"": true, ""ignition"": true, ""latitude"": 42.6416866, ""direction"": 271, ""longitude"": 18.0851816, ""gsm_signal"": 23, ""sleep_mode"": false, ""staff_mode"": false, ""fault_codes"": [], ""speed_limit"": 46, ""engine_hours"": 1591, ""idc_triggers"": [], ""buzzer_active"": false, ""fuel_level_avg"": 2, ""lock_geo_alert"": false, ""operation_mode"": ""RENT"", ""battery_voltage"": 14.800000190734863, ""in_primary_zone"": true, ""lock_engine_alert"": false, ""in_restricted_zone"": false, ""onboard_geofencing"": false, ""speed_limit_active"": false}"
2023-07-17 12:51:32.479,5237,13,"359159972073523",20,"{""key"": false, ""flip"": false, ""zone"": false, ""speed"": 5.2, ""buzzer"": 0, ""engine"": true, ""in_zone"": true, ""ignition"": true, ""latitude"": 42.641685, ""direction"": 263, ""longitude"": 18.0851982, ""gsm_signal"": 23, ""sleep_mode"": false, ""staff_mode"": false, ""fault_codes"": [], ""speed_limit"": 46, ""engine_hours"": 1591, ""idc_triggers"": [], ""buzzer_active"": false, ""fuel_level_avg"": 2, ""lock_geo_alert"": false, ""operation_mode"": ""RENT"", ""battery_voltage"": 14.800000190734863, ""in_primary_zone"": true, ""lock_engine_alert"": false, ""in_restricted_zone"": false, ""onboard_geofencing"": false, ""speed_limit_active"": false}"
2023-07-17 12:51:31.898,5237,13,"359159972073523",20,"{""key"": false, ""flip"": false, ""zone"": false, ""speed"": 4.8, ""buzzer"": 0, ""engine"": true, ""in_zone"": true, ""ignition"": true, ""latitude"": 42.6416866, ""direction"": 255, ""longitude"": 18.0852166, ""gsm_signal"": 23, ""sleep_mode"": false, ""staff_mode"": false, ""fault_codes"": [], ""speed_limit"": 46, ""engine_hours"": 1591, ""idc_triggers"": [], ""buzzer_active"": false, ""fuel_level_avg"": 2, ""lock_geo_alert"": false, ""operation_mode"": ""RENT"", ""battery_voltage"": 14.800000190734863, ""in_primary_zone"": true, ""lock_engine_alert"": false, ""in_restricted_zone"": false, ""onboard_geofencing"": false, ""speed_limit_active"": false}"
2023-07-17 12:51:30.418,5237,13,"359159972073523",20,"{""key"": false, ""flip"": false, ""zone"": false, ""speed"": 5.1, ""buzzer"": 0, ""engine"": true, ""in_zone"": true, ""ignition"": true, ""latitude"": 42.64169, ""direction"": 252, ""longitude"": 18.0852332, ""gsm_signal"": 28, ""sleep_mode"": false, ""staff_mode"": false, ""fault_codes"": [], ""speed_limit"": 46, ""engine_hours"": 1591, ""idc_triggers"": [], ""buzzer_active"": false, ""fuel_level_avg"": 2, ""lock_geo_alert"": false, ""operation_mode"": ""RENT"", ""battery_voltage"": 14.800000190734863, ""in_primary_zone"": true, ""lock_engine_alert"": false, ""in_restricted_zone"": false, ""onboard_geofencing"": false, ""speed_limit_active"": false}"
2023-07-17 12:51:29.421,5237,13,"359159972073523",20,"{""key"": false, ""flip"": false, ""zone"": false, ""speed"": 4.7, ""buzzer"": 0, ""engine"": true, ""in_zone"": true, ""ignition"": true, ""latitude"": 42.6416933, ""direction"": 247, ""longitude"": 18.08525, ""gsm_signal"": 28, ""sleep_mode"": false, ""staff_mode"": false, ""fault_codes"": [], ""speed_limit"": 46, ""engine_hours"": 1591, ""idc_triggers"": [], ""buzzer_active"": false, ""fuel_level_avg"": 2, ""lock_geo_alert"": false, ""operation_mode"": ""RENT"", ""battery_voltage"": 14.800000190734863, ""in_primary_zone"": true, ""lock_engine_alert"": false, ""in_restricted_zone"": false, ""onboard_geofencing"": false, ""speed_limit_active"": false}"
2023-07-17 12:51:28.437,5237,13,"359159972073523",20,"{""key"": false, ""flip"": false, ""zone"": false, ""speed"": 4.8, ""buzzer"": 0, ""engine"": true, ""in_zone"": true, ""ignition"": true, ""latitude"": 42.6416983, ""direction"": 248, ""longitude"": 18.0852666, ""gsm_signal"": 28, ""sleep_mode"": false, ""staff_mode"": false, ""fault_codes"": [], ""speed_limit"": 46, ""engine_hours"": 1591, ""idc_triggers"": [], ""buzzer_active"": false, ""fuel_level_avg"": 2, ""lock_geo_alert"": false, ""operation_mode"": ""RENT"", ""battery_voltage"": 14.800000190734863, ""in_primary_zone"": true, ""lock_engine_alert"": false, ""in_restricted_zone"": false, ""onboard_geofencing"": false, ""speed_limit_active"": false}"
2023-07-17 12:51:27.458,5237,13,"359159972073523",20,"{""key"": false, ""flip"": false, ""zone"": false, ""speed"": 4.4, ""buzzer"": 0, ""engine"": true, ""in_zone"": true, ""ignition"": true, ""latitude"": 42.6417033, ""direction"": 254, ""longitude"": 18.0852816, ""gsm_signal"": 30, ""sleep_mode"": false, ""staff_mode"": false, ""fault_codes"": [], ""speed_limit"": 46, ""engine_hours"": 1591, ""idc_triggers"": [], ""buzzer_active"": false, ""fuel_level_avg"": 2, ""lock_geo_alert"": false, ""operation_mode"": ""RENT"", ""battery_voltage"": 14.800000190734863, ""in_primary_zone"": true, ""lock_engine_alert"": false, ""in_restricted_zone"": false, ""onboard_geofencing"": false, ""speed_limit_active"": false}"
2023-07-17 12:51:26.901,5237,13,"359159972073523",20,"{""key"": false, ""flip"": false, ""zone"": false, ""speed"": 4.2, ""buzzer"": 0, ""engine"": true, ""in_zone"": true, ""ignition"": true, ""latitude"": 42.6417066, ""direction"": 259, ""longitude"": 18.085295, ""gsm_signal"": 30, ""sleep_mode"": false, ""staff_mode"": false, ""fault_codes"": [], ""speed_limit"": 46, ""engine_hours"": 1591, ""idc_triggers"": [], ""buzzer_active"": false, ""fuel_level_avg"": 2, ""lock_geo_alert"": false, ""operation_mode"": ""RENT"", ""battery_voltage"": 14.800000190734863, ""in_primary_zone"": true, ""lock_engine_alert"": false, ""in_restricted_zone"": false, ""onboard_geofencing"": false, ""speed_limit_active"": false}"
2023-07-17 12:51:25.419,5237,13,"359159972073523",20,"{""key"": false, ""flip"": false, ""zone"": false, ""speed"": 4.3, ""buzzer"": 0, ""engine"": true, ""in_zone"": true, ""ignition"": true, ""latitude"": 42.64171, ""direction"": 266, ""longitude"": 18.08531, ""gsm_signal"": 30, ""sleep_mode"": false, ""staff_mode"": false, ""fault_codes"": [], ""speed_limit"": 46, ""engine_hours"": 1591, ""idc_triggers"": [], ""buzzer_active"": false, ""fuel_level_avg"": 2, ""lock_geo_alert"": false, ""operation_mode"": ""RENT"", ""battery_voltage"": 14.800000190734863, ""in_primary_zone"": true, ""lock_engine_alert"": false, ""in_restricted_zone"": false, ""onboard_geofencing"": false, ""speed_limit_active"": false}"
2023-07-17 12:51:24.445,5237,13,"359159972073523",20,"{""key"": false, ""flip"": false, ""zone"": false, ""speed"": 4.3, ""buzzer"": 0, ""engine"": true, ""in_zone"": true, ""ignition"": true, ""latitude"": 42.6417116, ""direction"": 272, ""longitude"": 18.085325, ""gsm_signal"": 29, ""sleep_mode"": false, ""staff_mode"": false, ""fault_codes"": [], ""speed_limit"": 46, ""engine_hours"": 1591, ""idc_triggers"": [], ""buzzer_active"": false, ""fuel_level_avg"": 2, ""lock_geo_alert"": false, ""operation_mode"": ""RENT"", ""battery_voltage"": 14.800000190734863, ""in_primary_zone"": true, ""lock_engine_alert"": false, ""in_restricted_zone"": false, ""onboard_geofencing"": false, ""speed_limit_active"": false}"
2023-07-17 12:51:23.480,5237,13,"359159972073523",20,"{""key"": false, ""flip"": false, ""zone"": false, ""speed"": 5.0, ""buzzer"": 0, ""engine"": true, ""in_zone"": true, ""ignition"": true, ""latitude"": 42.6417116, ""direction"": 281, ""longitude"": 18.08534, ""gsm_signal"": 29, ""sleep_mode"": false, ""staff_mode"": false, ""fault_codes"": [], ""speed_limit"": 46, ""engine_hours"": 1591, ""idc_triggers"": [], ""buzzer_active"": false, ""fuel_level_avg"": 2, ""lock_geo_alert"": false, ""operation_mode"": ""RENT"", ""battery_voltage"": 14.800000190734863, ""in_primary_zone"": true, ""lock_engine_alert"": false, ""in_restricted_zone"": false, ""onboard_geofencing"": false, ""speed_limit_active"": false}"
2023-07-17 12:51:22.899,5237,13,"359159972073523",20,"{""key"": false, ""flip"": false, ""zone"": false, ""speed"": 5.1, ""buzzer"": 0, ""engine"": true, ""in_zone"": true, ""ignition"": true, ""latitude"": 42.64171, ""direction"": 288, ""longitude"": 18.0853566, ""gsm_signal"": 29, ""sleep_mode"": false, ""staff_mode"": false, ""fault_codes"": [], ""speed_limit"": 46, ""engine_hours"": 1591, ""idc_triggers"": [], ""buzzer_active"": false, ""fuel_level_avg"": 2, ""lock_geo_alert"": false, ""operation_mode"": ""RENT"", ""battery_voltage"": 14.800000190734863, ""in_primary_zone"": true, ""lock_engine_alert"": false, ""in_restricted_zone"": false, ""onboard_geofencing"": false, ""speed_limit_active"": false}"
2023-07-17 12:51:21.417,5237,13,"359159972073523",20,"{""key"": false, ""flip"": false, ""zone"": false, ""speed"": 4.8, ""buzzer"": 0, ""engine"": true, ""in_zone"": true, ""ignition"": true, ""latitude"": 42.641705, ""direction"": 291, ""longitude"": 18.0853732, ""gsm_signal"": 29, ""sleep_mode"": false, ""staff_mode"": false, ""fault_codes"": [], ""speed_limit"": 46, ""engine_hours"": 1591, ""idc_triggers"": [], ""buzzer_active"": false, ""fuel_level_avg"": 2, ""lock_geo_alert"": false, ""operation_mode"": ""RENT"", ""battery_voltage"": 14.800000190734863, ""in_primary_zone"": true, ""lock_engine_alert"": false, ""in_restricted_zone"": false, ""onboard_geofencing"": false, ""speed_limit_active"": false}"
2023-07-17 12:51:20.424,5237,13,"359159972073523",20,"{""key"": false, ""flip"": false, ""zone"": false, ""speed"": 4.8, ""buzzer"": 0, ""engine"": true, ""in_zone"": true, ""ignition"": true, ""latitude"": 42.6417, ""direction"": 292, ""longitude"": 18.08539, ""gsm_signal"": 29, ""sleep_mode"": false, ""staff_mode"": false, ""fault_codes"": [], ""speed_limit"": 46, ""engine_hours"": 1591, ""idc_triggers"": [], ""buzzer_active"": false, ""fuel_level_avg"": 2, ""lock_geo_alert"": false, ""operation_mode"": ""RENT"", ""battery_voltage"": 14.800000190734863, ""in_primary_zone"": true, ""lock_engine_alert"": false, ""in_restricted_zone"": false, ""onboard_geofencing"": false, ""speed_limit_active"": false}"
2023-07-17 12:51:19.438,5237,13,"359159972073523",20,"{""key"": false, ""flip"": false, ""zone"": false, ""speed"": 5.2, ""buzzer"": 0, ""engine"": true, ""in_zone"": true, ""ignition"": true, ""latitude"": 42.641695, ""direction"": 288, ""longitude"": 18.085405, ""gsm_signal"": 29, ""sleep_mode"": false, ""staff_mode"": false, ""fault_codes"": [], ""speed_limit"": 46, ""engine_hours"": 1591, ""idc_triggers"": [], ""buzzer_active"": false, ""fuel_level_avg"": 2, ""lock_geo_alert"": false, ""operation_mode"": ""RENT"", ""battery_voltage"": 14.800000190734863, ""in_primary_zone"": true, ""lock_engine_alert"": false, ""in_restricted_zone"": false, ""onboard_geofencing"": false, ""speed_limit_active"": false}"
2023-07-17 12:51:18.457,5237,13,"359159972073523",20,"{""key"": false, ""flip"": false, ""zone"": false, ""speed"": 5.3, ""buzzer"": 0, ""engine"": true, ""in_zone"": true, ""ignition"": true, ""latitude"": 42.6416916, ""direction"": 282, ""longitude"": 18.0854216, ""gsm_signal"": 29, ""sleep_mode"": false, ""staff_mode"": false, ""fault_codes"": [], ""speed_limit"": 46, ""engine_hours"": 1591, ""idc_triggers"": [], ""buzzer_active"": false, ""fuel_level_avg"": 2, ""lock_geo_alert"": false, ""operation_mode"": ""RENT"", ""battery_voltage"": 14.800000190734863, ""in_primary_zone"": true, ""lock_engine_alert"": false, ""in_restricted_zone"": false, ""onboard_geofencing"": false, ""speed_limit_active"": false}"
2023-07-17 12:51:17.899,5237,13,"359159972073523",20,"{""key"": false, ""flip"": false, ""zone"": false, ""speed"": 5.1, ""buzzer"": 0, ""engine"": true, ""in_zone"": true, ""ignition"": true, ""latitude"": 42.6416883, ""direction"": 277, ""longitude"": 18.0854366, ""gsm_signal"": 29, ""sleep_mode"": false, ""staff_mode"": false, ""fault_codes"": [], ""speed_limit"": 46, ""engine_hours"": 1591, ""idc_triggers"": [], ""buzzer_active"": false, ""fuel_level_avg"": 2, ""lock_geo_alert"": false, ""operation_mode"": ""RENT"", ""battery_voltage"": 14.800000190734863, ""in_primary_zone"": true, ""lock_engine_alert"": false, ""in_restricted_zone"": false, ""onboard_geofencing"": false, ""speed_limit_active"": false}"
2023-07-17 12:51:16.419,5237,13,"359159972073523",20,"{""key"": false, ""flip"": false, ""zone"": false, ""speed"": 5.1, ""buzzer"": 0, ""engine"": true, ""in_zone"": true, ""ignition"": true, ""latitude"": 42.6416866, ""direction"": 274, ""longitude"": 18.085455, ""gsm_signal"": 29, ""sleep_mode"": false, ""staff_mode"": false, ""fault_codes"": [], ""speed_limit"": 46, ""engine_hours"": 1591, ""idc_triggers"": [], ""buzzer_active"": false, ""fuel_level_avg"": 2, ""lock_geo_alert"": false, ""operation_mode"": ""RENT"", ""battery_voltage"": 14.800000190734863, ""in_primary_zone"": true, ""lock_engine_alert"": false, ""in_restricted_zone"": false, ""onboard_geofencing"": false, ""speed_limit_active"": false}"
2023-07-17 12:51:15.441,5237,13,"359159972073523",20,"{""key"": false, ""flip"": false, ""zone"": false, ""speed"": 5.8, ""buzzer"": 0, ""engine"": true, ""in_zone"": true, ""ignition"": true, ""latitude"": 42.6416866, ""direction"": 276, ""longitude"": 18.0854716, ""gsm_signal"": 28, ""sleep_mode"": false, ""staff_mode"": false, ""fault_codes"": [], ""speed_limit"": 46, ""engine_hours"": 1591, ""idc_triggers"": [], ""buzzer_active"": false, ""fuel_level_avg"": 2, ""lock_geo_alert"": false, ""operation_mode"": ""RENT"", ""battery_voltage"": 14.800000190734863, ""in_primary_zone"": true, ""lock_engine_alert"": false, ""in_restricted_zone"": false, ""onboard_geofencing"": false, ""speed_limit_active"": false}"
2023-07-17 12:51:14.491,5237,13,"359159972073523",20,"{""key"": false, ""flip"": false, ""zone"": false, ""speed"": 6.2, ""buzzer"": 0, ""engine"": true, ""in_zone"": true, ""ignition"": true, ""latitude"": 42.6416866, ""direction"": 277, ""longitude"": 18.0854916, ""gsm_signal"": 28, ""sleep_mode"": false, ""staff_mode"": false, ""fault_codes"": [], ""speed_limit"": 46, ""engine_hours"": 1591, ""idc_triggers"": [], ""buzzer_active"": false, ""fuel_level_avg"": 2, ""lock_geo_alert"": false, ""operation_mode"": ""RENT"", ""battery_voltage"": 14.800000190734863, ""in_primary_zone"": true, ""lock_engine_alert"": false, ""in_restricted_zone"": false, ""onboard_geofencing"": false, ""speed_limit_active"": false}"
2023-07-17 12:51:13.900,5237,13,"359159972073523",20,"{""key"": false, ""flip"": false, ""zone"": false, ""speed"": 5.6, ""buzzer"": 0, ""engine"": true, ""in_zone"": true, ""ignition"": true, ""latitude"": 42.6416833, ""direction"": 281, ""longitude"": 18.0855116, ""gsm_signal"": 28, ""sleep_mode"": false, ""staff_mode"": false, ""fault_codes"": [], ""speed_limit"": 46, ""engine_hours"": 1591, ""idc_triggers"": [], ""buzzer_active"": false, ""fuel_level_avg"": 2, ""lock_geo_alert"": false, ""operation_mode"": ""RENT"", ""battery_voltage"": 14.800000190734863, ""in_primary_zone"": true, ""lock_engine_alert"": false, ""in_restricted_zone"": false, ""onboard_geofencing"": false, ""speed_limit_active"": false}"
2023-07-17 12:51:12.416,5237,13,"359159972073523",20,"{""key"": false, ""flip"": false, ""zone"": false, ""speed"": 6.2, ""buzzer"": 0, ""engine"": true, ""in_zone"": true, ""ignition"": true, ""latitude"": 42.64168, ""direction"": 283, ""longitude"": 18.08553, ""gsm_signal"": 28, ""sleep_mode"": false, ""staff_mode"": false, ""fault_codes"": [], ""speed_limit"": 46, ""engine_hours"": 1591, ""idc_triggers"": [], ""buzzer_active"": false, ""fuel_level_avg"": 2, ""lock_geo_alert"": false, ""operation_mode"": ""RENT"", ""battery_voltage"": 14.800000190734863, ""in_primary_zone"": true, ""lock_engine_alert"": false, ""in_restricted_zone"": false, ""onboard_geofencing"": false, ""speed_limit_active"": false}"
2023-07-17 12:51:11.422,5237,13,"359159972073523",20,"{""key"": false, ""flip"": false, ""zone"": false, ""speed"": 6.8, ""buzzer"": 0, ""engine"": true, ""in_zone"": true, ""ignition"": true, ""latitude"": 42.6416766, ""direction"": 283, ""longitude"": 18.0855532, ""gsm_signal"": 28, ""sleep_mode"": false, ""staff_mode"": false, ""fault_codes"": [], ""speed_limit"": 46, ""engine_hours"": 1591, ""idc_triggers"": [], ""buzzer_active"": false, ""fuel_level_avg"": 2, ""lock_geo_alert"": false, ""operation_mode"": ""RENT"", ""battery_voltage"": 14.800000190734863, ""in_primary_zone"": true, ""lock_engine_alert"": false, ""in_restricted_zone"": false, ""onboard_geofencing"": false, ""speed_limit_active"": false}"
2023-07-17 12:51:10.520,5237,13,"359159972073523",20,"{""key"": false, ""flip"": false, ""zone"": false, ""speed"": 7.5, ""buzzer"": 0, ""engine"": true, ""in_zone"": true, ""ignition"": true, ""latitude"": 42.6416716, ""direction"": 284, ""longitude"": 18.0855766, ""gsm_signal"": 28, ""sleep_mode"": false, ""staff_mode"": false, ""fault_codes"": [], ""speed_limit"": 46, ""engine_hours"": 1591, ""idc_triggers"": [], ""buzzer_active"": false, ""fuel_level_avg"": 2, ""lock_geo_alert"": false, ""operation_mode"": ""RENT"", ""battery_voltage"": 14.800000190734863, ""in_primary_zone"": true, ""lock_engine_alert"": false, ""in_restricted_zone"": false, ""onboard_geofencing"": false, ""speed_limit_active"": false}"
2023-07-17 12:51:09.537,5237,13,"359159972073523",20,"{""key"": false, ""flip"": false, ""zone"": false, ""speed"": 7.3, ""buzzer"": 0, ""engine"": true, ""in_zone"": true, ""ignition"": true, ""latitude"": 42.6416683, ""direction"": 281, ""longitude"": 18.0856, ""gsm_signal"": 29, ""sleep_mode"": false, ""staff_mode"": false, ""fault_codes"": [], ""speed_limit"": 46, ""engine_hours"": 1591, ""idc_triggers"": [], ""buzzer_active"": false, ""fuel_level_avg"": 2, ""lock_geo_alert"": false, ""operation_mode"": ""RENT"", ""battery_voltage"": 14.800000190734863, ""in_primary_zone"": true, ""lock_engine_alert"": false, ""in_restricted_zone"": false, ""onboard_geofencing"": false, ""speed_limit_active"": false}"
2023-07-17 12:51:08.539,5237,13,"359159972073523",20,"{""key"": false, ""flip"": false, ""zone"": false, ""speed"": 7.9, ""buzzer"": 0, ""engine"": true, ""in_zone"": true, ""ignition"": true, ""latitude"": 42.6416633, ""direction"": 279, ""longitude"": 18.085625, ""gsm_signal"": 29, ""sleep_mode"": false, ""staff_mode"": false, ""fault_codes"": [], ""speed_limit"": 46, ""engine_hours"": 1591, ""idc_triggers"": [], ""buzzer_active"": false, ""fuel_level_avg"": 2, ""lock_geo_alert"": false, ""operation_mode"": ""RENT"", ""battery_voltage"": 14.800000190734863, ""in_primary_zone"": true, ""lock_engine_alert"": false, ""in_restricted_zone"": false, ""onboard_geofencing"": false, ""speed_limit_active"": false}"
2023-07-17 12:51:07.940,5237,13,"359159972073523",20,"{""key"": false, ""flip"": false, ""zone"": false, ""speed"": 9.6, ""buzzer"": 0, ""engine"": true, ""in_zone"": true, ""ignition"": true, ""latitude"": 42.64166, ""direction"": 279, ""longitude"": 18.0856532, ""gsm_signal"": 29, ""sleep_mode"": false, ""staff_mode"": false, ""fault_codes"": [], ""speed_limit"": 46, ""engine_hours"": 1591, ""idc_triggers"": [], ""buzzer_active"": false, ""fuel_level_avg"": 2, ""lock_geo_alert"": false, ""operation_mode"": ""RENT"", ""battery_voltage"": 14.800000190734863, ""in_primary_zone"": true, ""lock_engine_alert"": false, ""in_restricted_zone"": false, ""onboard_geofencing"": false, ""speed_limit_active"": false}"
2023-07-17 12:51:06.419,5237,13,"359159972073523",20,"{""key"": false, ""flip"": false, ""zone"": false, ""speed"": 10.9, ""buzzer"": 0, ""engine"": true, ""in_zone"": true, ""ignition"": true, ""latitude"": 42.641655, ""direction"": 279, ""longitude"": 18.0856866, ""gsm_signal"": 29, ""sleep_mode"": false, ""staff_mode"": false, ""fault_codes"": [], ""speed_limit"": 46, ""engine_hours"": 1591, ""idc_triggers"": [], ""buzzer_active"": false, ""fuel_level_avg"": 2, ""lock_geo_alert"": false, ""operation_mode"": ""RENT"", ""battery_voltage"": 14.800000190734863, ""in_primary_zone"": true, ""lock_engine_alert"": false, ""in_restricted_zone"": false, ""onboard_geofencing"": false, ""speed_limit_active"": false}"
2023-07-17 12:51:05.456,5237,13,"359159972073523",20,"{""key"": false, ""flip"": false, ""zone"": false, ""speed"": 13.0, ""buzzer"": 0, ""engine"": true, ""in_zone"": true, ""ignition"": true, ""latitude"": 42.64165, ""direction"": 282, ""longitude"": 18.085725, ""gsm_signal"": 29, ""sleep_mode"": false, ""staff_mode"": false, ""fault_codes"": [], ""speed_limit"": 46, ""engine_hours"": 1591, ""idc_triggers"": [], ""buzzer_active"": false, ""fuel_level_avg"": 2, ""lock_geo_alert"": false, ""operation_mode"": ""RENT"", ""battery_voltage"": 14.800000190734863, ""in_primary_zone"": true, ""lock_engine_alert"": false, ""in_restricted_zone"": false, ""onboard_geofencing"": false, ""speed_limit_active"": false}"
2023-07-17 12:51:04.460,5237,13,"359159972073523",20,"{""key"": false, ""flip"": false, ""zone"": false, ""speed"": 15.3, ""buzzer"": 0, ""engine"": true, ""in_zone"": true, ""ignition"": true, ""latitude"": 42.6416433, ""direction"": 282, ""longitude"": 18.0857716, ""gsm_signal"": 29, ""sleep_mode"": false, ""staff_mode"": false, ""fault_codes"": [], ""speed_limit"": 46, ""engine_hours"": 1591, ""idc_triggers"": [], ""buzzer_active"": false, ""fuel_level_avg"": 2, ""lock_geo_alert"": false, ""operation_mode"": ""RENT"", ""battery_voltage"": 14.800000190734863, ""in_primary_zone"": true, ""lock_engine_alert"": false, ""in_restricted_zone"": false, ""onboard_geofencing"": false, ""speed_limit_active"": false}"
2023-07-17 12:51:03.476,5237,13,"359159972073523",20,"{""key"": false, ""flip"": false, ""zone"": false, ""speed"": 15.1, ""buzzer"": 0, ""engine"": true, ""in_zone"": true, ""ignition"": true, ""latitude"": 42.6416333, ""direction"": 282, ""longitude"": 18.0858216, ""gsm_signal"": 29, ""sleep_mode"": false, ""staff_mode"": false, ""fault_codes"": [], ""speed_limit"": 46, ""engine_hours"": 1591, ""idc_triggers"": [], ""buzzer_active"": false, ""fuel_level_avg"": 2, ""lock_geo_alert"": false, ""operation_mode"": ""RENT"", ""battery_voltage"": 14.800000190734863, ""in_primary_zone"": true, ""lock_engine_alert"": false, ""in_restricted_zone"": false, ""onboard_geofencing"": false, ""speed_limit_active"": false}"
2023-07-17 12:51:02.599,5237,13,"359159972073523",20,"{""key"": false, ""flip"": false, ""zone"": false, ""speed"": 16.2, ""buzzer"": 0, ""engine"": true, ""in_zone"": true, ""ignition"": true, ""latitude"": 42.6416233, ""direction"": 283, ""longitude"": 18.0858732, ""gsm_signal"": 29, ""sleep_mode"": false, ""staff_mode"": false, ""fault_codes"": [], ""speed_limit"": 46, ""engine_hours"": 1591, ""idc_triggers"": [], ""buzzer_active"": false, ""fuel_level_avg"": 2, ""lock_geo_alert"": false, ""operation_mode"": ""RENT"", ""battery_voltage"": 14.800000190734863, ""in_primary_zone"": true, ""lock_engine_alert"": false, ""in_restricted_zone"": false, ""onboard_geofencing"": false, ""speed_limit_active"": false}"
2023-07-17 12:51:01.598,5237,13,"359159972073523",20,"{""key"": false, ""flip"": false, ""zone"": false, ""speed"": 16.1, ""buzzer"": 0, ""engine"": true, ""in_zone"": true, ""ignition"": true, ""latitude"": 42.641615, ""direction"": 284, ""longitude"": 18.0859282, ""gsm_signal"": 29, ""sleep_mode"": false, ""staff_mode"": false, ""fault_codes"": [], ""speed_limit"": 46, ""engine_hours"": 1591, ""idc_triggers"": [], ""buzzer_active"": false, ""fuel_level_avg"": 2, ""lock_geo_alert"": false, ""operation_mode"": ""RENT"", ""battery_voltage"": 14.800000190734863, ""in_primary_zone"": true, ""lock_engine_alert"": false, ""in_restricted_zone"": false, ""onboard_geofencing"": false, ""speed_limit_active"": false}"
2023-07-17 12:51:00.895,5237,13,"359159972073523",20,"{""key"": false, ""flip"": false, ""zone"": false, ""speed"": 16.0, ""buzzer"": 0, ""engine"": true, ""in_zone"": true, ""ignition"": true, ""latitude"": 42.641605, ""direction"": 284, ""longitude"": 18.0859816, ""gsm_signal"": 28, ""sleep_mode"": false, ""staff_mode"": false, ""fault_codes"": [], ""speed_limit"": 46, ""engine_hours"": 1591, ""idc_triggers"": [], ""buzzer_active"": false, ""fuel_level_avg"": 2, ""lock_geo_alert"": false, ""operation_mode"": ""RENT"", ""battery_voltage"": 14.800000190734863, ""in_primary_zone"": true, ""lock_engine_alert"": false, ""in_restricted_zone"": false, ""onboard_geofencing"": false, ""speed_limit_active"": false}"
2023-07-17 12:50:59.420,5237,13,"359159972073523",20,"{""key"": false, ""flip"": false, ""zone"": false, ""speed"": 16.4, ""buzzer"": 0, ""engine"": true, ""in_zone"": true, ""ignition"": true, ""latitude"": 42.641595, ""direction"": 284, ""longitude"": 18.0860366, ""gsm_signal"": 28, ""sleep_mode"": false, ""staff_mode"": false, ""fault_codes"": [], ""speed_limit"": 46, ""engine_hours"": 1591, ""idc_triggers"": [], ""buzzer_active"": false, ""fuel_level_avg"": 2, ""lock_geo_alert"": false, ""operation_mode"": ""RENT"", ""battery_voltage"": 14.800000190734863, ""in_primary_zone"": true, ""lock_engine_alert"": false, ""in_restricted_zone"": false, ""onboard_geofencing"": false, ""speed_limit_active"": false}"
2023-07-17 12:50:58.660,5237,13,"359159972073523",20,"{""key"": false, ""flip"": false, ""zone"": false, ""speed"": 16.7, ""buzzer"": 0, ""engine"": true, ""in_zone"": true, ""ignition"": true, ""latitude"": 42.6415833, ""direction"": 280, ""longitude"": 18.0860916, ""gsm_signal"": 28, ""sleep_mode"": false, ""staff_mode"": false, ""fault_codes"": [], ""speed_limit"": 46, ""engine_hours"": 1591, ""idc_triggers"": [], ""buzzer_active"": false, ""fuel_level_avg"": 2, ""lock_geo_alert"": false, ""operation_mode"": ""RENT"", ""battery_voltage"": 14.800000190734863, ""in_primary_zone"": true, ""lock_engine_alert"": false, ""in_restricted_zone"": false, ""onboard_geofencing"": false, ""speed_limit_active"": false}"
2023-07-17 12:50:57.896,5237,13,"359159972073523",20,"{""key"": false, ""flip"": false, ""zone"": false, ""speed"": 20.5, ""buzzer"": 0, ""engine"": true, ""in_zone"": true, ""ignition"": true, ""latitude"": 42.641575, ""direction"": 278, ""longitude"": 18.08615, ""gsm_signal"": 28, ""sleep_mode"": false, ""staff_mode"": false, ""fault_codes"": [], ""speed_limit"": 46, ""engine_hours"": 1591, ""idc_triggers"": [], ""buzzer_active"": false, ""fuel_level_avg"": 2, ""lock_geo_alert"": false, ""operation_mode"": ""RENT"", ""battery_voltage"": 14.800000190734863, ""in_primary_zone"": true, ""lock_engine_alert"": false, ""in_restricted_zone"": false, ""onboard_geofencing"": false, ""speed_limit_active"": false}"
2023-07-17 12:50:56.428,5237,13,"359159972073523",20,"{""key"": false, ""flip"": false, ""zone"": false, ""speed"": 24.8, ""buzzer"": 0, ""engine"": true, ""in_zone"": true, ""ignition"": true, ""latitude"": 42.6415666, ""direction"": 277, ""longitude"": 18.0862232, ""gsm_signal"": 28, ""sleep_mode"": false, ""staff_mode"": false, ""fault_codes"": [], ""speed_limit"": 46, ""engine_hours"": 1591, ""idc_triggers"": [], ""buzzer_active"": false, ""fuel_level_avg"": 2, ""lock_geo_alert"": false, ""operation_mode"": ""RENT"", ""battery_voltage"": 14.800000190734863, ""in_primary_zone"": true, ""lock_engine_alert"": false, ""in_restricted_zone"": false, ""onboard_geofencing"": false, ""speed_limit_active"": false}"
2023-07-17 12:50:55.556,5237,13,"359159972073523",20,"{""key"": false, ""flip"": false, ""zone"": false, ""speed"": 24.8, ""buzzer"": 0, ""engine"": true, ""in_zone"": true, ""ignition"": true, ""latitude"": 42.6415583, ""direction"": 276, ""longitude"": 18.0863066, ""gsm_signal"": 28, ""sleep_mode"": false, ""staff_mode"": false, ""fault_codes"": [], ""speed_limit"": 46, ""engine_hours"": 1591, ""idc_triggers"": [], ""buzzer_active"": false, ""fuel_level_avg"": 2, ""lock_geo_alert"": false, ""operation_mode"": ""RENT"", ""battery_voltage"": 14.800000190734863, ""in_primary_zone"": true, ""lock_engine_alert"": false, ""in_restricted_zone"": false, ""onboard_geofencing"": false, ""speed_limit_active"": false}"
2023-07-17 12:50:54.598,5237,13,"359159972073523",20,"{""key"": false, ""flip"": false, ""zone"": false, ""speed"": 23.6, ""buzzer"": 0, ""engine"": true, ""in_zone"": true, ""ignition"": true, ""latitude"": 42.6415516, ""direction"": 277, ""longitude"": 18.0863882, ""gsm_signal"": 29, ""sleep_mode"": false, ""staff_mode"": false, ""fault_codes"": [], ""speed_limit"": 46, ""engine_hours"": 1591, ""idc_triggers"": [], ""buzzer_active"": false, ""fuel_level_avg"": 2, ""lock_geo_alert"": false, ""operation_mode"": ""RENT"", ""battery_voltage"": 14.800000190734863, ""in_primary_zone"": true, ""lock_engine_alert"": false, ""in_restricted_zone"": false, ""onboard_geofencing"": false, ""speed_limit_active"": false}"
2023-07-17 12:50:53.959,5237,13,"359159972073523",20,"{""key"": false, ""flip"": false, ""zone"": false, ""speed"": 20.0, ""buzzer"": 0, ""engine"": true, ""in_zone"": true, ""ignition"": true, ""latitude"": 42.641545, ""direction"": 279, ""longitude"": 18.0864666, ""gsm_signal"": 29, ""sleep_mode"": false, ""staff_mode"": false, ""fault_codes"": [], ""speed_limit"": 46, ""engine_hours"": 1591, ""idc_triggers"": [], ""buzzer_active"": false, ""fuel_level_avg"": 2, ""lock_geo_alert"": false, ""operation_mode"": ""RENT"", ""battery_voltage"": 14.800000190734863, ""in_primary_zone"": true, ""lock_engine_alert"": false, ""in_restricted_zone"": false, ""onboard_geofencing"": false, ""speed_limit_active"": false}"
2023-07-17 12:50:52.479,5237,13,"359159972073523",20,"{""key"": false, ""flip"": false, ""zone"": false, ""speed"": 16.0, ""buzzer"": 0, ""engine"": true, ""in_zone"": true, ""ignition"": true, ""latitude"": 42.6415366, ""direction"": 280, ""longitude"": 18.0865282, ""gsm_signal"": 29, ""sleep_mode"": false, ""staff_mode"": false, ""fault_codes"": [], ""speed_limit"": 46, ""engine_hours"": 1591, ""idc_triggers"": [], ""buzzer_active"": false, ""fuel_level_avg"": 2, ""lock_geo_alert"": false, ""operation_mode"": ""RENT"", ""battery_voltage"": 14.800000190734863, ""in_primary_zone"": true, ""lock_engine_alert"": false, ""in_restricted_zone"": false, ""onboard_geofencing"": false, ""speed_limit_active"": false}"
2023-07-17 12:50:51.518,5237,13,"359159972073523",20,"{""key"": false, ""flip"": false, ""zone"": false, ""speed"": 13.9, ""buzzer"": 0, ""engine"": true, ""in_zone"": true, ""ignition"": true, ""latitude"": 42.64153, ""direction"": 281, ""longitude"": 18.08658, ""gsm_signal"": 28, ""sleep_mode"": false, ""staff_mode"": false, ""fault_codes"": [], ""speed_limit"": 46, ""engine_hours"": 1591, ""idc_triggers"": [], ""buzzer_active"": false, ""fuel_level_avg"": 2, ""lock_geo_alert"": false, ""operation_mode"": ""RENT"", ""battery_voltage"": 14.800000190734863, ""in_primary_zone"": true, ""lock_engine_alert"": false, ""in_restricted_zone"": false, ""onboard_geofencing"": false, ""speed_limit_active"": false}"
2023-07-17 12:50:50.919,5237,13,"359159972073523",20,"{""key"": false, ""flip"": false, ""zone"": false, ""speed"": 12.5, ""buzzer"": 0, ""engine"": true, ""in_zone"": true, ""ignition"": true, ""latitude"": 42.6415233, ""direction"": 282, ""longitude"": 18.086625, ""gsm_signal"": 28, ""sleep_mode"": false, ""staff_mode"": false, ""fault_codes"": [], ""speed_limit"": 46, ""engine_hours"": 1591, ""idc_triggers"": [], ""buzzer_active"": false, ""fuel_level_avg"": 2, ""lock_geo_alert"": false, ""operation_mode"": ""RENT"", ""battery_voltage"": 14.800000190734863, ""in_primary_zone"": true, ""lock_engine_alert"": false, ""in_restricted_zone"": false, ""onboard_geofencing"": false, ""speed_limit_active"": false}"
2023-07-17 12:50:49.420,5237,13,"359159972073523",20,"{""key"": false, ""flip"": false, ""zone"": false, ""speed"": 11.8, ""buzzer"": 0, ""engine"": true, ""in_zone"": true, ""ignition"": true, ""latitude"": 42.6415166, ""direction"": 283, ""longitude"": 18.086665, ""gsm_signal"": 28, ""sleep_mode"": false, ""staff_mode"": false, ""fault_codes"": [], ""speed_limit"": 46, ""engine_hours"": 1591, ""idc_triggers"": [], ""buzzer_active"": false, ""fuel_level_avg"": 2, ""lock_geo_alert"": false, ""operation_mode"": ""RENT"", ""battery_voltage"": 14.800000190734863, ""in_primary_zone"": true, ""lock_engine_alert"": false, ""in_restricted_zone"": false, ""onboard_geofencing"": false, ""speed_limit_active"": false}"
2023-07-17 12:50:48.441,5237,13,"359159972073523",20,"{""key"": false, ""flip"": false, ""zone"": false, ""speed"": 11.5, ""buzzer"": 0, ""engine"": true, ""in_zone"": true, ""ignition"": true, ""latitude"": 42.6415083, ""direction"": 284, ""longitude"": 18.0867032, ""gsm_signal"": 28, ""sleep_mode"": false, ""staff_mode"": false, ""fault_codes"": [], ""speed_limit"": 46, ""engine_hours"": 1591, ""idc_triggers"": [], ""buzzer_active"": false, ""fuel_level_avg"": 2, ""lock_geo_alert"": false, ""operation_mode"": ""RENT"", ""battery_voltage"": 14.800000190734863, ""in_primary_zone"": true, ""lock_engine_alert"": false, ""in_restricted_zone"": false, ""onboard_geofencing"": false, ""speed_limit_active"": false}"
2023-07-17 12:50:47.538,5237,13,"359159972073523",20,"{""key"": false, ""flip"": false, ""zone"": false, ""speed"": 15.2, ""buzzer"": 0, ""engine"": true, ""in_zone"": true, ""ignition"": true, ""latitude"": 42.6415, ""direction"": 286, ""longitude"": 18.086745, ""gsm_signal"": 28, ""sleep_mode"": false, ""staff_mode"": false, ""fault_codes"": [], ""speed_limit"": 46, ""engine_hours"": 1591, ""idc_triggers"": [], ""buzzer_active"": false, ""fuel_level_avg"": 2, ""lock_geo_alert"": false, ""operation_mode"": ""RENT"", ""battery_voltage"": 14.800000190734863, ""in_primary_zone"": true, ""lock_engine_alert"": false, ""in_restricted_zone"": false, ""onboard_geofencing"": false, ""speed_limit_active"": false}"
2023-07-17 12:50:46.975,5237,13,"359159972073523",20,"{""key"": false, ""flip"": false, ""zone"": false, ""speed"": 20.6, ""buzzer"": 0, ""engine"": true, ""in_zone"": true, ""ignition"": true, ""latitude"": 42.6414883, ""direction"": 287, ""longitude"": 18.0867982, ""gsm_signal"": 28, ""sleep_mode"": false, ""staff_mode"": false, ""fault_codes"": [], ""speed_limit"": 46, ""engine_hours"": 1591, ""idc_triggers"": [], ""buzzer_active"": false, ""fuel_level_avg"": 2, ""lock_geo_alert"": false, ""operation_mode"": ""RENT"", ""battery_voltage"": 14.800000190734863, ""in_primary_zone"": true, ""lock_engine_alert"": false, ""in_restricted_zone"": false, ""onboard_geofencing"": false, ""speed_limit_active"": false}"
2023-07-17 12:50:45.416,5237,13,"359159972073523",20,"{""key"": false, ""flip"": false, ""zone"": false, ""speed"": 28.9, ""buzzer"": 0, ""engine"": true, ""in_zone"": true, ""ignition"": true, ""latitude"": 42.6414733, ""direction"": 285, ""longitude"": 18.0868716, ""gsm_signal"": 29, ""sleep_mode"": false, ""staff_mode"": false, ""fault_codes"": [], ""speed_limit"": 46, ""engine_hours"": 1591, ""idc_triggers"": [], ""buzzer_active"": false, ""fuel_level_avg"": 2, ""lock_geo_alert"": false, ""operation_mode"": ""RENT"", ""battery_voltage"": 14.800000190734863, ""in_primary_zone"": true, ""lock_engine_alert"": false, ""in_restricted_zone"": false, ""onboard_geofencing"": false, ""speed_limit_active"": false}"
2023-07-17 12:50:44.422,5237,13,"359159972073523",20,"{""key"": false, ""flip"": false, ""zone"": false, ""speed"": 30.5, ""buzzer"": 0, ""engine"": true, ""in_zone"": true, ""ignition"": true, ""latitude"": 42.6414516, ""direction"": 287, ""longitude"": 18.0869682, ""gsm_signal"": 29, ""sleep_mode"": false, ""staff_mode"": false, ""fault_codes"": [], ""speed_limit"": 46, ""engine_hours"": 1591, ""idc_triggers"": [], ""buzzer_active"": false, ""fuel_level_avg"": 2, ""lock_geo_alert"": false, ""operation_mode"": ""RENT"", ""battery_voltage"": 14.800000190734863, ""in_primary_zone"": true, ""lock_engine_alert"": false, ""in_restricted_zone"": false, ""onboard_geofencing"": false, ""speed_limit_active"": false}"
2023-07-17 12:50:43.421,5237,13,"359159972073523",20,"{""key"": false, ""flip"": false, ""zone"": false, ""speed"": 32.3, ""buzzer"": 0, ""engine"": true, ""in_zone"": true, ""ignition"": true, ""latitude"": 42.6414283, ""direction"": 288, ""longitude"": 18.0870682, ""gsm_signal"": 29, ""sleep_mode"": false, ""staff_mode"": false, ""fault_codes"": [], ""speed_limit"": 46, ""engine_hours"": 1591, ""idc_triggers"": [], ""buzzer_active"": false, ""fuel_level_avg"": 0, ""lock_geo_alert"": false, ""operation_mode"": ""RENT"", ""battery_voltage"": 14.800000190734863, ""in_primary_zone"": true, ""lock_engine_alert"": false, ""in_restricted_zone"": false, ""onboard_geofencing"": false, ""speed_limit_active"": false}"
2023-07-17 12:50:42.475,5237,13,"359159972073523",20,"{""key"": false, ""flip"": false, ""zone"": false, ""speed"": 32.7, ""buzzer"": 0, ""engine"": true, ""in_zone"": true, ""ignition"": true, ""latitude"": 42.641405, ""direction"": 285, ""longitude"": 18.087175, ""gsm_signal"": 29, ""sleep_mode"": false, ""staff_mode"": false, ""fault_codes"": [], ""speed_limit"": 46, ""engine_hours"": 1591, ""idc_triggers"": [], ""buzzer_active"": false, ""fuel_level_avg"": 0, ""lock_geo_alert"": false, ""operation_mode"": ""RENT"", ""battery_voltage"": 14.800000190734863, ""in_primary_zone"": true, ""lock_engine_alert"": false, ""in_restricted_zone"": false, ""onboard_geofencing"": false, ""speed_limit_active"": false}"
2023-07-17 12:50:41.479,5237,13,"359159972073523",20,"{""key"": false, ""flip"": false, ""zone"": false, ""speed"": 32.5, ""buzzer"": 0, ""engine"": true, ""in_zone"": true, ""ignition"": true, ""latitude"": 42.6413816, ""direction"": 284, ""longitude"": 18.0872816, ""gsm_signal"": 29, ""sleep_mode"": false, ""staff_mode"": false, ""fault_codes"": [], ""speed_limit"": 46, ""engine_hours"": 1591, ""idc_triggers"": [], ""buzzer_active"": false, ""fuel_level_avg"": 0, ""lock_geo_alert"": false, ""operation_mode"": ""RENT"", ""battery_voltage"": 14.800000190734863, ""in_primary_zone"": true, ""lock_engine_alert"": false, ""in_restricted_zone"": false, ""onboard_geofencing"": false, ""speed_limit_active"": false}"
2023-07-17 12:50:40.957,5237,13,"359159972073523",20,"{""key"": false, ""flip"": false, ""zone"": false, ""speed"": 32.1, ""buzzer"": 0, ""engine"": true, ""in_zone"": true, ""ignition"": true, ""latitude"": 42.6413616, ""direction"": 284, ""longitude"": 18.0873882, ""gsm_signal"": 29, ""sleep_mode"": false, ""staff_mode"": false, ""fault_codes"": [], ""speed_limit"": 46, ""engine_hours"": 1591, ""idc_triggers"": [], ""buzzer_active"": false, ""fuel_level_avg"": 0, ""lock_geo_alert"": false, ""operation_mode"": ""RENT"", ""battery_voltage"": 14.800000190734863, ""in_primary_zone"": true, ""lock_engine_alert"": false, ""in_restricted_zone"": false, ""onboard_geofencing"": false, ""speed_limit_active"": false}"
2023-07-17 12:50:39.502,5237,13,"359159972073523",20,"{""key"": false, ""flip"": false, ""zone"": false, ""speed"": 33.8, ""buzzer"": 0, ""engine"": true, ""in_zone"": true, ""ignition"": true, ""latitude"": 42.6413416, ""direction"": 283, ""longitude"": 18.087495, ""gsm_signal"": 29, ""sleep_mode"": false, ""staff_mode"": false, ""fault_codes"": [], ""speed_limit"": 46, ""engine_hours"": 1591, ""idc_triggers"": [], ""buzzer_active"": false, ""fuel_level_avg"": 0, ""lock_geo_alert"": false, ""operation_mode"": ""RENT"", ""battery_voltage"": 14.800000190734863, ""in_primary_zone"": true, ""lock_engine_alert"": false, ""in_restricted_zone"": false, ""onboard_geofencing"": false, ""speed_limit_active"": false}"
2023-07-17 12:50:38.662,5237,13,"359159972073523",20,"{""key"": false, ""flip"": false, ""zone"": false, ""speed"": 35.4, ""buzzer"": 0, ""engine"": true, ""in_zone"": true, ""ignition"": true, ""latitude"": 42.64132, ""direction"": 281, ""longitude"": 18.0876066, ""gsm_signal"": 29, ""sleep_mode"": false, ""staff_mode"": false, ""fault_codes"": [], ""speed_limit"": 46, ""engine_hours"": 1591, ""idc_triggers"": [], ""buzzer_active"": false, ""fuel_level_avg"": 0, ""lock_geo_alert"": false, ""operation_mode"": ""RENT"", ""battery_voltage"": 14.800000190734863, ""in_primary_zone"": true, ""lock_engine_alert"": false, ""in_restricted_zone"": false, ""onboard_geofencing"": false, ""speed_limit_active"": false}"
2023-07-17 12:50:37.539,5237,13,"359159972073523",20,"{""key"": false, ""flip"": false, ""zone"": false, ""speed"": 37.8, ""buzzer"": 0, ""engine"": true, ""in_zone"": true, ""ignition"": true, ""latitude"": 42.6413033, ""direction"": 280, ""longitude"": 18.0877266, ""gsm_signal"": 29, ""sleep_mode"": false, ""staff_mode"": false, ""fault_codes"": [], ""speed_limit"": 46, ""engine_hours"": 1591, ""idc_triggers"": [], ""buzzer_active"": false, ""fuel_level_avg"": 0, ""lock_geo_alert"": false, ""operation_mode"": ""RENT"", ""battery_voltage"": 14.800000190734863, ""in_primary_zone"": true, ""lock_engine_alert"": false, ""in_restricted_zone"": false, ""onboard_geofencing"": false, ""speed_limit_active"": false}"
2023-07-17 12:50:36.939,5237,13,"359159972073523",20,"{""key"": false, ""flip"": false, ""zone"": false, ""speed"": 38.9, ""buzzer"": 0, ""engine"": true, ""in_zone"": true, ""ignition"": true, ""latitude"": 42.641285, ""direction"": 277, ""longitude"": 18.087855, ""gsm_signal"": 29, ""sleep_mode"": false, ""staff_mode"": false, ""fault_codes"": [], ""speed_limit"": 46, ""engine_hours"": 1591, ""idc_triggers"": [], ""buzzer_active"": false, ""fuel_level_avg"": 0, ""lock_geo_alert"": false, ""operation_mode"": ""RENT"", ""battery_voltage"": 14.800000190734863, ""in_primary_zone"": true, ""lock_engine_alert"": false, ""in_restricted_zone"": false, ""onboard_geofencing"": false, ""speed_limit_active"": false}"
2023-07-17 12:50:35.438,5237,13,"359159972073523",20,"{""key"": false, ""flip"": false, ""zone"": false, ""speed"": 39.7, ""buzzer"": 0, ""engine"": true, ""in_zone"": true, ""ignition"": true, ""latitude"": 42.6412716, ""direction"": 277, ""longitude"": 18.0879882, ""gsm_signal"": 29, ""sleep_mode"": false, ""staff_mode"": false, ""fault_codes"": [], ""speed_limit"": 46, ""engine_hours"": 1591, ""idc_triggers"": [], ""buzzer_active"": false, ""fuel_level_avg"": 0, ""lock_geo_alert"": false, ""operation_mode"": ""RENT"", ""battery_voltage"": 14.800000190734863, ""in_primary_zone"": true, ""lock_engine_alert"": false, ""in_restricted_zone"": false, ""onboard_geofencing"": false, ""speed_limit_active"": false}"
2023-07-17 12:50:35.020,5237,13,"359159972073523",20,"{""key"": false, ""flip"": false, ""zone"": false, ""speed"": 39.0, ""buzzer"": 0, ""engine"": true, ""in_zone"": true, ""ignition"": true, ""latitude"": 42.6412583, ""direction"": 276, ""longitude"": 18.0881232, ""gsm_signal"": 29, ""sleep_mode"": false, ""staff_mode"": false, ""fault_codes"": [], ""speed_limit"": 46, ""engine_hours"": 1591, ""idc_triggers"": [], ""buzzer_active"": false, ""fuel_level_avg"": 0, ""lock_geo_alert"": false, ""operation_mode"": ""RENT"", ""battery_voltage"": 14.800000190734863, ""in_primary_zone"": true, ""lock_engine_alert"": false, ""in_restricted_zone"": false, ""onboard_geofencing"": false, ""speed_limit_active"": false}"
2023-07-17 12:50:33.489,5237,13,"359159972073523",20,"{""key"": false, ""flip"": false, ""zone"": false, ""speed"": 39.3, ""buzzer"": 0, ""engine"": true, ""in_zone"": true, ""ignition"": true, ""latitude"": 42.6412466, ""direction"": 277, ""longitude"": 18.088255, ""gsm_signal"": 31, ""sleep_mode"": false, ""staff_mode"": false, ""fault_codes"": [], ""speed_limit"": 46, ""engine_hours"": 1591, ""idc_triggers"": [], ""buzzer_active"": false, ""fuel_level_avg"": 0, ""lock_geo_alert"": false, ""operation_mode"": ""RENT"", ""battery_voltage"": 14.800000190734863, ""in_primary_zone"": true, ""lock_engine_alert"": false, ""in_restricted_zone"": false, ""onboard_geofencing"": false, ""speed_limit_active"": false}"
2023-07-17 12:50:32.481,5237,13,"359159972073523",20,"{""key"": false, ""flip"": false, ""zone"": false, ""speed"": 38.6, ""buzzer"": 0, ""engine"": true, ""in_zone"": true, ""ignition"": true, ""latitude"": 42.6412333, ""direction"": 276, ""longitude"": 18.0883882, ""gsm_signal"": 31, ""sleep_mode"": false, ""staff_mode"": false, ""fault_codes"": [], ""speed_limit"": 46, ""engine_hours"": 1591, ""idc_triggers"": [], ""buzzer_active"": false, ""fuel_level_avg"": 0, ""lock_geo_alert"": false, ""operation_mode"": ""RENT"", ""battery_voltage"": 14.800000190734863, ""in_primary_zone"": true, ""lock_engine_alert"": false, ""in_restricted_zone"": false, ""onboard_geofencing"": false, ""speed_limit_active"": false}"
2023-07-17 12:50:31.897,5237,13,"359159972073523",20,"{""key"": false, ""flip"": false, ""zone"": false, ""speed"": 38.2, ""buzzer"": 0, ""engine"": true, ""in_zone"": true, ""ignition"": true, ""latitude"": 42.6412216, ""direction"": 278, ""longitude"": 18.0885182, ""gsm_signal"": 31, ""sleep_mode"": false, ""staff_mode"": false, ""fault_codes"": [], ""speed_limit"": 46, ""engine_hours"": 1591, ""idc_triggers"": [], ""buzzer_active"": false, ""fuel_level_avg"": 0, ""lock_geo_alert"": false, ""operation_mode"": ""RENT"", ""battery_voltage"": 14.800000190734863, ""in_primary_zone"": true, ""lock_engine_alert"": false, ""in_restricted_zone"": false, ""onboard_geofencing"": false, ""speed_limit_active"": false}"
2023-07-17 12:50:30.418,5237,13,"359159972073523",20,"{""key"": false, ""flip"": false, ""zone"": false, ""speed"": 37.3, ""buzzer"": 0, ""engine"": true, ""in_zone"": true, ""ignition"": true, ""latitude"": 42.6412066, ""direction"": 279, ""longitude"": 18.088645, ""gsm_signal"": 31, ""sleep_mode"": false, ""staff_mode"": false, ""fault_codes"": [], ""speed_limit"": 46, ""engine_hours"": 1591, ""idc_triggers"": [], ""buzzer_active"": false, ""fuel_level_avg"": 0, ""lock_geo_alert"": false, ""operation_mode"": ""RENT"", ""battery_voltage"": 14.800000190734863, ""in_primary_zone"": true, ""lock_engine_alert"": false, ""in_restricted_zone"": false, ""onboard_geofencing"": false, ""speed_limit_active"": false}"
2023-07-17 12:50:29.517,5237,13,"359159972073523",20,"{""key"": false, ""flip"": false, ""zone"": false, ""speed"": 38.4, ""buzzer"": 0, ""engine"": true, ""in_zone"": true, ""ignition"": true, ""latitude"": 42.64119, ""direction"": 280, ""longitude"": 18.0887716, ""gsm_signal"": 31, ""sleep_mode"": false, ""staff_mode"": false, ""fault_codes"": [], ""speed_limit"": 46, ""engine_hours"": 1591, ""idc_triggers"": [], ""buzzer_active"": false, ""fuel_level_avg"": 0, ""lock_geo_alert"": false, ""operation_mode"": ""RENT"", ""battery_voltage"": 14.800000190734863, ""in_primary_zone"": true, ""lock_engine_alert"": false, ""in_restricted_zone"": false, ""onboard_geofencing"": false, ""speed_limit_active"": false}"
2023-07-17 12:50:28.478,5237,13,"359159972073523",20,"{""key"": false, ""flip"": false, ""zone"": false, ""speed"": 38.2, ""buzzer"": 0, ""engine"": true, ""in_zone"": true, ""ignition"": true, ""latitude"": 42.6411716, ""direction"": 279, ""longitude"": 18.0889, ""gsm_signal"": 31, ""sleep_mode"": false, ""staff_mode"": false, ""fault_codes"": [], ""speed_limit"": 46, ""engine_hours"": 1591, ""idc_triggers"": [], ""buzzer_active"": false, ""fuel_level_avg"": 0, ""lock_geo_alert"": false, ""operation_mode"": ""RENT"", ""battery_voltage"": 14.800000190734863, ""in_primary_zone"": true, ""lock_engine_alert"": false, ""in_restricted_zone"": false, ""onboard_geofencing"": false, ""speed_limit_active"": false}"
2023-07-17 12:50:27.897,5237,13,"359159972073523",20,"{""key"": false, ""flip"": false, ""zone"": false, ""speed"": 38.2, ""buzzer"": 0, ""engine"": true, ""in_zone"": true, ""ignition"": true, ""latitude"": 42.6411566, ""direction"": 279, ""longitude"": 18.0890266, ""gsm_signal"": 31, ""sleep_mode"": false, ""staff_mode"": false, ""fault_codes"": [], ""speed_limit"": 46, ""engine_hours"": 1591, ""idc_triggers"": [], ""buzzer_active"": false, ""fuel_level_avg"": 0, ""lock_geo_alert"": false, ""operation_mode"": ""RENT"", ""battery_voltage"": 14.800000190734863, ""in_primary_zone"": true, ""lock_engine_alert"": false, ""in_restricted_zone"": false, ""onboard_geofencing"": false, ""speed_limit_active"": false}"
2023-07-17 12:50:26.440,5237,13,"359159972073523",20,"{""key"": false, ""flip"": false, ""zone"": false, ""speed"": 38.3, ""buzzer"": 0, ""engine"": true, ""in_zone"": true, ""ignition"": true, ""latitude"": 42.64114, ""direction"": 279, ""longitude"": 18.089155, ""gsm_signal"": 31, ""sleep_mode"": false, ""staff_mode"": false, ""fault_codes"": [], ""speed_limit"": 46, ""engine_hours"": 1591, ""idc_triggers"": [], ""buzzer_active"": false, ""fuel_level_avg"": 0, ""lock_geo_alert"": false, ""operation_mode"": ""RENT"", ""battery_voltage"": 14.800000190734863, ""in_primary_zone"": true, ""lock_engine_alert"": false, ""in_restricted_zone"": false, ""onboard_geofencing"": false, ""speed_limit_active"": false}"
2023-07-17 12:50:25.479,5237,13,"359159972073523",20,"{""key"": false, ""flip"": false, ""zone"": false, ""speed"": 39.2, ""buzzer"": 0, ""engine"": true, ""in_zone"": true, ""ignition"": true, ""latitude"": 42.6411233, ""direction"": 281, ""longitude"": 18.0892832, ""gsm_signal"": 31, ""sleep_mode"": false, ""staff_mode"": false, ""fault_codes"": [], ""speed_limit"": 46, ""engine_hours"": 1591, ""idc_triggers"": [], ""buzzer_active"": false, ""fuel_level_avg"": 0, ""lock_geo_alert"": false, ""operation_mode"": ""RENT"", ""battery_voltage"": 14.800000190734863, ""in_primary_zone"": true, ""lock_engine_alert"": false, ""in_restricted_zone"": false, ""onboard_geofencing"": false, ""speed_limit_active"": false}"
2023-07-17 12:50:24.517,5237,13,"359159972073523",20,"{""key"": false, ""flip"": false, ""zone"": false, ""speed"": 39.1, ""buzzer"": 0, ""engine"": true, ""in_zone"": true, ""ignition"": true, ""latitude"": 42.641105, ""direction"": 279, ""longitude"": 18.0894132, ""gsm_signal"": 31, ""sleep_mode"": false, ""staff_mode"": false, ""fault_codes"": [], ""speed_limit"": 46, ""engine_hours"": 1591, ""idc_triggers"": [], ""buzzer_active"": false, ""fuel_level_avg"": 0, ""lock_geo_alert"": false, ""operation_mode"": ""RENT"", ""battery_voltage"": 14.800000190734863, ""in_primary_zone"": true, ""lock_engine_alert"": false, ""in_restricted_zone"": false, ""onboard_geofencing"": false, ""speed_limit_active"": false}"
2023-07-17 12:50:23.576,5237,13,"359159972073523",20,"{""key"": false, ""flip"": false, ""zone"": false, ""speed"": 39.0, ""buzzer"": 0, ""engine"": true, ""in_zone"": true, ""ignition"": true, ""latitude"": 42.64109, ""direction"": 277, ""longitude"": 18.089545, ""gsm_signal"": 31, ""sleep_mode"": false, ""staff_mode"": false, ""fault_codes"": [], ""speed_limit"": 46, ""engine_hours"": 1591, ""idc_triggers"": [], ""buzzer_active"": false, ""fuel_level_avg"": 0, ""lock_geo_alert"": false, ""operation_mode"": ""RENT"", ""battery_voltage"": 14.800000190734863, ""in_primary_zone"": true, ""lock_engine_alert"": false, ""in_restricted_zone"": false, ""onboard_geofencing"": false, ""speed_limit_active"": false}"
2023-07-17 12:50:22.879,5237,13,"359159972073523",20,"{""key"": false, ""flip"": false, ""zone"": false, ""speed"": 38.6, ""buzzer"": 0, ""engine"": true, ""in_zone"": true, ""ignition"": true, ""latitude"": 42.6410766, ""direction"": 277, ""longitude"": 18.0896732, ""gsm_signal"": 31, ""sleep_mode"": false, ""staff_mode"": false, ""fault_codes"": [], ""speed_limit"": 46, ""engine_hours"": 1591, ""idc_triggers"": [], ""buzzer_active"": false, ""fuel_level_avg"": 0, ""lock_geo_alert"": false, ""operation_mode"": ""RENT"", ""battery_voltage"": 14.800000190734863, ""in_primary_zone"": true, ""lock_engine_alert"": false, ""in_restricted_zone"": false, ""onboard_geofencing"": false, ""speed_limit_active"": false}"
2023-07-17 12:50:21.417,5237,13,"359159972073523",20,"{""key"": false, ""flip"": false, ""zone"": false, ""speed"": 38.2, ""buzzer"": 0, ""engine"": true, ""in_zone"": true, ""ignition"": true, ""latitude"": 42.6410633, ""direction"": 278, ""longitude"": 18.0898032, ""gsm_signal"": 29, ""sleep_mode"": false, ""staff_mode"": false, ""fault_codes"": [], ""speed_limit"": 46, ""engine_hours"": 1591, ""idc_triggers"": [], ""buzzer_active"": false, ""fuel_level_avg"": 0, ""lock_geo_alert"": false, ""operation_mode"": ""RENT"", ""battery_voltage"": 14.800000190734863, ""in_primary_zone"": true, ""lock_engine_alert"": false, ""in_restricted_zone"": false, ""onboard_geofencing"": false, ""speed_limit_active"": false}"
2023-07-17 12:50:20.576,5237,13,"359159972073523",20,"{""key"": false, ""flip"": false, ""zone"": false, ""speed"": 37.5, ""buzzer"": 0, ""engine"": true, ""in_zone"": true, ""ignition"": true, ""latitude"": 42.64105, ""direction"": 279, ""longitude"": 18.08993, ""gsm_signal"": 29, ""sleep_mode"": false, ""staff_mode"": false, ""fault_codes"": [], ""speed_limit"": 46, ""engine_hours"": 1591, ""idc_triggers"": [], ""buzzer_active"": false, ""fuel_level_avg"": 0, ""lock_geo_alert"": false, ""operation_mode"": ""RENT"", ""battery_voltage"": 14.800000190734863, ""in_primary_zone"": true, ""lock_engine_alert"": false, ""in_restricted_zone"": false, ""onboard_geofencing"": false, ""speed_limit_active"": false}"
2023-07-17 12:50:19.977,5237,13,"359159972073523",20,"{""key"": false, ""flip"": false, ""zone"": false, ""speed"": 37.8, ""buzzer"": 0, ""engine"": true, ""in_zone"": true, ""ignition"": true, ""latitude"": 42.6410366, ""direction"": 277, ""longitude"": 18.0900566, ""gsm_signal"": 29, ""sleep_mode"": false, ""staff_mode"": false, ""fault_codes"": [], ""speed_limit"": 46, ""engine_hours"": 1591, ""idc_triggers"": [], ""buzzer_active"": false, ""fuel_level_avg"": 0, ""lock_geo_alert"": false, ""operation_mode"": ""RENT"", ""battery_voltage"": 14.800000190734863, ""in_primary_zone"": true, ""lock_engine_alert"": false, ""in_restricted_zone"": false, ""onboard_geofencing"": false, ""speed_limit_active"": false}"
2023-07-17 12:50:18.418,5237,13,"359159972073523",20,"{""key"": false, ""flip"": false, ""zone"": false, ""speed"": 39.4, ""buzzer"": 0, ""engine"": true, ""in_zone"": true, ""ignition"": true, ""latitude"": 42.6410216, ""direction"": 278, ""longitude"": 18.090185, ""gsm_signal"": 29, ""sleep_mode"": false, ""staff_mode"": false, ""fault_codes"": [], ""speed_limit"": 46, ""engine_hours"": 1591, ""idc_triggers"": [], ""buzzer_active"": false, ""fuel_level_avg"": 0, ""lock_geo_alert"": false, ""operation_mode"": ""RENT"", ""battery_voltage"": 14.800000190734863, ""in_primary_zone"": true, ""lock_engine_alert"": false, ""in_restricted_zone"": false, ""onboard_geofencing"": false, ""speed_limit_active"": false}"
2023-07-17 12:50:17.419,5237,13,"359159972073523",20,"{""key"": false, ""flip"": false, ""zone"": false, ""speed"": 38.0, ""buzzer"": 0, ""engine"": true, ""in_zone"": true, ""ignition"": true, ""latitude"": 42.6410066, ""direction"": 279, ""longitude"": 18.090315, ""gsm_signal"": 29, ""sleep_mode"": false, ""staff_mode"": false, ""fault_codes"": [], ""speed_limit"": 46, ""engine_hours"": 1591, ""idc_triggers"": [], ""buzzer_active"": false, ""fuel_level_avg"": 0, ""lock_geo_alert"": false, ""operation_mode"": ""RENT"", ""battery_voltage"": 14.800000190734863, ""in_primary_zone"": true, ""lock_engine_alert"": false, ""in_restricted_zone"": false, ""onboard_geofencing"": false, ""speed_limit_active"": false}"
2023-07-17 12:50:16.437,5237,13,"359159972073523",20,"{""key"": false, ""flip"": false, ""zone"": false, ""speed"": 37.1, ""buzzer"": 0, ""engine"": true, ""in_zone"": true, ""ignition"": true, ""latitude"": 42.64099, ""direction"": 279, ""longitude"": 18.09044, ""gsm_signal"": 29, ""sleep_mode"": false, ""staff_mode"": false, ""fault_codes"": [], ""speed_limit"": 46, ""engine_hours"": 1591, ""idc_triggers"": [], ""buzzer_active"": false, ""fuel_level_avg"": 0, ""lock_geo_alert"": false, ""operation_mode"": ""RENT"", ""battery_voltage"": 14.800000190734863, ""in_primary_zone"": true, ""lock_engine_alert"": false, ""in_restricted_zone"": false, ""onboard_geofencing"": false, ""speed_limit_active"": false}"
2023-07-17 12:50:15.438,5237,13,"359159972073523",20,"{""key"": false, ""flip"": false, ""zone"": false, ""speed"": 38.4, ""buzzer"": 0, ""engine"": true, ""in_zone"": true, ""ignition"": true, ""latitude"": 42.640975, ""direction"": 279, ""longitude"": 18.0905666, ""gsm_signal"": 29, ""sleep_mode"": false, ""staff_mode"": false, ""fault_codes"": [], ""speed_limit"": 46, ""engine_hours"": 1591, ""idc_triggers"": [], ""buzzer_active"": false, ""fuel_level_avg"": 0, ""lock_geo_alert"": false, ""operation_mode"": ""RENT"", ""battery_voltage"": 14.800000190734863, ""in_primary_zone"": true, ""lock_engine_alert"": false, ""in_restricted_zone"": false, ""onboard_geofencing"": false, ""speed_limit_active"": false}"
2023-07-17 12:50:14.516,5237,13,"359159972073523",20,"{""key"": false, ""flip"": false, ""zone"": false, ""speed"": 38.5, ""buzzer"": 0, ""engine"": true, ""in_zone"": true, ""ignition"": true, ""latitude"": 42.64096, ""direction"": 278, ""longitude"": 18.090695, ""gsm_signal"": 29, ""sleep_mode"": false, ""staff_mode"": false, ""fault_codes"": [], ""speed_limit"": 46, ""engine_hours"": 1591, ""idc_triggers"": [], ""buzzer_active"": false, ""fuel_level_avg"": 0, ""lock_geo_alert"": false, ""operation_mode"": ""RENT"", ""battery_voltage"": 14.800000190734863, ""in_primary_zone"": true, ""lock_engine_alert"": false, ""in_restricted_zone"": false, ""onboard_geofencing"": false, ""speed_limit_active"": false}"
2023-07-17 12:50:13.917,5237,13,"359159972073523",20,"{""key"": false, ""flip"": false, ""zone"": false, ""speed"": 38.8, ""buzzer"": 0, ""engine"": true, ""in_zone"": true, ""ignition"": true, ""latitude"": 42.6409466, ""direction"": 278, ""longitude"": 18.090825, ""gsm_signal"": 29, ""sleep_mode"": false, ""staff_mode"": false, ""fault_codes"": [], ""speed_limit"": 46, ""engine_hours"": 1591, ""idc_triggers"": [], ""buzzer_active"": false, ""fuel_level_avg"": 0, ""lock_geo_alert"": false, ""operation_mode"": ""RENT"", ""battery_voltage"": 14.800000190734863, ""in_primary_zone"": true, ""lock_engine_alert"": false, ""in_restricted_zone"": false, ""onboard_geofencing"": false, ""speed_limit_active"": false}"
2023-07-17 12:50:12.472,5237,13,"359159972073523",20,"{""key"": false, ""flip"": false, ""zone"": false, ""speed"": 38.9, ""buzzer"": 0, ""engine"": true, ""in_zone"": true, ""ignition"": true, ""latitude"": 42.6409316, ""direction"": 279, ""longitude"": 18.090955, ""gsm_signal"": 30, ""sleep_mode"": false, ""staff_mode"": false, ""fault_codes"": [], ""speed_limit"": 46, ""engine_hours"": 1591, ""idc_triggers"": [], ""buzzer_active"": false, ""fuel_level_avg"": 0, ""lock_geo_alert"": false, ""operation_mode"": ""RENT"", ""battery_voltage"": 14.800000190734863, ""in_primary_zone"": true, ""lock_engine_alert"": false, ""in_restricted_zone"": false, ""onboard_geofencing"": false, ""speed_limit_active"": false}"
2023-07-17 12:50:11.480,5237,13,"359159972073523",20,"{""key"": false, ""flip"": false, ""zone"": false, ""speed"": 39.3, ""buzzer"": 0, ""engine"": true, ""in_zone"": true, ""ignition"": true, ""latitude"": 42.6409166, ""direction"": 279, ""longitude"": 18.0910866, ""gsm_signal"": 30, ""sleep_mode"": false, ""staff_mode"": false, ""fault_codes"": [], ""speed_limit"": 46, ""engine_hours"": 1591, ""idc_triggers"": [], ""buzzer_active"": false, ""fuel_level_avg"": 0, ""lock_geo_alert"": false, ""operation_mode"": ""RENT"", ""battery_voltage"": 14.800000190734863, ""in_primary_zone"": true, ""lock_engine_alert"": false, ""in_restricted_zone"": false, ""onboard_geofencing"": false, ""speed_limit_active"": false}"
2023-07-17 12:50:10.537,5237,13,"359159972073523",20,"{""key"": false, ""flip"": false, ""zone"": false, ""speed"": 36.7, ""buzzer"": 0, ""engine"": true, ""in_zone"": true, ""ignition"": true, ""latitude"": 42.6409, ""direction"": 279, ""longitude"": 18.091215, ""gsm_signal"": 30, ""sleep_mode"": false, ""staff_mode"": false, ""fault_codes"": [], ""speed_limit"": 46, ""engine_hours"": 1591, ""idc_triggers"": [], ""buzzer_active"": false, ""fuel_level_avg"": 0, ""lock_geo_alert"": false, ""operation_mode"": ""RENT"", ""battery_voltage"": 14.800000190734863, ""in_primary_zone"": true, ""lock_engine_alert"": false, ""in_restricted_zone"": false, ""onboard_geofencing"": false, ""speed_limit_active"": false}"
2023-07-17 12:50:09.896,5237,13,"359159972073523",20,"{""key"": false, ""flip"": false, ""zone"": false, ""speed"": 35.9, ""buzzer"": 0, ""engine"": true, ""in_zone"": true, ""ignition"": true, ""latitude"": 42.640885, ""direction"": 279, ""longitude"": 18.0913366, ""gsm_signal"": 30, ""sleep_mode"": false, ""staff_mode"": false, ""fault_codes"": [], ""speed_limit"": 46, ""engine_hours"": 1591, ""idc_triggers"": [], ""buzzer_active"": false, ""fuel_level_avg"": 0, ""lock_geo_alert"": false, ""operation_mode"": ""RENT"", ""battery_voltage"": 14.800000190734863, ""in_primary_zone"": true, ""lock_engine_alert"": false, ""in_restricted_zone"": false, ""onboard_geofencing"": false, ""speed_limit_active"": false}"
2023-07-17 12:50:08.424,5237,13,"359159972073523",20,"{""key"": false, ""flip"": false, ""zone"": false, ""speed"": 36.9, ""buzzer"": 0, ""engine"": true, ""in_zone"": true, ""ignition"": true, ""latitude"": 42.64087, ""direction"": 279, ""longitude"": 18.0914566, ""gsm_signal"": 30, ""sleep_mode"": false, ""staff_mode"": false, ""fault_codes"": [], ""speed_limit"": 46, ""engine_hours"": 1591, ""idc_triggers"": [], ""buzzer_active"": false, ""fuel_level_avg"": 0, ""lock_geo_alert"": false, ""operation_mode"": ""RENT"", ""battery_voltage"": 14.800000190734863, ""in_primary_zone"": true, ""lock_engine_alert"": false, ""in_restricted_zone"": false, ""onboard_geofencing"": false, ""speed_limit_active"": false}"
2023-07-17 12:50:07.461,5237,13,"359159972073523",20,"{""key"": false, ""flip"": false, ""zone"": false, ""speed"": 37.2, ""buzzer"": 0, ""engine"": true, ""in_zone"": true, ""ignition"": true, ""latitude"": 42.6408533, ""direction"": 281, ""longitude"": 18.09158, ""gsm_signal"": 30, ""sleep_mode"": false, ""staff_mode"": false, ""fault_codes"": [], ""speed_limit"": 46, ""engine_hours"": 1591, ""idc_triggers"": [], ""buzzer_active"": false, ""fuel_level_avg"": 0, ""lock_geo_alert"": false, ""operation_mode"": ""RENT"", ""battery_voltage"": 14.800000190734863, ""in_primary_zone"": true, ""lock_engine_alert"": false, ""in_restricted_zone"": false, ""onboard_geofencing"": false, ""speed_limit_active"": false}"
2023-07-17 12:50:06.680,5237,13,"359159972073523",20,"{""key"": false, ""flip"": false, ""zone"": false, ""speed"": 37.5, ""buzzer"": 0, ""engine"": true, ""in_zone"": true, ""ignition"": true, ""latitude"": 42.6408333, ""direction"": 280, ""longitude"": 18.0917016, ""gsm_signal"": 30, ""sleep_mode"": false, ""staff_mode"": false, ""fault_codes"": [], ""speed_limit"": 46, ""engine_hours"": 1591, ""idc_triggers"": [], ""buzzer_active"": false, ""fuel_level_avg"": 0, ""lock_geo_alert"": false, ""operation_mode"": ""RENT"", ""battery_voltage"": 14.800000190734863, ""in_primary_zone"": true, ""lock_engine_alert"": false, ""in_restricted_zone"": false, ""onboard_geofencing"": false, ""speed_limit_active"": false}"
2023-07-17 12:50:06.056,5237,13,"359159972073523",20,"{""key"": false, ""flip"": false, ""zone"": false, ""speed"": 38.6, ""buzzer"": 0, ""engine"": true, ""in_zone"": true, ""ignition"": true, ""latitude"": 42.640815, ""direction"": 280, ""longitude"": 18.0918266, ""gsm_signal"": 30, ""sleep_mode"": false, ""staff_mode"": false, ""fault_codes"": [], ""speed_limit"": 46, ""engine_hours"": 1591, ""idc_triggers"": [], ""buzzer_active"": false, ""fuel_level_avg"": 0, ""lock_geo_alert"": false, ""operation_mode"": ""RENT"", ""battery_voltage"": 14.800000190734863, ""in_primary_zone"": true, ""lock_engine_alert"": false, ""in_restricted_zone"": false, ""onboard_geofencing"": false, ""speed_limit_active"": false}"
2023-07-17 12:50:04.478,5237,13,"359159972073523",20,"{""key"": false, ""flip"": false, ""zone"": false, ""speed"": 38.6, ""buzzer"": 0, ""engine"": true, ""in_zone"": true, ""ignition"": true, ""latitude"": 42.6407966, ""direction"": 281, ""longitude"": 18.091955, ""gsm_signal"": 30, ""sleep_mode"": false, ""staff_mode"": false, ""fault_codes"": [], ""speed_limit"": 46, ""engine_hours"": 1591, ""idc_triggers"": [], ""buzzer_active"": false, ""fuel_level_avg"": 0, ""lock_geo_alert"": false, ""operation_mode"": ""RENT"", ""battery_voltage"": 14.800000190734863, ""in_primary_zone"": true, ""lock_engine_alert"": false, ""in_restricted_zone"": false, ""onboard_geofencing"": false, ""speed_limit_active"": false}"
2023-07-17 12:50:03.618,5237,13,"359159972073523",20,"{""key"": false, ""flip"": false, ""zone"": false, ""speed"": 39.3, ""buzzer"": 0, ""engine"": true, ""in_zone"": true, ""ignition"": true, ""latitude"": 42.6407766, ""direction"": 279, ""longitude"": 18.0920832, ""gsm_signal"": 30, ""sleep_mode"": false, ""staff_mode"": false, ""fault_codes"": [], ""speed_limit"": 46, ""engine_hours"": 1591, ""idc_triggers"": [], ""buzzer_active"": false, ""fuel_level_avg"": 0, ""lock_geo_alert"": false, ""operation_mode"": ""RENT"", ""battery_voltage"": 14.800000190734863, ""in_primary_zone"": true, ""lock_engine_alert"": false, ""in_restricted_zone"": false, ""onboard_geofencing"": false, ""speed_limit_active"": false}"
2023-07-17 12:50:02.918,5237,13,"359159972073523",20,"{""key"": false, ""flip"": false, ""zone"": false, ""speed"": 38.8, ""buzzer"": 0, ""engine"": true, ""in_zone"": true, ""ignition"": true, ""latitude"": 42.6407616, ""direction"": 278, ""longitude"": 18.092215, ""gsm_signal"": 30, ""sleep_mode"": false, ""staff_mode"": false, ""fault_codes"": [], ""speed_limit"": 46, ""engine_hours"": 1591, ""idc_triggers"": [], ""buzzer_active"": false, ""fuel_level_avg"": 0, ""lock_geo_alert"": false, ""operation_mode"": ""RENT"", ""battery_voltage"": 14.800000190734863, ""in_primary_zone"": true, ""lock_engine_alert"": false, ""in_restricted_zone"": false, ""onboard_geofencing"": false, ""speed_limit_active"": false}"
2023-07-17 12:50:01.459,5237,13,"359159972073523",20,"{""key"": false, ""flip"": false, ""zone"": false, ""speed"": 36.6, ""buzzer"": 0, ""engine"": true, ""in_zone"": true, ""ignition"": true, ""latitude"": 42.6407466, ""direction"": 279, ""longitude"": 18.0923482, ""gsm_signal"": 30, ""sleep_mode"": false, ""staff_mode"": false, ""fault_codes"": [], ""speed_limit"": 46, ""engine_hours"": 1591, ""idc_triggers"": [], ""buzzer_active"": false, ""fuel_level_avg"": 0, ""lock_geo_alert"": false, ""operation_mode"": ""RENT"", ""battery_voltage"": 14.800000190734863, ""in_primary_zone"": true, ""lock_engine_alert"": false, ""in_restricted_zone"": false, ""onboard_geofencing"": false, ""speed_limit_active"": false}"
2023-07-17 12:50:00.597,5237,13,"359159972073523",20,"{""key"": false, ""flip"": false, ""zone"": false, ""speed"": 34.6, ""buzzer"": 0, ""engine"": true, ""in_zone"": true, ""ignition"": true, ""latitude"": 42.6407333, ""direction"": 280, ""longitude"": 18.0924682, ""gsm_signal"": 30, ""sleep_mode"": false, ""staff_mode"": false, ""fault_codes"": [], ""speed_limit"": 46, ""engine_hours"": 1591, ""idc_triggers"": [], ""buzzer_active"": false, ""fuel_level_avg"": 0, ""lock_geo_alert"": false, ""operation_mode"": ""RENT"", ""battery_voltage"": 14.800000190734863, ""in_primary_zone"": true, ""lock_engine_alert"": false, ""in_restricted_zone"": false, ""onboard_geofencing"": false, ""speed_limit_active"": false}"
2023-07-17 12:49:59.539,5237,13,"359159972073523",20,"{""key"": false, ""flip"": false, ""zone"": false, ""speed"": 34.7, ""buzzer"": 0, ""engine"": true, ""in_zone"": true, ""ignition"": true, ""latitude"": 42.6407166, ""direction"": 281, ""longitude"": 18.0925832, ""gsm_signal"": 30, ""sleep_mode"": false, ""staff_mode"": false, ""fault_codes"": [], ""speed_limit"": 46, ""engine_hours"": 1591, ""idc_triggers"": [], ""buzzer_active"": false, ""fuel_level_avg"": 0, ""lock_geo_alert"": false, ""operation_mode"": ""RENT"", ""battery_voltage"": 14.800000190734863, ""in_primary_zone"": true, ""lock_engine_alert"": false, ""in_restricted_zone"": false, ""onboard_geofencing"": false, ""speed_limit_active"": false}"
2023-07-17 12:49:59.018,5237,13,"359159972073523",20,"{""key"": false, ""flip"": false, ""zone"": false, ""speed"": 35.7, ""buzzer"": 0, ""engine"": true, ""in_zone"": true, ""ignition"": true, ""latitude"": 42.6406983, ""direction"": 281, ""longitude"": 18.0927, ""gsm_signal"": 30, ""sleep_mode"": false, ""staff_mode"": false, ""fault_codes"": [], ""speed_limit"": 46, ""engine_hours"": 1591, ""idc_triggers"": [], ""buzzer_active"": false, ""fuel_level_avg"": 0, ""lock_geo_alert"": false, ""operation_mode"": ""RENT"", ""battery_voltage"": 14.800000190734863, ""in_primary_zone"": true, ""lock_engine_alert"": false, ""in_restricted_zone"": false, ""onboard_geofencing"": false, ""speed_limit_active"": false}"
2023-07-17 12:49:57.520,5237,13,"359159972073523",20,"{""key"": false, ""flip"": false, ""zone"": false, ""speed"": 33.1, ""buzzer"": 0, ""engine"": true, ""in_zone"": true, ""ignition"": true, ""latitude"": 42.64068, ""direction"": 281, ""longitude"": 18.0928166, ""gsm_signal"": 30, ""sleep_mode"": false, ""staff_mode"": false, ""fault_codes"": [], ""speed_limit"": 46, ""engine_hours"": 1591, ""idc_triggers"": [], ""buzzer_active"": false, ""fuel_level_avg"": 0, ""lock_geo_alert"": false, ""operation_mode"": ""RENT"", ""battery_voltage"": 14.800000190734863, ""in_primary_zone"": true, ""lock_engine_alert"": false, ""in_restricted_zone"": false, ""onboard_geofencing"": false, ""speed_limit_active"": false}"
2023-07-17 12:49:56.438,5237,13,"359159972073523",20,"{""key"": false, ""flip"": false, ""zone"": false, ""speed"": 33.8, ""buzzer"": 0, ""engine"": true, ""in_zone"": true, ""ignition"": true, ""latitude"": 42.6406633, ""direction"": 282, ""longitude"": 18.0929266, ""gsm_signal"": 30, ""sleep_mode"": false, ""staff_mode"": false, ""fault_codes"": [], ""speed_limit"": 46, ""engine_hours"": 1591, ""idc_triggers"": [], ""buzzer_active"": false, ""fuel_level_avg"": 0, ""lock_geo_alert"": false, ""operation_mode"": ""RENT"", ""battery_voltage"": 14.800000190734863, ""in_primary_zone"": true, ""lock_engine_alert"": false, ""in_restricted_zone"": false, ""onboard_geofencing"": false, ""speed_limit_active"": false}"
2023-07-17 12:49:55.958,5237,13,"359159972073523",20,"{""key"": false, ""flip"": false, ""zone"": false, ""speed"": 36.5, ""buzzer"": 0, ""engine"": true, ""in_zone"": true, ""ignition"": true, ""latitude"": 42.640645, ""direction"": 281, ""longitude"": 18.09304, ""gsm_signal"": 30, ""sleep_mode"": false, ""staff_mode"": false, ""fault_codes"": [], ""speed_limit"": 46, ""engine_hours"": 1591, ""idc_triggers"": [], ""buzzer_active"": false, ""fuel_level_avg"": 0, ""lock_geo_alert"": false, ""operation_mode"": ""RENT"", ""battery_voltage"": 14.800000190734863, ""in_primary_zone"": true, ""lock_engine_alert"": false, ""in_restricted_zone"": false, ""onboard_geofencing"": false, ""speed_limit_active"": false}"
2023-07-17 12:49:54.417,5237,13,"359159972073523",20,"{""key"": false, ""flip"": false, ""zone"": false, ""speed"": 37.5, ""buzzer"": 0, ""engine"": true, ""in_zone"": true, ""ignition"": true, ""latitude"": 42.6406266, ""direction"": 281, ""longitude"": 18.0931632, ""gsm_signal"": 30, ""sleep_mode"": false, ""staff_mode"": false, ""fault_codes"": [], ""speed_limit"": 46, ""engine_hours"": 1591, ""idc_triggers"": [], ""buzzer_active"": false, ""fuel_level_avg"": 0, ""lock_geo_alert"": false, ""operation_mode"": ""RENT"", ""battery_voltage"": 14.800000190734863, ""in_primary_zone"": true, ""lock_engine_alert"": false, ""in_restricted_zone"": false, ""onboard_geofencing"": false, ""speed_limit_active"": false}"
2023-07-17 12:49:53.420,5237,13,"359159972073523",20,"{""key"": false, ""flip"": false, ""zone"": false, ""speed"": 37.5, ""buzzer"": 0, ""engine"": true, ""in_zone"": true, ""ignition"": true, ""latitude"": 42.6406066, ""direction"": 282, ""longitude"": 18.0932882, ""gsm_signal"": 30, ""sleep_mode"": false, ""staff_mode"": false, ""fault_codes"": [], ""speed_limit"": 46, ""engine_hours"": 1591, ""idc_triggers"": [], ""buzzer_active"": false, ""fuel_level_avg"": 0, ""lock_geo_alert"": false, ""operation_mode"": ""RENT"", ""battery_voltage"": 14.800000190734863, ""in_primary_zone"": true, ""lock_engine_alert"": false, ""in_restricted_zone"": false, ""onboard_geofencing"": false, ""speed_limit_active"": false}"
2023-07-17 12:49:52.435,5237,13,"359159972073523",20,"{""key"": false, ""flip"": false, ""zone"": false, ""speed"": 37.5, ""buzzer"": 0, ""engine"": true, ""in_zone"": true, ""ignition"": true, ""latitude"": 42.6405866, ""direction"": 282, ""longitude"": 18.0934132, ""gsm_signal"": 30, ""sleep_mode"": false, ""staff_mode"": false, ""fault_codes"": [], ""speed_limit"": 46, ""engine_hours"": 1591, ""idc_triggers"": [], ""buzzer_active"": false, ""fuel_level_avg"": 0, ""lock_geo_alert"": false, ""operation_mode"": ""RENT"", ""battery_voltage"": 14.800000190734863, ""in_primary_zone"": true, ""lock_engine_alert"": false, ""in_restricted_zone"": false, ""onboard_geofencing"": false, ""speed_limit_active"": false}"
2023-07-17 12:49:51.441,5237,13,"359159972073523",20,"{""key"": false, ""flip"": false, ""zone"": false, ""speed"": 36.0, ""buzzer"": 0, ""engine"": true, ""in_zone"": true, ""ignition"": true, ""latitude"": 42.6405683, ""direction"": 282, ""longitude"": 18.093535, ""gsm_signal"": 30, ""sleep_mode"": false, ""staff_mode"": false, ""fault_codes"": [], ""speed_limit"": 46, ""engine_hours"": 1591, ""idc_triggers"": [], ""buzzer_active"": false, ""fuel_level_avg"": 0, ""lock_geo_alert"": false, ""operation_mode"": ""RENT"", ""battery_voltage"": 14.800000190734863, ""in_primary_zone"": true, ""lock_engine_alert"": false, ""in_restricted_zone"": false, ""onboard_geofencing"": false, ""speed_limit_active"": false}"
2023-07-17 12:49:51.019,5237,13,"359159972073523",20,"{""key"": false, ""flip"": false, ""zone"": false, ""speed"": 35.4, ""buzzer"": 0, ""engine"": true, ""in_zone"": true, ""ignition"": true, ""latitude"": 42.6405483, ""direction"": 282, ""longitude"": 18.0936532, ""gsm_signal"": 30, ""sleep_mode"": false, ""staff_mode"": false, ""fault_codes"": [], ""speed_limit"": 46, ""engine_hours"": 1591, ""idc_triggers"": [], ""buzzer_active"": false, ""fuel_level_avg"": 0, ""lock_geo_alert"": false, ""operation_mode"": ""RENT"", ""battery_voltage"": 14.800000190734863, ""in_primary_zone"": true, ""lock_engine_alert"": false, ""in_restricted_zone"": false, ""onboard_geofencing"": false, ""speed_limit_active"": false}"
2023-07-17 12:49:49.418,5237,13,"359159972073523",20,"{""key"": false, ""flip"": false, ""zone"": false, ""speed"": 35.8, ""buzzer"": 0, ""engine"": true, ""in_zone"": true, ""ignition"": true, ""latitude"": 42.64053, ""direction"": 281, ""longitude"": 18.0937716, ""gsm_signal"": 30, ""sleep_mode"": false, ""staff_mode"": false, ""fault_codes"": [], ""speed_limit"": 46, ""engine_hours"": 1591, ""idc_triggers"": [], ""buzzer_active"": false, ""fuel_level_avg"": 0, ""lock_geo_alert"": false, ""operation_mode"": ""RENT"", ""battery_voltage"": 14.800000190734863, ""in_primary_zone"": true, ""lock_engine_alert"": false, ""in_restricted_zone"": false, ""onboard_geofencing"": false, ""speed_limit_active"": false}"
2023-07-17 12:49:48.421,5237,13,"359159972073523",20,"{""key"": false, ""flip"": false, ""zone"": false, ""speed"": 35.9, ""buzzer"": 0, ""engine"": true, ""in_zone"": true, ""ignition"": true, ""latitude"": 42.640511599999996, ""direction"": 281, ""longitude"": 18.0938916, ""gsm_signal"": 30, ""sleep_mode"": false, ""staff_mode"": false, ""fault_codes"": [], ""speed_limit"": 46, ""engine_hours"": 1591, ""idc_triggers"": [], ""buzzer_active"": false, ""fuel_level_avg"": 0, ""lock_geo_alert"": false, ""operation_mode"": ""RENT"", ""battery_voltage"": 14.800000190734863, ""in_primary_zone"": true, ""lock_engine_alert"": false, ""in_restricted_zone"": false, ""onboard_geofencing"": false, ""speed_limit_active"": false}"
2023-07-17 12:49:47.500,5237,13,"359159972073523",20,"{""key"": false, ""flip"": false, ""zone"": false, ""speed"": 35.9, ""buzzer"": 0, ""engine"": true, ""in_zone"": true, ""ignition"": true, ""latitude"": 42.6404933, ""direction"": 282, ""longitude"": 18.09401, ""gsm_signal"": 30, ""sleep_mode"": false, ""staff_mode"": false, ""fault_codes"": [], ""speed_limit"": 46, ""engine_hours"": 1591, ""idc_triggers"": [], ""buzzer_active"": false, ""fuel_level_avg"": 0, ""lock_geo_alert"": false, ""operation_mode"": ""RENT"", ""battery_voltage"": 14.800000190734863, ""in_primary_zone"": true, ""lock_engine_alert"": false, ""in_restricted_zone"": false, ""onboard_geofencing"": false, ""speed_limit_active"": false}"
2023-07-17 12:49:46.499,5237,13,"359159972073523",20,"{""key"": false, ""flip"": false, ""zone"": false, ""speed"": 36.2, ""buzzer"": 0, ""engine"": true, ""in_zone"": true, ""ignition"": true, ""latitude"": 42.640475, ""direction"": 282, ""longitude"": 18.09413, ""gsm_signal"": 30, ""sleep_mode"": false, ""staff_mode"": false, ""fault_codes"": [], ""speed_limit"": 46, ""engine_hours"": 1591, ""idc_triggers"": [], ""buzzer_active"": false, ""fuel_level_avg"": 0, ""lock_geo_alert"": false, ""operation_mode"": ""RENT"", ""battery_voltage"": 14.800000190734863, ""in_primary_zone"": true, ""lock_engine_alert"": false, ""in_restricted_zone"": false, ""onboard_geofencing"": false, ""speed_limit_active"": false}"
2023-07-17 12:49:45.719,5237,13,"359159972073523",20,"{""key"": false, ""flip"": false, ""zone"": false, ""speed"": 35.8, ""buzzer"": 0, ""engine"": true, ""in_zone"": true, ""ignition"": true, ""latitude"": 42.640455, ""direction"": 283, ""longitude"": 18.09425, ""gsm_signal"": 29, ""sleep_mode"": false, ""staff_mode"": false, ""fault_codes"": [], ""speed_limit"": 46, ""engine_hours"": 1591, ""idc_triggers"": [], ""buzzer_active"": false, ""fuel_level_avg"": 0, ""lock_geo_alert"": false, ""operation_mode"": ""RENT"", ""battery_voltage"": 14.800000190734863, ""in_primary_zone"": true, ""lock_engine_alert"": false, ""in_restricted_zone"": false, ""onboard_geofencing"": false, ""speed_limit_active"": false}"
2023-07-17 12:49:44.968,5237,13,"359159972073523",20,"{""key"": false, ""flip"": false, ""zone"": false, ""speed"": 34.0, ""buzzer"": 0, ""engine"": true, ""in_zone"": true, ""ignition"": true, ""latitude"": 42.640435, ""direction"": 283, ""longitude"": 18.0943682, ""gsm_signal"": 29, ""sleep_mode"": false, ""staff_mode"": false, ""fault_codes"": [], ""speed_limit"": 46, ""engine_hours"": 1591, ""idc_triggers"": [], ""buzzer_active"": false, ""fuel_level_avg"": 0, ""lock_geo_alert"": false, ""operation_mode"": ""RENT"", ""battery_voltage"": 14.800000190734863, ""in_primary_zone"": true, ""lock_engine_alert"": false, ""in_restricted_zone"": false, ""onboard_geofencing"": false, ""speed_limit_active"": false}"
2023-07-17 12:49:43.418,5237,13,"359159972073523",20,"{""key"": false, ""flip"": false, ""zone"": false, ""speed"": 33.4, ""buzzer"": 0, ""engine"": true, ""in_zone"": true, ""ignition"": true, ""latitude"": 42.640415, ""direction"": 283, ""longitude"": 18.0944782, ""gsm_signal"": 29, ""sleep_mode"": false, ""staff_mode"": false, ""fault_codes"": [], ""speed_limit"": 46, ""engine_hours"": 1591, ""idc_triggers"": [], ""buzzer_active"": false, ""fuel_level_avg"": 0, ""lock_geo_alert"": false, ""operation_mode"": ""RENT"", ""battery_voltage"": 14.800000190734863, ""in_primary_zone"": true, ""lock_engine_alert"": false, ""in_restricted_zone"": false, ""onboard_geofencing"": false, ""speed_limit_active"": false}"
2023-07-17 12:49:42.419,5237,13,"359159972073523",20,"{""key"": false, ""flip"": false, ""zone"": false, ""speed"": 33.2, ""buzzer"": 0, ""engine"": true, ""in_zone"": true, ""ignition"": true, ""latitude"": 42.640395, ""direction"": 281, ""longitude"": 18.0945882, ""gsm_signal"": 28, ""sleep_mode"": false, ""staff_mode"": false, ""fault_codes"": [], ""speed_limit"": 46, ""engine_hours"": 1591, ""idc_triggers"": [], ""buzzer_active"": false, ""fuel_level_avg"": 0, ""lock_geo_alert"": false, ""operation_mode"": ""RENT"", ""battery_voltage"": 14.800000190734863, ""in_primary_zone"": true, ""lock_engine_alert"": false, ""in_restricted_zone"": false, ""onboard_geofencing"": false, ""speed_limit_active"": false}"
2023-07-17 12:49:41.437,5237,13,"359159972073523",20,"{""key"": false, ""flip"": false, ""zone"": false, ""speed"": 31.1, ""buzzer"": 0, ""engine"": true, ""in_zone"": true, ""ignition"": true, ""latitude"": 42.64038, ""direction"": 280, ""longitude"": 18.0946966, ""gsm_signal"": 28, ""sleep_mode"": false, ""staff_mode"": false, ""fault_codes"": [], ""speed_limit"": 46, ""engine_hours"": 1591, ""idc_triggers"": [], ""buzzer_active"": false, ""fuel_level_avg"": 0, ""lock_geo_alert"": false, ""operation_mode"": ""RENT"", ""battery_voltage"": 14.800000190734863, ""in_primary_zone"": true, ""lock_engine_alert"": false, ""in_restricted_zone"": false, ""onboard_geofencing"": false, ""speed_limit_active"": false}"
2023-07-17 12:49:40.477,5237,13,"359159972073523",20,"{""key"": false, ""flip"": false, ""zone"": false, ""speed"": 27.7, ""buzzer"": 0, ""engine"": true, ""in_zone"": true, ""ignition"": true, ""latitude"": 42.640365, ""direction"": 282, ""longitude"": 18.0947966, ""gsm_signal"": 28, ""sleep_mode"": false, ""staff_mode"": false, ""fault_codes"": [], ""speed_limit"": 46, ""engine_hours"": 1591, ""idc_triggers"": [], ""buzzer_active"": false, ""fuel_level_avg"": 0, ""lock_geo_alert"": false, ""operation_mode"": ""RENT"", ""battery_voltage"": 14.800000190734863, ""in_primary_zone"": true, ""lock_engine_alert"": false, ""in_restricted_zone"": false, ""onboard_geofencing"": false, ""speed_limit_active"": false}"
2023-07-17 12:49:39.898,5237,13,"359159972073523",20,"{""key"": false, ""flip"": false, ""zone"": false, ""speed"": 24.1, ""buzzer"": 0, ""engine"": true, ""in_zone"": true, ""ignition"": true, ""latitude"": 42.64035, ""direction"": 285, ""longitude"": 18.094885, ""gsm_signal"": 29, ""sleep_mode"": false, ""staff_mode"": false, ""fault_codes"": [], ""speed_limit"": 46, ""engine_hours"": 1591, ""idc_triggers"": [], ""buzzer_active"": false, ""fuel_level_avg"": 0, ""lock_geo_alert"": false, ""operation_mode"": ""RENT"", ""battery_voltage"": 14.800000190734863, ""in_primary_zone"": true, ""lock_engine_alert"": false, ""in_restricted_zone"": false, ""onboard_geofencing"": false, ""speed_limit_active"": false}"
2023-07-17 12:49:38.442,5237,13,"359159972073523",20,"{""key"": false, ""flip"": false, ""zone"": false, ""speed"": 20.3, ""buzzer"": 0, ""engine"": true, ""in_zone"": true, ""ignition"": true, ""latitude"": 42.640335, ""direction"": 287, ""longitude"": 18.0949666, ""gsm_signal"": 29, ""sleep_mode"": false, ""staff_mode"": false, ""fault_codes"": [], ""speed_limit"": 46, ""engine_hours"": 1591, ""idc_triggers"": [], ""buzzer_active"": false, ""fuel_level_avg"": 0, ""lock_geo_alert"": false, ""operation_mode"": ""RENT"", ""battery_voltage"": 14.800000190734863, ""in_primary_zone"": true, ""lock_engine_alert"": false, ""in_restricted_zone"": false, ""onboard_geofencing"": false, ""speed_limit_active"": false}"
2023-07-17 12:49:37.580,5237,13,"359159972073523",20,"{""key"": false, ""flip"": false, ""zone"": false, ""speed"": 16.9, ""buzzer"": 0, ""engine"": true, ""in_zone"": true, ""ignition"": true, ""latitude"": 42.6403216, ""direction"": 289, ""longitude"": 18.0950282, ""gsm_signal"": 29, ""sleep_mode"": false, ""staff_mode"": false, ""fault_codes"": [], ""speed_limit"": 46, ""engine_hours"": 1591, ""idc_triggers"": [], ""buzzer_active"": false, ""fuel_level_avg"": 0, ""lock_geo_alert"": false, ""operation_mode"": ""RENT"", ""battery_voltage"": 14.800000190734863, ""in_primary_zone"": true, ""lock_engine_alert"": false, ""in_restricted_zone"": false, ""onboard_geofencing"": false, ""speed_limit_active"": false}"
2023-07-17 12:49:36.878,5237,13,"359159972073523",20,"{""key"": false, ""flip"": false, ""zone"": false, ""speed"": 15.5, ""buzzer"": 0, ""engine"": true, ""in_zone"": true, ""ignition"": true, ""latitude"": 42.6403083, ""direction"": 286, ""longitude"": 18.09508, ""gsm_signal"": 31, ""sleep_mode"": false, ""staff_mode"": false, ""fault_codes"": [], ""speed_limit"": 46, ""engine_hours"": 1591, ""idc_triggers"": [], ""buzzer_active"": false, ""fuel_level_avg"": 0, ""lock_geo_alert"": false, ""operation_mode"": ""RENT"", ""battery_voltage"": 14.800000190734863, ""in_primary_zone"": true, ""lock_engine_alert"": false, ""in_restricted_zone"": false, ""onboard_geofencing"": false, ""speed_limit_active"": false}"
2023-07-17 12:49:35.420,5237,13,"359159972073523",20,"{""key"": false, ""flip"": false, ""zone"": false, ""speed"": 14.6, ""buzzer"": 0, ""engine"": true, ""in_zone"": true, ""ignition"": true, ""latitude"": 42.6402966, ""direction"": 281, ""longitude"": 18.09513, ""gsm_signal"": 31, ""sleep_mode"": false, ""staff_mode"": false, ""fault_codes"": [], ""speed_limit"": 46, ""engine_hours"": 1591, ""idc_triggers"": [], ""buzzer_active"": false, ""fuel_level_avg"": 0, ""lock_geo_alert"": false, ""operation_mode"": ""RENT"", ""battery_voltage"": 14.800000190734863, ""in_primary_zone"": true, ""lock_engine_alert"": false, ""in_restricted_zone"": false, ""onboard_geofencing"": false, ""speed_limit_active"": false}"
2023-07-17 12:49:34.461,5237,13,"359159972073523",20,"{""key"": false, ""flip"": false, ""zone"": false, ""speed"": 14.1, ""buzzer"": 0, ""engine"": true, ""in_zone"": true, ""ignition"": true, ""latitude"": 42.64029, ""direction"": 279, ""longitude"": 18.0951782, ""gsm_signal"": 31, ""sleep_mode"": false, ""staff_mode"": false, ""fault_codes"": [], ""speed_limit"": 46, ""engine_hours"": 1591, ""idc_triggers"": [], ""buzzer_active"": false, ""fuel_level_avg"": 0, ""lock_geo_alert"": false, ""operation_mode"": ""RENT"", ""battery_voltage"": 14.800000190734863, ""in_primary_zone"": true, ""lock_engine_alert"": false, ""in_restricted_zone"": false, ""onboard_geofencing"": false, ""speed_limit_active"": false}"
2023-07-17 12:49:33.620,5237,13,"359159972073523",20,"{""key"": false, ""flip"": false, ""zone"": false, ""speed"": 13.9, ""buzzer"": 0, ""engine"": true, ""in_zone"": true, ""ignition"": true, ""latitude"": 42.6402833, ""direction"": 281, ""longitude"": 18.095225, ""gsm_signal"": 31, ""sleep_mode"": false, ""staff_mode"": false, ""fault_codes"": [], ""speed_limit"": 46, ""engine_hours"": 1591, ""idc_triggers"": [], ""buzzer_active"": false, ""fuel_level_avg"": 0, ""lock_geo_alert"": false, ""operation_mode"": ""RENT"", ""battery_voltage"": 14.800000190734863, ""in_primary_zone"": true, ""lock_engine_alert"": false, ""in_restricted_zone"": false, ""onboard_geofencing"": false, ""speed_limit_active"": false}"
2023-07-17 12:49:32.560,5237,13,"359159972073523",20,"{""key"": false, ""flip"": false, ""zone"": false, ""speed"": 14.5, ""buzzer"": 0, ""engine"": true, ""in_zone"": true, ""ignition"": true, ""latitude"": 42.6402766, ""direction"": 282, ""longitude"": 18.0952716, ""gsm_signal"": 31, ""sleep_mode"": false, ""staff_mode"": false, ""fault_codes"": [], ""speed_limit"": 46, ""engine_hours"": 1591, ""idc_triggers"": [], ""buzzer_active"": false, ""fuel_level_avg"": 0, ""lock_geo_alert"": false, ""operation_mode"": ""RENT"", ""battery_voltage"": 14.800000190734863, ""in_primary_zone"": true, ""lock_engine_alert"": false, ""in_restricted_zone"": false, ""onboard_geofencing"": false, ""speed_limit_active"": false}"
2023-07-17 12:49:31.898,5237,13,"359159972073523",20,"{""key"": false, ""flip"": false, ""zone"": false, ""speed"": 17.2, ""buzzer"": 0, ""engine"": true, ""in_zone"": true, ""ignition"": true, ""latitude"": 42.6402683, ""direction"": 281, ""longitude"": 18.09532, ""gsm_signal"": 31, ""sleep_mode"": false, ""staff_mode"": false, ""fault_codes"": [], ""speed_limit"": 46, ""engine_hours"": 1591, ""idc_triggers"": [], ""buzzer_active"": false, ""fuel_level_avg"": 0, ""lock_geo_alert"": false, ""operation_mode"": ""RENT"", ""battery_voltage"": 14.800000190734863, ""in_primary_zone"": true, ""lock_engine_alert"": false, ""in_restricted_zone"": false, ""onboard_geofencing"": false, ""speed_limit_active"": false}"
2023-07-17 12:49:30.417,5237,13,"359159972073523",20,"{""key"": false, ""flip"": false, ""zone"": false, ""speed"": 22.7, ""buzzer"": 0, ""engine"": true, ""in_zone"": true, ""ignition"": true, ""latitude"": 42.6402583, ""direction"": 281, ""longitude"": 18.0953816, ""gsm_signal"": 31, ""sleep_mode"": false, ""staff_mode"": false, ""fault_codes"": [], ""speed_limit"": 46, ""engine_hours"": 1591, ""idc_triggers"": [], ""buzzer_active"": false, ""fuel_level_avg"": 0, ""lock_geo_alert"": false, ""operation_mode"": ""RENT"", ""battery_voltage"": 14.800000190734863, ""in_primary_zone"": true, ""lock_engine_alert"": false, ""in_restricted_zone"": false, ""onboard_geofencing"": false, ""speed_limit_active"": false}"
2023-07-17 12:49:29.439,5237,13,"359159972073523",20,"{""key"": false, ""flip"": false, ""zone"": false, ""speed"": 26.8, ""buzzer"": 0, ""engine"": true, ""in_zone"": true, ""ignition"": true, ""latitude"": 42.6402466, ""direction"": 283, ""longitude"": 18.0954616, ""gsm_signal"": 31, ""sleep_mode"": false, ""staff_mode"": false, ""fault_codes"": [], ""speed_limit"": 46, ""engine_hours"": 1591, ""idc_triggers"": [], ""buzzer_active"": false, ""fuel_level_avg"": 0, ""lock_geo_alert"": false, ""operation_mode"": ""RENT"", ""battery_voltage"": 14.800000190734863, ""in_primary_zone"": true, ""lock_engine_alert"": false, ""in_restricted_zone"": false, ""onboard_geofencing"": false, ""speed_limit_active"": false}"
2023-07-17 12:49:28.598,5237,13,"359159972073523",20,"{""key"": false, ""flip"": false, ""zone"": false, ""speed"": 32.6, ""buzzer"": 0, ""engine"": true, ""in_zone"": true, ""ignition"": true, ""latitude"": 42.64023, ""direction"": 283, ""longitude"": 18.095555, ""gsm_signal"": 31, ""sleep_mode"": false, ""staff_mode"": false, ""fault_codes"": [], ""speed_limit"": 46, ""engine_hours"": 1591, ""idc_triggers"": [], ""buzzer_active"": false, ""fuel_level_avg"": 0, ""lock_geo_alert"": false, ""operation_mode"": ""RENT"", ""battery_voltage"": 14.800000190734863, ""in_primary_zone"": true, ""lock_engine_alert"": false, ""in_restricted_zone"": false, ""onboard_geofencing"": false, ""speed_limit_active"": false}"
2023-07-17 12:49:28.000,5237,13,"359159972073523",20,"{""key"": false, ""flip"": false, ""zone"": false, ""speed"": 39.4, ""buzzer"": 0, ""engine"": true, ""in_zone"": true, ""ignition"": true, ""latitude"": 42.6402116, ""direction"": 280, ""longitude"": 18.09567, ""gsm_signal"": 31, ""sleep_mode"": false, ""staff_mode"": false, ""fault_codes"": [], ""speed_limit"": 46, ""engine_hours"": 1591, ""idc_triggers"": [], ""buzzer_active"": false, ""fuel_level_avg"": 0, ""lock_geo_alert"": false, ""operation_mode"": ""RENT"", ""battery_voltage"": 14.800000190734863, ""in_primary_zone"": true, ""lock_engine_alert"": false, ""in_restricted_zone"": false, ""onboard_geofencing"": false, ""speed_limit_active"": false}"
2023-07-17 12:49:26.439,5237,13,"359159972073523",20,"{""key"": false, ""flip"": false, ""zone"": false, ""speed"": 36.8, ""buzzer"": 0, ""engine"": true, ""in_zone"": true, ""ignition"": true, ""latitude"": 42.6401933, ""direction"": 279, ""longitude"": 18.0957982, ""gsm_signal"": 31, ""sleep_mode"": false, ""staff_mode"": false, ""fault_codes"": [], ""speed_limit"": 46, ""engine_hours"": 1591, ""idc_triggers"": [], ""buzzer_active"": false, ""fuel_level_avg"": 0, ""lock_geo_alert"": false, ""operation_mode"": ""RENT"", ""battery_voltage"": 14.800000190734863, ""in_primary_zone"": true, ""lock_engine_alert"": false, ""in_restricted_zone"": false, ""onboard_geofencing"": false, ""speed_limit_active"": false}"
2023-07-17 12:49:25.881,5237,13,"359159972073523",20,"{""key"": false, ""flip"": false, ""zone"": false, ""speed"": 36.5, ""buzzer"": 0, ""engine"": true, ""in_zone"": true, ""ignition"": true, ""latitude"": 42.6401783, ""direction"": 279, ""longitude"": 18.0959216, ""gsm_signal"": 31, ""sleep_mode"": false, ""staff_mode"": false, ""fault_codes"": [], ""speed_limit"": 46, ""engine_hours"": 1591, ""idc_triggers"": [], ""buzzer_active"": false, ""fuel_level_avg"": 0, ""lock_geo_alert"": false, ""operation_mode"": ""RENT"", ""battery_voltage"": 14.800000190734863, ""in_primary_zone"": true, ""lock_engine_alert"": false, ""in_restricted_zone"": false, ""onboard_geofencing"": false, ""speed_limit_active"": false}"
2023-07-17 12:49:24.418,5237,13,"359159972073523",20,"{""key"": false, ""flip"": false, ""zone"": false, ""speed"": 36.3, ""buzzer"": 0, ""engine"": true, ""in_zone"": true, ""ignition"": true, ""latitude"": 42.6401616, ""direction"": 280, ""longitude"": 18.0960416, ""gsm_signal"": 31, ""sleep_mode"": false, ""staff_mode"": false, ""fault_codes"": [], ""speed_limit"": 46, ""engine_hours"": 1591, ""idc_triggers"": [], ""buzzer_active"": false, ""fuel_level_avg"": 0, ""lock_geo_alert"": false, ""operation_mode"": ""RENT"", ""battery_voltage"": 14.800000190734863, ""in_primary_zone"": true, ""lock_engine_alert"": false, ""in_restricted_zone"": false, ""onboard_geofencing"": false, ""speed_limit_active"": false}"
2023-07-17 12:49:23.420,5237,13,"359159972073523",20,"{""key"": false, ""flip"": false, ""zone"": false, ""speed"": 36.0, ""buzzer"": 0, ""engine"": true, ""in_zone"": true, ""ignition"": true, ""latitude"": 42.640145, ""direction"": 280, ""longitude"": 18.0961632, ""gsm_signal"": 31, ""sleep_mode"": false, ""staff_mode"": false, ""fault_codes"": [], ""speed_limit"": 46, ""engine_hours"": 1591, ""idc_triggers"": [], ""buzzer_active"": false, ""fuel_level_avg"": 0, ""lock_geo_alert"": false, ""operation_mode"": ""RENT"", ""battery_voltage"": 14.800000190734863, ""in_primary_zone"": true, ""lock_engine_alert"": false, ""in_restricted_zone"": false, ""onboard_geofencing"": false, ""speed_limit_active"": false}"
2023-07-17 12:49:22.446,5237,13,"359159972073523",20,"{""key"": false, ""flip"": false, ""zone"": false, ""speed"": 35.9, ""buzzer"": 0, ""engine"": true, ""in_zone"": true, ""ignition"": true, ""latitude"": 42.6401283, ""direction"": 280, ""longitude"": 18.0962832, ""gsm_signal"": 31, ""sleep_mode"": false, ""staff_mode"": false, ""fault_codes"": [], ""speed_limit"": 46, ""engine_hours"": 1591, ""idc_triggers"": [], ""buzzer_active"": false, ""fuel_level_avg"": 0, ""lock_geo_alert"": false, ""operation_mode"": ""RENT"", ""battery_voltage"": 14.800000190734863, ""in_primary_zone"": true, ""lock_engine_alert"": false, ""in_restricted_zone"": false, ""onboard_geofencing"": false, ""speed_limit_active"": false}"
2023-07-17 12:49:21.495,5237,13,"359159972073523",20,"{""key"": false, ""flip"": false, ""zone"": false, ""speed"": 35.7, ""buzzer"": 0, ""engine"": true, ""in_zone"": true, ""ignition"": true, ""latitude"": 42.6401116, ""direction"": 281, ""longitude"": 18.0964016, ""gsm_signal"": 31, ""sleep_mode"": false, ""staff_mode"": false, ""fault_codes"": [], ""speed_limit"": 46, ""engine_hours"": 1591, ""idc_triggers"": [], ""buzzer_active"": false, ""fuel_level_avg"": 0, ""lock_geo_alert"": false, ""operation_mode"": ""RENT"", ""battery_voltage"": 14.800000190734863, ""in_primary_zone"": true, ""lock_engine_alert"": false, ""in_restricted_zone"": false, ""onboard_geofencing"": false, ""speed_limit_active"": false}"
2023-07-17 12:49:20.900,5237,13,"359159972073523",20,"{""key"": false, ""flip"": false, ""zone"": false, ""speed"": 35.0, ""buzzer"": 0, ""engine"": true, ""in_zone"": true, ""ignition"": true, ""latitude"": 42.6400933, ""direction"": 282, ""longitude"": 18.09652, ""gsm_signal"": 31, ""sleep_mode"": false, ""staff_mode"": false, ""fault_codes"": [], ""speed_limit"": 46, ""engine_hours"": 1591, ""idc_triggers"": [], ""buzzer_active"": false, ""fuel_level_avg"": 0, ""lock_geo_alert"": false, ""operation_mode"": ""RENT"", ""battery_voltage"": 14.800000190734863, ""in_primary_zone"": true, ""lock_engine_alert"": false, ""in_restricted_zone"": false, ""onboard_geofencing"": false, ""speed_limit_active"": false}"
2023-07-17 12:49:19.418,5237,13,"359159972073523",20,"{""key"": false, ""flip"": false, ""zone"": false, ""speed"": 34.4, ""buzzer"": 0, ""engine"": true, ""in_zone"": true, ""ignition"": true, ""latitude"": 42.6400766, ""direction"": 281, ""longitude"": 18.0966366, ""gsm_signal"": 31, ""sleep_mode"": false, ""staff_mode"": false, ""fault_codes"": [], ""speed_limit"": 46, ""engine_hours"": 1591, ""idc_triggers"": [], ""buzzer_active"": false, ""fuel_level_avg"": 0, ""lock_geo_alert"": false, ""operation_mode"": ""RENT"", ""battery_voltage"": 14.800000190734863, ""in_primary_zone"": true, ""lock_engine_alert"": false, ""in_restricted_zone"": false, ""onboard_geofencing"": false, ""speed_limit_active"": false}"
2023-07-17 12:49:18.439,5237,13,"359159972073523",20,"{""key"": false, ""flip"": false, ""zone"": false, ""speed"": 33.9, ""buzzer"": 0, ""engine"": true, ""in_zone"": true, ""ignition"": true, ""latitude"": 42.6400583, ""direction"": 281, ""longitude"": 18.09675, ""gsm_signal"": 31, ""sleep_mode"": false, ""staff_mode"": false, ""fault_codes"": [], ""speed_limit"": 46, ""engine_hours"": 1591, ""idc_triggers"": [], ""buzzer_active"": false, ""fuel_level_avg"": 0, ""lock_geo_alert"": false, ""operation_mode"": ""RENT"", ""battery_voltage"": 14.800000190734863, ""in_primary_zone"": true, ""lock_engine_alert"": false, ""in_restricted_zone"": false, ""onboard_geofencing"": false, ""speed_limit_active"": false}"
2023-07-17 12:49:17.478,5237,13,"359159972073523",20,"{""key"": false, ""flip"": false, ""zone"": false, ""speed"": 33.7, ""buzzer"": 0, ""engine"": true, ""in_zone"": true, ""ignition"": true, ""latitude"": 42.6400416, ""direction"": 280, ""longitude"": 18.0968616, ""gsm_signal"": 31, ""sleep_mode"": false, ""staff_mode"": false, ""fault_codes"": [], ""speed_limit"": 46, ""engine_hours"": 1591, ""idc_triggers"": [], ""buzzer_active"": false, ""fuel_level_avg"": 0, ""lock_geo_alert"": false, ""operation_mode"": ""RENT"", ""battery_voltage"": 14.800000190734863, ""in_primary_zone"": true, ""lock_engine_alert"": false, ""in_restricted_zone"": false, ""onboard_geofencing"": false, ""speed_limit_active"": false}"
2023-07-17 12:49:16.898,5237,13,"359159972073523",20,"{""key"": false, ""flip"": false, ""zone"": false, ""speed"": 33.4, ""buzzer"": 0, ""engine"": true, ""in_zone"": true, ""ignition"": true, ""latitude"": 42.640025, ""direction"": 281, ""longitude"": 18.096975, ""gsm_signal"": 31, ""sleep_mode"": false, ""staff_mode"": false, ""fault_codes"": [], ""speed_limit"": 46, ""engine_hours"": 1591, ""idc_triggers"": [], ""buzzer_active"": false, ""fuel_level_avg"": 0, ""lock_geo_alert"": false, ""operation_mode"": ""RENT"", ""battery_voltage"": 14.800000190734863, ""in_primary_zone"": true, ""lock_engine_alert"": false, ""in_restricted_zone"": false, ""onboard_geofencing"": false, ""speed_limit_active"": false}"
2023-07-17 12:49:15.418,5237,13,"359159972073523",20,"{""key"": false, ""flip"": false, ""zone"": false, ""speed"": 32.5, ""buzzer"": 0, ""engine"": true, ""in_zone"": true, ""ignition"": true, ""latitude"": 42.6400083, ""direction"": 280, ""longitude"": 18.097085, ""gsm_signal"": 31, ""sleep_mode"": false, ""staff_mode"": false, ""fault_codes"": [], ""speed_limit"": 46, ""engine_hours"": 1591, ""idc_triggers"": [], ""buzzer_active"": false, ""fuel_level_avg"": 0, ""lock_geo_alert"": false, ""operation_mode"": ""RENT"", ""battery_voltage"": 14.800000190734863, ""in_primary_zone"": true, ""lock_engine_alert"": false, ""in_restricted_zone"": false, ""onboard_geofencing"": false, ""speed_limit_active"": false}"
2023-07-17 12:49:14.418,5237,13,"359159972073523",20,"{""key"": false, ""flip"": false, ""zone"": false, ""speed"": 30.9, ""buzzer"": 0, ""engine"": true, ""in_zone"": true, ""ignition"": true, ""latitude"": 42.639995, ""direction"": 279, ""longitude"": 18.0971932, ""gsm_signal"": 31, ""sleep_mode"": false, ""staff_mode"": false, ""fault_codes"": [], ""speed_limit"": 46, ""engine_hours"": 1591, ""idc_triggers"": [], ""buzzer_active"": false, ""fuel_level_avg"": 0, ""lock_geo_alert"": false, ""operation_mode"": ""RENT"", ""battery_voltage"": 14.800000190734863, ""in_primary_zone"": true, ""lock_engine_alert"": false, ""in_restricted_zone"": false, ""onboard_geofencing"": false, ""speed_limit_active"": false}"
2023-07-17 12:49:13.435,5237,13,"359159972073523",20,"{""key"": false, ""flip"": false, ""zone"": false, ""speed"": 29.3, ""buzzer"": 0, ""engine"": true, ""in_zone"": true, ""ignition"": true, ""latitude"": 42.6399816, ""direction"": 279, ""longitude"": 18.097295, ""gsm_signal"": 31, ""sleep_mode"": false, ""staff_mode"": false, ""fault_codes"": [], ""speed_limit"": 46, ""engine_hours"": 1591, ""idc_triggers"": [], ""buzzer_active"": false, ""fuel_level_avg"": 0, ""lock_geo_alert"": false, ""operation_mode"": ""RENT"", ""battery_voltage"": 14.800000190734863, ""in_primary_zone"": true, ""lock_engine_alert"": false, ""in_restricted_zone"": false, ""onboard_geofencing"": false, ""speed_limit_active"": false}"
2023-07-17 12:49:12.461,5237,13,"359159972073523",20,"{""key"": false, ""flip"": false, ""zone"": false, ""speed"": 29.0, ""buzzer"": 0, ""engine"": true, ""in_zone"": true, ""ignition"": true, ""latitude"": 42.63997, ""direction"": 276, ""longitude"": 18.0973916, ""gsm_signal"": 30, ""sleep_mode"": false, ""staff_mode"": false, ""fault_codes"": [], ""speed_limit"": 46, ""engine_hours"": 1591, ""idc_triggers"": [], ""buzzer_active"": false, ""fuel_level_avg"": 0, ""lock_geo_alert"": false, ""operation_mode"": ""RENT"", ""battery_voltage"": 14.800000190734863, ""in_primary_zone"": true, ""lock_engine_alert"": false, ""in_restricted_zone"": false, ""onboard_geofencing"": false, ""speed_limit_active"": false}"
2023-07-17 12:49:11.899,5237,13,"359159972073523",20,"{""key"": false, ""flip"": false, ""zone"": false, ""speed"": 27.6, ""buzzer"": 0, ""engine"": true, ""in_zone"": true, ""ignition"": true, ""latitude"": 42.6399633, ""direction"": 272, ""longitude"": 18.09749, ""gsm_signal"": 30, ""sleep_mode"": false, ""staff_mode"": false, ""fault_codes"": [], ""speed_limit"": 46, ""engine_hours"": 1591, ""idc_triggers"": [], ""buzzer_active"": false, ""fuel_level_avg"": 0, ""lock_geo_alert"": false, ""operation_mode"": ""RENT"", ""battery_voltage"": 14.800000190734863, ""in_primary_zone"": true, ""lock_engine_alert"": false, ""in_restricted_zone"": false, ""onboard_geofencing"": false, ""speed_limit_active"": false}"
2023-07-17 12:49:10.418,5237,13,"359159972073523",20,"{""key"": false, ""flip"": false, ""zone"": false, ""speed"": 25.4, ""buzzer"": 0, ""engine"": true, ""in_zone"": true, ""ignition"": true, ""latitude"": 42.6399616, ""direction"": 272, ""longitude"": 18.0975816, ""gsm_signal"": 30, ""sleep_mode"": false, ""staff_mode"": false, ""fault_codes"": [], ""speed_limit"": 46, ""engine_hours"": 1591, ""idc_triggers"": [], ""buzzer_active"": false, ""fuel_level_avg"": 0, ""lock_geo_alert"": false, ""operation_mode"": ""RENT"", ""battery_voltage"": 14.800000190734863, ""in_primary_zone"": true, ""lock_engine_alert"": false, ""in_restricted_zone"": false, ""onboard_geofencing"": false, ""speed_limit_active"": false}"
2023-07-17 12:49:09.477,5237,13,"359159972073523",20,"{""key"": false, ""flip"": false, ""zone"": false, ""speed"": 24.1, ""buzzer"": 0, ""engine"": true, ""in_zone"": true, ""ignition"": true, ""latitude"": 42.6399583, ""direction"": 274, ""longitude"": 18.0976666, ""gsm_signal"": 30, ""sleep_mode"": false, ""staff_mode"": false, ""fault_codes"": [], ""speed_limit"": 46, ""engine_hours"": 1591, ""idc_triggers"": [], ""buzzer_active"": false, ""fuel_level_avg"": 0, ""lock_geo_alert"": false, ""operation_mode"": ""RENT"", ""battery_voltage"": 14.800000190734863, ""in_primary_zone"": true, ""lock_engine_alert"": false, ""in_restricted_zone"": false, ""onboard_geofencing"": false, ""speed_limit_active"": false}"
2023-07-17 12:49:08.600,5237,13,"359159972073523",20,"{""key"": false, ""flip"": false, ""zone"": false, ""speed"": 22.4, ""buzzer"": 0, ""engine"": true, ""in_zone"": true, ""ignition"": true, ""latitude"": 42.6399516, ""direction"": 276, ""longitude"": 18.0977466, ""gsm_signal"": 30, ""sleep_mode"": false, ""staff_mode"": false, ""fault_codes"": [], ""speed_limit"": 46, ""engine_hours"": 1591, ""idc_triggers"": [], ""buzzer_active"": false, ""fuel_level_avg"": 0, ""lock_geo_alert"": false, ""operation_mode"": ""RENT"", ""battery_voltage"": 14.800000190734863, ""in_primary_zone"": true, ""lock_engine_alert"": false, ""in_restricted_zone"": false, ""onboard_geofencing"": false, ""speed_limit_active"": false}"
2023-07-17 12:49:07.555,5237,13,"359159972073523",20,"{""key"": false, ""flip"": false, ""zone"": false, ""speed"": 21.8, ""buzzer"": 0, ""engine"": true, ""in_zone"": true, ""ignition"": true, ""latitude"": 42.6399466, ""direction"": 278, ""longitude"": 18.0978216, ""gsm_signal"": 30, ""sleep_mode"": false, ""staff_mode"": false, ""fault_codes"": [], ""speed_limit"": 46, ""engine_hours"": 1591, ""idc_triggers"": [], ""buzzer_active"": false, ""fuel_level_avg"": 0, ""lock_geo_alert"": false, ""operation_mode"": ""RENT"", ""battery_voltage"": 14.800000190734863, ""in_primary_zone"": true, ""lock_engine_alert"": false, ""in_restricted_zone"": false, ""onboard_geofencing"": false, ""speed_limit_active"": false}"
2023-07-17 12:49:06.877,5237,13,"359159972073523",20,"{""key"": false, ""flip"": false, ""zone"": false, ""speed"": 20.3, ""buzzer"": 0, ""engine"": true, ""in_zone"": true, ""ignition"": true, ""latitude"": 42.6399383, ""direction"": 278, ""longitude"": 18.097895, ""gsm_signal"": 30, ""sleep_mode"": false, ""staff_mode"": false, ""fault_codes"": [], ""speed_limit"": 46, ""engine_hours"": 1591, ""idc_triggers"": [], ""buzzer_active"": false, ""fuel_level_avg"": 0, ""lock_geo_alert"": false, ""operation_mode"": ""RENT"", ""battery_voltage"": 14.800000190734863, ""in_primary_zone"": true, ""lock_engine_alert"": false, ""in_restricted_zone"": false, ""onboard_geofencing"": false, ""speed_limit_active"": false}"
2023-07-17 12:49:05.421,5237,13,"359159972073523",20,"{""key"": false, ""flip"": false, ""zone"": false, ""speed"": 18.3, ""buzzer"": 0, ""engine"": true, ""in_zone"": true, ""ignition"": true, ""latitude"": 42.63993, ""direction"": 278, ""longitude"": 18.0979616, ""gsm_signal"": 30, ""sleep_mode"": false, ""staff_mode"": false, ""fault_codes"": [], ""speed_limit"": 46, ""engine_hours"": 1591, ""idc_triggers"": [], ""buzzer_active"": false, ""fuel_level_avg"": 0, ""lock_geo_alert"": false, ""operation_mode"": ""RENT"", ""battery_voltage"": 14.800000190734863, ""in_primary_zone"": true, ""lock_engine_alert"": false, ""in_restricted_zone"": false, ""onboard_geofencing"": false, ""speed_limit_active"": false}"
2023-07-17 12:49:04.597,5237,13,"359159972073523",20,"{""key"": false, ""flip"": false, ""zone"": false, ""speed"": 17.1, ""buzzer"": 0, ""engine"": true, ""in_zone"": true, ""ignition"": true, ""latitude"": 42.6399233, ""direction"": 280, ""longitude"": 18.0980216, ""gsm_signal"": 30, ""sleep_mode"": false, ""staff_mode"": false, ""fault_codes"": [], ""speed_limit"": 46, ""engine_hours"": 1591, ""idc_triggers"": [], ""buzzer_active"": false, ""fuel_level_avg"": 0, ""lock_geo_alert"": false, ""operation_mode"": ""RENT"", ""battery_voltage"": 14.800000190734863, ""in_primary_zone"": true, ""lock_engine_alert"": false, ""in_restricted_zone"": false, ""onboard_geofencing"": false, ""speed_limit_active"": false}"
2023-07-17 12:49:03.896,5237,13,"359159972073523",20,"{""key"": false, ""flip"": false, ""zone"": false, ""speed"": 15.7, ""buzzer"": 0, ""engine"": true, ""in_zone"": true, ""ignition"": true, ""latitude"": 42.6399166, ""direction"": 279, ""longitude"": 18.0980766, ""gsm_signal"": 30, ""sleep_mode"": false, ""staff_mode"": false, ""fault_codes"": [], ""speed_limit"": 46, ""engine_hours"": 1591, ""idc_triggers"": [], ""buzzer_active"": false, ""fuel_level_avg"": 0, ""lock_geo_alert"": false, ""operation_mode"": ""RENT"", ""battery_voltage"": 14.800000190734863, ""in_primary_zone"": true, ""lock_engine_alert"": false, ""in_restricted_zone"": false, ""onboard_geofencing"": false, ""speed_limit_active"": false}"
2023-07-17 12:49:02.437,5237,13,"359159972073523",20,"{""key"": false, ""flip"": false, ""zone"": false, ""speed"": 15.2, ""buzzer"": 0, ""engine"": true, ""in_zone"": true, ""ignition"": true, ""latitude"": 42.63991, ""direction"": 279, ""longitude"": 18.09813, ""gsm_signal"": 30, ""sleep_mode"": false, ""staff_mode"": false, ""fault_codes"": [], ""speed_limit"": 46, ""engine_hours"": 1591, ""idc_triggers"": [], ""buzzer_active"": false, ""fuel_level_avg"": 0, ""lock_geo_alert"": false, ""operation_mode"": ""RENT"", ""battery_voltage"": 14.800000190734863, ""in_primary_zone"": true, ""lock_engine_alert"": false, ""in_restricted_zone"": false, ""onboard_geofencing"": false, ""speed_limit_active"": false}"
2023-07-17 12:49:01.524,5237,13,"359159972073523",20,"{""key"": false, ""flip"": false, ""zone"": false, ""speed"": 15.3, ""buzzer"": 0, ""engine"": true, ""in_zone"": true, ""ignition"": true, ""latitude"": 42.6399033, ""direction"": 280, ""longitude"": 18.09818, ""gsm_signal"": 30, ""sleep_mode"": false, ""staff_mode"": false, ""fault_codes"": [], ""speed_limit"": 46, ""engine_hours"": 1591, ""idc_triggers"": [], ""buzzer_active"": false, ""fuel_level_avg"": 0, ""lock_geo_alert"": false, ""operation_mode"": ""RENT"", ""battery_voltage"": 14.800000190734863, ""in_primary_zone"": true, ""lock_engine_alert"": false, ""in_restricted_zone"": false, ""onboard_geofencing"": false, ""speed_limit_active"": false}"
2023-07-17 12:49:00.539,5237,13,"359159972073523",20,"{""key"": false, ""flip"": false, ""zone"": false, ""speed"": 15.8, ""buzzer"": 0, ""engine"": true, ""in_zone"": true, ""ignition"": true, ""latitude"": 42.639895, ""direction"": 280, ""longitude"": 18.0982316, ""gsm_signal"": 31, ""sleep_mode"": false, ""staff_mode"": false, ""fault_codes"": [], ""speed_limit"": 46, ""engine_hours"": 1591, ""idc_triggers"": [], ""buzzer_active"": false, ""fuel_level_avg"": 0, ""lock_geo_alert"": false, ""operation_mode"": ""RENT"", ""battery_voltage"": 14.800000190734863, ""in_primary_zone"": true, ""lock_engine_alert"": false, ""in_restricted_zone"": false, ""onboard_geofencing"": false, ""speed_limit_active"": false}"
2023-07-17 12:48:59.577,5237,13,"359159972073523",20,"{""key"": false, ""flip"": false, ""zone"": false, ""speed"": 16.0, ""buzzer"": 0, ""engine"": true, ""in_zone"": true, ""ignition"": true, ""latitude"": 42.6398883, ""direction"": 279, ""longitude"": 18.098285, ""gsm_signal"": 31, ""sleep_mode"": false, ""staff_mode"": false, ""fault_codes"": [], ""speed_limit"": 46, ""engine_hours"": 1591, ""idc_triggers"": [], ""buzzer_active"": false, ""fuel_level_avg"": 0, ""lock_geo_alert"": false, ""operation_mode"": ""RENT"", ""battery_voltage"": 14.800000190734863, ""in_primary_zone"": true, ""lock_engine_alert"": false, ""in_restricted_zone"": false, ""onboard_geofencing"": false, ""speed_limit_active"": false}"
2023-07-17 12:48:58.879,5237,13,"359159972073523",20,"{""key"": false, ""flip"": false, ""zone"": false, ""speed"": 16.2, ""buzzer"": 0, ""engine"": true, ""in_zone"": true, ""ignition"": true, ""latitude"": 42.6398816, ""direction"": 278, ""longitude"": 18.0983382, ""gsm_signal"": 31, ""sleep_mode"": false, ""staff_mode"": false, ""fault_codes"": [], ""speed_limit"": 46, ""engine_hours"": 1591, ""idc_triggers"": [], ""buzzer_active"": false, ""fuel_level_avg"": 0, ""lock_geo_alert"": false, ""operation_mode"": ""RENT"", ""battery_voltage"": 14.800000190734863, ""in_primary_zone"": true, ""lock_engine_alert"": false, ""in_restricted_zone"": false, ""onboard_geofencing"": false, ""speed_limit_active"": false}"
2023-07-17 12:48:57.417,5237,13,"359159972073523",20,"{""key"": false, ""flip"": false, ""zone"": false, ""speed"": 16.5, ""buzzer"": 0, ""engine"": true, ""in_zone"": true, ""ignition"": true, ""latitude"": 42.6398766, ""direction"": 276, ""longitude"": 18.0983932, ""gsm_signal"": 31, ""sleep_mode"": false, ""staff_mode"": false, ""fault_codes"": [], ""speed_limit"": 46, ""engine_hours"": 1591, ""idc_triggers"": [], ""buzzer_active"": false, ""fuel_level_avg"": 0, ""lock_geo_alert"": false, ""operation_mode"": ""RENT"", ""battery_voltage"": 14.800000190734863, ""in_primary_zone"": true, ""lock_engine_alert"": false, ""in_restricted_zone"": false, ""onboard_geofencing"": false, ""speed_limit_active"": false}"
2023-07-17 12:48:56.458,5237,13,"359159972073523",20,"{""key"": false, ""flip"": false, ""zone"": false, ""speed"": 15.7, ""buzzer"": 0, ""engine"": true, ""in_zone"": true, ""ignition"": true, ""latitude"": 42.6398716, ""direction"": 274, ""longitude"": 18.0984482, ""gsm_signal"": 31, ""sleep_mode"": false, ""staff_mode"": false, ""fault_codes"": [], ""speed_limit"": 46, ""engine_hours"": 1591, ""idc_triggers"": [], ""buzzer_active"": false, ""fuel_level_avg"": 0, ""lock_geo_alert"": false, ""operation_mode"": ""RENT"", ""battery_voltage"": 14.800000190734863, ""in_primary_zone"": true, ""lock_engine_alert"": false, ""in_restricted_zone"": false, ""onboard_geofencing"": false, ""speed_limit_active"": false}"
2023-07-17 12:48:55.461,5237,13,"359159972073523",20,"{""key"": false, ""flip"": false, ""zone"": false, ""speed"": 14.7, ""buzzer"": 0, ""engine"": true, ""in_zone"": true, ""ignition"": true, ""latitude"": 42.6398683, ""direction"": 276, ""longitude"": 18.0985, ""gsm_signal"": 31, ""sleep_mode"": false, ""staff_mode"": false, ""fault_codes"": [], ""speed_limit"": 46, ""engine_hours"": 1591, ""idc_triggers"": [], ""buzzer_active"": false, ""fuel_level_avg"": 0, ""lock_geo_alert"": false, ""operation_mode"": ""RENT"", ""battery_voltage"": 14.800000190734863, ""in_primary_zone"": true, ""lock_engine_alert"": false, ""in_restricted_zone"": false, ""onboard_geofencing"": false, ""speed_limit_active"": false}"
2023-07-17 12:48:54.561,5237,13,"359159972073523",20,"{""key"": false, ""flip"": false, ""zone"": false, ""speed"": 13.0, ""buzzer"": 0, ""engine"": true, ""in_zone"": true, ""ignition"": true, ""latitude"": 42.6398616, ""direction"": 281, ""longitude"": 18.09855, ""gsm_signal"": 31, ""sleep_mode"": false, ""staff_mode"": false, ""fault_codes"": [], ""speed_limit"": 46, ""engine_hours"": 1591, ""idc_triggers"": [], ""buzzer_active"": false, ""fuel_level_avg"": 0, ""lock_geo_alert"": false, ""operation_mode"": ""RENT"", ""battery_voltage"": 14.800000190734863, ""in_primary_zone"": true, ""lock_engine_alert"": false, ""in_restricted_zone"": false, ""onboard_geofencing"": false, ""speed_limit_active"": false}"
2023-07-17 12:48:53.617,5237,13,"359159972073523",20,"{""key"": false, ""flip"": false, ""zone"": false, ""speed"": 13.2, ""buzzer"": 0, ""engine"": true, ""in_zone"": true, ""ignition"": true, ""latitude"": 42.639855, ""direction"": 284, ""longitude"": 18.0985932, ""gsm_signal"": 31, ""sleep_mode"": false, ""staff_mode"": false, ""fault_codes"": [], ""speed_limit"": 46, ""engine_hours"": 1591, ""idc_triggers"": [], ""buzzer_active"": false, ""fuel_level_avg"": 0, ""lock_geo_alert"": false, ""operation_mode"": ""RENT"", ""battery_voltage"": 14.800000190734863, ""in_primary_zone"": true, ""lock_engine_alert"": false, ""in_restricted_zone"": false, ""onboard_geofencing"": false, ""speed_limit_active"": false}"
2023-07-17 12:48:52.917,5237,13,"359159972073523",20,"{""key"": false, ""flip"": false, ""zone"": false, ""speed"": 14.7, ""buzzer"": 0, ""engine"": true, ""in_zone"": true, ""ignition"": true, ""latitude"": 42.6398466, ""direction"": 285, ""longitude"": 18.09864, ""gsm_signal"": 31, ""sleep_mode"": false, ""staff_mode"": false, ""fault_codes"": [], ""speed_limit"": 46, ""engine_hours"": 1591, ""idc_triggers"": [], ""buzzer_active"": false, ""fuel_level_avg"": 0, ""lock_geo_alert"": false, ""operation_mode"": ""RENT"", ""battery_voltage"": 14.800000190734863, ""in_primary_zone"": true, ""lock_engine_alert"": false, ""in_restricted_zone"": false, ""onboard_geofencing"": false, ""speed_limit_active"": false}"
2023-07-17 12:48:51.458,5237,13,"359159972073523",20,"{""key"": false, ""flip"": false, ""zone"": false, ""speed"": 14.8, ""buzzer"": 0, ""engine"": true, ""in_zone"": true, ""ignition"": true, ""latitude"": 42.6398366, ""direction"": 287, ""longitude"": 18.0986882, ""gsm_signal"": 31, ""sleep_mode"": false, ""staff_mode"": false, ""fault_codes"": [], ""speed_limit"": 46, ""engine_hours"": 1591, ""idc_triggers"": [], ""buzzer_active"": false, ""fuel_level_avg"": 0, ""lock_geo_alert"": false, ""operation_mode"": ""RENT"", ""battery_voltage"": 14.800000190734863, ""in_primary_zone"": true, ""lock_engine_alert"": false, ""in_restricted_zone"": false, ""onboard_geofencing"": false, ""speed_limit_active"": false}"
2023-07-17 12:48:50.516,5237,13,"359159972073523",20,"{""key"": false, ""flip"": false, ""zone"": false, ""speed"": 15.0, ""buzzer"": 0, ""engine"": true, ""in_zone"": true, ""ignition"": true, ""latitude"": 42.639825, ""direction"": 291, ""longitude"": 18.0987366, ""gsm_signal"": 31, ""sleep_mode"": false, ""staff_mode"": false, ""fault_codes"": [], ""speed_limit"": 46, ""engine_hours"": 1591, ""idc_triggers"": [], ""buzzer_active"": false, ""fuel_level_avg"": 0, ""lock_geo_alert"": false, ""operation_mode"": ""RENT"", ""battery_voltage"": 14.800000190734863, ""in_primary_zone"": true, ""lock_engine_alert"": false, ""in_restricted_zone"": false, ""onboard_geofencing"": false, ""speed_limit_active"": false}"
2023-07-17 12:48:49.580,5237,13,"359159972073523",20,"{""key"": false, ""flip"": false, ""zone"": false, ""speed"": 18.2, ""buzzer"": 0, ""engine"": true, ""in_zone"": true, ""ignition"": true, ""latitude"": 42.63981, ""direction"": 293, ""longitude"": 18.0987866, ""gsm_signal"": 31, ""sleep_mode"": false, ""staff_mode"": false, ""fault_codes"": [], ""speed_limit"": 46, ""engine_hours"": 1591, ""idc_triggers"": [], ""buzzer_active"": false, ""fuel_level_avg"": 0, ""lock_geo_alert"": false, ""operation_mode"": ""RENT"", ""battery_voltage"": 14.800000190734863, ""in_primary_zone"": true, ""lock_engine_alert"": false, ""in_restricted_zone"": false, ""onboard_geofencing"": false, ""speed_limit_active"": false}"
2023-07-17 12:48:48.878,5237,13,"359159972073523",20,"{""key"": false, ""flip"": false, ""zone"": false, ""speed"": 20.6, ""buzzer"": 0, ""engine"": true, ""in_zone"": true, ""ignition"": true, ""latitude"": 42.63979, ""direction"": 295, ""longitude"": 18.098845, ""gsm_signal"": 31, ""sleep_mode"": false, ""staff_mode"": false, ""fault_codes"": [], ""speed_limit"": 46, ""engine_hours"": 1591, ""idc_triggers"": [], ""buzzer_active"": false, ""fuel_level_avg"": 0, ""lock_geo_alert"": false, ""operation_mode"": ""RENT"", ""battery_voltage"": 14.800000190734863, ""in_primary_zone"": true, ""lock_engine_alert"": false, ""in_restricted_zone"": false, ""onboard_geofencing"": false, ""speed_limit_active"": false}"
2023-07-17 12:48:47.422,5237,13,"359159972073523",20,"{""key"": false, ""flip"": false, ""zone"": false, ""speed"": 23.6, ""buzzer"": 0, ""engine"": true, ""in_zone"": true, ""ignition"": true, ""latitude"": 42.6397666, ""direction"": 297, ""longitude"": 18.0989116, ""gsm_signal"": 31, ""sleep_mode"": false, ""staff_mode"": false, ""fault_codes"": [], ""speed_limit"": 46, ""engine_hours"": 1591, ""idc_triggers"": [], ""buzzer_active"": false, ""fuel_level_avg"": 0, ""lock_geo_alert"": false, ""operation_mode"": ""RENT"", ""battery_voltage"": 14.800000190734863, ""in_primary_zone"": true, ""lock_engine_alert"": false, ""in_restricted_zone"": false, ""onboard_geofencing"": false, ""speed_limit_active"": false}"
2023-07-17 12:48:46.465,5237,13,"359159972073523",20,"{""key"": false, ""flip"": false, ""zone"": false, ""speed"": 23.2, ""buzzer"": 0, ""engine"": true, ""in_zone"": true, ""ignition"": true, ""latitude"": 42.63974, ""direction"": 297, ""longitude"": 18.0989816, ""gsm_signal"": 31, ""sleep_mode"": false, ""staff_mode"": false, ""fault_codes"": [], ""speed_limit"": 46, ""engine_hours"": 1591, ""idc_triggers"": [], ""buzzer_active"": false, ""fuel_level_avg"": 0, ""lock_geo_alert"": false, ""operation_mode"": ""RENT"", ""battery_voltage"": 14.800000190734863, ""in_primary_zone"": true, ""lock_engine_alert"": false, ""in_restricted_zone"": false, ""onboard_geofencing"": false, ""speed_limit_active"": false}"
2023-07-17 12:48:45.621,5237,13,"359159972073523",20,"{""key"": false, ""flip"": false, ""zone"": false, ""speed"": 22.2, ""buzzer"": 0, ""engine"": true, ""in_zone"": true, ""ignition"": true, ""latitude"": 42.639715, ""direction"": 297, ""longitude"": 18.0990516, ""gsm_signal"": 31, ""sleep_mode"": false, ""staff_mode"": false, ""fault_codes"": [], ""speed_limit"": 46, ""engine_hours"": 1591, ""idc_triggers"": [], ""buzzer_active"": false, ""fuel_level_avg"": 0, ""lock_geo_alert"": false, ""operation_mode"": ""RENT"", ""battery_voltage"": 14.800000190734863, ""in_primary_zone"": true, ""lock_engine_alert"": false, ""in_restricted_zone"": false, ""onboard_geofencing"": false, ""speed_limit_active"": false}"
2023-07-17 12:48:44.558,5237,13,"359159972073523",20,"{""key"": false, ""flip"": false, ""zone"": false, ""speed"": 21.5, ""buzzer"": 0, ""engine"": true, ""in_zone"": true, ""ignition"": true, ""latitude"": 42.63969, ""direction"": 296, ""longitude"": 18.0991182, ""gsm_signal"": 31, ""sleep_mode"": false, ""staff_mode"": false, ""fault_codes"": [], ""speed_limit"": 46, ""engine_hours"": 1591, ""idc_triggers"": [], ""buzzer_active"": false, ""fuel_level_avg"": 0, ""lock_geo_alert"": false, ""operation_mode"": ""RENT"", ""battery_voltage"": 14.800000190734863, ""in_primary_zone"": true, ""lock_engine_alert"": false, ""in_restricted_zone"": false, ""onboard_geofencing"": false, ""speed_limit_active"": false}"
2023-07-17 12:48:43.879,5237,13,"359159972073523",20,"{""key"": false, ""flip"": false, ""zone"": false, ""speed"": 20.0, ""buzzer"": 0, ""engine"": true, ""in_zone"": true, ""ignition"": true, ""latitude"": 42.639665, ""direction"": 297, ""longitude"": 18.0991816, ""gsm_signal"": 31, ""sleep_mode"": false, ""staff_mode"": false, ""fault_codes"": [], ""speed_limit"": 46, ""engine_hours"": 1591, ""idc_triggers"": [], ""buzzer_active"": false, ""fuel_level_avg"": 0, ""lock_geo_alert"": false, ""operation_mode"": ""RENT"", ""battery_voltage"": 14.800000190734863, ""in_primary_zone"": true, ""lock_engine_alert"": false, ""in_restricted_zone"": false, ""onboard_geofencing"": false, ""speed_limit_active"": false}"
2023-07-17 12:48:42.420,5237,13,"359159972073523",20,"{""key"": false, ""flip"": false, ""zone"": false, ""speed"": 18.5, ""buzzer"": 0, ""engine"": true, ""in_zone"": true, ""ignition"": true, ""latitude"": 42.6396433, ""direction"": 295, ""longitude"": 18.0992416, ""gsm_signal"": 31, ""sleep_mode"": false, ""staff_mode"": false, ""fault_codes"": [], ""speed_limit"": 46, ""engine_hours"": 1591, ""idc_triggers"": [], ""buzzer_active"": false, ""fuel_level_avg"": 0, ""lock_geo_alert"": false, ""operation_mode"": ""RENT"", ""battery_voltage"": 14.800000190734863, ""in_primary_zone"": true, ""lock_engine_alert"": false, ""in_restricted_zone"": false, ""onboard_geofencing"": false, ""speed_limit_active"": false}"
2023-07-17 12:48:41.440,5237,13,"359159972073523",20,"{""key"": false, ""flip"": false, ""zone"": false, ""speed"": 17.5, ""buzzer"": 0, ""engine"": true, ""in_zone"": true, ""ignition"": true, ""latitude"": 42.6396233, ""direction"": 293, ""longitude"": 18.0992966, ""gsm_signal"": 31, ""sleep_mode"": false, ""staff_mode"": false, ""fault_codes"": [], ""speed_limit"": 46, ""engine_hours"": 1591, ""idc_triggers"": [], ""buzzer_active"": false, ""fuel_level_avg"": 0, ""lock_geo_alert"": false, ""operation_mode"": ""RENT"", ""battery_voltage"": 14.800000190734863, ""in_primary_zone"": true, ""lock_engine_alert"": false, ""in_restricted_zone"": false, ""onboard_geofencing"": false, ""speed_limit_active"": false}"
2023-07-17 12:48:40.660,5237,13,"359159972073523",20,"{""key"": false, ""flip"": false, ""zone"": false, ""speed"": 16.5, ""buzzer"": 0, ""engine"": true, ""in_zone"": true, ""ignition"": true, ""latitude"": 42.6396066, ""direction"": 293, ""longitude"": 18.09935, ""gsm_signal"": 31, ""sleep_mode"": false, ""staff_mode"": false, ""fault_codes"": [], ""speed_limit"": 46, ""engine_hours"": 1591, ""idc_triggers"": [], ""buzzer_active"": false, ""fuel_level_avg"": 0, ""lock_geo_alert"": false, ""operation_mode"": ""RENT"", ""battery_voltage"": 14.800000190734863, ""in_primary_zone"": true, ""lock_engine_alert"": false, ""in_restricted_zone"": false, ""onboard_geofencing"": false, ""speed_limit_active"": false}"
2023-07-17 12:48:39.981,5237,13,"359159972073523",20,"{""key"": false, ""flip"": false, ""zone"": false, ""speed"": 15.6, ""buzzer"": 0, ""engine"": true, ""in_zone"": true, ""ignition"": true, ""latitude"": 42.63959, ""direction"": 294, ""longitude"": 18.0994, ""gsm_signal"": 31, ""sleep_mode"": false, ""staff_mode"": false, ""fault_codes"": [], ""speed_limit"": 46, ""engine_hours"": 1591, ""idc_triggers"": [], ""buzzer_active"": false, ""fuel_level_avg"": 0, ""lock_geo_alert"": false, ""operation_mode"": ""RENT"", ""battery_voltage"": 14.800000190734863, ""in_primary_zone"": true, ""lock_engine_alert"": false, ""in_restricted_zone"": false, ""onboard_geofencing"": false, ""speed_limit_active"": false}"
2023-07-17 12:48:38.500,5237,13,"359159972073523",20,"{""key"": false, ""flip"": false, ""zone"": false, ""speed"": 15.1, ""buzzer"": 0, ""engine"": true, ""in_zone"": true, ""ignition"": true, ""latitude"": 42.6395733, ""direction"": 296, ""longitude"": 18.0994466, ""gsm_signal"": 31, ""sleep_mode"": false, ""staff_mode"": false, ""fault_codes"": [], ""speed_limit"": 46, ""engine_hours"": 1591, ""idc_triggers"": [], ""buzzer_active"": false, ""fuel_level_avg"": 0, ""lock_geo_alert"": false, ""operation_mode"": ""RENT"", ""battery_voltage"": 14.800000190734863, ""in_primary_zone"": true, ""lock_engine_alert"": false, ""in_restricted_zone"": false, ""onboard_geofencing"": false, ""speed_limit_active"": false}"
2023-07-17 12:48:37.719,5237,13,"359159972073523",20,"{""key"": false, ""flip"": false, ""zone"": false, ""speed"": 14.4, ""buzzer"": 0, ""engine"": true, ""in_zone"": true, ""ignition"": true, ""latitude"": 42.6395566, ""direction"": 294, ""longitude"": 18.0994916, ""gsm_signal"": 31, ""sleep_mode"": false, ""staff_mode"": false, ""fault_codes"": [], ""speed_limit"": 46, ""engine_hours"": 1591, ""idc_triggers"": [], ""buzzer_active"": false, ""fuel_level_avg"": 0, ""lock_geo_alert"": false, ""operation_mode"": ""RENT"", ""battery_voltage"": 14.800000190734863, ""in_primary_zone"": true, ""lock_engine_alert"": false, ""in_restricted_zone"": false, ""onboard_geofencing"": false, ""speed_limit_active"": false}"
2023-07-17 12:48:36.897,5237,13,"359159972073523",20,"{""key"": false, ""flip"": false, ""zone"": false, ""speed"": 13.9, ""buzzer"": 0, ""engine"": true, ""in_zone"": true, ""ignition"": true, ""latitude"": 42.63954, ""direction"": 293, ""longitude"": 18.099535, ""gsm_signal"": 31, ""sleep_mode"": false, ""staff_mode"": false, ""fault_codes"": [], ""speed_limit"": 46, ""engine_hours"": 1591, ""idc_triggers"": [], ""buzzer_active"": false, ""fuel_level_avg"": 0, ""lock_geo_alert"": false, ""operation_mode"": ""RENT"", ""battery_voltage"": 14.800000190734863, ""in_primary_zone"": true, ""lock_engine_alert"": false, ""in_restricted_zone"": false, ""onboard_geofencing"": false, ""speed_limit_active"": false}"
2023-07-17 12:48:35.424,5237,13,"359159972073523",20,"{""key"": false, ""flip"": false, ""zone"": false, ""speed"": 13.4, ""buzzer"": 0, ""engine"": true, ""in_zone"": true, ""ignition"": true, ""latitude"": 42.639526599999996, ""direction"": 292, ""longitude"": 18.099575, ""gsm_signal"": 31, ""sleep_mode"": false, ""staff_mode"": false, ""fault_codes"": [], ""speed_limit"": 46, ""engine_hours"": 1591, ""idc_triggers"": [], ""buzzer_active"": false, ""fuel_level_avg"": 0, ""lock_geo_alert"": false, ""operation_mode"": ""RENT"", ""battery_voltage"": 14.800000190734863, ""in_primary_zone"": true, ""lock_engine_alert"": false, ""in_restricted_zone"": false, ""onboard_geofencing"": false, ""speed_limit_active"": false}"
2023-07-17 12:48:34.475,5237,13,"359159972073523",20,"{""key"": false, ""flip"": false, ""zone"": false, ""speed"": 13.5, ""buzzer"": 0, ""engine"": true, ""in_zone"": true, ""ignition"": true, ""latitude"": 42.6395133, ""direction"": 291, ""longitude"": 18.0996166, ""gsm_signal"": 31, ""sleep_mode"": false, ""staff_mode"": false, ""fault_codes"": [], ""speed_limit"": 46, ""engine_hours"": 1591, ""idc_triggers"": [], ""buzzer_active"": false, ""fuel_level_avg"": 0, ""lock_geo_alert"": false, ""operation_mode"": ""RENT"", ""battery_voltage"": 14.800000190734863, ""in_primary_zone"": true, ""lock_engine_alert"": false, ""in_restricted_zone"": false, ""onboard_geofencing"": false, ""speed_limit_active"": false}"
2023-07-17 12:48:33.465,5237,13,"359159972073523",20,"{""key"": false, ""flip"": false, ""zone"": false, ""speed"": 13.3, ""buzzer"": 0, ""engine"": true, ""in_zone"": true, ""ignition"": true, ""latitude"": 42.6395, ""direction"": 289, ""longitude"": 18.0996582, ""gsm_signal"": 31, ""sleep_mode"": false, ""staff_mode"": false, ""fault_codes"": [], ""speed_limit"": 46, ""engine_hours"": 1591, ""idc_triggers"": [], ""buzzer_active"": false, ""fuel_level_avg"": 0, ""lock_geo_alert"": false, ""operation_mode"": ""RENT"", ""battery_voltage"": 14.800000190734863, ""in_primary_zone"": true, ""lock_engine_alert"": false, ""in_restricted_zone"": false, ""onboard_geofencing"": false, ""speed_limit_active"": false}"
2023-07-17 12:48:32.902,5237,13,"359159972073523",20,"{""key"": false, ""flip"": false, ""zone"": false, ""speed"": 13.4, ""buzzer"": 0, ""engine"": true, ""in_zone"": true, ""ignition"": true, ""latitude"": 42.63949, ""direction"": 287, ""longitude"": 18.0997, ""gsm_signal"": 31, ""sleep_mode"": false, ""staff_mode"": false, ""fault_codes"": [], ""speed_limit"": 46, ""engine_hours"": 1591, ""idc_triggers"": [], ""buzzer_active"": false, ""fuel_level_avg"": 0, ""lock_geo_alert"": false, ""operation_mode"": ""RENT"", ""battery_voltage"": 14.800000190734863, ""in_primary_zone"": true, ""lock_engine_alert"": false, ""in_restricted_zone"": false, ""onboard_geofencing"": false, ""speed_limit_active"": false}"
2023-07-17 12:48:31.418,5237,13,"359159972073523",20,"{""key"": false, ""flip"": false, ""zone"": false, ""speed"": 12.7, ""buzzer"": 0, ""engine"": true, ""in_zone"": true, ""ignition"": true, ""latitude"": 42.63948, ""direction"": 285, ""longitude"": 18.0997416, ""gsm_signal"": 31, ""sleep_mode"": false, ""staff_mode"": false, ""fault_codes"": [], ""speed_limit"": 46, ""engine_hours"": 1591, ""idc_triggers"": [], ""buzzer_active"": false, ""fuel_level_avg"": 0, ""lock_geo_alert"": false, ""operation_mode"": ""RENT"", ""battery_voltage"": 14.800000190734863, ""in_primary_zone"": true, ""lock_engine_alert"": false, ""in_restricted_zone"": false, ""onboard_geofencing"": false, ""speed_limit_active"": false}"
2023-07-17 12:48:30.478,5237,13,"359159972073523",20,"{""key"": false, ""flip"": false, ""zone"": false, ""speed"": 12.2, ""buzzer"": 0, ""engine"": true, ""in_zone"": true, ""ignition"": true, ""latitude"": 42.6394716, ""direction"": 283, ""longitude"": 18.0997816, ""gsm_signal"": 31, ""sleep_mode"": false, ""staff_mode"": false, ""fault_codes"": [], ""speed_limit"": 46, ""engine_hours"": 1591, ""idc_triggers"": [], ""buzzer_active"": false, ""fuel_level_avg"": 0, ""lock_geo_alert"": false, ""operation_mode"": ""RENT"", ""battery_voltage"": 14.800000190734863, ""in_primary_zone"": true, ""lock_engine_alert"": false, ""in_restricted_zone"": false, ""onboard_geofencing"": false, ""speed_limit_active"": false}"
2023-07-17 12:48:29.636,5237,13,"359159972073523",20,"{""key"": false, ""flip"": false, ""zone"": false, ""speed"": 11.4, ""buzzer"": 0, ""engine"": true, ""in_zone"": true, ""ignition"": true, ""latitude"": 42.639465, ""direction"": 283, ""longitude"": 18.09982, ""gsm_signal"": 31, ""sleep_mode"": false, ""staff_mode"": false, ""fault_codes"": [], ""speed_limit"": 46, ""engine_hours"": 1591, ""idc_triggers"": [], ""buzzer_active"": false, ""fuel_level_avg"": 0, ""lock_geo_alert"": false, ""operation_mode"": ""RENT"", ""battery_voltage"": 14.800000190734863, ""in_primary_zone"": true, ""lock_engine_alert"": false, ""in_restricted_zone"": false, ""onboard_geofencing"": false, ""speed_limit_active"": false}"
2023-07-17 12:48:29.217,5237,13,"359159972073523",20,"{""key"": false, ""flip"": false, ""zone"": false, ""speed"": 10.0, ""buzzer"": 0, ""engine"": true, ""in_zone"": true, ""ignition"": true, ""latitude"": 42.6394583, ""direction"": 283, ""longitude"": 18.099855, ""gsm_signal"": 31, ""sleep_mode"": false, ""staff_mode"": false, ""fault_codes"": [], ""speed_limit"": 46, ""engine_hours"": 1591, ""idc_triggers"": [], ""buzzer_active"": false, ""fuel_level_avg"": 0, ""lock_geo_alert"": false, ""operation_mode"": ""RENT"", ""battery_voltage"": 14.800000190734863, ""in_primary_zone"": true, ""lock_engine_alert"": false, ""in_restricted_zone"": false, ""onboard_geofencing"": false, ""speed_limit_active"": false}"
2023-07-17 12:48:27.458,5237,13,"359159972073523",20,"{""key"": false, ""flip"": false, ""zone"": false, ""speed"": 10.4, ""buzzer"": 0, ""engine"": true, ""in_zone"": true, ""ignition"": true, ""latitude"": 42.6394516, ""direction"": 284, ""longitude"": 18.0998866, ""gsm_signal"": 31, ""sleep_mode"": false, ""staff_mode"": false, ""fault_codes"": [], ""speed_limit"": 46, ""engine_hours"": 1591, ""idc_triggers"": [], ""buzzer_active"": false, ""fuel_level_avg"": 0, ""lock_geo_alert"": false, ""operation_mode"": ""RENT"", ""battery_voltage"": 14.800000190734863, ""in_primary_zone"": true, ""lock_engine_alert"": false, ""in_restricted_zone"": false, ""onboard_geofencing"": false, ""speed_limit_active"": false}"
2023-07-17 12:48:26.901,5237,13,"359159972073523",20,"{""key"": false, ""flip"": false, ""zone"": false, ""speed"": 11.2, ""buzzer"": 0, ""engine"": true, ""in_zone"": true, ""ignition"": true, ""latitude"": 42.639445, ""direction"": 283, ""longitude"": 18.09992, ""gsm_signal"": 31, ""sleep_mode"": false, ""staff_mode"": false, ""fault_codes"": [], ""speed_limit"": 46, ""engine_hours"": 1591, ""idc_triggers"": [], ""buzzer_active"": false, ""fuel_level_avg"": 0, ""lock_geo_alert"": false, ""operation_mode"": ""RENT"", ""battery_voltage"": 14.800000190734863, ""in_primary_zone"": true, ""lock_engine_alert"": false, ""in_restricted_zone"": false, ""onboard_geofencing"": false, ""speed_limit_active"": false}"
2023-07-17 12:48:25.421,5237,13,"359159972073523",20,"{""key"": false, ""flip"": false, ""zone"": false, ""speed"": 10.6, ""buzzer"": 0, ""engine"": true, ""in_zone"": true, ""ignition"": true, ""latitude"": 42.6394383, ""direction"": 284, ""longitude"": 18.099955, ""gsm_signal"": 31, ""sleep_mode"": false, ""staff_mode"": false, ""fault_codes"": [], ""speed_limit"": 46, ""engine_hours"": 1591, ""idc_triggers"": [], ""buzzer_active"": false, ""fuel_level_avg"": 0, ""lock_geo_alert"": false, ""operation_mode"": ""RENT"", ""battery_voltage"": 14.800000190734863, ""in_primary_zone"": true, ""lock_engine_alert"": false, ""in_restricted_zone"": false, ""onboard_geofencing"": false, ""speed_limit_active"": false}"
2023-07-17 12:48:24.440,5237,13,"359159972073523",20,"{""key"": false, ""flip"": false, ""zone"": false, ""speed"": 9.7, ""buzzer"": 0, ""engine"": true, ""in_zone"": true, ""ignition"": true, ""latitude"": 42.6394316, ""direction"": 287, ""longitude"": 18.0999882, ""gsm_signal"": 31, ""sleep_mode"": false, ""staff_mode"": false, ""fault_codes"": [], ""speed_limit"": 46, ""engine_hours"": 1591, ""idc_triggers"": [], ""buzzer_active"": false, ""fuel_level_avg"": 0, ""lock_geo_alert"": false, ""operation_mode"": ""RENT"", ""battery_voltage"": 14.800000190734863, ""in_primary_zone"": true, ""lock_engine_alert"": false, ""in_restricted_zone"": false, ""onboard_geofencing"": false, ""speed_limit_active"": false}"
2023-07-17 12:48:23.491,5237,13,"359159972073523",20,"{""key"": false, ""flip"": false, ""zone"": false, ""speed"": 9.1, ""buzzer"": 0, ""engine"": true, ""in_zone"": true, ""ignition"": true, ""latitude"": 42.639425, ""direction"": 287, ""longitude"": 18.1000182, ""gsm_signal"": 31, ""sleep_mode"": false, ""staff_mode"": false, ""fault_codes"": [], ""speed_limit"": 46, ""engine_hours"": 1591, ""idc_triggers"": [], ""buzzer_active"": false, ""fuel_level_avg"": 0, ""lock_geo_alert"": false, ""operation_mode"": ""RENT"", ""battery_voltage"": 14.800000190734863, ""in_primary_zone"": true, ""lock_engine_alert"": false, ""in_restricted_zone"": false, ""onboard_geofencing"": false, ""speed_limit_active"": false}"
2023-07-17 12:48:22.898,5237,13,"359159972073523",20,"{""key"": false, ""flip"": false, ""zone"": false, ""speed"": 8.9, ""buzzer"": 0, ""engine"": true, ""in_zone"": true, ""ignition"": true, ""latitude"": 42.6394183, ""direction"": 285, ""longitude"": 18.1000466, ""gsm_signal"": 31, ""sleep_mode"": false, ""staff_mode"": false, ""fault_codes"": [], ""speed_limit"": 46, ""engine_hours"": 1591, ""idc_triggers"": [], ""buzzer_active"": false, ""fuel_level_avg"": 0, ""lock_geo_alert"": false, ""operation_mode"": ""RENT"", ""battery_voltage"": 14.800000190734863, ""in_primary_zone"": true, ""lock_engine_alert"": false, ""in_restricted_zone"": false, ""onboard_geofencing"": false, ""speed_limit_active"": false}"
2023-07-17 12:48:21.423,5237,13,"359159972073523",20,"{""key"": false, ""flip"": false, ""zone"": false, ""speed"": 8.5, ""buzzer"": 0, ""engine"": true, ""in_zone"": true, ""ignition"": true, ""latitude"": 42.6394116, ""direction"": 280, ""longitude"": 18.100075, ""gsm_signal"": 30, ""sleep_mode"": false, ""staff_mode"": false, ""fault_codes"": [], ""speed_limit"": 46, ""engine_hours"": 1591, ""idc_triggers"": [], ""buzzer_active"": false, ""fuel_level_avg"": 0, ""lock_geo_alert"": false, ""operation_mode"": ""RENT"", ""battery_voltage"": 14.800000190734863, ""in_primary_zone"": true, ""lock_engine_alert"": false, ""in_restricted_zone"": false, ""onboard_geofencing"": false, ""speed_limit_active"": false}"
2023-07-17 12:48:20.432,5237,13,"359159972073523",20,"{""key"": false, ""flip"": false, ""zone"": false, ""speed"": 8.2, ""buzzer"": 0, ""engine"": true, ""in_zone"": true, ""ignition"": true, ""latitude"": 42.6394083, ""direction"": 275, ""longitude"": 18.1001032, ""gsm_signal"": 30, ""sleep_mode"": false, ""staff_mode"": false, ""fault_codes"": [], ""speed_limit"": 46, ""engine_hours"": 1591, ""idc_triggers"": [], ""buzzer_active"": false, ""fuel_level_avg"": 0, ""lock_geo_alert"": false, ""operation_mode"": ""RENT"", ""battery_voltage"": 14.800000190734863, ""in_primary_zone"": true, ""lock_engine_alert"": false, ""in_restricted_zone"": false, ""onboard_geofencing"": false, ""speed_limit_active"": false}"
2023-07-17 12:48:19.455,5237,13,"359159972073523",20,"{""key"": false, ""flip"": false, ""zone"": false, ""speed"": 6.1, ""buzzer"": 0, ""engine"": true, ""in_zone"": true, ""ignition"": true, ""latitude"": 42.6394066, ""direction"": 284, ""longitude"": 18.1001282, ""gsm_signal"": 30, ""sleep_mode"": false, ""staff_mode"": false, ""fault_codes"": [], ""speed_limit"": 46, ""engine_hours"": 1591, ""idc_triggers"": [], ""buzzer_active"": false, ""fuel_level_avg"": 0, ""lock_geo_alert"": false, ""operation_mode"": ""RENT"", ""battery_voltage"": 14.800000190734863, ""in_primary_zone"": true, ""lock_engine_alert"": false, ""in_restricted_zone"": false, ""onboard_geofencing"": false, ""speed_limit_active"": false}"
2023-07-17 12:48:18.476,5237,13,"359159972073523",20,"{""key"": false, ""flip"": false, ""zone"": false, ""speed"": 4.0, ""buzzer"": 0, ""engine"": true, ""in_zone"": true, ""ignition"": true, ""latitude"": 42.6394033, ""direction"": 290, ""longitude"": 18.100145, ""gsm_signal"": 30, ""sleep_mode"": false, ""staff_mode"": false, ""fault_codes"": [], ""speed_limit"": 46, ""engine_hours"": 1591, ""idc_triggers"": [], ""buzzer_active"": false, ""fuel_level_avg"": 0, ""lock_geo_alert"": false, ""operation_mode"": ""RENT"", ""battery_voltage"": 14.800000190734863, ""in_primary_zone"": true, ""lock_engine_alert"": false, ""in_restricted_zone"": false, ""onboard_geofencing"": false, ""speed_limit_active"": false}"
2023-07-17 12:48:17.900,5237,13,"359159972073523",20,"{""key"": false, ""flip"": false, ""zone"": false, ""speed"": 2.1, ""buzzer"": 0, ""engine"": true, ""in_zone"": true, ""ignition"": true, ""latitude"": 42.6394016, ""direction"": 335, ""longitude"": 18.1001566, ""gsm_signal"": 30, ""sleep_mode"": false, ""staff_mode"": false, ""fault_codes"": [], ""speed_limit"": 46, ""engine_hours"": 1591, ""idc_triggers"": [], ""buzzer_active"": false, ""fuel_level_avg"": 0, ""lock_geo_alert"": false, ""operation_mode"": ""RENT"", ""battery_voltage"": 14.800000190734863, ""in_primary_zone"": true, ""lock_engine_alert"": false, ""in_restricted_zone"": false, ""onboard_geofencing"": false, ""speed_limit_active"": false}"
2023-07-17 12:48:16.418,5237,13,"359159972073523",20,"{""key"": false, ""flip"": false, ""zone"": false, ""speed"": 0.0, ""buzzer"": 0, ""engine"": true, ""in_zone"": true, ""ignition"": true, ""latitude"": 42.6394016, ""direction"": 105, ""longitude"": 18.10016, ""gsm_signal"": 30, ""sleep_mode"": false, ""staff_mode"": false, ""fault_codes"": [], ""speed_limit"": 46, ""engine_hours"": 1591, ""idc_triggers"": [], ""buzzer_active"": false, ""fuel_level_avg"": 0, ""lock_geo_alert"": false, ""operation_mode"": ""RENT"", ""battery_voltage"": 14.800000190734863, ""in_primary_zone"": true, ""lock_engine_alert"": false, ""in_restricted_zone"": false, ""onboard_geofencing"": false, ""speed_limit_active"": false}"
2023-07-17 12:48:15.439,5237,13,"359159972073523",20,"{""key"": false, ""flip"": false, ""zone"": false, ""speed"": 0.0, ""buzzer"": 0, ""engine"": true, ""in_zone"": true, ""ignition"": true, ""latitude"": 42.6394033, ""direction"": 105, ""longitude"": 18.1001582, ""gsm_signal"": 30, ""sleep_mode"": false, ""staff_mode"": false, ""fault_codes"": [], ""speed_limit"": 46, ""engine_hours"": 1591, ""idc_triggers"": [], ""buzzer_active"": false, ""fuel_level_avg"": 0, ""lock_geo_alert"": false, ""operation_mode"": ""RENT"", ""battery_voltage"": 14.800000190734863, ""in_primary_zone"": true, ""lock_engine_alert"": false, ""in_restricted_zone"": false, ""onboard_geofencing"": false, ""speed_limit_active"": false}"
2023-07-17 12:48:14.438,5237,13,"359159972073523",20,"{""key"": false, ""flip"": false, ""zone"": false, ""speed"": 0.0, ""buzzer"": 0, ""engine"": true, ""in_zone"": true, ""ignition"": true, ""latitude"": 42.6394033, ""direction"": 105, ""longitude"": 18.1001566, ""gsm_signal"": 30, ""sleep_mode"": false, ""staff_mode"": false, ""fault_codes"": [], ""speed_limit"": 46, ""engine_hours"": 1591, ""idc_triggers"": [], ""buzzer_active"": false, ""fuel_level_avg"": 0, ""lock_geo_alert"": false, ""operation_mode"": ""RENT"", ""battery_voltage"": 14.800000190734863, ""in_primary_zone"": true, ""lock_engine_alert"": false, ""in_restricted_zone"": false, ""onboard_geofencing"": false, ""speed_limit_active"": false}"
2023-07-17 12:48:13.879,5237,13,"359159972073523",20,"{""key"": false, ""flip"": false, ""zone"": false, ""speed"": 0.0, ""buzzer"": 0, ""engine"": true, ""in_zone"": true, ""ignition"": true, ""latitude"": 42.6394033, ""direction"": 105, ""longitude"": 18.100155, ""gsm_signal"": 30, ""sleep_mode"": false, ""staff_mode"": false, ""fault_codes"": [], ""speed_limit"": 46, ""engine_hours"": 1591, ""idc_triggers"": [], ""buzzer_active"": false, ""fuel_level_avg"": 0, ""lock_geo_alert"": false, ""operation_mode"": ""RENT"", ""battery_voltage"": 14.800000190734863, ""in_primary_zone"": true, ""lock_engine_alert"": false, ""in_restricted_zone"": false, ""onboard_geofencing"": false, ""speed_limit_active"": false}"
2023-07-17 12:48:12.427,5237,13,"359159972073523",20,"{""key"": false, ""flip"": false, ""zone"": false, ""speed"": 0.0, ""buzzer"": 0, ""engine"": true, ""in_zone"": true, ""ignition"": true, ""latitude"": 42.639405, ""direction"": 105, ""longitude"": 18.1001516, ""gsm_signal"": 31, ""sleep_mode"": false, ""staff_mode"": false, ""fault_codes"": [], ""speed_limit"": 46, ""engine_hours"": 1591, ""idc_triggers"": [], ""buzzer_active"": false, ""fuel_level_avg"": 0, ""lock_geo_alert"": false, ""operation_mode"": ""RENT"", ""battery_voltage"": 14.800000190734863, ""in_primary_zone"": true, ""lock_engine_alert"": false, ""in_restricted_zone"": false, ""onboard_geofencing"": false, ""speed_limit_active"": false}"
2023-07-17 12:48:11.419,5237,13,"359159972073523",20,"{""key"": false, ""flip"": false, ""zone"": false, ""speed"": 1.1, ""buzzer"": 0, ""engine"": true, ""in_zone"": true, ""ignition"": true, ""latitude"": 42.639405, ""direction"": 105, ""longitude"": 18.1001516, ""gsm_signal"": 31, ""sleep_mode"": false, ""staff_mode"": false, ""fault_codes"": [], ""speed_limit"": 46, ""engine_hours"": 1591, ""idc_triggers"": [], ""buzzer_active"": false, ""fuel_level_avg"": 0, ""lock_geo_alert"": false, ""operation_mode"": ""RENT"", ""battery_voltage"": 14.800000190734863, ""in_primary_zone"": true, ""lock_engine_alert"": false, ""in_restricted_zone"": false, ""onboard_geofencing"": false, ""speed_limit_active"": false}"
2023-07-17 12:48:10.440,5237,13,"359159972073523",20,"{""key"": false, ""flip"": false, ""zone"": false, ""speed"": 1.6, ""buzzer"": 0, ""engine"": true, ""in_zone"": true, ""ignition"": true, ""latitude"": 42.6394083, ""direction"": 89, ""longitude"": 18.1001432, ""gsm_signal"": 31, ""sleep_mode"": false, ""staff_mode"": false, ""fault_codes"": [], ""speed_limit"": 46, ""engine_hours"": 1591, ""idc_triggers"": [], ""buzzer_active"": false, ""fuel_level_avg"": 0, ""lock_geo_alert"": false, ""operation_mode"": ""RENT"", ""battery_voltage"": 14.800000190734863, ""in_primary_zone"": true, ""lock_engine_alert"": false, ""in_restricted_zone"": false, ""onboard_geofencing"": false, ""speed_limit_active"": false}"
2023-07-17 12:48:09.507,5237,13,"359159972073523",20,"{""key"": false, ""flip"": false, ""zone"": false, ""speed"": 3.1, ""buzzer"": 0, ""engine"": true, ""in_zone"": true, ""ignition"": true, ""latitude"": 42.6394116, ""direction"": 83, ""longitude"": 18.1001366, ""gsm_signal"": 29, ""sleep_mode"": false, ""staff_mode"": false, ""fault_codes"": [], ""speed_limit"": 46, ""engine_hours"": 1591, ""idc_triggers"": [], ""buzzer_active"": false, ""fuel_level_avg"": 0, ""lock_geo_alert"": false, ""operation_mode"": ""RENT"", ""battery_voltage"": 14.800000190734863, ""in_primary_zone"": true, ""lock_engine_alert"": false, ""in_restricted_zone"": false, ""onboard_geofencing"": false, ""speed_limit_active"": false}"
2023-07-17 12:48:08.917,5237,13,"359159972073523",20,"{""key"": false, ""flip"": false, ""zone"": false, ""speed"": 4.0, ""buzzer"": 0, ""engine"": true, ""in_zone"": true, ""ignition"": true, ""latitude"": 42.6394116, ""direction"": 62, ""longitude"": 18.1001266, ""gsm_signal"": 29, ""sleep_mode"": false, ""staff_mode"": false, ""fault_codes"": [], ""speed_limit"": 46, ""engine_hours"": 1591, ""idc_triggers"": [], ""buzzer_active"": false, ""fuel_level_avg"": 0, ""lock_geo_alert"": false, ""operation_mode"": ""RENT"", ""battery_voltage"": 14.800000190734863, ""in_primary_zone"": true, ""lock_engine_alert"": false, ""in_restricted_zone"": false, ""onboard_geofencing"": false, ""speed_limit_active"": false}"
2023-07-17 12:48:07.420,5237,13,"359159972073523",20,"{""key"": false, ""flip"": false, ""zone"": false, ""speed"": 4.7, ""buzzer"": 0, ""engine"": true, ""in_zone"": true, ""ignition"": true, ""latitude"": 42.6394083, ""direction"": 50, ""longitude"": 18.1001132, ""gsm_signal"": 29, ""sleep_mode"": false, ""staff_mode"": false, ""fault_codes"": [], ""speed_limit"": 46, ""engine_hours"": 1591, ""idc_triggers"": [], ""buzzer_active"": false, ""fuel_level_avg"": 0, ""lock_geo_alert"": false, ""operation_mode"": ""RENT"", ""battery_voltage"": 14.800000190734863, ""in_primary_zone"": true, ""lock_engine_alert"": false, ""in_restricted_zone"": false, ""onboard_geofencing"": false, ""speed_limit_active"": false}"
2023-07-17 12:48:06.419,5237,13,"359159972073523",20,"{""key"": false, ""flip"": false, ""zone"": false, ""speed"": 4.4, ""buzzer"": 0, ""engine"": true, ""in_zone"": true, ""ignition"": true, ""latitude"": 42.6394016, ""direction"": 43, ""longitude"": 18.1001, ""gsm_signal"": 26, ""sleep_mode"": false, ""staff_mode"": false, ""fault_codes"": [], ""speed_limit"": 46, ""engine_hours"": 1591, ""idc_triggers"": [], ""buzzer_active"": false, ""fuel_level_avg"": 0, ""lock_geo_alert"": false, ""operation_mode"": ""RENT"", ""battery_voltage"": 14.800000190734863, ""in_primary_zone"": true, ""lock_engine_alert"": false, ""in_restricted_zone"": false, ""onboard_geofencing"": false, ""speed_limit_active"": false}"
2023-07-17 12:48:05.432,5237,13,"359159972073523",20,"{""key"": false, ""flip"": false, ""zone"": false, ""speed"": 4.3, ""buzzer"": 0, ""engine"": true, ""in_zone"": true, ""ignition"": true, ""latitude"": 42.6393933, ""direction"": 49, ""longitude"": 18.10009, ""gsm_signal"": 26, ""sleep_mode"": false, ""staff_mode"": false, ""fault_codes"": [], ""speed_limit"": 46, ""engine_hours"": 1591, ""idc_triggers"": [], ""buzzer_active"": false, ""fuel_level_avg"": 0, ""lock_geo_alert"": false, ""operation_mode"": ""RENT"", ""battery_voltage"": 14.800000190734863, ""in_primary_zone"": true, ""lock_engine_alert"": false, ""in_restricted_zone"": false, ""onboard_geofencing"": false, ""speed_limit_active"": false}"
2023-07-17 12:48:04.438,5237,13,"359159972073523",20,"{""key"": false, ""flip"": false, ""zone"": false, ""speed"": 4.3, ""buzzer"": 0, ""engine"": true, ""in_zone"": true, ""ignition"": true, ""latitude"": 42.639385, ""direction"": 51, ""longitude"": 18.1000782, ""gsm_signal"": 26, ""sleep_mode"": false, ""staff_mode"": false, ""fault_codes"": [], ""speed_limit"": 46, ""engine_hours"": 1591, ""idc_triggers"": [], ""buzzer_active"": false, ""fuel_level_avg"": 0, ""lock_geo_alert"": false, ""operation_mode"": ""RENT"", ""battery_voltage"": 14.800000190734863, ""in_primary_zone"": true, ""lock_engine_alert"": false, ""in_restricted_zone"": false, ""onboard_geofencing"": false, ""speed_limit_active"": false}"
2023-07-17 12:48:03.467,5237,13,"359159972073523",20,"{""key"": false, ""flip"": false, ""zone"": false, ""speed"": 4.0, ""buzzer"": 0, ""engine"": true, ""in_zone"": true, ""ignition"": true, ""latitude"": 42.6393783, ""direction"": 57, ""longitude"": 18.1000682, ""gsm_signal"": 26, ""sleep_mode"": false, ""staff_mode"": false, ""fault_codes"": [], ""speed_limit"": 46, ""engine_hours"": 1591, ""idc_triggers"": [], ""buzzer_active"": false, ""fuel_level_avg"": 0, ""lock_geo_alert"": false, ""operation_mode"": ""RENT"", ""battery_voltage"": 14.800000190734863, ""in_primary_zone"": true, ""lock_engine_alert"": false, ""in_restricted_zone"": false, ""onboard_geofencing"": false, ""speed_limit_active"": false}"
2023-07-17 12:48:02.901,5237,13,"359159972073523",20,"{""key"": false, ""flip"": false, ""zone"": false, ""speed"": 4.3, ""buzzer"": 0, ""engine"": true, ""in_zone"": true, ""ignition"": true, ""latitude"": 42.63937, ""direction"": 68, ""longitude"": 18.1000566, ""gsm_signal"": 26, ""sleep_mode"": false, ""staff_mode"": false, ""fault_codes"": [], ""speed_limit"": 46, ""engine_hours"": 1591, ""idc_triggers"": [], ""buzzer_active"": false, ""fuel_level_avg"": 0, ""lock_geo_alert"": false, ""operation_mode"": ""RENT"", ""battery_voltage"": 14.800000190734863, ""in_primary_zone"": true, ""lock_engine_alert"": false, ""in_restricted_zone"": false, ""onboard_geofencing"": false, ""speed_limit_active"": false}"
2023-07-17 12:48:01.418,5237,13,"359159972073523",20,"{""key"": false, ""flip"": false, ""zone"": false, ""speed"": 5.8, ""buzzer"": 0, ""engine"": true, ""in_zone"": true, ""ignition"": true, ""latitude"": 42.6393666, ""direction"": 77, ""longitude"": 18.1000416, ""gsm_signal"": 26, ""sleep_mode"": false, ""staff_mode"": false, ""fault_codes"": [], ""speed_limit"": 46, ""engine_hours"": 1591, ""idc_triggers"": [], ""buzzer_active"": false, ""fuel_level_avg"": 0, ""lock_geo_alert"": false, ""operation_mode"": ""RENT"", ""battery_voltage"": 14.800000190734863, ""in_primary_zone"": true, ""lock_engine_alert"": false, ""in_restricted_zone"": false, ""onboard_geofencing"": false, ""speed_limit_active"": false}"
2023-07-17 12:48:00.457,5237,13,"359159972073523",20,"{""key"": false, ""flip"": false, ""zone"": false, ""speed"": 6.4, ""buzzer"": 0, ""engine"": true, ""in_zone"": true, ""ignition"": true, ""latitude"": 42.6393633, ""direction"": 87, ""longitude"": 18.1000232, ""gsm_signal"": 26, ""sleep_mode"": false, ""staff_mode"": false, ""fault_codes"": [], ""speed_limit"": 46, ""engine_hours"": 1591, ""idc_triggers"": [], ""buzzer_active"": false, ""fuel_level_avg"": 0, ""lock_geo_alert"": false, ""operation_mode"": ""RENT"", ""battery_voltage"": 14.800000190734863, ""in_primary_zone"": true, ""lock_engine_alert"": false, ""in_restricted_zone"": false, ""onboard_geofencing"": false, ""speed_limit_active"": false}"
2023-07-17 12:47:59.599,5237,13,"359159972073523",20,"{""key"": false, ""flip"": false, ""zone"": false, ""speed"": 6.1, ""buzzer"": 0, ""engine"": true, ""in_zone"": true, ""ignition"": true, ""latitude"": 42.6393616, ""direction"": 106, ""longitude"": 18.1, ""gsm_signal"": 26, ""sleep_mode"": false, ""staff_mode"": false, ""fault_codes"": [], ""speed_limit"": 46, ""engine_hours"": 1591, ""idc_triggers"": [], ""buzzer_active"": false, ""fuel_level_avg"": 0, ""lock_geo_alert"": false, ""operation_mode"": ""RENT"", ""battery_voltage"": 14.800000190734863, ""in_primary_zone"": true, ""lock_engine_alert"": false, ""in_restricted_zone"": false, ""onboard_geofencing"": false, ""speed_limit_active"": false}"
2023-07-17 12:47:59.000,5237,13,"359159972073523",20,"{""key"": false, ""flip"": false, ""zone"": false, ""speed"": 8.6, ""buzzer"": 0, ""engine"": true, ""in_zone"": true, ""ignition"": true, ""latitude"": 42.6393666, ""direction"": 109, ""longitude"": 18.0999766, ""gsm_signal"": 26, ""sleep_mode"": false, ""staff_mode"": false, ""fault_codes"": [], ""speed_limit"": 46, ""engine_hours"": 1591, ""idc_triggers"": [], ""buzzer_active"": false, ""fuel_level_avg"": 0, ""lock_geo_alert"": false, ""operation_mode"": ""RENT"", ""battery_voltage"": 14.800000190734863, ""in_primary_zone"": true, ""lock_engine_alert"": false, ""in_restricted_zone"": false, ""onboard_geofencing"": false, ""speed_limit_active"": false}"
2023-07-17 12:47:57.443,5237,13,"359159972073523",20,"{""key"": false, ""flip"": false, ""zone"": false, ""speed"": 13.4, ""buzzer"": 0, ""engine"": true, ""in_zone"": true, ""ignition"": true, ""latitude"": 42.639375, ""direction"": 113, ""longitude"": 18.099945, ""gsm_signal"": 26, ""sleep_mode"": false, ""staff_mode"": false, ""fault_codes"": [], ""speed_limit"": 46, ""engine_hours"": 1591, ""idc_triggers"": [], ""buzzer_active"": false, ""fuel_level_avg"": 0, ""lock_geo_alert"": false, ""operation_mode"": ""RENT"", ""battery_voltage"": 14.800000190734863, ""in_primary_zone"": true, ""lock_engine_alert"": false, ""in_restricted_zone"": false, ""onboard_geofencing"": false, ""speed_limit_active"": false}"
2023-07-17 12:47:56.479,5237,13,"359159972073523",20,"{""key"": false, ""flip"": false, ""zone"": false, ""speed"": 20.4, ""buzzer"": 0, ""engine"": true, ""in_zone"": true, ""ignition"": true, ""latitude"": 42.63939, ""direction"": 113, ""longitude"": 18.0998966, ""gsm_signal"": 26, ""sleep_mode"": false, ""staff_mode"": false, ""fault_codes"": [], ""speed_limit"": 46, ""engine_hours"": 1591, ""idc_triggers"": [], ""buzzer_active"": false, ""fuel_level_avg"": 0, ""lock_geo_alert"": false, ""operation_mode"": ""RENT"", ""battery_voltage"": 14.800000190734863, ""in_primary_zone"": true, ""lock_engine_alert"": false, ""in_restricted_zone"": false, ""onboard_geofencing"": false, ""speed_limit_active"": false}"
2023-07-17 12:47:55.897,5237,13,"359159972073523",20,"{""key"": false, ""flip"": false, ""zone"": false, ""speed"": 28.5, ""buzzer"": 0, ""engine"": true, ""in_zone"": true, ""ignition"": true, ""latitude"": 42.6394116, ""direction"": 111, ""longitude"": 18.099825, ""gsm_signal"": 26, ""sleep_mode"": false, ""staff_mode"": false, ""fault_codes"": [], ""speed_limit"": 46, ""engine_hours"": 1591, ""idc_triggers"": [], ""buzzer_active"": false, ""fuel_level_avg"": 0, ""lock_geo_alert"": false, ""operation_mode"": ""RENT"", ""battery_voltage"": 14.800000190734863, ""in_primary_zone"": true, ""lock_engine_alert"": false, ""in_restricted_zone"": false, ""onboard_geofencing"": false, ""speed_limit_active"": false}"
2023-07-17 12:47:54.419,5237,13,"359159972073523",20,"{""key"": false, ""flip"": false, ""zone"": false, ""speed"": 35.1, ""buzzer"": 0, ""engine"": true, ""in_zone"": true, ""ignition"": true, ""latitude"": 42.63944, ""direction"": 111, ""longitude"": 18.0997282, ""gsm_signal"": 29, ""sleep_mode"": false, ""staff_mode"": false, ""fault_codes"": [], ""speed_limit"": 46, ""engine_hours"": 1591, ""idc_triggers"": [], ""buzzer_active"": false, ""fuel_level_avg"": 0, ""lock_geo_alert"": false, ""operation_mode"": ""RENT"", ""battery_voltage"": 14.800000190734863, ""in_primary_zone"": true, ""lock_engine_alert"": false, ""in_restricted_zone"": false, ""onboard_geofencing"": false, ""speed_limit_active"": false}"
2023-07-17 12:47:53.421,5237,13,"359159972073523",20,"{""key"": false, ""flip"": false, ""zone"": false, ""speed"": 34.0, ""buzzer"": 0, ""engine"": true, ""in_zone"": true, ""ignition"": true, ""latitude"": 42.6394716, ""direction"": 112, ""longitude"": 18.0996182, ""gsm_signal"": 29, ""sleep_mode"": false, ""staff_mode"": false, ""fault_codes"": [], ""speed_limit"": 46, ""engine_hours"": 1591, ""idc_triggers"": [], ""buzzer_active"": false, ""fuel_level_avg"": 0, ""lock_geo_alert"": false, ""operation_mode"": ""RENT"", ""battery_voltage"": 14.800000190734863, ""in_primary_zone"": true, ""lock_engine_alert"": false, ""in_restricted_zone"": false, ""onboard_geofencing"": false, ""speed_limit_active"": false}"
2023-07-17 12:47:52.446,5237,13,"359159972073523",20,"{""key"": false, ""flip"": false, ""zone"": false, ""speed"": 33.8, ""buzzer"": 0, ""engine"": true, ""in_zone"": true, ""ignition"": true, ""latitude"": 42.639505, ""direction"": 112, ""longitude"": 18.09951, ""gsm_signal"": 29, ""sleep_mode"": false, ""staff_mode"": false, ""fault_codes"": [], ""speed_limit"": 46, ""engine_hours"": 1591, ""idc_triggers"": [], ""buzzer_active"": false, ""fuel_level_avg"": 0, ""lock_geo_alert"": false, ""operation_mode"": ""RENT"", ""battery_voltage"": 14.800000190734863, ""in_primary_zone"": true, ""lock_engine_alert"": false, ""in_restricted_zone"": false, ""onboard_geofencing"": false, ""speed_limit_active"": false}"
2023-07-17 12:47:51.478,5237,13,"359159972073523",20,"{""key"": false, ""flip"": false, ""zone"": false, ""speed"": 33.6, ""buzzer"": 0, ""engine"": true, ""in_zone"": true, ""ignition"": true, ""latitude"": 42.6395366, ""direction"": 112, ""longitude"": 18.099405, ""gsm_signal"": 30, ""sleep_mode"": false, ""staff_mode"": false, ""fault_codes"": [], ""speed_limit"": 46, ""engine_hours"": 1591, ""idc_triggers"": [], ""buzzer_active"": false, ""fuel_level_avg"": 0, ""lock_geo_alert"": false, ""operation_mode"": ""RENT"", ""battery_voltage"": 14.800000190734863, ""in_primary_zone"": true, ""lock_engine_alert"": false, ""in_restricted_zone"": false, ""onboard_geofencing"": false, ""speed_limit_active"": false}"
2023-07-17 12:47:50.620,5237,13,"359159972073523",20,"{""key"": false, ""flip"": false, ""zone"": false, ""speed"": 33.5, ""buzzer"": 0, ""engine"": true, ""in_zone"": true, ""ignition"": true, ""latitude"": 42.6395683, ""direction"": 112, ""longitude"": 18.0992982, ""gsm_signal"": 30, ""sleep_mode"": false, ""staff_mode"": false, ""fault_codes"": [], ""speed_limit"": 46, ""engine_hours"": 1591, ""idc_triggers"": [], ""buzzer_active"": false, ""fuel_level_avg"": 0, ""lock_geo_alert"": false, ""operation_mode"": ""RENT"", ""battery_voltage"": 14.800000190734863, ""in_primary_zone"": true, ""lock_engine_alert"": false, ""in_restricted_zone"": false, ""onboard_geofencing"": false, ""speed_limit_active"": false}"
2023-07-17 12:47:49.638,5237,13,"359159972073523",20,"{""key"": false, ""flip"": false, ""zone"": false, ""speed"": 32.8, ""buzzer"": 0, ""engine"": true, ""in_zone"": true, ""ignition"": true, ""latitude"": 42.6396016, ""direction"": 113, ""longitude"": 18.099195, ""gsm_signal"": 30, ""sleep_mode"": false, ""staff_mode"": false, ""fault_codes"": [], ""speed_limit"": 46, ""engine_hours"": 1591, ""idc_triggers"": [], ""buzzer_active"": false, ""fuel_level_avg"": 0, ""lock_geo_alert"": false, ""operation_mode"": ""RENT"", ""battery_voltage"": 14.800000190734863, ""in_primary_zone"": true, ""lock_engine_alert"": false, ""in_restricted_zone"": false, ""onboard_geofencing"": false, ""speed_limit_active"": false}"
2023-07-17 12:47:48.937,5237,13,"359159972073523",20,"{""key"": false, ""flip"": false, ""zone"": false, ""speed"": 32.3, ""buzzer"": 0, ""engine"": true, ""in_zone"": true, ""ignition"": true, ""latitude"": 42.6396333, ""direction"": 114, ""longitude"": 18.0990916, ""gsm_signal"": 29, ""sleep_mode"": false, ""staff_mode"": false, ""fault_codes"": [], ""speed_limit"": 46, ""engine_hours"": 1591, ""idc_triggers"": [], ""buzzer_active"": false, ""fuel_level_avg"": 0, ""lock_geo_alert"": false, ""operation_mode"": ""RENT"", ""battery_voltage"": 14.800000190734863, ""in_primary_zone"": true, ""lock_engine_alert"": false, ""in_restricted_zone"": false, ""onboard_geofencing"": false, ""speed_limit_active"": false}"
2023-07-17 12:47:47.421,5237,13,"359159972073523",20,"{""key"": false, ""flip"": false, ""zone"": false, ""speed"": 32.2, ""buzzer"": 0, ""engine"": true, ""in_zone"": true, ""ignition"": true, ""latitude"": 42.6396666, ""direction"": 113, ""longitude"": 18.0989916, ""gsm_signal"": 29, ""sleep_mode"": false, ""staff_mode"": false, ""fault_codes"": [], ""speed_limit"": 46, ""engine_hours"": 1591, ""idc_triggers"": [], ""buzzer_active"": false, ""fuel_level_avg"": 0, ""lock_geo_alert"": false, ""operation_mode"": ""RENT"", ""battery_voltage"": 14.800000190734863, ""in_primary_zone"": true, ""lock_engine_alert"": false, ""in_restricted_zone"": false, ""onboard_geofencing"": false, ""speed_limit_active"": false}"
2023-07-17 12:47:46.438,5237,13,"359159972073523",20,"{""key"": false, ""flip"": false, ""zone"": false, ""speed"": 31.9, ""buzzer"": 0, ""engine"": true, ""in_zone"": true, ""ignition"": true, ""latitude"": 42.6396966, ""direction"": 111, ""longitude"": 18.09889, ""gsm_signal"": 29, ""sleep_mode"": false, ""staff_mode"": false, ""fault_codes"": [], ""speed_limit"": 46, ""engine_hours"": 1591, ""idc_triggers"": [], ""buzzer_active"": false, ""fuel_level_avg"": 0, ""lock_geo_alert"": false, ""operation_mode"": ""RENT"", ""battery_voltage"": 14.800000190734863, ""in_primary_zone"": true, ""lock_engine_alert"": false, ""in_restricted_zone"": false, ""onboard_geofencing"": false, ""speed_limit_active"": false}"
2023-07-17 12:47:45.600,5237,13,"359159972073523",20,"{""key"": false, ""flip"": false, ""zone"": false, ""speed"": 32.1, ""buzzer"": 0, ""engine"": true, ""in_zone"": true, ""ignition"": true, ""latitude"": 42.6397266, ""direction"": 111, ""longitude"": 18.09879, ""gsm_signal"": 27, ""sleep_mode"": false, ""staff_mode"": false, ""fault_codes"": [], ""speed_limit"": 46, ""engine_hours"": 1591, ""idc_triggers"": [], ""buzzer_active"": false, ""fuel_level_avg"": 0, ""lock_geo_alert"": false, ""operation_mode"": ""RENT"", ""battery_voltage"": 14.800000190734863, ""in_primary_zone"": true, ""lock_engine_alert"": false, ""in_restricted_zone"": false, ""onboard_geofencing"": false, ""speed_limit_active"": false}"
2023-07-17 12:47:44.978,5237,13,"359159972073523",20,"{""key"": false, ""flip"": false, ""zone"": false, ""speed"": 31.6, ""buzzer"": 0, ""engine"": true, ""in_zone"": true, ""ignition"": true, ""latitude"": 42.6397566, ""direction"": 111, ""longitude"": 18.0986882, ""gsm_signal"": 27, ""sleep_mode"": false, ""staff_mode"": false, ""fault_codes"": [], ""speed_limit"": 46, ""engine_hours"": 1591, ""idc_triggers"": [], ""buzzer_active"": false, ""fuel_level_avg"": 0, ""lock_geo_alert"": false, ""operation_mode"": ""RENT"", ""battery_voltage"": 14.800000190734863, ""in_primary_zone"": true, ""lock_engine_alert"": false, ""in_restricted_zone"": false, ""onboard_geofencing"": false, ""speed_limit_active"": false}"
2023-07-17 12:47:43.418,5237,13,"359159972073523",20,"{""key"": false, ""flip"": false, ""zone"": false, ""speed"": 31.3, ""buzzer"": 0, ""engine"": true, ""in_zone"": true, ""ignition"": true, ""latitude"": 42.639785, ""direction"": 111, ""longitude"": 18.0985882, ""gsm_signal"": 27, ""sleep_mode"": false, ""staff_mode"": false, ""fault_codes"": [], ""speed_limit"": 46, ""engine_hours"": 1591, ""idc_triggers"": [], ""buzzer_active"": false, ""fuel_level_avg"": 0, ""lock_geo_alert"": false, ""operation_mode"": ""RENT"", ""battery_voltage"": 14.800000190734863, ""in_primary_zone"": true, ""lock_engine_alert"": false, ""in_restricted_zone"": false, ""onboard_geofencing"": false, ""speed_limit_active"": false}"
2023-07-17 12:47:42.419,5237,13,"359159972073523",20,"{""key"": false, ""flip"": false, ""zone"": false, ""speed"": 31.2, ""buzzer"": 0, ""engine"": true, ""in_zone"": true, ""ignition"": true, ""latitude"": 42.639815, ""direction"": 113, ""longitude"": 18.0984882, ""gsm_signal"": 27, ""sleep_mode"": false, ""staff_mode"": false, ""fault_codes"": [], ""speed_limit"": 46, ""engine_hours"": 1591, ""idc_triggers"": [], ""buzzer_active"": false, ""fuel_level_avg"": 0, ""lock_geo_alert"": false, ""operation_mode"": ""RENT"", ""battery_voltage"": 14.800000190734863, ""in_primary_zone"": true, ""lock_engine_alert"": false, ""in_restricted_zone"": false, ""onboard_geofencing"": false, ""speed_limit_active"": false}"
2023-07-17 12:47:41.419,5237,13,"359159972073523",20,"{""key"": false, ""flip"": false, ""zone"": false, ""speed"": 31.1, ""buzzer"": 0, ""engine"": true, ""in_zone"": true, ""ignition"": true, ""latitude"": 42.639845, ""direction"": 112, ""longitude"": 18.09839, ""gsm_signal"": 27, ""sleep_mode"": false, ""staff_mode"": false, ""fault_codes"": [], ""speed_limit"": 46, ""engine_hours"": 1591, ""idc_triggers"": [], ""buzzer_active"": false, ""fuel_level_avg"": 0, ""lock_geo_alert"": false, ""operation_mode"": ""RENT"", ""battery_voltage"": 14.800000190734863, ""in_primary_zone"": true, ""lock_engine_alert"": false, ""in_restricted_zone"": false, ""onboard_geofencing"": false, ""speed_limit_active"": false}"
2023-07-17 12:47:40.427,5237,13,"359159972073523",20,"{""key"": false, ""flip"": false, ""zone"": false, ""speed"": 30.9, ""buzzer"": 0, ""engine"": true, ""in_zone"": true, ""ignition"": true, ""latitude"": 42.639875, ""direction"": 112, ""longitude"": 18.0982916, ""gsm_signal"": 27, ""sleep_mode"": false, ""staff_mode"": false, ""fault_codes"": [], ""speed_limit"": 46, ""engine_hours"": 1591, ""idc_triggers"": [], ""buzzer_active"": false, ""fuel_level_avg"": 3, ""lock_geo_alert"": false, ""operation_mode"": ""RENT"", ""battery_voltage"": 14.800000190734863, ""in_primary_zone"": true, ""lock_engine_alert"": false, ""in_restricted_zone"": false, ""onboard_geofencing"": false, ""speed_limit_active"": false}"
2023-07-17 12:47:39.440,5237,13,"359159972073523",20,"{""key"": false, ""flip"": false, ""zone"": false, ""speed"": 30.5, ""buzzer"": 0, ""engine"": true, ""in_zone"": true, ""ignition"": true, ""latitude"": 42.6399033, ""direction"": 111, ""longitude"": 18.098195, ""gsm_signal"": 28, ""sleep_mode"": false, ""staff_mode"": false, ""fault_codes"": [], ""speed_limit"": 46, ""engine_hours"": 1591, ""idc_triggers"": [], ""buzzer_active"": false, ""fuel_level_avg"": 3, ""lock_geo_alert"": false, ""operation_mode"": ""RENT"", ""battery_voltage"": 14.800000190734863, ""in_primary_zone"": true, ""lock_engine_alert"": false, ""in_restricted_zone"": false, ""onboard_geofencing"": false, ""speed_limit_active"": false}"
2023-07-17 12:47:38.679,5237,13,"359159972073523",20,"{""key"": false, ""flip"": false, ""zone"": false, ""speed"": 30.3, ""buzzer"": 0, ""engine"": true, ""in_zone"": true, ""ignition"": true, ""latitude"": 42.6399333, ""direction"": 113, ""longitude"": 18.0980982, ""gsm_signal"": 28, ""sleep_mode"": false, ""staff_mode"": false, ""fault_codes"": [], ""speed_limit"": 46, ""engine_hours"": 1591, ""idc_triggers"": [], ""buzzer_active"": false, ""fuel_level_avg"": 3, ""lock_geo_alert"": false, ""operation_mode"": ""RENT"", ""battery_voltage"": 14.800000190734863, ""in_primary_zone"": true, ""lock_engine_alert"": false, ""in_restricted_zone"": false, ""onboard_geofencing"": false, ""speed_limit_active"": false}"
2023-07-17 12:47:37.939,5237,13,"359159972073523",20,"{""key"": false, ""flip"": false, ""zone"": false, ""speed"": 29.7, ""buzzer"": 0, ""engine"": true, ""in_zone"": true, ""ignition"": true, ""latitude"": 42.6399633, ""direction"": 113, ""longitude"": 18.0980032, ""gsm_signal"": 28, ""sleep_mode"": false, ""staff_mode"": false, ""fault_codes"": [], ""speed_limit"": 46, ""engine_hours"": 1591, ""idc_triggers"": [], ""buzzer_active"": false, ""fuel_level_avg"": 3, ""lock_geo_alert"": false, ""operation_mode"": ""RENT"", ""battery_voltage"": 14.800000190734863, ""in_primary_zone"": true, ""lock_engine_alert"": false, ""in_restricted_zone"": false, ""onboard_geofencing"": false, ""speed_limit_active"": false}"
2023-07-17 12:47:36.459,5237,13,"359159972073523",20,"{""key"": false, ""flip"": false, ""zone"": false, ""speed"": 28.9, ""buzzer"": 0, ""engine"": true, ""in_zone"": true, ""ignition"": true, ""latitude"": 42.6399933, ""direction"": 114, ""longitude"": 18.0979116, ""gsm_signal"": 30, ""sleep_mode"": false, ""staff_mode"": false, ""fault_codes"": [], ""speed_limit"": 46, ""engine_hours"": 1591, ""idc_triggers"": [], ""buzzer_active"": false, ""fuel_level_avg"": 3, ""lock_geo_alert"": false, ""operation_mode"": ""RENT"", ""battery_voltage"": 14.800000190734863, ""in_primary_zone"": true, ""lock_engine_alert"": false, ""in_restricted_zone"": false, ""onboard_geofencing"": false, ""speed_limit_active"": false}"
2023-07-17 12:47:35.910,5237,13,"359159972073523",20,"{""key"": false, ""flip"": false, ""zone"": false, ""speed"": 28.6, ""buzzer"": 0, ""engine"": true, ""in_zone"": true, ""ignition"": true, ""latitude"": 42.6400233, ""direction"": 116, ""longitude"": 18.0978232, ""gsm_signal"": 30, ""sleep_mode"": false, ""staff_mode"": false, ""fault_codes"": [], ""speed_limit"": 46, ""engine_hours"": 1591, ""idc_triggers"": [], ""buzzer_active"": false, ""fuel_level_avg"": 3, ""lock_geo_alert"": false, ""operation_mode"": ""RENT"", ""battery_voltage"": 14.800000190734863, ""in_primary_zone"": true, ""lock_engine_alert"": false, ""in_restricted_zone"": false, ""onboard_geofencing"": false, ""speed_limit_active"": false}"
2023-07-17 12:47:34.419,5237,13,"359159972073523",20,"{""key"": false, ""flip"": false, ""zone"": false, ""speed"": 28.7, ""buzzer"": 0, ""engine"": true, ""in_zone"": true, ""ignition"": true, ""latitude"": 42.6400566, ""direction"": 118, ""longitude"": 18.097735, ""gsm_signal"": 30, ""sleep_mode"": false, ""staff_mode"": false, ""fault_codes"": [], ""speed_limit"": 46, ""engine_hours"": 1591, ""idc_triggers"": [], ""buzzer_active"": false, ""fuel_level_avg"": 3, ""lock_geo_alert"": false, ""operation_mode"": ""RENT"", ""battery_voltage"": 14.800000190734863, ""in_primary_zone"": true, ""lock_engine_alert"": false, ""in_restricted_zone"": false, ""onboard_geofencing"": false, ""speed_limit_active"": false}"
2023-07-17 12:47:33.439,5237,13,"359159972073523",20,"{""key"": false, ""flip"": false, ""zone"": false, ""speed"": 28.1, ""buzzer"": 0, ""engine"": true, ""in_zone"": true, ""ignition"": true, ""latitude"": 42.6400916, ""direction"": 119, ""longitude"": 18.09765, ""gsm_signal"": 28, ""sleep_mode"": false, ""staff_mode"": false, ""fault_codes"": [], ""speed_limit"": 46, ""engine_hours"": 1591, ""idc_triggers"": [], ""buzzer_active"": false, ""fuel_level_avg"": 3, ""lock_geo_alert"": false, ""operation_mode"": ""RENT"", ""battery_voltage"": 14.800000190734863, ""in_primary_zone"": true, ""lock_engine_alert"": false, ""in_restricted_zone"": false, ""onboard_geofencing"": false, ""speed_limit_active"": false}"
2023-07-17 12:47:32.449,5237,13,"359159972073523",20,"{""key"": false, ""flip"": false, ""zone"": false, ""speed"": 27.9, ""buzzer"": 0, ""engine"": true, ""in_zone"": true, ""ignition"": true, ""latitude"": 42.640125, ""direction"": 117, ""longitude"": 18.0975666, ""gsm_signal"": 28, ""sleep_mode"": false, ""staff_mode"": false, ""fault_codes"": [], ""speed_limit"": 46, ""engine_hours"": 1591, ""idc_triggers"": [], ""buzzer_active"": false, ""fuel_level_avg"": 3, ""lock_geo_alert"": false, ""operation_mode"": ""RENT"", ""battery_voltage"": 14.800000190734863, ""in_primary_zone"": true, ""lock_engine_alert"": false, ""in_restricted_zone"": false, ""onboard_geofencing"": false, ""speed_limit_active"": false}"
2023-07-17 12:47:31.879,5237,13,"359159972073523",20,"{""key"": false, ""flip"": false, ""zone"": false, ""speed"": 26.7, ""buzzer"": 0, ""engine"": true, ""in_zone"": true, ""ignition"": true, ""latitude"": 42.6401566, ""direction"": 117, ""longitude"": 18.0974816, ""gsm_signal"": 28, ""sleep_mode"": false, ""staff_mode"": false, ""fault_codes"": [], ""speed_limit"": 46, ""engine_hours"": 1591, ""idc_triggers"": [], ""buzzer_active"": false, ""fuel_level_avg"": 3, ""lock_geo_alert"": false, ""operation_mode"": ""RENT"", ""battery_voltage"": 14.800000190734863, ""in_primary_zone"": true, ""lock_engine_alert"": false, ""in_restricted_zone"": false, ""onboard_geofencing"": false, ""speed_limit_active"": false}"
2023-07-17 12:47:30.417,5237,13,"359159972073523",20,"{""key"": false, ""flip"": false, ""zone"": false, ""speed"": 25.1, ""buzzer"": 0, ""engine"": true, ""in_zone"": true, ""ignition"": true, ""latitude"": 42.6401866, ""direction"": 119, ""longitude"": 18.0974032, ""gsm_signal"": 28, ""sleep_mode"": false, ""staff_mode"": false, ""fault_codes"": [], ""speed_limit"": 46, ""engine_hours"": 1591, ""idc_triggers"": [], ""buzzer_active"": false, ""fuel_level_avg"": 3, ""lock_geo_alert"": false, ""operation_mode"": ""RENT"", ""battery_voltage"": 14.800000190734863, ""in_primary_zone"": true, ""lock_engine_alert"": false, ""in_restricted_zone"": false, ""onboard_geofencing"": false, ""speed_limit_active"": false}"
2023-07-17 12:47:29.475,5237,13,"359159972073523",20,"{""key"": false, ""flip"": false, ""zone"": false, ""speed"": 23.0, ""buzzer"": 0, ""engine"": true, ""in_zone"": true, ""ignition"": true, ""latitude"": 42.64022, ""direction"": 125, ""longitude"": 18.0973316, ""gsm_signal"": 28, ""sleep_mode"": false, ""staff_mode"": false, ""fault_codes"": [], ""speed_limit"": 46, ""engine_hours"": 1591, ""idc_triggers"": [], ""buzzer_active"": false, ""fuel_level_avg"": 3, ""lock_geo_alert"": false, ""operation_mode"": ""RENT"", ""battery_voltage"": 14.800000190734863, ""in_primary_zone"": true, ""lock_engine_alert"": false, ""in_restricted_zone"": false, ""onboard_geofencing"": false, ""speed_limit_active"": false}"
2023-07-17 12:47:28.760,5237,13,"359159972073523",20,"{""key"": false, ""flip"": false, ""zone"": false, ""speed"": 21.6, ""buzzer"": 0, ""engine"": true, ""in_zone"": true, ""ignition"": true, ""latitude"": 42.6402533, ""direction"": 126, ""longitude"": 18.09727, ""gsm_signal"": 28, ""sleep_mode"": false, ""staff_mode"": false, ""fault_codes"": [], ""speed_limit"": 46, ""engine_hours"": 1591, ""idc_triggers"": [], ""buzzer_active"": false, ""fuel_level_avg"": 3, ""lock_geo_alert"": false, ""operation_mode"": ""RENT"", ""battery_voltage"": 14.800000190734863, ""in_primary_zone"": true, ""lock_engine_alert"": false, ""in_restricted_zone"": false, ""onboard_geofencing"": false, ""speed_limit_active"": false}"
2023-07-17 12:47:28.223,5237,13,"359159972073523",20,"{""key"": false, ""flip"": false, ""zone"": false, ""speed"": 19.6, ""buzzer"": 0, ""engine"": true, ""in_zone"": true, ""ignition"": true, ""latitude"": 42.6402833, ""direction"": 126, ""longitude"": 18.0972116, ""gsm_signal"": 30, ""sleep_mode"": false, ""staff_mode"": false, ""fault_codes"": [], ""speed_limit"": 46, ""engine_hours"": 1591, ""idc_triggers"": [], ""buzzer_active"": false, ""fuel_level_avg"": 3, ""lock_geo_alert"": false, ""operation_mode"": ""RENT"", ""battery_voltage"": 14.800000190734863, ""in_primary_zone"": true, ""lock_engine_alert"": false, ""in_restricted_zone"": false, ""onboard_geofencing"": false, ""speed_limit_active"": false}"
2023-07-17 12:47:26.420,5237,13,"359159972073523",20,"{""key"": false, ""flip"": false, ""zone"": false, ""speed"": 19.1, ""buzzer"": 0, ""engine"": true, ""in_zone"": true, ""ignition"": true, ""latitude"": 42.6403133, ""direction"": 126, ""longitude"": 18.0971582, ""gsm_signal"": 30, ""sleep_mode"": false, ""staff_mode"": false, ""fault_codes"": [], ""speed_limit"": 46, ""engine_hours"": 1591, ""idc_triggers"": [], ""buzzer_active"": false, ""fuel_level_avg"": 3, ""lock_geo_alert"": false, ""operation_mode"": ""RENT"", ""battery_voltage"": 14.800000190734863, ""in_primary_zone"": true, ""lock_engine_alert"": false, ""in_restricted_zone"": false, ""onboard_geofencing"": false, ""speed_limit_active"": false}"
2023-07-17 12:47:25.460,5237,13,"359159972073523",20,"{""key"": false, ""flip"": false, ""zone"": false, ""speed"": 18.4, ""buzzer"": 0, ""engine"": true, ""in_zone"": true, ""ignition"": true, ""latitude"": 42.6403416, ""direction"": 124, ""longitude"": 18.0971066, ""gsm_signal"": 30, ""sleep_mode"": false, ""staff_mode"": false, ""fault_codes"": [], ""speed_limit"": 46, ""engine_hours"": 1591, ""idc_triggers"": [], ""buzzer_active"": false, ""fuel_level_avg"": 3, ""lock_geo_alert"": false, ""operation_mode"": ""RENT"", ""battery_voltage"": 14.800000190734863, ""in_primary_zone"": true, ""lock_engine_alert"": false, ""in_restricted_zone"": false, ""onboard_geofencing"": false, ""speed_limit_active"": false}"
2023-07-17 12:47:24.461,5237,13,"359159972073523",20,"{""key"": false, ""flip"": false, ""zone"": false, ""speed"": 16.7, ""buzzer"": 0, ""engine"": true, ""in_zone"": true, ""ignition"": true, ""latitude"": 42.6403666, ""direction"": 120, ""longitude"": 18.097055, ""gsm_signal"": 30, ""sleep_mode"": false, ""staff_mode"": false, ""fault_codes"": [], ""speed_limit"": 46, ""engine_hours"": 1591, ""idc_triggers"": [], ""buzzer_active"": false, ""fuel_level_avg"": 3, ""lock_geo_alert"": false, ""operation_mode"": ""RENT"", ""battery_voltage"": 14.800000190734863, ""in_primary_zone"": true, ""lock_engine_alert"": false, ""in_restricted_zone"": false, ""onboard_geofencing"": false, ""speed_limit_active"": false}"
2023-07-17 12:47:23.901,5237,13,"359159972073523",20,"{""key"": false, ""flip"": false, ""zone"": false, ""speed"": 18.0, ""buzzer"": 0, ""engine"": true, ""in_zone"": true, ""ignition"": true, ""latitude"": 42.64039, ""direction"": 115, ""longitude"": 18.0970032, ""gsm_signal"": 30, ""sleep_mode"": false, ""staff_mode"": false, ""fault_codes"": [], ""speed_limit"": 46, ""engine_hours"": 1591, ""idc_triggers"": [], ""buzzer_active"": false, ""fuel_level_avg"": 3, ""lock_geo_alert"": false, ""operation_mode"": ""RENT"", ""battery_voltage"": 14.800000190734863, ""in_primary_zone"": true, ""lock_engine_alert"": false, ""in_restricted_zone"": false, ""onboard_geofencing"": false, ""speed_limit_active"": false}"
2023-07-17 12:47:22.420,5237,13,"359159972073523",20,"{""key"": false, ""flip"": false, ""zone"": false, ""speed"": 20.9, ""buzzer"": 0, ""engine"": true, ""in_zone"": true, ""ignition"": true, ""latitude"": 42.6404116, ""direction"": 111, ""longitude"": 18.0969432, ""gsm_signal"": 30, ""sleep_mode"": false, ""staff_mode"": false, ""fault_codes"": [], ""speed_limit"": 46, ""engine_hours"": 1591, ""idc_triggers"": [], ""buzzer_active"": false, ""fuel_level_avg"": 3, ""lock_geo_alert"": false, ""operation_mode"": ""RENT"", ""battery_voltage"": 14.800000190734863, ""in_primary_zone"": true, ""lock_engine_alert"": false, ""in_restricted_zone"": false, ""onboard_geofencing"": false, ""speed_limit_active"": false}"
2023-07-17 12:47:21.442,5237,13,"359159972073523",20,"{""key"": false, ""flip"": false, ""zone"": false, ""speed"": 24.8, ""buzzer"": 0, ""engine"": true, ""in_zone"": true, ""ignition"": true, ""latitude"": 42.64043, ""direction"": 107, ""longitude"": 18.0968732, ""gsm_signal"": 30, ""sleep_mode"": false, ""staff_mode"": false, ""fault_codes"": [], ""speed_limit"": 46, ""engine_hours"": 1591, ""idc_triggers"": [], ""buzzer_active"": false, ""fuel_level_avg"": 3, ""lock_geo_alert"": false, ""operation_mode"": ""RENT"", ""battery_voltage"": 14.800000190734863, ""in_primary_zone"": true, ""lock_engine_alert"": false, ""in_restricted_zone"": false, ""onboard_geofencing"": false, ""speed_limit_active"": false}"
2023-07-17 12:47:20.441,5237,13,"359159972073523",20,"{""key"": false, ""flip"": false, ""zone"": false, ""speed"": 25.6, ""buzzer"": 0, ""engine"": true, ""in_zone"": true, ""ignition"": true, ""latitude"": 42.6404466, ""direction"": 104, ""longitude"": 18.09679, ""gsm_signal"": 30, ""sleep_mode"": false, ""staff_mode"": false, ""fault_codes"": [], ""speed_limit"": 46, ""engine_hours"": 1591, ""idc_triggers"": [], ""buzzer_active"": false, ""fuel_level_avg"": 3, ""lock_geo_alert"": false, ""operation_mode"": ""RENT"", ""battery_voltage"": 14.800000190734863, ""in_primary_zone"": true, ""lock_engine_alert"": false, ""in_restricted_zone"": false, ""onboard_geofencing"": false, ""speed_limit_active"": false}"
2023-07-17 12:47:19.881,5237,13,"359159972073523",20,"{""key"": false, ""flip"": false, ""zone"": false, ""speed"": 24.1, ""buzzer"": 0, ""engine"": true, ""in_zone"": true, ""ignition"": true, ""latitude"": 42.6404633, ""direction"": 104, ""longitude"": 18.0967066, ""gsm_signal"": 30, ""sleep_mode"": false, ""staff_mode"": false, ""fault_codes"": [], ""speed_limit"": 46, ""engine_hours"": 1591, ""idc_triggers"": [], ""buzzer_active"": false, ""fuel_level_avg"": 3, ""lock_geo_alert"": false, ""operation_mode"": ""RENT"", ""battery_voltage"": 14.800000190734863, ""in_primary_zone"": true, ""lock_engine_alert"": false, ""in_restricted_zone"": false, ""onboard_geofencing"": false, ""speed_limit_active"": false}"
2023-07-17 12:47:18.420,5237,13,"359159972073523",20,"{""key"": false, ""flip"": false, ""zone"": false, ""speed"": 23.4, ""buzzer"": 0, ""engine"": true, ""in_zone"": true, ""ignition"": true, ""latitude"": 42.6404783, ""direction"": 104, ""longitude"": 18.0966266, ""gsm_signal"": 30, ""sleep_mode"": false, ""staff_mode"": false, ""fault_codes"": [], ""speed_limit"": 46, ""engine_hours"": 1591, ""idc_triggers"": [], ""buzzer_active"": false, ""fuel_level_avg"": 3, ""lock_geo_alert"": false, ""operation_mode"": ""RENT"", ""battery_voltage"": 14.800000190734863, ""in_primary_zone"": true, ""lock_engine_alert"": false, ""in_restricted_zone"": false, ""onboard_geofencing"": false, ""speed_limit_active"": false}"
2023-07-17 12:47:17.421,5237,13,"359159972073523",20,"{""key"": false, ""flip"": false, ""zone"": false, ""speed"": 23.4, ""buzzer"": 0, ""engine"": true, ""in_zone"": true, ""ignition"": true, ""latitude"": 42.6404933, ""direction"": 104, ""longitude"": 18.09655, ""gsm_signal"": 30, ""sleep_mode"": false, ""staff_mode"": false, ""fault_codes"": [], ""speed_limit"": 46, ""engine_hours"": 1591, ""idc_triggers"": [], ""buzzer_active"": false, ""fuel_level_avg"": 3, ""lock_geo_alert"": false, ""operation_mode"": ""RENT"", ""battery_voltage"": 14.800000190734863, ""in_primary_zone"": true, ""lock_engine_alert"": false, ""in_restricted_zone"": false, ""onboard_geofencing"": false, ""speed_limit_active"": false}"
2023-07-17 12:47:16.437,5237,13,"359159972073523",20,"{""key"": false, ""flip"": false, ""zone"": false, ""speed"": 23.1, ""buzzer"": 0, ""engine"": true, ""in_zone"": true, ""ignition"": true, ""latitude"": 42.6405083, ""direction"": 105, ""longitude"": 18.0964732, ""gsm_signal"": 30, ""sleep_mode"": false, ""staff_mode"": false, ""fault_codes"": [], ""speed_limit"": 46, ""engine_hours"": 1591, ""idc_triggers"": [], ""buzzer_active"": false, ""fuel_level_avg"": 3, ""lock_geo_alert"": false, ""operation_mode"": ""RENT"", ""battery_voltage"": 14.800000190734863, ""in_primary_zone"": true, ""lock_engine_alert"": false, ""in_restricted_zone"": false, ""onboard_geofencing"": false, ""speed_limit_active"": false}"
2023-07-17 12:47:15.536,5237,13,"359159972073523",20,"{""key"": false, ""flip"": false, ""zone"": false, ""speed"": 23.0, ""buzzer"": 0, ""engine"": true, ""in_zone"": true, ""ignition"": true, ""latitude"": 42.6405233, ""direction"": 103, ""longitude"": 18.0963982, ""gsm_signal"": 31, ""sleep_mode"": false, ""staff_mode"": false, ""fault_codes"": [], ""speed_limit"": 46, ""engine_hours"": 1591, ""idc_triggers"": [], ""buzzer_active"": false, ""fuel_level_avg"": 3, ""lock_geo_alert"": false, ""operation_mode"": ""RENT"", ""battery_voltage"": 14.800000190734863, ""in_primary_zone"": true, ""lock_engine_alert"": false, ""in_restricted_zone"": false, ""onboard_geofencing"": false, ""speed_limit_active"": false}"
2023-07-17 12:47:14.439,5237,13,"359159972073523",20,"{""key"": false, ""flip"": false, ""zone"": false, ""speed"": 26.4, ""buzzer"": 0, ""engine"": true, ""in_zone"": true, ""ignition"": true, ""latitude"": 42.6405366, ""direction"": 106, ""longitude"": 18.09632, ""gsm_signal"": 31, ""sleep_mode"": false, ""staff_mode"": false, ""fault_codes"": [], ""speed_limit"": 46, ""engine_hours"": 1591, ""idc_triggers"": [], ""buzzer_active"": false, ""fuel_level_avg"": 3, ""lock_geo_alert"": false, ""operation_mode"": ""RENT"", ""battery_voltage"": 14.800000190734863, ""in_primary_zone"": true, ""lock_engine_alert"": false, ""in_restricted_zone"": false, ""onboard_geofencing"": false, ""speed_limit_active"": false}"
2023-07-17 12:47:13.897,5237,13,"359159972073523",20,"{""key"": false, ""flip"": false, ""zone"": false, ""speed"": 29.2, ""buzzer"": 0, ""engine"": true, ""in_zone"": true, ""ignition"": true, ""latitude"": 42.6405566, ""direction"": 107, ""longitude"": 18.09623, ""gsm_signal"": 31, ""sleep_mode"": false, ""staff_mode"": false, ""fault_codes"": [], ""speed_limit"": 46, ""engine_hours"": 1591, ""idc_triggers"": [], ""buzzer_active"": false, ""fuel_level_avg"": 3, ""lock_geo_alert"": false, ""operation_mode"": ""RENT"", ""battery_voltage"": 14.800000190734863, ""in_primary_zone"": true, ""lock_engine_alert"": false, ""in_restricted_zone"": false, ""onboard_geofencing"": false, ""speed_limit_active"": false}"
2023-07-17 12:47:12.419,5237,13,"359159972073523",20,"{""key"": false, ""flip"": false, ""zone"": false, ""speed"": 29.3, ""buzzer"": 0, ""engine"": true, ""in_zone"": true, ""ignition"": true, ""latitude"": 42.64058, ""direction"": 105, ""longitude"": 18.096135, ""gsm_signal"": 27, ""sleep_mode"": false, ""staff_mode"": false, ""fault_codes"": [], ""speed_limit"": 46, ""engine_hours"": 1591, ""idc_triggers"": [], ""buzzer_active"": false, ""fuel_level_avg"": 3, ""lock_geo_alert"": false, ""operation_mode"": ""RENT"", ""battery_voltage"": 14.800000190734863, ""in_primary_zone"": true, ""lock_engine_alert"": false, ""in_restricted_zone"": false, ""onboard_geofencing"": false, ""speed_limit_active"": false}"
2023-07-17 12:47:11.423,5237,13,"359159972073523",20,"{""key"": false, ""flip"": false, ""zone"": false, ""speed"": 33.1, ""buzzer"": 0, ""engine"": true, ""in_zone"": true, ""ignition"": true, ""latitude"": 42.6406, ""direction"": 104, ""longitude"": 18.096035, ""gsm_signal"": 27, ""sleep_mode"": false, ""staff_mode"": false, ""fault_codes"": [], ""speed_limit"": 46, ""engine_hours"": 1591, ""idc_triggers"": [], ""buzzer_active"": false, ""fuel_level_avg"": 3, ""lock_geo_alert"": false, ""operation_mode"": ""RENT"", ""battery_voltage"": 14.800000190734863, ""in_primary_zone"": true, ""lock_engine_alert"": false, ""in_restricted_zone"": false, ""onboard_geofencing"": false, ""speed_limit_active"": false}"
2023-07-17 12:47:10.556,5237,13,"359159972073523",20,"{""key"": false, ""flip"": false, ""zone"": false, ""speed"": 33.9, ""buzzer"": 0, ""engine"": true, ""in_zone"": true, ""ignition"": true, ""latitude"": 42.6406216, ""direction"": 105, ""longitude"": 18.0959266, ""gsm_signal"": 27, ""sleep_mode"": false, ""staff_mode"": false, ""fault_codes"": [], ""speed_limit"": 46, ""engine_hours"": 1591, ""idc_triggers"": [], ""buzzer_active"": false, ""fuel_level_avg"": 3, ""lock_geo_alert"": false, ""operation_mode"": ""RENT"", ""battery_voltage"": 14.800000190734863, ""in_primary_zone"": true, ""lock_engine_alert"": false, ""in_restricted_zone"": false, ""onboard_geofencing"": false, ""speed_limit_active"": false}"
2023-07-17 12:47:09.620,5237,13,"359159972073523",20,"{""key"": false, ""flip"": false, ""zone"": false, ""speed"": 35.3, ""buzzer"": 0, ""engine"": true, ""in_zone"": true, ""ignition"": true, ""latitude"": 42.640645, ""direction"": 106, ""longitude"": 18.095815, ""gsm_signal"": 28, ""sleep_mode"": false, ""staff_mode"": false, ""fault_codes"": [], ""speed_limit"": 46, ""engine_hours"": 1591, ""idc_triggers"": [], ""buzzer_active"": false, ""fuel_level_avg"": 3, ""lock_geo_alert"": false, ""operation_mode"": ""RENT"", ""battery_voltage"": 14.800000190734863, ""in_primary_zone"": true, ""lock_engine_alert"": false, ""in_restricted_zone"": false, ""onboard_geofencing"": false, ""speed_limit_active"": false}"
2023-07-17 12:47:08.639,5237,13,"359159972073523",20,"{""key"": false, ""flip"": false, ""zone"": false, ""speed"": 35.0, ""buzzer"": 0, ""engine"": true, ""in_zone"": true, ""ignition"": true, ""latitude"": 42.64067, ""direction"": 106, ""longitude"": 18.0957, ""gsm_signal"": 28, ""sleep_mode"": false, ""staff_mode"": false, ""fault_codes"": [], ""speed_limit"": 46, ""engine_hours"": 1591, ""idc_triggers"": [], ""buzzer_active"": false, ""fuel_level_avg"": 3, ""lock_geo_alert"": false, ""operation_mode"": ""RENT"", ""battery_voltage"": 14.800000190734863, ""in_primary_zone"": true, ""lock_engine_alert"": false, ""in_restricted_zone"": false, ""onboard_geofencing"": false, ""speed_limit_active"": false}"
2023-07-17 12:47:07.556,5237,13,"359159972073523",20,"{""key"": false, ""flip"": false, ""zone"": false, ""speed"": 35.8, ""buzzer"": 0, ""engine"": true, ""in_zone"": true, ""ignition"": true, ""latitude"": 42.6406933, ""direction"": 106, ""longitude"": 18.095585, ""gsm_signal"": 28, ""sleep_mode"": false, ""staff_mode"": false, ""fault_codes"": [], ""speed_limit"": 46, ""engine_hours"": 1591, ""idc_triggers"": [], ""buzzer_active"": false, ""fuel_level_avg"": 3, ""lock_geo_alert"": false, ""operation_mode"": ""RENT"", ""battery_voltage"": 14.800000190734863, ""in_primary_zone"": true, ""lock_engine_alert"": false, ""in_restricted_zone"": false, ""onboard_geofencing"": false, ""speed_limit_active"": false}"
2023-07-17 12:47:06.445,5237,13,"359159972073523",20,"{""key"": false, ""flip"": false, ""zone"": false, ""speed"": 36.1, ""buzzer"": 0, ""engine"": true, ""in_zone"": true, ""ignition"": true, ""latitude"": 42.64072, ""direction"": 105, ""longitude"": 18.0954666, ""gsm_signal"": 29, ""sleep_mode"": false, ""staff_mode"": false, ""fault_codes"": [], ""speed_limit"": 46, ""engine_hours"": 1591, ""idc_triggers"": [], ""buzzer_active"": false, ""fuel_level_avg"": 3, ""lock_geo_alert"": false, ""operation_mode"": ""RENT"", ""battery_voltage"": 14.800000190734863, ""in_primary_zone"": true, ""lock_engine_alert"": false, ""in_restricted_zone"": false, ""onboard_geofencing"": false, ""speed_limit_active"": false}"
2023-07-17 12:47:05.442,5237,13,"359159972073523",20,"{""key"": false, ""flip"": false, ""zone"": false, ""speed"": 37.2, ""buzzer"": 0, ""engine"": true, ""in_zone"": true, ""ignition"": true, ""latitude"": 42.6407433, ""direction"": 105, ""longitude"": 18.0953482, ""gsm_signal"": 29, ""sleep_mode"": false, ""staff_mode"": false, ""fault_codes"": [], ""speed_limit"": 46, ""engine_hours"": 1591, ""idc_triggers"": [], ""buzzer_active"": false, ""fuel_level_avg"": 3, ""lock_geo_alert"": false, ""operation_mode"": ""RENT"", ""battery_voltage"": 14.800000190734863, ""in_primary_zone"": true, ""lock_engine_alert"": false, ""in_restricted_zone"": false, ""onboard_geofencing"": false, ""speed_limit_active"": false}"
2023-07-17 12:47:04.842,5237,13,"359159972073523",20,"{""key"": false, ""flip"": false, ""zone"": false, ""speed"": 37.1, ""buzzer"": 0, ""engine"": true, ""in_zone"": true, ""ignition"": true, ""latitude"": 42.6407666, ""direction"": 103, ""longitude"": 18.095225, ""gsm_signal"": 29, ""sleep_mode"": false, ""staff_mode"": false, ""fault_codes"": [], ""speed_limit"": 46, ""engine_hours"": 1591, ""idc_triggers"": [], ""buzzer_active"": false, ""fuel_level_avg"": 3, ""lock_geo_alert"": false, ""operation_mode"": ""RENT"", ""battery_voltage"": 14.800000190734863, ""in_primary_zone"": true, ""lock_engine_alert"": false, ""in_restricted_zone"": false, ""onboard_geofencing"": false, ""speed_limit_active"": false}"
2023-07-17 12:47:03.425,5237,13,"359159972073523",20,"{""key"": false, ""flip"": false, ""zone"": false, ""speed"": 38.5, ""buzzer"": 0, ""engine"": true, ""in_zone"": true, ""ignition"": true, ""latitude"": 42.6407883, ""direction"": 103, ""longitude"": 18.0951016, ""gsm_signal"": 31, ""sleep_mode"": false, ""staff_mode"": false, ""fault_codes"": [], ""speed_limit"": 46, ""engine_hours"": 1591, ""idc_triggers"": [], ""buzzer_active"": false, ""fuel_level_avg"": 3, ""lock_geo_alert"": false, ""operation_mode"": ""RENT"", ""battery_voltage"": 14.800000190734863, ""in_primary_zone"": true, ""lock_engine_alert"": false, ""in_restricted_zone"": false, ""onboard_geofencing"": false, ""speed_limit_active"": false}"
2023-07-17 12:47:02.424,5237,13,"359159972073523",20,"{""key"": false, ""flip"": false, ""zone"": false, ""speed"": 38.4, ""buzzer"": 0, ""engine"": true, ""in_zone"": true, ""ignition"": true, ""latitude"": 42.6408116, ""direction"": 103, ""longitude"": 18.094975, ""gsm_signal"": 31, ""sleep_mode"": false, ""staff_mode"": false, ""fault_codes"": [], ""speed_limit"": 46, ""engine_hours"": 1591, ""idc_triggers"": [], ""buzzer_active"": false, ""fuel_level_avg"": 3, ""lock_geo_alert"": false, ""operation_mode"": ""RENT"", ""battery_voltage"": 14.800000190734863, ""in_primary_zone"": true, ""lock_engine_alert"": false, ""in_restricted_zone"": false, ""onboard_geofencing"": false, ""speed_limit_active"": false}"
2023-07-17 12:47:01.467,5237,13,"359159972073523",20,"{""key"": false, ""flip"": false, ""zone"": false, ""speed"": 38.0, ""buzzer"": 0, ""engine"": true, ""in_zone"": true, ""ignition"": true, ""latitude"": 42.640835, ""direction"": 104, ""longitude"": 18.0948482, ""gsm_signal"": 31, ""sleep_mode"": false, ""staff_mode"": false, ""fault_codes"": [], ""speed_limit"": 46, ""engine_hours"": 1591, ""idc_triggers"": [], ""buzzer_active"": false, ""fuel_level_avg"": 3, ""lock_geo_alert"": false, ""operation_mode"": ""RENT"", ""battery_voltage"": 14.800000190734863, ""in_primary_zone"": true, ""lock_engine_alert"": false, ""in_restricted_zone"": false, ""onboard_geofencing"": false, ""speed_limit_active"": false}"
2023-07-17 12:47:00.444,5237,13,"359159972073523",20,"{""key"": false, ""flip"": false, ""zone"": false, ""speed"": 35.9, ""buzzer"": 0, ""engine"": true, ""in_zone"": true, ""ignition"": true, ""latitude"": 42.6408583, ""direction"": 105, ""longitude"": 18.0947266, ""gsm_signal"": 31, ""sleep_mode"": false, ""staff_mode"": false, ""fault_codes"": [], ""speed_limit"": 46, ""engine_hours"": 1591, ""idc_triggers"": [], ""buzzer_active"": false, ""fuel_level_avg"": 3, ""lock_geo_alert"": false, ""operation_mode"": ""RENT"", ""battery_voltage"": 14.800000190734863, ""in_primary_zone"": true, ""lock_engine_alert"": false, ""in_restricted_zone"": false, ""onboard_geofencing"": false, ""speed_limit_active"": false}"
2023-07-17 12:46:59.843,5237,13,"359159972073523",20,"{""key"": false, ""flip"": false, ""zone"": false, ""speed"": 35.4, ""buzzer"": 0, ""engine"": true, ""in_zone"": true, ""ignition"": true, ""latitude"": 42.6408833, ""direction"": 106, ""longitude"": 18.09461, ""gsm_signal"": 31, ""sleep_mode"": false, ""staff_mode"": false, ""fault_codes"": [], ""speed_limit"": 46, ""engine_hours"": 1591, ""idc_triggers"": [], ""buzzer_active"": false, ""fuel_level_avg"": 3, ""lock_geo_alert"": false, ""operation_mode"": ""RENT"", ""battery_voltage"": 14.800000190734863, ""in_primary_zone"": true, ""lock_engine_alert"": false, ""in_restricted_zone"": false, ""onboard_geofencing"": false, ""speed_limit_active"": false}"
2023-07-17 12:46:58.422,5237,13,"359159972073523",20,"{""key"": false, ""flip"": false, ""zone"": false, ""speed"": 35.8, ""buzzer"": 0, ""engine"": true, ""in_zone"": true, ""ignition"": true, ""latitude"": 42.6409083, ""direction"": 105, ""longitude"": 18.094495, ""gsm_signal"": 31, ""sleep_mode"": false, ""staff_mode"": false, ""fault_codes"": [], ""speed_limit"": 46, ""engine_hours"": 1591, ""idc_triggers"": [], ""buzzer_active"": false, ""fuel_level_avg"": 3, ""lock_geo_alert"": false, ""operation_mode"": ""RENT"", ""battery_voltage"": 14.800000190734863, ""in_primary_zone"": true, ""lock_engine_alert"": false, ""in_restricted_zone"": false, ""onboard_geofencing"": false, ""speed_limit_active"": false}"
2023-07-17 12:46:57.445,5237,13,"359159972073523",20,"{""key"": false, ""flip"": false, ""zone"": false, ""speed"": 36.6, ""buzzer"": 0, ""engine"": true, ""in_zone"": true, ""ignition"": true, ""latitude"": 42.64093, ""direction"": 105, ""longitude"": 18.0943782, ""gsm_signal"": 31, ""sleep_mode"": false, ""staff_mode"": false, ""fault_codes"": [], ""speed_limit"": 46, ""engine_hours"": 1591, ""idc_triggers"": [], ""buzzer_active"": false, ""fuel_level_avg"": 3, ""lock_geo_alert"": false, ""operation_mode"": ""RENT"", ""battery_voltage"": 14.800000190734863, ""in_primary_zone"": true, ""lock_engine_alert"": false, ""in_restricted_zone"": false, ""onboard_geofencing"": false, ""speed_limit_active"": false}"
2023-07-17 12:46:56.441,5237,13,"359159972073523",20,"{""key"": false, ""flip"": false, ""zone"": false, ""speed"": 34.9, ""buzzer"": 0, ""engine"": true, ""in_zone"": true, ""ignition"": true, ""latitude"": 42.640955, ""direction"": 105, ""longitude"": 18.09426, ""gsm_signal"": 31, ""sleep_mode"": false, ""staff_mode"": false, ""fault_codes"": [], ""speed_limit"": 46, ""engine_hours"": 1591, ""idc_triggers"": [], ""buzzer_active"": false, ""fuel_level_avg"": 3, ""lock_geo_alert"": false, ""operation_mode"": ""RENT"", ""battery_voltage"": 14.800000190734863, ""in_primary_zone"": true, ""lock_engine_alert"": false, ""in_restricted_zone"": false, ""onboard_geofencing"": false, ""speed_limit_active"": false}"
2023-07-17 12:46:55.841,5237,13,"359159972073523",20,"{""key"": false, ""flip"": false, ""zone"": false, ""speed"": 34.8, ""buzzer"": 0, ""engine"": true, ""in_zone"": true, ""ignition"": true, ""latitude"": 42.6409783, ""direction"": 105, ""longitude"": 18.0941466, ""gsm_signal"": 31, ""sleep_mode"": false, ""staff_mode"": false, ""fault_codes"": [], ""speed_limit"": 46, ""engine_hours"": 1591, ""idc_triggers"": [], ""buzzer_active"": false, ""fuel_level_avg"": 3, ""lock_geo_alert"": false, ""operation_mode"": ""RENT"", ""battery_voltage"": 14.800000190734863, ""in_primary_zone"": true, ""lock_engine_alert"": false, ""in_restricted_zone"": false, ""onboard_geofencing"": false, ""speed_limit_active"": false}"
2023-07-17 12:46:54.422,5237,13,"359159972073523",20,"{""key"": false, ""flip"": false, ""zone"": false, ""speed"": 35.3, ""buzzer"": 0, ""engine"": true, ""in_zone"": true, ""ignition"": true, ""latitude"": 42.6410016, ""direction"": 105, ""longitude"": 18.0940332, ""gsm_signal"": 31, ""sleep_mode"": false, ""staff_mode"": false, ""fault_codes"": [], ""speed_limit"": 46, ""engine_hours"": 1591, ""idc_triggers"": [], ""buzzer_active"": false, ""fuel_level_avg"": 3, ""lock_geo_alert"": false, ""operation_mode"": ""RENT"", ""battery_voltage"": 14.800000190734863, ""in_primary_zone"": true, ""lock_engine_alert"": false, ""in_restricted_zone"": false, ""onboard_geofencing"": false, ""speed_limit_active"": false}"
2023-07-17 12:46:53.428,5237,13,"359159972073523",20,"{""key"": false, ""flip"": false, ""zone"": false, ""speed"": 36.7, ""buzzer"": 0, ""engine"": true, ""in_zone"": true, ""ignition"": true, ""latitude"": 42.641026600000004, ""direction"": 106, ""longitude"": 18.0939166, ""gsm_signal"": 31, ""sleep_mode"": false, ""staff_mode"": false, ""fault_codes"": [], ""speed_limit"": 46, ""engine_hours"": 1591, ""idc_triggers"": [], ""buzzer_active"": false, ""fuel_level_avg"": 3, ""lock_geo_alert"": false, ""operation_mode"": ""RENT"", ""battery_voltage"": 14.800000190734863, ""in_primary_zone"": true, ""lock_engine_alert"": false, ""in_restricted_zone"": false, ""onboard_geofencing"": false, ""speed_limit_active"": false}"
2023-07-17 12:46:52.441,5237,13,"359159972073523",20,"{""key"": false, ""flip"": false, ""zone"": false, ""speed"": 36.4, ""buzzer"": 0, ""engine"": true, ""in_zone"": true, ""ignition"": true, ""latitude"": 42.6410516, ""direction"": 105, ""longitude"": 18.0937982, ""gsm_signal"": 31, ""sleep_mode"": false, ""staff_mode"": false, ""fault_codes"": [], ""speed_limit"": 46, ""engine_hours"": 1591, ""idc_triggers"": [], ""buzzer_active"": false, ""fuel_level_avg"": 3, ""lock_geo_alert"": false, ""operation_mode"": ""RENT"", ""battery_voltage"": 14.800000190734863, ""in_primary_zone"": true, ""lock_engine_alert"": false, ""in_restricted_zone"": false, ""onboard_geofencing"": false, ""speed_limit_active"": false}"
2023-07-17 12:46:51.449,5237,13,"359159972073523",20,"{""key"": false, ""flip"": false, ""zone"": false, ""speed"": 35.8, ""buzzer"": 0, ""engine"": true, ""in_zone"": true, ""ignition"": true, ""latitude"": 42.641075, ""direction"": 105, ""longitude"": 18.09368, ""gsm_signal"": 30, ""sleep_mode"": false, ""staff_mode"": false, ""fault_codes"": [], ""speed_limit"": 46, ""engine_hours"": 1591, ""idc_triggers"": [], ""buzzer_active"": false, ""fuel_level_avg"": 3, ""lock_geo_alert"": false, ""operation_mode"": ""RENT"", ""battery_voltage"": 14.800000190734863, ""in_primary_zone"": true, ""lock_engine_alert"": false, ""in_restricted_zone"": false, ""onboard_geofencing"": false, ""speed_limit_active"": false}"
2023-07-17 12:46:50.967,5237,13,"359159972073523",20,"{""key"": false, ""flip"": false, ""zone"": false, ""speed"": 36.2, ""buzzer"": 0, ""engine"": true, ""in_zone"": true, ""ignition"": true, ""latitude"": 42.6410983, ""direction"": 104, ""longitude"": 18.0935632, ""gsm_signal"": 30, ""sleep_mode"": false, ""staff_mode"": false, ""fault_codes"": [], ""speed_limit"": 46, ""engine_hours"": 1591, ""idc_triggers"": [], ""buzzer_active"": false, ""fuel_level_avg"": 3, ""lock_geo_alert"": false, ""operation_mode"": ""RENT"", ""battery_voltage"": 14.800000190734863, ""in_primary_zone"": true, ""lock_engine_alert"": false, ""in_restricted_zone"": false, ""onboard_geofencing"": false, ""speed_limit_active"": false}"
2023-07-17 12:46:49.422,5237,13,"359159972073523",20,"{""key"": false, ""flip"": false, ""zone"": false, ""speed"": 36.8, ""buzzer"": 0, ""engine"": true, ""in_zone"": true, ""ignition"": true, ""latitude"": 42.64112, ""direction"": 104, ""longitude"": 18.0934432, ""gsm_signal"": 30, ""sleep_mode"": false, ""staff_mode"": false, ""fault_codes"": [], ""speed_limit"": 46, ""engine_hours"": 1591, ""idc_triggers"": [], ""buzzer_active"": false, ""fuel_level_avg"": 3, ""lock_geo_alert"": false, ""operation_mode"": ""RENT"", ""battery_voltage"": 14.800000190734863, ""in_primary_zone"": true, ""lock_engine_alert"": false, ""in_restricted_zone"": false, ""onboard_geofencing"": false, ""speed_limit_active"": false}"
2023-07-17 12:46:48.445,5237,13,"359159972073523",20,"{""key"": false, ""flip"": false, ""zone"": false, ""speed"": 37.0, ""buzzer"": 0, ""engine"": true, ""in_zone"": true, ""ignition"": true, ""latitude"": 42.6411416, ""direction"": 103, ""longitude"": 18.0933232, ""gsm_signal"": 30, ""sleep_mode"": false, ""staff_mode"": false, ""fault_codes"": [], ""speed_limit"": 46, ""engine_hours"": 1591, ""idc_triggers"": [], ""buzzer_active"": false, ""fuel_level_avg"": 3, ""lock_geo_alert"": false, ""operation_mode"": ""RENT"", ""battery_voltage"": 14.800000190734863, ""in_primary_zone"": true, ""lock_engine_alert"": false, ""in_restricted_zone"": false, ""onboard_geofencing"": false, ""speed_limit_active"": false}"
2023-07-17 12:46:47.442,5237,13,"359159972073523",20,"{""key"": false, ""flip"": false, ""zone"": false, ""speed"": 35.5, ""buzzer"": 0, ""engine"": true, ""in_zone"": true, ""ignition"": true, ""latitude"": 42.6411633, ""direction"": 104, ""longitude"": 18.0932032, ""gsm_signal"": 30, ""sleep_mode"": false, ""staff_mode"": false, ""fault_codes"": [], ""speed_limit"": 46, ""engine_hours"": 1591, ""idc_triggers"": [], ""buzzer_active"": false, ""fuel_level_avg"": 3, ""lock_geo_alert"": false, ""operation_mode"": ""RENT"", ""battery_voltage"": 14.800000190734863, ""in_primary_zone"": true, ""lock_engine_alert"": false, ""in_restricted_zone"": false, ""onboard_geofencing"": false, ""speed_limit_active"": false}"
2023-07-17 12:46:46.842,5237,13,"359159972073523",20,"{""key"": false, ""flip"": false, ""zone"": false, ""speed"": 35.6, ""buzzer"": 0, ""engine"": true, ""in_zone"": true, ""ignition"": true, ""latitude"": 42.6411866, ""direction"": 105, ""longitude"": 18.0930866, ""gsm_signal"": 30, ""sleep_mode"": false, ""staff_mode"": false, ""fault_codes"": [], ""speed_limit"": 46, ""engine_hours"": 1591, ""idc_triggers"": [], ""buzzer_active"": false, ""fuel_level_avg"": 3, ""lock_geo_alert"": false, ""operation_mode"": ""RENT"", ""battery_voltage"": 14.800000190734863, ""in_primary_zone"": true, ""lock_engine_alert"": false, ""in_restricted_zone"": false, ""onboard_geofencing"": false, ""speed_limit_active"": false}"
2023-07-17 12:46:45.423,5237,13,"359159972073523",20,"{""key"": false, ""flip"": false, ""zone"": false, ""speed"": 37.1, ""buzzer"": 0, ""engine"": true, ""in_zone"": true, ""ignition"": true, ""latitude"": 42.64121, ""direction"": 105, ""longitude"": 18.09297, ""gsm_signal"": 29, ""sleep_mode"": false, ""staff_mode"": false, ""fault_codes"": [], ""speed_limit"": 46, ""engine_hours"": 1591, ""idc_triggers"": [], ""buzzer_active"": false, ""fuel_level_avg"": 3, ""lock_geo_alert"": false, ""operation_mode"": ""RENT"", ""battery_voltage"": 14.800000190734863, ""in_primary_zone"": true, ""lock_engine_alert"": false, ""in_restricted_zone"": false, ""onboard_geofencing"": false, ""speed_limit_active"": false}"
2023-07-17 12:46:44.425,5237,13,"359159972073523",20,"{""key"": false, ""flip"": false, ""zone"": false, ""speed"": 36.7, ""buzzer"": 0, ""engine"": true, ""in_zone"": true, ""ignition"": true, ""latitude"": 42.6412333, ""direction"": 105, ""longitude"": 18.0928482, ""gsm_signal"": 29, ""sleep_mode"": false, ""staff_mode"": false, ""fault_codes"": [], ""speed_limit"": 46, ""engine_hours"": 1591, ""idc_triggers"": [], ""buzzer_active"": false, ""fuel_level_avg"": 3, ""lock_geo_alert"": false, ""operation_mode"": ""RENT"", ""battery_voltage"": 14.800000190734863, ""in_primary_zone"": true, ""lock_engine_alert"": false, ""in_restricted_zone"": false, ""onboard_geofencing"": false, ""speed_limit_active"": false}"
2023-07-17 12:46:43.441,5237,13,"359159972073523",20,"{""key"": false, ""flip"": false, ""zone"": false, ""speed"": 35.6, ""buzzer"": 0, ""engine"": true, ""in_zone"": true, ""ignition"": true, ""latitude"": 42.6412566, ""direction"": 105, ""longitude"": 18.09273, ""gsm_signal"": 29, ""sleep_mode"": false, ""staff_mode"": false, ""fault_codes"": [], ""speed_limit"": 46, ""engine_hours"": 1591, ""idc_triggers"": [], ""buzzer_active"": false, ""fuel_level_avg"": 3, ""lock_geo_alert"": false, ""operation_mode"": ""RENT"", ""battery_voltage"": 14.800000190734863, ""in_primary_zone"": true, ""lock_engine_alert"": false, ""in_restricted_zone"": false, ""onboard_geofencing"": false, ""speed_limit_active"": false}"
2023-07-17 12:46:42.444,5237,13,"359159972073523",20,"{""key"": false, ""flip"": false, ""zone"": false, ""speed"": 34.8, ""buzzer"": 0, ""engine"": true, ""in_zone"": true, ""ignition"": true, ""latitude"": 42.64128, ""direction"": 104, ""longitude"": 18.0926132, ""gsm_signal"": 29, ""sleep_mode"": false, ""staff_mode"": false, ""fault_codes"": [], ""speed_limit"": 46, ""engine_hours"": 1591, ""idc_triggers"": [], ""buzzer_active"": false, ""fuel_level_avg"": 3, ""lock_geo_alert"": false, ""operation_mode"": ""RENT"", ""battery_voltage"": 14.800000190734863, ""in_primary_zone"": true, ""lock_engine_alert"": false, ""in_restricted_zone"": false, ""onboard_geofencing"": false, ""speed_limit_active"": false}"
2023-07-17 12:46:41.844,5237,13,"359159972073523",20,"{""key"": false, ""flip"": false, ""zone"": false, ""speed"": 33.8, ""buzzer"": 0, ""engine"": true, ""in_zone"": true, ""ignition"": true, ""latitude"": 42.6413016, ""direction"": 106, ""longitude"": 18.0925016, ""gsm_signal"": 29, ""sleep_mode"": false, ""staff_mode"": false, ""fault_codes"": [], ""speed_limit"": 46, ""engine_hours"": 1591, ""idc_triggers"": [], ""buzzer_active"": false, ""fuel_level_avg"": 3, ""lock_geo_alert"": false, ""operation_mode"": ""RENT"", ""battery_voltage"": 14.800000190734863, ""in_primary_zone"": true, ""lock_engine_alert"": false, ""in_restricted_zone"": false, ""onboard_geofencing"": false, ""speed_limit_active"": false}"
2023-07-17 12:46:40.423,5237,13,"359159972073523",20,"{""key"": false, ""flip"": false, ""zone"": false, ""speed"": 33.3, ""buzzer"": 0, ""engine"": true, ""in_zone"": true, ""ignition"": true, ""latitude"": 42.6413266, ""direction"": 107, ""longitude"": 18.0923916, ""gsm_signal"": 29, ""sleep_mode"": false, ""staff_mode"": false, ""fault_codes"": [], ""speed_limit"": 46, ""engine_hours"": 1591, ""idc_triggers"": [], ""buzzer_active"": false, ""fuel_level_avg"": 3, ""lock_geo_alert"": false, ""operation_mode"": ""RENT"", ""battery_voltage"": 14.800000190734863, ""in_primary_zone"": true, ""lock_engine_alert"": false, ""in_restricted_zone"": false, ""onboard_geofencing"": false, ""speed_limit_active"": false}"
2023-07-17 12:46:39.421,5237,13,"359159972073523",20,"{""key"": false, ""flip"": false, ""zone"": false, ""speed"": 33.1, ""buzzer"": 0, ""engine"": true, ""in_zone"": true, ""ignition"": true, ""latitude"": 42.64135, ""direction"": 106, ""longitude"": 18.092285, ""gsm_signal"": 30, ""sleep_mode"": false, ""staff_mode"": false, ""fault_codes"": [], ""speed_limit"": 46, ""engine_hours"": 1591, ""idc_triggers"": [], ""buzzer_active"": false, ""fuel_level_avg"": 0, ""lock_geo_alert"": false, ""operation_mode"": ""RENT"", ""battery_voltage"": 14.800000190734863, ""in_primary_zone"": true, ""lock_engine_alert"": false, ""in_restricted_zone"": false, ""onboard_geofencing"": false, ""speed_limit_active"": false}"
2023-07-17 12:46:38.424,5237,13,"359159972073523",20,"{""key"": false, ""flip"": false, ""zone"": false, ""speed"": 33.8, ""buzzer"": 0, ""engine"": true, ""in_zone"": true, ""ignition"": true, ""latitude"": 42.6413733, ""direction"": 105, ""longitude"": 18.0921782, ""gsm_signal"": 30, ""sleep_mode"": false, ""staff_mode"": false, ""fault_codes"": [], ""speed_limit"": 46, ""engine_hours"": 1591, ""idc_triggers"": [], ""buzzer_active"": false, ""fuel_level_avg"": 0, ""lock_geo_alert"": false, ""operation_mode"": ""RENT"", ""battery_voltage"": 14.800000190734863, ""in_primary_zone"": true, ""lock_engine_alert"": false, ""in_restricted_zone"": false, ""onboard_geofencing"": false, ""speed_limit_active"": false}"
2023-07-17 12:46:37.440,5237,13,"359159972073523",20,"{""key"": false, ""flip"": false, ""zone"": false, ""speed"": 32.8, ""buzzer"": 0, ""engine"": true, ""in_zone"": true, ""ignition"": true, ""latitude"": 42.641395, ""direction"": 105, ""longitude"": 18.0920682, ""gsm_signal"": 30, ""sleep_mode"": false, ""staff_mode"": false, ""fault_codes"": [], ""speed_limit"": 46, ""engine_hours"": 1591, ""idc_triggers"": [], ""buzzer_active"": false, ""fuel_level_avg"": 0, ""lock_geo_alert"": false, ""operation_mode"": ""RENT"", ""battery_voltage"": 14.800000190734863, ""in_primary_zone"": true, ""lock_engine_alert"": false, ""in_restricted_zone"": false, ""onboard_geofencing"": false, ""speed_limit_active"": false}"
2023-07-17 12:46:36.446,5237,13,"359159972073523",20,"{""key"": false, ""flip"": false, ""zone"": false, ""speed"": 32.9, ""buzzer"": 0, ""engine"": true, ""in_zone"": true, ""ignition"": true, ""latitude"": 42.6414166, ""direction"": 104, ""longitude"": 18.0919616, ""gsm_signal"": 31, ""sleep_mode"": false, ""staff_mode"": false, ""fault_codes"": [], ""speed_limit"": 46, ""engine_hours"": 1591, ""idc_triggers"": [], ""buzzer_active"": false, ""fuel_level_avg"": 0, ""lock_geo_alert"": false, ""operation_mode"": ""RENT"", ""battery_voltage"": 14.800000190734863, ""in_primary_zone"": true, ""lock_engine_alert"": false, ""in_restricted_zone"": false, ""onboard_geofencing"": false, ""speed_limit_active"": false}"
2023-07-17 12:46:35.842,5237,13,"359159972073523",20,"{""key"": false, ""flip"": false, ""zone"": false, ""speed"": 32.7, ""buzzer"": 0, ""engine"": true, ""in_zone"": true, ""ignition"": true, ""latitude"": 42.6414366, ""direction"": 103, ""longitude"": 18.091855, ""gsm_signal"": 31, ""sleep_mode"": false, ""staff_mode"": false, ""fault_codes"": [], ""speed_limit"": 46, ""engine_hours"": 1591, ""idc_triggers"": [], ""buzzer_active"": false, ""fuel_level_avg"": 0, ""lock_geo_alert"": false, ""operation_mode"": ""RENT"", ""battery_voltage"": 14.800000190734863, ""in_primary_zone"": true, ""lock_engine_alert"": false, ""in_restricted_zone"": false, ""onboard_geofencing"": false, ""speed_limit_active"": false}"
2023-07-17 12:46:34.422,5237,13,"359159972073523",20,"{""key"": false, ""flip"": false, ""zone"": false, ""speed"": 33.4, ""buzzer"": 0, ""engine"": true, ""in_zone"": true, ""ignition"": true, ""latitude"": 42.6414566, ""direction"": 104, ""longitude"": 18.0917466, ""gsm_signal"": 31, ""sleep_mode"": false, ""staff_mode"": false, ""fault_codes"": [], ""speed_limit"": 46, ""engine_hours"": 1591, ""idc_triggers"": [], ""buzzer_active"": false, ""fuel_level_avg"": 0, ""lock_geo_alert"": false, ""operation_mode"": ""RENT"", ""battery_voltage"": 14.800000190734863, ""in_primary_zone"": true, ""lock_engine_alert"": false, ""in_restricted_zone"": false, ""onboard_geofencing"": false, ""speed_limit_active"": false}"
2023-07-17 12:46:33.443,5237,13,"359159972073523",20,"{""key"": false, ""flip"": false, ""zone"": false, ""speed"": 33.1, ""buzzer"": 0, ""engine"": true, ""in_zone"": true, ""ignition"": true, ""latitude"": 42.6414783, ""direction"": 104, ""longitude"": 18.0916382, ""gsm_signal"": 31, ""sleep_mode"": false, ""staff_mode"": false, ""fault_codes"": [], ""speed_limit"": 46, ""engine_hours"": 1591, ""idc_triggers"": [], ""buzzer_active"": false, ""fuel_level_avg"": 0, ""lock_geo_alert"": false, ""operation_mode"": ""RENT"", ""battery_voltage"": 14.800000190734863, ""in_primary_zone"": true, ""lock_engine_alert"": false, ""in_restricted_zone"": false, ""onboard_geofencing"": false, ""speed_limit_active"": false}"
2023-07-17 12:46:32.441,5237,13,"359159972073523",20,"{""key"": false, ""flip"": false, ""zone"": false, ""speed"": 33.0, ""buzzer"": 0, ""engine"": true, ""in_zone"": true, ""ignition"": true, ""latitude"": 42.6414983, ""direction"": 105, ""longitude"": 18.0915316, ""gsm_signal"": 31, ""sleep_mode"": false, ""staff_mode"": false, ""fault_codes"": [], ""speed_limit"": 46, ""engine_hours"": 1591, ""idc_triggers"": [], ""buzzer_active"": false, ""fuel_level_avg"": 0, ""lock_geo_alert"": false, ""operation_mode"": ""RENT"", ""battery_voltage"": 14.800000190734863, ""in_primary_zone"": true, ""lock_engine_alert"": false, ""in_restricted_zone"": false, ""onboard_geofencing"": false, ""speed_limit_active"": false}"
2023-07-17 12:46:31.842,5237,13,"359159972073523",20,"{""key"": false, ""flip"": false, ""zone"": false, ""speed"": 32.6, ""buzzer"": 0, ""engine"": true, ""in_zone"": true, ""ignition"": true, ""latitude"": 42.64152, ""direction"": 105, ""longitude"": 18.091425, ""gsm_signal"": 31, ""sleep_mode"": false, ""staff_mode"": false, ""fault_codes"": [], ""speed_limit"": 46, ""engine_hours"": 1591, ""idc_triggers"": [], ""buzzer_active"": false, ""fuel_level_avg"": 0, ""lock_geo_alert"": false, ""operation_mode"": ""RENT"", ""battery_voltage"": 14.800000190734863, ""in_primary_zone"": true, ""lock_engine_alert"": false, ""in_restricted_zone"": false, ""onboard_geofencing"": false, ""speed_limit_active"": false}"
2023-07-17 12:46:30.420,5237,13,"359159972073523",20,"{""key"": false, ""flip"": false, ""zone"": false, ""speed"": 32.6, ""buzzer"": 0, ""engine"": true, ""in_zone"": true, ""ignition"": true, ""latitude"": 42.6415433, ""direction"": 106, ""longitude"": 18.0913182, ""gsm_signal"": 31, ""sleep_mode"": false, ""staff_mode"": false, ""fault_codes"": [], ""speed_limit"": 46, ""engine_hours"": 1591, ""idc_triggers"": [], ""buzzer_active"": false, ""fuel_level_avg"": 0, ""lock_geo_alert"": false, ""operation_mode"": ""RENT"", ""battery_voltage"": 14.800000190734863, ""in_primary_zone"": true, ""lock_engine_alert"": false, ""in_restricted_zone"": false, ""onboard_geofencing"": false, ""speed_limit_active"": false}"
2023-07-17 12:46:29.423,5237,13,"359159972073523",20,"{""key"": false, ""flip"": false, ""zone"": false, ""speed"": 33.3, ""buzzer"": 0, ""engine"": true, ""in_zone"": true, ""ignition"": true, ""latitude"": 42.6415666, ""direction"": 106, ""longitude"": 18.0912116, ""gsm_signal"": 31, ""sleep_mode"": false, ""staff_mode"": false, ""fault_codes"": [], ""speed_limit"": 46, ""engine_hours"": 1591, ""idc_triggers"": [], ""buzzer_active"": false, ""fuel_level_avg"": 0, ""lock_geo_alert"": false, ""operation_mode"": ""RENT"", ""battery_voltage"": 14.800000190734863, ""in_primary_zone"": true, ""lock_engine_alert"": false, ""in_restricted_zone"": false, ""onboard_geofencing"": false, ""speed_limit_active"": false}"
2023-07-17 12:46:28.441,5237,13,"359159972073523",20,"{""key"": false, ""flip"": false, ""zone"": false, ""speed"": 32.9, ""buzzer"": 0, ""engine"": true, ""in_zone"": true, ""ignition"": true, ""latitude"": 42.64159, ""direction"": 105, ""longitude"": 18.0911032, ""gsm_signal"": 31, ""sleep_mode"": false, ""staff_mode"": false, ""fault_codes"": [], ""speed_limit"": 46, ""engine_hours"": 1591, ""idc_triggers"": [], ""buzzer_active"": false, ""fuel_level_avg"": 0, ""lock_geo_alert"": false, ""operation_mode"": ""RENT"", ""battery_voltage"": 14.800000190734863, ""in_primary_zone"": true, ""lock_engine_alert"": false, ""in_restricted_zone"": false, ""onboard_geofencing"": false, ""speed_limit_active"": false}"
2023-07-17 12:46:27.444,5237,13,"359159972073523",20,"{""key"": false, ""flip"": false, ""zone"": false, ""speed"": 33.5, ""buzzer"": 0, ""engine"": true, ""in_zone"": true, ""ignition"": true, ""latitude"": 42.6416116, ""direction"": 106, ""longitude"": 18.0909966, ""gsm_signal"": 31, ""sleep_mode"": false, ""staff_mode"": false, ""fault_codes"": [], ""speed_limit"": 46, ""engine_hours"": 1591, ""idc_triggers"": [], ""buzzer_active"": false, ""fuel_level_avg"": 0, ""lock_geo_alert"": false, ""operation_mode"": ""RENT"", ""battery_voltage"": 14.800000190734863, ""in_primary_zone"": true, ""lock_engine_alert"": false, ""in_restricted_zone"": false, ""onboard_geofencing"": false, ""speed_limit_active"": false}"
2023-07-17 12:46:26.845,5237,13,"359159972073523",20,"{""key"": false, ""flip"": false, ""zone"": false, ""speed"": 34.0, ""buzzer"": 0, ""engine"": true, ""in_zone"": true, ""ignition"": true, ""latitude"": 42.641635, ""direction"": 107, ""longitude"": 18.0908882, ""gsm_signal"": 31, ""sleep_mode"": false, ""staff_mode"": false, ""fault_codes"": [], ""speed_limit"": 46, ""engine_hours"": 1591, ""idc_triggers"": [], ""buzzer_active"": false, ""fuel_level_avg"": 0, ""lock_geo_alert"": false, ""operation_mode"": ""RENT"", ""battery_voltage"": 14.800000190734863, ""in_primary_zone"": true, ""lock_engine_alert"": false, ""in_restricted_zone"": false, ""onboard_geofencing"": false, ""speed_limit_active"": false}"
2023-07-17 12:46:25.422,5237,13,"359159972073523",20,"{""key"": false, ""flip"": false, ""zone"": false, ""speed"": 33.4, ""buzzer"": 0, ""engine"": true, ""in_zone"": true, ""ignition"": true, ""latitude"": 42.64166, ""direction"": 107, ""longitude"": 18.0907782, ""gsm_signal"": 31, ""sleep_mode"": false, ""staff_mode"": false, ""fault_codes"": [], ""speed_limit"": 46, ""engine_hours"": 1591, ""idc_triggers"": [], ""buzzer_active"": false, ""fuel_level_avg"": 0, ""lock_geo_alert"": false, ""operation_mode"": ""RENT"", ""battery_voltage"": 14.800000190734863, ""in_primary_zone"": true, ""lock_engine_alert"": false, ""in_restricted_zone"": false, ""onboard_geofencing"": false, ""speed_limit_active"": false}"
2023-07-17 12:46:24.444,5237,13,"359159972073523",20,"{""key"": false, ""flip"": false, ""zone"": false, ""speed"": 32.7, ""buzzer"": 0, ""engine"": true, ""in_zone"": true, ""ignition"": true, ""latitude"": 42.641685, ""direction"": 106, ""longitude"": 18.09067, ""gsm_signal"": 24, ""sleep_mode"": false, ""staff_mode"": false, ""fault_codes"": [], ""speed_limit"": 46, ""engine_hours"": 1591, ""idc_triggers"": [], ""buzzer_active"": false, ""fuel_level_avg"": 0, ""lock_geo_alert"": false, ""operation_mode"": ""RENT"", ""battery_voltage"": 14.800000190734863, ""in_primary_zone"": true, ""lock_engine_alert"": false, ""in_restricted_zone"": false, ""onboard_geofencing"": false, ""speed_limit_active"": false}"
2023-07-17 12:46:23.445,5237,13,"359159972073523",20,"{""key"": false, ""flip"": false, ""zone"": false, ""speed"": 30.4, ""buzzer"": 0, ""engine"": true, ""in_zone"": true, ""ignition"": true, ""latitude"": 42.6417033, ""direction"": 105, ""longitude"": 18.0905682, ""gsm_signal"": 24, ""sleep_mode"": false, ""staff_mode"": false, ""fault_codes"": [], ""speed_limit"": 46, ""engine_hours"": 1591, ""idc_triggers"": [], ""buzzer_active"": false, ""fuel_level_avg"": 0, ""lock_geo_alert"": false, ""operation_mode"": ""RENT"", ""battery_voltage"": 14.800000190734863, ""in_primary_zone"": true, ""lock_engine_alert"": false, ""in_restricted_zone"": false, ""onboard_geofencing"": false, ""speed_limit_active"": false}"
2023-07-17 12:46:22.842,5237,13,"359159972073523",20,"{""key"": false, ""flip"": false, ""zone"": false, ""speed"": 29.5, ""buzzer"": 0, ""engine"": true, ""in_zone"": true, ""ignition"": true, ""latitude"": 42.6417233, ""direction"": 104, ""longitude"": 18.09047, ""gsm_signal"": 24, ""sleep_mode"": false, ""staff_mode"": false, ""fault_codes"": [], ""speed_limit"": 46, ""engine_hours"": 1591, ""idc_triggers"": [], ""buzzer_active"": false, ""fuel_level_avg"": 0, ""lock_geo_alert"": false, ""operation_mode"": ""RENT"", ""battery_voltage"": 14.800000190734863, ""in_primary_zone"": true, ""lock_engine_alert"": false, ""in_restricted_zone"": false, ""onboard_geofencing"": false, ""speed_limit_active"": false}"
2023-07-17 12:46:21.421,5237,13,"359159972073523",20,"{""key"": false, ""flip"": false, ""zone"": false, ""speed"": 28.8, ""buzzer"": 0, ""engine"": true, ""in_zone"": true, ""ignition"": true, ""latitude"": 42.64174, ""direction"": 103, ""longitude"": 18.090375, ""gsm_signal"": 25, ""sleep_mode"": false, ""staff_mode"": false, ""fault_codes"": [], ""speed_limit"": 46, ""engine_hours"": 1591, ""idc_triggers"": [], ""buzzer_active"": false, ""fuel_level_avg"": 0, ""lock_geo_alert"": false, ""operation_mode"": ""RENT"", ""battery_voltage"": 14.800000190734863, ""in_primary_zone"": true, ""lock_engine_alert"": false, ""in_restricted_zone"": false, ""onboard_geofencing"": false, ""speed_limit_active"": false}"
2023-07-17 12:46:20.443,5237,13,"359159972073523",20,"{""key"": false, ""flip"": false, ""zone"": false, ""speed"": 26.2, ""buzzer"": 0, ""engine"": true, ""in_zone"": true, ""ignition"": true, ""latitude"": 42.6417516, ""direction"": 102, ""longitude"": 18.0902816, ""gsm_signal"": 25, ""sleep_mode"": false, ""staff_mode"": false, ""fault_codes"": [], ""speed_limit"": 46, ""engine_hours"": 1591, ""idc_triggers"": [], ""buzzer_active"": false, ""fuel_level_avg"": 0, ""lock_geo_alert"": false, ""operation_mode"": ""RENT"", ""battery_voltage"": 14.800000190734863, ""in_primary_zone"": true, ""lock_engine_alert"": false, ""in_restricted_zone"": false, ""onboard_geofencing"": false, ""speed_limit_active"": false}"
2023-07-17 12:46:19.482,5237,13,"359159972073523",20,"{""key"": false, ""flip"": false, ""zone"": false, ""speed"": 23.7, ""buzzer"": 0, ""engine"": true, ""in_zone"": true, ""ignition"": true, ""latitude"": 42.6417666, ""direction"": 101, ""longitude"": 18.0901982, ""gsm_signal"": 25, ""sleep_mode"": false, ""staff_mode"": false, ""fault_codes"": [], ""speed_limit"": 46, ""engine_hours"": 1591, ""idc_triggers"": [], ""buzzer_active"": false, ""fuel_level_avg"": 0, ""lock_geo_alert"": false, ""operation_mode"": ""RENT"", ""battery_voltage"": 14.800000190734863, ""in_primary_zone"": true, ""lock_engine_alert"": false, ""in_restricted_zone"": false, ""onboard_geofencing"": false, ""speed_limit_active"": false}"
2023-07-17 12:46:18.863,5237,13,"359159972073523",20,"{""key"": false, ""flip"": false, ""zone"": false, ""speed"": 22.8, ""buzzer"": 0, ""engine"": true, ""in_zone"": true, ""ignition"": true, ""latitude"": 42.6417783, ""direction"": 101, ""longitude"": 18.0901216, ""gsm_signal"": 25, ""sleep_mode"": false, ""staff_mode"": false, ""fault_codes"": [], ""speed_limit"": 46, ""engine_hours"": 1591, ""idc_triggers"": [], ""buzzer_active"": false, ""fuel_level_avg"": 0, ""lock_geo_alert"": false, ""operation_mode"": ""RENT"", ""battery_voltage"": 14.800000190734863, ""in_primary_zone"": true, ""lock_engine_alert"": false, ""in_restricted_zone"": false, ""onboard_geofencing"": false, ""speed_limit_active"": false}"
2023-07-17 12:46:17.421,5237,13,"359159972073523",20,"{""key"": false, ""flip"": false, ""zone"": false, ""speed"": 21.7, ""buzzer"": 0, ""engine"": true, ""in_zone"": true, ""ignition"": true, ""latitude"": 42.6417883, ""direction"": 100, ""longitude"": 18.0900482, ""gsm_signal"": 25, ""sleep_mode"": false, ""staff_mode"": false, ""fault_codes"": [], ""speed_limit"": 46, ""engine_hours"": 1591, ""idc_triggers"": [], ""buzzer_active"": false, ""fuel_level_avg"": 0, ""lock_geo_alert"": false, ""operation_mode"": ""RENT"", ""battery_voltage"": 14.800000190734863, ""in_primary_zone"": true, ""lock_engine_alert"": false, ""in_restricted_zone"": false, ""onboard_geofencing"": false, ""speed_limit_active"": false}"
2023-07-17 12:46:16.439,5237,13,"359159972073523",20,"{""key"": false, ""flip"": false, ""zone"": false, ""speed"": 20.3, ""buzzer"": 0, ""engine"": true, ""in_zone"": true, ""ignition"": true, ""latitude"": 42.6417983, ""direction"": 100, ""longitude"": 18.08998, ""gsm_signal"": 25, ""sleep_mode"": false, ""staff_mode"": false, ""fault_codes"": [], ""speed_limit"": 46, ""engine_hours"": 1591, ""idc_triggers"": [], ""buzzer_active"": false, ""fuel_level_avg"": 0, ""lock_geo_alert"": false, ""operation_mode"": ""RENT"", ""battery_voltage"": 14.800000190734863, ""in_primary_zone"": true, ""lock_engine_alert"": false, ""in_restricted_zone"": false, ""onboard_geofencing"": false, ""speed_limit_active"": false}"
2023-07-17 12:46:15.519,5237,13,"359159972073523",20,"{""key"": false, ""flip"": false, ""zone"": false, ""speed"": 17.7, ""buzzer"": 0, ""engine"": true, ""in_zone"": true, ""ignition"": true, ""latitude"": 42.6418066, ""direction"": 98, ""longitude"": 18.089915, ""gsm_signal"": 25, ""sleep_mode"": false, ""staff_mode"": false, ""fault_codes"": [], ""speed_limit"": 46, ""engine_hours"": 1591, ""idc_triggers"": [], ""buzzer_active"": false, ""fuel_level_avg"": 0, ""lock_geo_alert"": false, ""operation_mode"": ""RENT"", ""battery_voltage"": 14.800000190734863, ""in_primary_zone"": true, ""lock_engine_alert"": false, ""in_restricted_zone"": false, ""onboard_geofencing"": false, ""speed_limit_active"": false}"
2023-07-17 12:46:15.201,5237,13,"359159972073523",20,"{""key"": false, ""flip"": false, ""zone"": false, ""speed"": 16.4, ""buzzer"": 0, ""engine"": true, ""in_zone"": true, ""ignition"": true, ""latitude"": 42.6418116, ""direction"": 95, ""longitude"": 18.0898582, ""gsm_signal"": 25, ""sleep_mode"": false, ""staff_mode"": false, ""fault_codes"": [], ""speed_limit"": 46, ""engine_hours"": 1591, ""idc_triggers"": [], ""buzzer_active"": false, ""fuel_level_avg"": 0, ""lock_geo_alert"": false, ""operation_mode"": ""RENT"", ""battery_voltage"": 14.800000190734863, ""in_primary_zone"": true, ""lock_engine_alert"": false, ""in_restricted_zone"": false, ""onboard_geofencing"": false, ""speed_limit_active"": false}"
2023-07-17 12:46:13.422,5237,13,"359159972073523",20,"{""key"": false, ""flip"": false, ""zone"": false, ""speed"": 15.2, ""buzzer"": 0, ""engine"": true, ""in_zone"": true, ""ignition"": true, ""latitude"": 42.6418166, ""direction"": 93, ""longitude"": 18.089805, ""gsm_signal"": 25, ""sleep_mode"": false, ""staff_mode"": false, ""fault_codes"": [], ""speed_limit"": 46, ""engine_hours"": 1591, ""idc_triggers"": [], ""buzzer_active"": false, ""fuel_level_avg"": 0, ""lock_geo_alert"": false, ""operation_mode"": ""RENT"", ""battery_voltage"": 14.800000190734863, ""in_primary_zone"": true, ""lock_engine_alert"": false, ""in_restricted_zone"": false, ""onboard_geofencing"": false, ""speed_limit_active"": false}"
2023-07-17 12:46:12.470,5237,13,"359159972073523",20,"{""key"": false, ""flip"": false, ""zone"": false, ""speed"": 12.3, ""buzzer"": 0, ""engine"": true, ""in_zone"": true, ""ignition"": true, ""latitude"": 42.6418183, ""direction"": 90, ""longitude"": 18.0897566, ""gsm_signal"": 25, ""sleep_mode"": false, ""staff_mode"": false, ""fault_codes"": [], ""speed_limit"": 46, ""engine_hours"": 1591, ""idc_triggers"": [], ""buzzer_active"": false, ""fuel_level_avg"": 0, ""lock_geo_alert"": false, ""operation_mode"": ""RENT"", ""battery_voltage"": 14.800000190734863, ""in_primary_zone"": true, ""lock_engine_alert"": false, ""in_restricted_zone"": false, ""onboard_geofencing"": false, ""speed_limit_active"": false}"
2023-07-17 12:46:11.440,5237,13,"359159972073523",20,"{""key"": false, ""flip"": false, ""zone"": false, ""speed"": 9.1, ""buzzer"": 0, ""engine"": true, ""in_zone"": true, ""ignition"": true, ""latitude"": 42.6418183, ""direction"": 93, ""longitude"": 18.0897182, ""gsm_signal"": 25, ""sleep_mode"": false, ""staff_mode"": false, ""fault_codes"": [], ""speed_limit"": 46, ""engine_hours"": 1591, ""idc_triggers"": [], ""buzzer_active"": false, ""fuel_level_avg"": 0, ""lock_geo_alert"": false, ""operation_mode"": ""RENT"", ""battery_voltage"": 14.800000190734863, ""in_primary_zone"": true, ""lock_engine_alert"": false, ""in_restricted_zone"": false, ""onboard_geofencing"": false, ""speed_limit_active"": false}"
2023-07-17 12:46:10.881,5237,13,"359159972073523",20,"{""key"": false, ""flip"": false, ""zone"": false, ""speed"": 9.1, ""buzzer"": 0, ""engine"": true, ""in_zone"": true, ""ignition"": true, ""latitude"": 42.6418183, ""direction"": 98, ""longitude"": 18.08969, ""gsm_signal"": 25, ""sleep_mode"": false, ""staff_mode"": false, ""fault_codes"": [], ""speed_limit"": 46, ""engine_hours"": 1591, ""idc_triggers"": [], ""buzzer_active"": false, ""fuel_level_avg"": 0, ""lock_geo_alert"": false, ""operation_mode"": ""RENT"", ""battery_voltage"": 14.800000190734863, ""in_primary_zone"": true, ""lock_engine_alert"": false, ""in_restricted_zone"": false, ""onboard_geofencing"": false, ""speed_limit_active"": false}"
2023-07-17 12:46:09.418,5237,13,"359159972073523",20,"{""key"": false, ""flip"": false, ""zone"": false, ""speed"": 10.3, ""buzzer"": 0, ""engine"": true, ""in_zone"": true, ""ignition"": true, ""latitude"": 42.6418216, ""direction"": 101, ""longitude"": 18.0896582, ""gsm_signal"": 25, ""sleep_mode"": false, ""staff_mode"": false, ""fault_codes"": [], ""speed_limit"": 46, ""engine_hours"": 1591, ""idc_triggers"": [], ""buzzer_active"": false, ""fuel_level_avg"": 0, ""lock_geo_alert"": false, ""operation_mode"": ""RENT"", ""battery_voltage"": 14.800000190734863, ""in_primary_zone"": true, ""lock_engine_alert"": false, ""in_restricted_zone"": false, ""onboard_geofencing"": false, ""speed_limit_active"": false}"
2023-07-17 12:46:08.423,5237,13,"359159972073523",20,"{""key"": false, ""flip"": false, ""zone"": false, ""speed"": 11.5, ""buzzer"": 0, ""engine"": true, ""in_zone"": true, ""ignition"": true, ""latitude"": 42.6418283, ""direction"": 98, ""longitude"": 18.0896216, ""gsm_signal"": 25, ""sleep_mode"": false, ""staff_mode"": false, ""fault_codes"": [], ""speed_limit"": 46, ""engine_hours"": 1591, ""idc_triggers"": [], ""buzzer_active"": false, ""fuel_level_avg"": 0, ""lock_geo_alert"": false, ""operation_mode"": ""RENT"", ""battery_voltage"": 14.800000190734863, ""in_primary_zone"": true, ""lock_engine_alert"": false, ""in_restricted_zone"": false, ""onboard_geofencing"": false, ""speed_limit_active"": false}"
2023-07-17 12:46:07.439,5237,13,"359159972073523",20,"{""key"": false, ""flip"": false, ""zone"": false, ""speed"": 15.3, ""buzzer"": 0, ""engine"": true, ""in_zone"": true, ""ignition"": true, ""latitude"": 42.6418316, ""direction"": 101, ""longitude"": 18.08958, ""gsm_signal"": 25, ""sleep_mode"": false, ""staff_mode"": false, ""fault_codes"": [], ""speed_limit"": 46, ""engine_hours"": 1591, ""idc_triggers"": [], ""buzzer_active"": false, ""fuel_level_avg"": 0, ""lock_geo_alert"": false, ""operation_mode"": ""RENT"", ""battery_voltage"": 14.800000190734863, ""in_primary_zone"": true, ""lock_engine_alert"": false, ""in_restricted_zone"": false, ""onboard_geofencing"": false, ""speed_limit_active"": false}"
2023-07-17 12:46:06.460,5237,13,"359159972073523",20,"{""key"": false, ""flip"": false, ""zone"": false, ""speed"": 18.8, ""buzzer"": 0, ""engine"": true, ""in_zone"": true, ""ignition"": true, ""latitude"": 42.64184, ""direction"": 102, ""longitude"": 18.0895266, ""gsm_signal"": 25, ""sleep_mode"": false, ""staff_mode"": false, ""fault_codes"": [], ""speed_limit"": 46, ""engine_hours"": 1591, ""idc_triggers"": [], ""buzzer_active"": false, ""fuel_level_avg"": 0, ""lock_geo_alert"": false, ""operation_mode"": ""RENT"", ""battery_voltage"": 14.800000190734863, ""in_primary_zone"": true, ""lock_engine_alert"": false, ""in_restricted_zone"": false, ""onboard_geofencing"": false, ""speed_limit_active"": false}"
2023-07-17 12:46:05.901,5237,13,"359159972073523",20,"{""key"": false, ""flip"": false, ""zone"": false, ""speed"": 22.1, ""buzzer"": 0, ""engine"": true, ""in_zone"": true, ""ignition"": true, ""latitude"": 42.6418516, ""direction"": 102, ""longitude"": 18.08946, ""gsm_signal"": 25, ""sleep_mode"": false, ""staff_mode"": false, ""fault_codes"": [], ""speed_limit"": 46, ""engine_hours"": 1591, ""idc_triggers"": [], ""buzzer_active"": false, ""fuel_level_avg"": 0, ""lock_geo_alert"": false, ""operation_mode"": ""RENT"", ""battery_voltage"": 14.800000190734863, ""in_primary_zone"": true, ""lock_engine_alert"": false, ""in_restricted_zone"": false, ""onboard_geofencing"": false, ""speed_limit_active"": false}"
2023-07-17 12:46:04.419,5237,13,"359159972073523",20,"{""key"": false, ""flip"": false, ""zone"": false, ""speed"": 22.9, ""buzzer"": 0, ""engine"": true, ""in_zone"": true, ""ignition"": true, ""latitude"": 42.641865, ""direction"": 102, ""longitude"": 18.089385, ""gsm_signal"": 25, ""sleep_mode"": false, ""staff_mode"": false, ""fault_codes"": [], ""speed_limit"": 46, ""engine_hours"": 1591, ""idc_triggers"": [], ""buzzer_active"": false, ""fuel_level_avg"": 0, ""lock_geo_alert"": false, ""operation_mode"": ""RENT"", ""battery_voltage"": 14.800000190734863, ""in_primary_zone"": true, ""lock_engine_alert"": false, ""in_restricted_zone"": false, ""onboard_geofencing"": false, ""speed_limit_active"": false}"
2023-07-17 12:46:03.480,5237,13,"359159972073523",20,"{""key"": false, ""flip"": false, ""zone"": false, ""speed"": 24.8, ""buzzer"": 0, ""engine"": true, ""in_zone"": true, ""ignition"": true, ""latitude"": 42.6418766, ""direction"": 102, ""longitude"": 18.0893066, ""gsm_signal"": 26, ""sleep_mode"": false, ""staff_mode"": false, ""fault_codes"": [], ""speed_limit"": 46, ""engine_hours"": 1591, ""idc_triggers"": [], ""buzzer_active"": false, ""fuel_level_avg"": 0, ""lock_geo_alert"": false, ""operation_mode"": ""RENT"", ""battery_voltage"": 14.800000190734863, ""in_primary_zone"": true, ""lock_engine_alert"": false, ""in_restricted_zone"": false, ""onboard_geofencing"": false, ""speed_limit_active"": false}"
2023-07-17 12:46:02.483,5237,13,"359159972073523",20,"{""key"": false, ""flip"": false, ""zone"": false, ""speed"": 27.6, ""buzzer"": 0, ""engine"": true, ""in_zone"": true, ""ignition"": true, ""latitude"": 42.64189, ""direction"": 100, ""longitude"": 18.0892216, ""gsm_signal"": 26, ""sleep_mode"": false, ""staff_mode"": false, ""fault_codes"": [], ""speed_limit"": 46, ""engine_hours"": 1591, ""idc_triggers"": [], ""buzzer_active"": false, ""fuel_level_avg"": 0, ""lock_geo_alert"": false, ""operation_mode"": ""RENT"", ""battery_voltage"": 14.800000190734863, ""in_primary_zone"": true, ""lock_engine_alert"": false, ""in_restricted_zone"": false, ""onboard_geofencing"": false, ""speed_limit_active"": false}"
2023-07-17 12:46:01.905,5237,13,"359159972073523",20,"{""key"": false, ""flip"": false, ""zone"": false, ""speed"": 29.8, ""buzzer"": 0, ""engine"": true, ""in_zone"": true, ""ignition"": true, ""latitude"": 42.6419033, ""direction"": 102, ""longitude"": 18.0891266, ""gsm_signal"": 26, ""sleep_mode"": false, ""staff_mode"": false, ""fault_codes"": [], ""speed_limit"": 46, ""engine_hours"": 1591, ""idc_triggers"": [], ""buzzer_active"": false, ""fuel_level_avg"": 0, ""lock_geo_alert"": false, ""operation_mode"": ""RENT"", ""battery_voltage"": 14.800000190734863, ""in_primary_zone"": true, ""lock_engine_alert"": false, ""in_restricted_zone"": false, ""onboard_geofencing"": false, ""speed_limit_active"": false}"
2023-07-17 12:46:00.417,5237,13,"359159972073523",20,"{""key"": false, ""flip"": false, ""zone"": false, ""speed"": 29.7, ""buzzer"": 0, ""engine"": true, ""in_zone"": true, ""ignition"": true, ""latitude"": 42.64192, ""direction"": 102, ""longitude"": 18.0890266, ""gsm_signal"": 26, ""sleep_mode"": false, ""staff_mode"": false, ""fault_codes"": [], ""speed_limit"": 46, ""engine_hours"": 1591, ""idc_triggers"": [], ""buzzer_active"": false, ""fuel_level_avg"": 0, ""lock_geo_alert"": false, ""operation_mode"": ""RENT"", ""battery_voltage"": 14.800000190734863, ""in_primary_zone"": true, ""lock_engine_alert"": false, ""in_restricted_zone"": false, ""onboard_geofencing"": false, ""speed_limit_active"": false}"
2023-07-17 12:45:59.423,5237,13,"359159972073523",20,"{""key"": false, ""flip"": false, ""zone"": false, ""speed"": 29.6, ""buzzer"": 0, ""engine"": true, ""in_zone"": true, ""ignition"": true, ""latitude"": 42.6419383, ""direction"": 103, ""longitude"": 18.0889282, ""gsm_signal"": 26, ""sleep_mode"": false, ""staff_mode"": false, ""fault_codes"": [], ""speed_limit"": 46, ""engine_hours"": 1591, ""idc_triggers"": [], ""buzzer_active"": false, ""fuel_level_avg"": 0, ""lock_geo_alert"": false, ""operation_mode"": ""RENT"", ""battery_voltage"": 14.800000190734863, ""in_primary_zone"": true, ""lock_engine_alert"": false, ""in_restricted_zone"": false, ""onboard_geofencing"": false, ""speed_limit_active"": false}"
2023-07-17 12:45:58.439,5237,13,"359159972073523",20,"{""key"": false, ""flip"": false, ""zone"": false, ""speed"": 28.7, ""buzzer"": 0, ""engine"": true, ""in_zone"": true, ""ignition"": true, ""latitude"": 42.641955, ""direction"": 102, ""longitude"": 18.0888316, ""gsm_signal"": 26, ""sleep_mode"": false, ""staff_mode"": false, ""fault_codes"": [], ""speed_limit"": 46, ""engine_hours"": 1591, ""idc_triggers"": [], ""buzzer_active"": false, ""fuel_level_avg"": 0, ""lock_geo_alert"": false, ""operation_mode"": ""RENT"", ""battery_voltage"": 14.800000190734863, ""in_primary_zone"": true, ""lock_engine_alert"": false, ""in_restricted_zone"": false, ""onboard_geofencing"": false, ""speed_limit_active"": false}"
2023-07-17 12:45:57.621,5237,13,"359159972073523",20,"{""key"": false, ""flip"": false, ""zone"": false, ""speed"": 26.9, ""buzzer"": 0, ""engine"": true, ""in_zone"": true, ""ignition"": true, ""latitude"": 42.64197, ""direction"": 99, ""longitude"": 18.0887382, ""gsm_signal"": 26, ""sleep_mode"": false, ""staff_mode"": false, ""fault_codes"": [], ""speed_limit"": 46, ""engine_hours"": 1591, ""idc_triggers"": [], ""buzzer_active"": false, ""fuel_level_avg"": 0, ""lock_geo_alert"": false, ""operation_mode"": ""RENT"", ""battery_voltage"": 14.800000190734863, ""in_primary_zone"": true, ""lock_engine_alert"": false, ""in_restricted_zone"": false, ""onboard_geofencing"": false, ""speed_limit_active"": false}"
2023-07-17 12:45:56.904,5237,13,"359159972073523",20,"{""key"": false, ""flip"": false, ""zone"": false, ""speed"": 25.7, ""buzzer"": 0, ""engine"": true, ""in_zone"": true, ""ignition"": true, ""latitude"": 42.64198, ""direction"": 97, ""longitude"": 18.08865, ""gsm_signal"": 26, ""sleep_mode"": false, ""staff_mode"": false, ""fault_codes"": [], ""speed_limit"": 46, ""engine_hours"": 1591, ""idc_triggers"": [], ""buzzer_active"": false, ""fuel_level_avg"": 0, ""lock_geo_alert"": false, ""operation_mode"": ""RENT"", ""battery_voltage"": 14.800000190734863, ""in_primary_zone"": true, ""lock_engine_alert"": false, ""in_restricted_zone"": false, ""onboard_geofencing"": false, ""speed_limit_active"": false}"
2023-07-17 12:45:55.420,5237,13,"359159972073523",20,"{""key"": false, ""flip"": false, ""zone"": false, ""speed"": 25.5, ""buzzer"": 0, ""engine"": true, ""in_zone"": true, ""ignition"": true, ""latitude"": 42.6419883, ""direction"": 99, ""longitude"": 18.0885632, ""gsm_signal"": 26, ""sleep_mode"": false, ""staff_mode"": false, ""fault_codes"": [], ""speed_limit"": 46, ""engine_hours"": 1591, ""idc_triggers"": [], ""buzzer_active"": false, ""fuel_level_avg"": 0, ""lock_geo_alert"": false, ""operation_mode"": ""RENT"", ""battery_voltage"": 14.800000190734863, ""in_primary_zone"": true, ""lock_engine_alert"": false, ""in_restricted_zone"": false, ""onboard_geofencing"": false, ""speed_limit_active"": false}"
2023-07-17 12:45:54.447,5237,13,"359159972073523",20,"{""key"": false, ""flip"": false, ""zone"": false, ""speed"": 25.8, ""buzzer"": 0, ""engine"": true, ""in_zone"": true, ""ignition"": true, ""latitude"": 42.642, ""direction"": 100, ""longitude"": 18.0884782, ""gsm_signal"": 25, ""sleep_mode"": false, ""staff_mode"": false, ""fault_codes"": [], ""speed_limit"": 46, ""engine_hours"": 1591, ""idc_triggers"": [], ""buzzer_active"": false, ""fuel_level_avg"": 0, ""lock_geo_alert"": false, ""operation_mode"": ""RENT"", ""battery_voltage"": 14.800000190734863, ""in_primary_zone"": true, ""lock_engine_alert"": false, ""in_restricted_zone"": false, ""onboard_geofencing"": false, ""speed_limit_active"": false}"
2023-07-17 12:45:53.499,5237,13,"359159972073523",20,"{""key"": false, ""flip"": false, ""zone"": false, ""speed"": 25.5, ""buzzer"": 0, ""engine"": true, ""in_zone"": true, ""ignition"": true, ""latitude"": 42.642011600000004, ""direction"": 99, ""longitude"": 18.0883916, ""gsm_signal"": 25, ""sleep_mode"": false, ""staff_mode"": false, ""fault_codes"": [], ""speed_limit"": 46, ""engine_hours"": 1591, ""idc_triggers"": [], ""buzzer_active"": false, ""fuel_level_avg"": 0, ""lock_geo_alert"": false, ""operation_mode"": ""RENT"", ""battery_voltage"": 14.800000190734863, ""in_primary_zone"": true, ""lock_engine_alert"": false, ""in_restricted_zone"": false, ""onboard_geofencing"": false, ""speed_limit_active"": false}"
2023-07-17 12:45:52.900,5237,13,"359159972073523",20,"{""key"": false, ""flip"": false, ""zone"": false, ""speed"": 23.6, ""buzzer"": 0, ""engine"": true, ""in_zone"": true, ""ignition"": true, ""latitude"": 42.6420233, ""direction"": 98, ""longitude"": 18.0883082, ""gsm_signal"": 25, ""sleep_mode"": false, ""staff_mode"": false, ""fault_codes"": [], ""speed_limit"": 46, ""engine_hours"": 1591, ""idc_triggers"": [], ""buzzer_active"": false, ""fuel_level_avg"": 0, ""lock_geo_alert"": false, ""operation_mode"": ""RENT"", ""battery_voltage"": 14.800000190734863, ""in_primary_zone"": true, ""lock_engine_alert"": false, ""in_restricted_zone"": false, ""onboard_geofencing"": false, ""speed_limit_active"": false}"
2023-07-17 12:45:51.418,5237,13,"359159972073523",20,"{""key"": false, ""flip"": false, ""zone"": false, ""speed"": 22.5, ""buzzer"": 0, ""engine"": true, ""in_zone"": true, ""ignition"": true, ""latitude"": 42.6420316, ""direction"": 98, ""longitude"": 18.08823, ""gsm_signal"": 25, ""sleep_mode"": false, ""staff_mode"": false, ""fault_codes"": [], ""speed_limit"": 46, ""engine_hours"": 1591, ""idc_triggers"": [], ""buzzer_active"": false, ""fuel_level_avg"": 0, ""lock_geo_alert"": false, ""operation_mode"": ""RENT"", ""battery_voltage"": 14.800000190734863, ""in_primary_zone"": true, ""lock_engine_alert"": false, ""in_restricted_zone"": false, ""onboard_geofencing"": false, ""speed_limit_active"": false}"
2023-07-17 12:45:50.422,5237,13,"359159972073523",20,"{""key"": false, ""flip"": false, ""zone"": false, ""speed"": 20.8, ""buzzer"": 0, ""engine"": true, ""in_zone"": true, ""ignition"": true, ""latitude"": 42.6420383, ""direction"": 96, ""longitude"": 18.088155, ""gsm_signal"": 25, ""sleep_mode"": false, ""staff_mode"": false, ""fault_codes"": [], ""speed_limit"": 46, ""engine_hours"": 1591, ""idc_triggers"": [], ""buzzer_active"": false, ""fuel_level_avg"": 0, ""lock_geo_alert"": false, ""operation_mode"": ""RENT"", ""battery_voltage"": 14.800000190734863, ""in_primary_zone"": true, ""lock_engine_alert"": false, ""in_restricted_zone"": false, ""onboard_geofencing"": false, ""speed_limit_active"": false}"
2023-07-17 12:45:49.439,5237,13,"359159972073523",20,"{""key"": false, ""flip"": false, ""zone"": false, ""speed"": 20.7, ""buzzer"": 0, ""engine"": true, ""in_zone"": true, ""ignition"": true, ""latitude"": 42.642045, ""direction"": 97, ""longitude"": 18.088085, ""gsm_signal"": 25, ""sleep_mode"": false, ""staff_mode"": false, ""fault_codes"": [], ""speed_limit"": 46, ""engine_hours"": 1591, ""idc_triggers"": [], ""buzzer_active"": false, ""fuel_level_avg"": 0, ""lock_geo_alert"": false, ""operation_mode"": ""RENT"", ""battery_voltage"": 14.800000190734863, ""in_primary_zone"": true, ""lock_engine_alert"": false, ""in_restricted_zone"": false, ""onboard_geofencing"": false, ""speed_limit_active"": false}"
2023-07-17 12:45:48.443,5237,13,"359159972073523",20,"{""key"": false, ""flip"": false, ""zone"": false, ""speed"": 22.4, ""buzzer"": 0, ""engine"": true, ""in_zone"": true, ""ignition"": true, ""latitude"": 42.6420533, ""direction"": 97, ""longitude"": 18.0880132, ""gsm_signal"": 23, ""sleep_mode"": false, ""staff_mode"": false, ""fault_codes"": [], ""speed_limit"": 46, ""engine_hours"": 1591, ""idc_triggers"": [], ""buzzer_active"": false, ""fuel_level_avg"": 0, ""lock_geo_alert"": false, ""operation_mode"": ""RENT"", ""battery_voltage"": 14.800000190734863, ""in_primary_zone"": true, ""lock_engine_alert"": false, ""in_restricted_zone"": false, ""onboard_geofencing"": false, ""speed_limit_active"": false}"
2023-07-17 12:45:47.960,5237,13,"359159972073523",20,"{""key"": false, ""flip"": false, ""zone"": false, ""speed"": 20.6, ""buzzer"": 0, ""engine"": true, ""in_zone"": true, ""ignition"": true, ""latitude"": 42.64206, ""direction"": 97, ""longitude"": 18.08794, ""gsm_signal"": 23, ""sleep_mode"": false, ""staff_mode"": false, ""fault_codes"": [], ""speed_limit"": 46, ""engine_hours"": 1591, ""idc_triggers"": [], ""buzzer_active"": false, ""fuel_level_avg"": 0, ""lock_geo_alert"": false, ""operation_mode"": ""RENT"", ""battery_voltage"": 14.800000190734863, ""in_primary_zone"": true, ""lock_engine_alert"": false, ""in_restricted_zone"": false, ""onboard_geofencing"": false, ""speed_limit_active"": false}"
2023-07-17 12:45:46.463,5237,13,"359159972073523",20,"{""key"": false, ""flip"": false, ""zone"": false, ""speed"": 18.9, ""buzzer"": 0, ""engine"": true, ""in_zone"": true, ""ignition"": true, ""latitude"": 42.6420666, ""direction"": 97, ""longitude"": 18.0878716, ""gsm_signal"": 23, ""sleep_mode"": false, ""staff_mode"": false, ""fault_codes"": [], ""speed_limit"": 46, ""engine_hours"": 1591, ""idc_triggers"": [], ""buzzer_active"": false, ""fuel_level_avg"": 0, ""lock_geo_alert"": false, ""operation_mode"": ""RENT"", ""battery_voltage"": 14.800000190734863, ""in_primary_zone"": true, ""lock_engine_alert"": false, ""in_restricted_zone"": false, ""onboard_geofencing"": false, ""speed_limit_active"": false}"
2023-07-17 12:45:45.461,5237,13,"359159972073523",20,"{""key"": false, ""flip"": false, ""zone"": false, ""speed"": 18.1, ""buzzer"": 0, ""engine"": true, ""in_zone"": true, ""ignition"": true, ""latitude"": 42.6420733, ""direction"": 98, ""longitude"": 18.0878082, ""gsm_signal"": 23, ""sleep_mode"": false, ""staff_mode"": false, ""fault_codes"": [], ""speed_limit"": 46, ""engine_hours"": 1591, ""idc_triggers"": [], ""buzzer_active"": false, ""fuel_level_avg"": 0, ""lock_geo_alert"": false, ""operation_mode"": ""RENT"", ""battery_voltage"": 14.800000190734863, ""in_primary_zone"": true, ""lock_engine_alert"": false, ""in_restricted_zone"": false, ""onboard_geofencing"": false, ""speed_limit_active"": false}"
2023-07-17 12:45:44.902,5237,13,"359159972073523",20,"{""key"": false, ""flip"": false, ""zone"": false, ""speed"": 18.7, ""buzzer"": 0, ""engine"": true, ""in_zone"": true, ""ignition"": true, ""latitude"": 42.64208, ""direction"": 97, ""longitude"": 18.0877466, ""gsm_signal"": 23, ""sleep_mode"": false, ""staff_mode"": false, ""fault_codes"": [], ""speed_limit"": 46, ""engine_hours"": 1591, ""idc_triggers"": [], ""buzzer_active"": false, ""fuel_level_avg"": 0, ""lock_geo_alert"": false, ""operation_mode"": ""RENT"", ""battery_voltage"": 14.800000190734863, ""in_primary_zone"": true, ""lock_engine_alert"": false, ""in_restricted_zone"": false, ""onboard_geofencing"": false, ""speed_limit_active"": false}"
2023-07-17 12:45:43.421,5237,13,"359159972073523",20,"{""key"": false, ""flip"": false, ""zone"": false, ""speed"": 20.1, ""buzzer"": 0, ""engine"": true, ""in_zone"": true, ""ignition"": true, ""latitude"": 42.6420866, ""direction"": 96, ""longitude"": 18.0876832, ""gsm_signal"": 23, ""sleep_mode"": false, ""staff_mode"": false, ""fault_codes"": [], ""speed_limit"": 46, ""engine_hours"": 1591, ""idc_triggers"": [], ""buzzer_active"": false, ""fuel_level_avg"": 0, ""lock_geo_alert"": false, ""operation_mode"": ""RENT"", ""battery_voltage"": 14.800000190734863, ""in_primary_zone"": true, ""lock_engine_alert"": false, ""in_restricted_zone"": false, ""onboard_geofencing"": false, ""speed_limit_active"": false}"
2023-07-17 12:45:42.441,5237,13,"359159972073523",20,"{""key"": false, ""flip"": false, ""zone"": false, ""speed"": 20.8, ""buzzer"": 0, ""engine"": true, ""in_zone"": true, ""ignition"": true, ""latitude"": 42.6420916, ""direction"": 96, ""longitude"": 18.087615, ""gsm_signal"": 23, ""sleep_mode"": false, ""staff_mode"": false, ""fault_codes"": [], ""speed_limit"": 46, ""engine_hours"": 1591, ""idc_triggers"": [], ""buzzer_active"": false, ""fuel_level_avg"": 0, ""lock_geo_alert"": false, ""operation_mode"": ""RENT"", ""battery_voltage"": 14.800000190734863, ""in_primary_zone"": true, ""lock_engine_alert"": false, ""in_restricted_zone"": false, ""onboard_geofencing"": false, ""speed_limit_active"": false}"
2023-07-17 12:45:41.679,5237,13,"359159972073523",20,"{""key"": false, ""flip"": false, ""zone"": false, ""speed"": 19.6, ""buzzer"": 0, ""engine"": true, ""in_zone"": true, ""ignition"": true, ""latitude"": 42.6420983, ""direction"": 95, ""longitude"": 18.0875466, ""gsm_signal"": 23, ""sleep_mode"": false, ""staff_mode"": false, ""fault_codes"": [], ""speed_limit"": 46, ""engine_hours"": 1591, ""idc_triggers"": [], ""buzzer_active"": false, ""fuel_level_avg"": 0, ""lock_geo_alert"": false, ""operation_mode"": ""RENT"", ""battery_voltage"": 14.800000190734863, ""in_primary_zone"": true, ""lock_engine_alert"": false, ""in_restricted_zone"": false, ""onboard_geofencing"": false, ""speed_limit_active"": false}"
2023-07-17 12:45:40.882,5237,13,"359159972073523",20,"{""key"": false, ""flip"": false, ""zone"": false, ""speed"": 18.9, ""buzzer"": 0, ""engine"": true, ""in_zone"": true, ""ignition"": true, ""latitude"": 42.6421016, ""direction"": 95, ""longitude"": 18.08748, ""gsm_signal"": 23, ""sleep_mode"": false, ""staff_mode"": false, ""fault_codes"": [], ""speed_limit"": 46, ""engine_hours"": 1591, ""idc_triggers"": [], ""buzzer_active"": false, ""fuel_level_avg"": 0, ""lock_geo_alert"": false, ""operation_mode"": ""RENT"", ""battery_voltage"": 14.800000190734863, ""in_primary_zone"": true, ""lock_engine_alert"": false, ""in_restricted_zone"": false, ""onboard_geofencing"": false, ""speed_limit_active"": false}"
2023-07-17 12:45:39.423,5237,13,"359159972073523",20,"{""key"": false, ""flip"": false, ""zone"": false, ""speed"": 18.1, ""buzzer"": 0, ""engine"": true, ""in_zone"": true, ""ignition"": true, ""latitude"": 42.6421066, ""direction"": 95, ""longitude"": 18.0874182, ""gsm_signal"": 23, ""sleep_mode"": false, ""staff_mode"": false, ""fault_codes"": [], ""speed_limit"": 46, ""engine_hours"": 1591, ""idc_triggers"": [], ""buzzer_active"": false, ""fuel_level_avg"": 0, ""lock_geo_alert"": false, ""operation_mode"": ""RENT"", ""battery_voltage"": 14.800000190734863, ""in_primary_zone"": true, ""lock_engine_alert"": false, ""in_restricted_zone"": false, ""onboard_geofencing"": false, ""speed_limit_active"": false}"
2023-07-17 12:45:38.421,5237,13,"359159972073523",20,"{""key"": false, ""flip"": false, ""zone"": false, ""speed"": 17.6, ""buzzer"": 0, ""engine"": true, ""in_zone"": true, ""ignition"": true, ""latitude"": 42.64211, ""direction"": 96, ""longitude"": 18.0873582, ""gsm_signal"": 23, ""sleep_mode"": false, ""staff_mode"": false, ""fault_codes"": [], ""speed_limit"": 46, ""engine_hours"": 1591, ""idc_triggers"": [], ""buzzer_active"": false, ""fuel_level_avg"": 0, ""lock_geo_alert"": false, ""operation_mode"": ""RENT"", ""battery_voltage"": 14.800000190734863, ""in_primary_zone"": true, ""lock_engine_alert"": false, ""in_restricted_zone"": false, ""onboard_geofencing"": false, ""speed_limit_active"": false}"
2023-07-17 12:45:37.421,5237,13,"359159972073523",20,"{""key"": false, ""flip"": false, ""zone"": false, ""speed"": 18.2, ""buzzer"": 0, ""engine"": true, ""in_zone"": true, ""ignition"": true, ""latitude"": 42.642115, ""direction"": 96, ""longitude"": 18.0872982, ""gsm_signal"": 23, ""sleep_mode"": false, ""staff_mode"": false, ""fault_codes"": [], ""speed_limit"": 46, ""engine_hours"": 1591, ""idc_triggers"": [], ""buzzer_active"": false, ""fuel_level_avg"": 0, ""lock_geo_alert"": false, ""operation_mode"": ""RENT"", ""battery_voltage"": 14.800000190734863, ""in_primary_zone"": true, ""lock_engine_alert"": false, ""in_restricted_zone"": false, ""onboard_geofencing"": false, ""speed_limit_active"": false}"
2023-07-17 12:45:36.441,5237,13,"359159972073523",20,"{""key"": false, ""flip"": false, ""zone"": false, ""speed"": 19.4, ""buzzer"": 0, ""engine"": true, ""in_zone"": true, ""ignition"": true, ""latitude"": 42.6421216, ""direction"": 96, ""longitude"": 18.0872366, ""gsm_signal"": 23, ""sleep_mode"": false, ""staff_mode"": false, ""fault_codes"": [], ""speed_limit"": 46, ""engine_hours"": 1591, ""idc_triggers"": [], ""buzzer_active"": false, ""fuel_level_avg"": 0, ""lock_geo_alert"": false, ""operation_mode"": ""RENT"", ""battery_voltage"": 14.800000190734863, ""in_primary_zone"": true, ""lock_engine_alert"": false, ""in_restricted_zone"": false, ""onboard_geofencing"": false, ""speed_limit_active"": false}"
2023-07-17 12:45:35.482,5237,13,"359159972073523",20,"{""key"": false, ""flip"": false, ""zone"": false, ""speed"": 21.8, ""buzzer"": 0, ""engine"": true, ""in_zone"": true, ""ignition"": true, ""latitude"": 42.6421283, ""direction"": 100, ""longitude"": 18.08717, ""gsm_signal"": 23, ""sleep_mode"": false, ""staff_mode"": false, ""fault_codes"": [], ""speed_limit"": 46, ""engine_hours"": 1591, ""idc_triggers"": [], ""buzzer_active"": false, ""fuel_level_avg"": 0, ""lock_geo_alert"": false, ""operation_mode"": ""RENT"", ""battery_voltage"": 14.800000190734863, ""in_primary_zone"": true, ""lock_engine_alert"": false, ""in_restricted_zone"": false, ""onboard_geofencing"": false, ""speed_limit_active"": false}"
2023-07-17 12:45:34.899,5237,13,"359159972073523",20,"{""key"": false, ""flip"": false, ""zone"": false, ""speed"": 23.7, ""buzzer"": 0, ""engine"": true, ""in_zone"": true, ""ignition"": true, ""latitude"": 42.6421383, ""direction"": 101, ""longitude"": 18.087095, ""gsm_signal"": 23, ""sleep_mode"": false, ""staff_mode"": false, ""fault_codes"": [], ""speed_limit"": 46, ""engine_hours"": 1591, ""idc_triggers"": [], ""buzzer_active"": false, ""fuel_level_avg"": 0, ""lock_geo_alert"": false, ""operation_mode"": ""RENT"", ""battery_voltage"": 14.800000190734863, ""in_primary_zone"": true, ""lock_engine_alert"": false, ""in_restricted_zone"": false, ""onboard_geofencing"": false, ""speed_limit_active"": false}"
2023-07-17 12:45:33.418,5237,13,"359159972073523",20,"{""key"": false, ""flip"": false, ""zone"": false, ""speed"": 25.3, ""buzzer"": 0, ""engine"": true, ""in_zone"": true, ""ignition"": true, ""latitude"": 42.64215, ""direction"": 103, ""longitude"": 18.087015, ""gsm_signal"": 23, ""sleep_mode"": false, ""staff_mode"": false, ""fault_codes"": [], ""speed_limit"": 46, ""engine_hours"": 1591, ""idc_triggers"": [], ""buzzer_active"": false, ""fuel_level_avg"": 0, ""lock_geo_alert"": false, ""operation_mode"": ""RENT"", ""battery_voltage"": 14.800000190734863, ""in_primary_zone"": true, ""lock_engine_alert"": false, ""in_restricted_zone"": false, ""onboard_geofencing"": false, ""speed_limit_active"": false}"
2023-07-17 12:45:32.439,5237,13,"359159972073523",20,"{""key"": false, ""flip"": false, ""zone"": false, ""speed"": 26.1, ""buzzer"": 0, ""engine"": true, ""in_zone"": true, ""ignition"": true, ""latitude"": 42.642165, ""direction"": 103, ""longitude"": 18.0869316, ""gsm_signal"": 23, ""sleep_mode"": false, ""staff_mode"": false, ""fault_codes"": [], ""speed_limit"": 46, ""engine_hours"": 1591, ""idc_triggers"": [], ""buzzer_active"": false, ""fuel_level_avg"": 0, ""lock_geo_alert"": false, ""operation_mode"": ""RENT"", ""battery_voltage"": 14.800000190734863, ""in_primary_zone"": true, ""lock_engine_alert"": false, ""in_restricted_zone"": false, ""onboard_geofencing"": false, ""speed_limit_active"": false}"
2023-07-17 12:45:31.521,5237,13,"359159972073523",20,"{""key"": false, ""flip"": false, ""zone"": false, ""speed"": 26.8, ""buzzer"": 0, ""engine"": true, ""in_zone"": true, ""ignition"": true, ""latitude"": 42.6421816, ""direction"": 105, ""longitude"": 18.086845, ""gsm_signal"": 23, ""sleep_mode"": false, ""staff_mode"": false, ""fault_codes"": [], ""speed_limit"": 46, ""engine_hours"": 1591, ""idc_triggers"": [], ""buzzer_active"": false, ""fuel_level_avg"": 0, ""lock_geo_alert"": false, ""operation_mode"": ""RENT"", ""battery_voltage"": 14.800000190734863, ""in_primary_zone"": true, ""lock_engine_alert"": false, ""in_restricted_zone"": false, ""onboard_geofencing"": false, ""speed_limit_active"": false}"
2023-07-17 12:45:30.958,5237,13,"359159972073523",20,"{""key"": false, ""flip"": false, ""zone"": false, ""speed"": 27.2, ""buzzer"": 0, ""engine"": true, ""in_zone"": true, ""ignition"": true, ""latitude"": 42.6422, ""direction"": 104, ""longitude"": 18.0867566, ""gsm_signal"": 23, ""sleep_mode"": false, ""staff_mode"": false, ""fault_codes"": [], ""speed_limit"": 46, ""engine_hours"": 1591, ""idc_triggers"": [], ""buzzer_active"": false, ""fuel_level_avg"": 0, ""lock_geo_alert"": false, ""operation_mode"": ""RENT"", ""battery_voltage"": 14.800000190734863, ""in_primary_zone"": true, ""lock_engine_alert"": false, ""in_restricted_zone"": false, ""onboard_geofencing"": false, ""speed_limit_active"": false}"
2023-07-17 12:45:29.419,5237,13,"359159972073523",20,"{""key"": false, ""flip"": false, ""zone"": false, ""speed"": 30.5, ""buzzer"": 0, ""engine"": true, ""in_zone"": true, ""ignition"": true, ""latitude"": 42.6422166, ""direction"": 103, ""longitude"": 18.086665, ""gsm_signal"": 23, ""sleep_mode"": false, ""staff_mode"": false, ""fault_codes"": [], ""speed_limit"": 46, ""engine_hours"": 1591, ""idc_triggers"": [], ""buzzer_active"": false, ""fuel_level_avg"": 0, ""lock_geo_alert"": false, ""operation_mode"": ""RENT"", ""battery_voltage"": 14.800000190734863, ""in_primary_zone"": true, ""lock_engine_alert"": false, ""in_restricted_zone"": false, ""onboard_geofencing"": false, ""speed_limit_active"": false}"
2023-07-17 12:45:28.420,5237,13,"359159972073523",20,"{""key"": false, ""flip"": false, ""zone"": false, ""speed"": 31.6, ""buzzer"": 0, ""engine"": true, ""in_zone"": true, ""ignition"": true, ""latitude"": 42.6422333, ""direction"": 103, ""longitude"": 18.0865632, ""gsm_signal"": 23, ""sleep_mode"": false, ""staff_mode"": false, ""fault_codes"": [], ""speed_limit"": 46, ""engine_hours"": 1591, ""idc_triggers"": [], ""buzzer_active"": false, ""fuel_level_avg"": 0, ""lock_geo_alert"": false, ""operation_mode"": ""RENT"", ""battery_voltage"": 14.800000190734863, ""in_primary_zone"": true, ""lock_engine_alert"": false, ""in_restricted_zone"": false, ""onboard_geofencing"": false, ""speed_limit_active"": false}"
2023-07-17 12:45:27.442,5237,13,"359159972073523",20,"{""key"": false, ""flip"": false, ""zone"": false, ""speed"": 32.0, ""buzzer"": 0, ""engine"": true, ""in_zone"": true, ""ignition"": true, ""latitude"": 42.6422533, ""direction"": 103, ""longitude"": 18.08646, ""gsm_signal"": 22, ""sleep_mode"": false, ""staff_mode"": false, ""fault_codes"": [], ""speed_limit"": 46, ""engine_hours"": 1591, ""idc_triggers"": [], ""buzzer_active"": false, ""fuel_level_avg"": 0, ""lock_geo_alert"": false, ""operation_mode"": ""RENT"", ""battery_voltage"": 14.800000190734863, ""in_primary_zone"": true, ""lock_engine_alert"": false, ""in_restricted_zone"": false, ""onboard_geofencing"": false, ""speed_limit_active"": false}"
2023-07-17 12:45:26.481,5237,13,"359159972073523",20,"{""key"": false, ""flip"": false, ""zone"": false, ""speed"": 33.5, ""buzzer"": 0, ""engine"": true, ""in_zone"": true, ""ignition"": true, ""latitude"": 42.6422716, ""direction"": 102, ""longitude"": 18.0863516, ""gsm_signal"": 22, ""sleep_mode"": false, ""staff_mode"": false, ""fault_codes"": [], ""speed_limit"": 46, ""engine_hours"": 1591, ""idc_triggers"": [], ""buzzer_active"": false, ""fuel_level_avg"": 0, ""lock_geo_alert"": false, ""operation_mode"": ""RENT"", ""battery_voltage"": 14.800000190734863, ""in_primary_zone"": true, ""lock_engine_alert"": false, ""in_restricted_zone"": false, ""onboard_geofencing"": false, ""speed_limit_active"": false}"
2023-07-17 12:45:25.899,5237,13,"359159972073523",20,"{""key"": false, ""flip"": false, ""zone"": false, ""speed"": 35.9, ""buzzer"": 0, ""engine"": true, ""in_zone"": true, ""ignition"": true, ""latitude"": 42.64229, ""direction"": 101, ""longitude"": 18.0862382, ""gsm_signal"": 22, ""sleep_mode"": false, ""staff_mode"": false, ""fault_codes"": [], ""speed_limit"": 46, ""engine_hours"": 1591, ""idc_triggers"": [], ""buzzer_active"": false, ""fuel_level_avg"": 0, ""lock_geo_alert"": false, ""operation_mode"": ""RENT"", ""battery_voltage"": 14.800000190734863, ""in_primary_zone"": true, ""lock_engine_alert"": false, ""in_restricted_zone"": false, ""onboard_geofencing"": false, ""speed_limit_active"": false}"
2023-07-17 12:45:24.417,5237,13,"359159972073523",20,"{""key"": false, ""flip"": false, ""zone"": false, ""speed"": 36.2, ""buzzer"": 0, ""engine"": true, ""in_zone"": true, ""ignition"": true, ""latitude"": 42.6423083, ""direction"": 102, ""longitude"": 18.08612, ""gsm_signal"": 22, ""sleep_mode"": false, ""staff_mode"": false, ""fault_codes"": [], ""speed_limit"": 46, ""engine_hours"": 1591, ""idc_triggers"": [], ""buzzer_active"": false, ""fuel_level_avg"": 0, ""lock_geo_alert"": false, ""operation_mode"": ""RENT"", ""battery_voltage"": 14.800000190734863, ""in_primary_zone"": true, ""lock_engine_alert"": false, ""in_restricted_zone"": false, ""onboard_geofencing"": false, ""speed_limit_active"": false}"
2023-07-17 12:45:23.421,5237,13,"359159972073523",20,"{""key"": false, ""flip"": false, ""zone"": false, ""speed"": 36.0, ""buzzer"": 0, ""engine"": true, ""in_zone"": true, ""ignition"": true, ""latitude"": 42.6423266, ""direction"": 101, ""longitude"": 18.0859982, ""gsm_signal"": 22, ""sleep_mode"": false, ""staff_mode"": false, ""fault_codes"": [], ""speed_limit"": 46, ""engine_hours"": 1591, ""idc_triggers"": [], ""buzzer_active"": false, ""fuel_level_avg"": 0, ""lock_geo_alert"": false, ""operation_mode"": ""RENT"", ""battery_voltage"": 14.800000190734863, ""in_primary_zone"": true, ""lock_engine_alert"": false, ""in_restricted_zone"": false, ""onboard_geofencing"": false, ""speed_limit_active"": false}"
2023-07-17 12:45:22.438,5237,13,"359159972073523",20,"{""key"": false, ""flip"": false, ""zone"": false, ""speed"": 36.2, ""buzzer"": 0, ""engine"": true, ""in_zone"": true, ""ignition"": true, ""latitude"": 42.642345, ""direction"": 101, ""longitude"": 18.08588, ""gsm_signal"": 22, ""sleep_mode"": false, ""staff_mode"": false, ""fault_codes"": [], ""speed_limit"": 46, ""engine_hours"": 1591, ""idc_triggers"": [], ""buzzer_active"": false, ""fuel_level_avg"": 0, ""lock_geo_alert"": false, ""operation_mode"": ""RENT"", ""battery_voltage"": 14.800000190734863, ""in_primary_zone"": true, ""lock_engine_alert"": false, ""in_restricted_zone"": false, ""onboard_geofencing"": false, ""speed_limit_active"": false}"
2023-07-17 12:45:21.461,5237,13,"359159972073523",20,"{""key"": false, ""flip"": false, ""zone"": false, ""speed"": 35.8, ""buzzer"": 0, ""engine"": true, ""in_zone"": true, ""ignition"": true, ""latitude"": 42.6423633, ""direction"": 101, ""longitude"": 18.08576, ""gsm_signal"": 22, ""sleep_mode"": false, ""staff_mode"": false, ""fault_codes"": [], ""speed_limit"": 46, ""engine_hours"": 1591, ""idc_triggers"": [], ""buzzer_active"": false, ""fuel_level_avg"": 0, ""lock_geo_alert"": false, ""operation_mode"": ""RENT"", ""battery_voltage"": 14.800000190734863, ""in_primary_zone"": true, ""lock_engine_alert"": false, ""in_restricted_zone"": false, ""onboard_geofencing"": false, ""speed_limit_active"": false}"
2023-07-17 12:45:20.901,5237,13,"359159972073523",20,"{""key"": false, ""flip"": false, ""zone"": false, ""speed"": 35.7, ""buzzer"": 0, ""engine"": true, ""in_zone"": true, ""ignition"": true, ""latitude"": 42.64238, ""direction"": 101, ""longitude"": 18.0856416, ""gsm_signal"": 22, ""sleep_mode"": false, ""staff_mode"": false, ""fault_codes"": [], ""speed_limit"": 46, ""engine_hours"": 1591, ""idc_triggers"": [], ""buzzer_active"": false, ""fuel_level_avg"": 0, ""lock_geo_alert"": false, ""operation_mode"": ""RENT"", ""battery_voltage"": 14.800000190734863, ""in_primary_zone"": true, ""lock_engine_alert"": false, ""in_restricted_zone"": false, ""onboard_geofencing"": false, ""speed_limit_active"": false}"
2023-07-17 12:45:19.420,5237,13,"359159972073523",20,"{""key"": false, ""flip"": false, ""zone"": false, ""speed"": 36.9, ""buzzer"": 0, ""engine"": true, ""in_zone"": true, ""ignition"": true, ""latitude"": 42.642398299999996, ""direction"": 102, ""longitude"": 18.0855216, ""gsm_signal"": 22, ""sleep_mode"": false, ""staff_mode"": false, ""fault_codes"": [], ""speed_limit"": 46, ""engine_hours"": 1591, ""idc_triggers"": [], ""buzzer_active"": false, ""fuel_level_avg"": 0, ""lock_geo_alert"": false, ""operation_mode"": ""RENT"", ""battery_voltage"": 14.800000190734863, ""in_primary_zone"": true, ""lock_engine_alert"": false, ""in_restricted_zone"": false, ""onboard_geofencing"": false, ""speed_limit_active"": false}"
2023-07-17 12:45:18.441,5237,13,"359159972073523",20,"{""key"": false, ""flip"": false, ""zone"": false, ""speed"": 36.8, ""buzzer"": 0, ""engine"": true, ""in_zone"": true, ""ignition"": true, ""latitude"": 42.6424166, ""direction"": 102, ""longitude"": 18.0854, ""gsm_signal"": 22, ""sleep_mode"": false, ""staff_mode"": false, ""fault_codes"": [], ""speed_limit"": 46, ""engine_hours"": 1591, ""idc_triggers"": [], ""buzzer_active"": false, ""fuel_level_avg"": 0, ""lock_geo_alert"": false, ""operation_mode"": ""RENT"", ""battery_voltage"": 14.800000190734863, ""in_primary_zone"": true, ""lock_engine_alert"": false, ""in_restricted_zone"": false, ""onboard_geofencing"": false, ""speed_limit_active"": false}"
2023-07-17 12:45:17.482,5237,13,"359159972073523",20,"{""key"": false, ""flip"": false, ""zone"": false, ""speed"": 35.5, ""buzzer"": 0, ""engine"": true, ""in_zone"": true, ""ignition"": true, ""latitude"": 42.6424366, ""direction"": 102, ""longitude"": 18.0852782, ""gsm_signal"": 22, ""sleep_mode"": false, ""staff_mode"": false, ""fault_codes"": [], ""speed_limit"": 46, ""engine_hours"": 1591, ""idc_triggers"": [], ""buzzer_active"": false, ""fuel_level_avg"": 0, ""lock_geo_alert"": false, ""operation_mode"": ""RENT"", ""battery_voltage"": 14.800000190734863, ""in_primary_zone"": true, ""lock_engine_alert"": false, ""in_restricted_zone"": false, ""onboard_geofencing"": false, ""speed_limit_active"": false}"
2023-07-17 12:45:16.900,5237,13,"359159972073523",20,"{""key"": false, ""flip"": false, ""zone"": false, ""speed"": 34.7, ""buzzer"": 0, ""engine"": true, ""in_zone"": true, ""ignition"": true, ""latitude"": 42.6424566, ""direction"": 102, ""longitude"": 18.0851616, ""gsm_signal"": 22, ""sleep_mode"": false, ""staff_mode"": false, ""fault_codes"": [], ""speed_limit"": 46, ""engine_hours"": 1591, ""idc_triggers"": [], ""buzzer_active"": false, ""fuel_level_avg"": 0, ""lock_geo_alert"": false, ""operation_mode"": ""RENT"", ""battery_voltage"": 14.800000190734863, ""in_primary_zone"": true, ""lock_engine_alert"": false, ""in_restricted_zone"": false, ""onboard_geofencing"": false, ""speed_limit_active"": false}"
2023-07-17 12:45:15.423,5237,13,"359159972073523",20,"{""key"": false, ""flip"": false, ""zone"": false, ""speed"": 34.4, ""buzzer"": 0, ""engine"": true, ""in_zone"": true, ""ignition"": true, ""latitude"": 42.6424766, ""direction"": 102, ""longitude"": 18.0850482, ""gsm_signal"": 22, ""sleep_mode"": false, ""staff_mode"": false, ""fault_codes"": [], ""speed_limit"": 46, ""engine_hours"": 1591, ""idc_triggers"": [], ""buzzer_active"": false, ""fuel_level_avg"": 0, ""lock_geo_alert"": false, ""operation_mode"": ""RENT"", ""battery_voltage"": 14.800000190734863, ""in_primary_zone"": true, ""lock_engine_alert"": false, ""in_restricted_zone"": false, ""onboard_geofencing"": false, ""speed_limit_active"": false}"
2023-07-17 12:45:14.421,5237,13,"359159972073523",20,"{""key"": false, ""flip"": false, ""zone"": false, ""speed"": 33.5, ""buzzer"": 0, ""engine"": true, ""in_zone"": true, ""ignition"": true, ""latitude"": 42.642495, ""direction"": 101, ""longitude"": 18.084935, ""gsm_signal"": 22, ""sleep_mode"": false, ""staff_mode"": false, ""fault_codes"": [], ""speed_limit"": 46, ""engine_hours"": 1591, ""idc_triggers"": [], ""buzzer_active"": false, ""fuel_level_avg"": 0, ""lock_geo_alert"": false, ""operation_mode"": ""RENT"", ""battery_voltage"": 14.800000190734863, ""in_primary_zone"": true, ""lock_engine_alert"": false, ""in_restricted_zone"": false, ""onboard_geofencing"": false, ""speed_limit_active"": false}"
2023-07-17 12:45:13.440,5237,13,"359159972073523",20,"{""key"": false, ""flip"": false, ""zone"": false, ""speed"": 34.5, ""buzzer"": 0, ""engine"": true, ""in_zone"": true, ""ignition"": true, ""latitude"": 42.6425116, ""direction"": 100, ""longitude"": 18.0848216, ""gsm_signal"": 22, ""sleep_mode"": false, ""staff_mode"": false, ""fault_codes"": [], ""speed_limit"": 46, ""engine_hours"": 1591, ""idc_triggers"": [], ""buzzer_active"": false, ""fuel_level_avg"": 0, ""lock_geo_alert"": false, ""operation_mode"": ""RENT"", ""battery_voltage"": 14.800000190734863, ""in_primary_zone"": true, ""lock_engine_alert"": false, ""in_restricted_zone"": false, ""onboard_geofencing"": false, ""speed_limit_active"": false}"
2023-07-17 12:45:12.461,5237,13,"359159972073523",20,"{""key"": false, ""flip"": false, ""zone"": false, ""speed"": 33.6, ""buzzer"": 0, ""engine"": true, ""in_zone"": true, ""ignition"": true, ""latitude"": 42.6425283, ""direction"": 100, ""longitude"": 18.0847082, ""gsm_signal"": 22, ""sleep_mode"": false, ""staff_mode"": false, ""fault_codes"": [], ""speed_limit"": 46, ""engine_hours"": 1591, ""idc_triggers"": [], ""buzzer_active"": false, ""fuel_level_avg"": 0, ""lock_geo_alert"": false, ""operation_mode"": ""RENT"", ""battery_voltage"": 14.800000190734863, ""in_primary_zone"": true, ""lock_engine_alert"": false, ""in_restricted_zone"": false, ""onboard_geofencing"": false, ""speed_limit_active"": false}"
2023-07-17 12:45:11.902,5237,13,"359159972073523",20,"{""key"": false, ""flip"": false, ""zone"": false, ""speed"": 33.2, ""buzzer"": 0, ""engine"": true, ""in_zone"": true, ""ignition"": true, ""latitude"": 42.642545, ""direction"": 101, ""longitude"": 18.0845966, ""gsm_signal"": 22, ""sleep_mode"": false, ""staff_mode"": false, ""fault_codes"": [], ""speed_limit"": 46, ""engine_hours"": 1591, ""idc_triggers"": [], ""buzzer_active"": false, ""fuel_level_avg"": 0, ""lock_geo_alert"": false, ""operation_mode"": ""RENT"", ""battery_voltage"": 14.800000190734863, ""in_primary_zone"": true, ""lock_engine_alert"": false, ""in_restricted_zone"": false, ""onboard_geofencing"": false, ""speed_limit_active"": false}"
2023-07-17 12:45:10.420,5237,13,"359159972073523",20,"{""key"": false, ""flip"": false, ""zone"": false, ""speed"": 32.5, ""buzzer"": 0, ""engine"": true, ""in_zone"": true, ""ignition"": true, ""latitude"": 42.6425616, ""direction"": 101, ""longitude"": 18.0844866, ""gsm_signal"": 22, ""sleep_mode"": false, ""staff_mode"": false, ""fault_codes"": [], ""speed_limit"": 46, ""engine_hours"": 1591, ""idc_triggers"": [], ""buzzer_active"": false, ""fuel_level_avg"": 0, ""lock_geo_alert"": false, ""operation_mode"": ""RENT"", ""battery_voltage"": 14.800000190734863, ""in_primary_zone"": true, ""lock_engine_alert"": false, ""in_restricted_zone"": false, ""onboard_geofencing"": false, ""speed_limit_active"": false}"
2023-07-17 12:45:09.459,5237,13,"359159972073523",20,"{""key"": false, ""flip"": false, ""zone"": false, ""speed"": 32.9, ""buzzer"": 0, ""engine"": true, ""in_zone"": true, ""ignition"": true, ""latitude"": 42.6425783, ""direction"": 101, ""longitude"": 18.0843782, ""gsm_signal"": 21, ""sleep_mode"": false, ""staff_mode"": false, ""fault_codes"": [], ""speed_limit"": 46, ""engine_hours"": 1591, ""idc_triggers"": [], ""buzzer_active"": false, ""fuel_level_avg"": 0, ""lock_geo_alert"": false, ""operation_mode"": ""RENT"", ""battery_voltage"": 14.800000190734863, ""in_primary_zone"": true, ""lock_engine_alert"": false, ""in_restricted_zone"": false, ""onboard_geofencing"": false, ""speed_limit_active"": false}"
2023-07-17 12:45:08.578,5237,13,"359159972073523",20,"{""key"": false, ""flip"": false, ""zone"": false, ""speed"": 33.1, ""buzzer"": 0, ""engine"": true, ""in_zone"": true, ""ignition"": true, ""latitude"": 42.642595, ""direction"": 101, ""longitude"": 18.08427, ""gsm_signal"": 21, ""sleep_mode"": false, ""staff_mode"": false, ""fault_codes"": [], ""speed_limit"": 46, ""engine_hours"": 1591, ""idc_triggers"": [], ""buzzer_active"": false, ""fuel_level_avg"": 0, ""lock_geo_alert"": false, ""operation_mode"": ""RENT"", ""battery_voltage"": 14.800000190734863, ""in_primary_zone"": true, ""lock_engine_alert"": false, ""in_restricted_zone"": false, ""onboard_geofencing"": false, ""speed_limit_active"": false}"
2023-07-17 12:45:07.900,5237,13,"359159972073523",20,"{""key"": false, ""flip"": false, ""zone"": false, ""speed"": 33.2, ""buzzer"": 0, ""engine"": true, ""in_zone"": true, ""ignition"": true, ""latitude"": 42.6426116, ""direction"": 101, ""longitude"": 18.08416, ""gsm_signal"": 21, ""sleep_mode"": false, ""staff_mode"": false, ""fault_codes"": [], ""speed_limit"": 46, ""engine_hours"": 1591, ""idc_triggers"": [], ""buzzer_active"": false, ""fuel_level_avg"": 0, ""lock_geo_alert"": false, ""operation_mode"": ""RENT"", ""battery_voltage"": 14.800000190734863, ""in_primary_zone"": true, ""lock_engine_alert"": false, ""in_restricted_zone"": false, ""onboard_geofencing"": false, ""speed_limit_active"": false}"
2023-07-17 12:45:06.442,5237,13,"359159972073523",20,"{""key"": false, ""flip"": false, ""zone"": false, ""speed"": 32.8, ""buzzer"": 0, ""engine"": true, ""in_zone"": true, ""ignition"": true, ""latitude"": 42.6426283, ""direction"": 101, ""longitude"": 18.08405, ""gsm_signal"": 20, ""sleep_mode"": false, ""staff_mode"": false, ""fault_codes"": [], ""speed_limit"": 46, ""engine_hours"": 1591, ""idc_triggers"": [], ""buzzer_active"": false, ""fuel_level_avg"": 0, ""lock_geo_alert"": false, ""operation_mode"": ""RENT"", ""battery_voltage"": 14.800000190734863, ""in_primary_zone"": true, ""lock_engine_alert"": false, ""in_restricted_zone"": false, ""onboard_geofencing"": false, ""speed_limit_active"": false}"
2023-07-17 12:45:05.481,5237,13,"359159972073523",20,"{""key"": false, ""flip"": false, ""zone"": false, ""speed"": 33.3, ""buzzer"": 0, ""engine"": true, ""in_zone"": true, ""ignition"": true, ""latitude"": 42.6426433, ""direction"": 100, ""longitude"": 18.08394, ""gsm_signal"": 20, ""sleep_mode"": false, ""staff_mode"": false, ""fault_codes"": [], ""speed_limit"": 46, ""engine_hours"": 1591, ""idc_triggers"": [], ""buzzer_active"": false, ""fuel_level_avg"": 0, ""lock_geo_alert"": false, ""operation_mode"": ""RENT"", ""battery_voltage"": 14.800000190734863, ""in_primary_zone"": true, ""lock_engine_alert"": false, ""in_restricted_zone"": false, ""onboard_geofencing"": false, ""speed_limit_active"": false}"
2023-07-17 12:45:04.900,5237,13,"359159972073523",20,"{""key"": false, ""flip"": false, ""zone"": false, ""speed"": 33.4, ""buzzer"": 0, ""engine"": true, ""in_zone"": true, ""ignition"": true, ""latitude"": 42.6426583, ""direction"": 99, ""longitude"": 18.0838282, ""gsm_signal"": 20, ""sleep_mode"": false, ""staff_mode"": false, ""fault_codes"": [], ""speed_limit"": 46, ""engine_hours"": 1591, ""idc_triggers"": [], ""buzzer_active"": false, ""fuel_level_avg"": 0, ""lock_geo_alert"": false, ""operation_mode"": ""RENT"", ""battery_voltage"": 14.800000190734863, ""in_primary_zone"": true, ""lock_engine_alert"": false, ""in_restricted_zone"": false, ""onboard_geofencing"": false, ""speed_limit_active"": false}"
2023-07-17 12:45:03.418,5237,13,"359159972073523",20,"{""key"": false, ""flip"": false, ""zone"": false, ""speed"": 33.9, ""buzzer"": 0, ""engine"": true, ""in_zone"": true, ""ignition"": true, ""latitude"": 42.6426716, ""direction"": 100, ""longitude"": 18.0837166, ""gsm_signal"": 22, ""sleep_mode"": false, ""staff_mode"": false, ""fault_codes"": [], ""speed_limit"": 46, ""engine_hours"": 1591, ""idc_triggers"": [], ""buzzer_active"": false, ""fuel_level_avg"": 0, ""lock_geo_alert"": false, ""operation_mode"": ""RENT"", ""battery_voltage"": 14.800000190734863, ""in_primary_zone"": true, ""lock_engine_alert"": false, ""in_restricted_zone"": false, ""onboard_geofencing"": false, ""speed_limit_active"": false}"
2023-07-17 12:45:02.423,5237,13,"359159972073523",20,"{""key"": false, ""flip"": false, ""zone"": false, ""speed"": 32.7, ""buzzer"": 0, ""engine"": true, ""in_zone"": true, ""ignition"": true, ""latitude"": 42.6426883, ""direction"": 100, ""longitude"": 18.083605, ""gsm_signal"": 22, ""sleep_mode"": false, ""staff_mode"": false, ""fault_codes"": [], ""speed_limit"": 46, ""engine_hours"": 1591, ""idc_triggers"": [], ""buzzer_active"": false, ""fuel_level_avg"": 0, ""lock_geo_alert"": false, ""operation_mode"": ""RENT"", ""battery_voltage"": 14.800000190734863, ""in_primary_zone"": true, ""lock_engine_alert"": false, ""in_restricted_zone"": false, ""onboard_geofencing"": false, ""speed_limit_active"": false}"
2023-07-17 12:45:01.441,5237,13,"359159972073523",20,"{""key"": false, ""flip"": false, ""zone"": false, ""speed"": 33.3, ""buzzer"": 0, ""engine"": true, ""in_zone"": true, ""ignition"": true, ""latitude"": 42.6427033, ""direction"": 101, ""longitude"": 18.083495, ""gsm_signal"": 22, ""sleep_mode"": false, ""staff_mode"": false, ""fault_codes"": [], ""speed_limit"": 46, ""engine_hours"": 1591, ""idc_triggers"": [], ""buzzer_active"": false, ""fuel_level_avg"": 0, ""lock_geo_alert"": false, ""operation_mode"": ""RENT"", ""battery_voltage"": 14.800000190734863, ""in_primary_zone"": true, ""lock_engine_alert"": false, ""in_restricted_zone"": false, ""onboard_geofencing"": false, ""speed_limit_active"": false}"
2023-07-17 12:45:00.501,5237,13,"359159972073523",20,"{""key"": false, ""flip"": false, ""zone"": false, ""speed"": 34.6, ""buzzer"": 0, ""engine"": true, ""in_zone"": true, ""ignition"": true, ""latitude"": 42.64272, ""direction"": 101, ""longitude"": 18.0833832, ""gsm_signal"": 22, ""sleep_mode"": false, ""staff_mode"": false, ""fault_codes"": [], ""speed_limit"": 46, ""engine_hours"": 1591, ""idc_triggers"": [], ""buzzer_active"": false, ""fuel_level_avg"": 0, ""lock_geo_alert"": false, ""operation_mode"": ""RENT"", ""battery_voltage"": 14.800000190734863, ""in_primary_zone"": true, ""lock_engine_alert"": false, ""in_restricted_zone"": false, ""onboard_geofencing"": false, ""speed_limit_active"": false}"
2023-07-17 12:44:59.918,5237,13,"359159972073523",20,"{""key"": false, ""flip"": false, ""zone"": false, ""speed"": 34.7, ""buzzer"": 0, ""engine"": true, ""in_zone"": true, ""ignition"": true, ""latitude"": 42.6427366, ""direction"": 102, ""longitude"": 18.0832682, ""gsm_signal"": 22, ""sleep_mode"": false, ""staff_mode"": false, ""fault_codes"": [], ""speed_limit"": 46, ""engine_hours"": 1591, ""idc_triggers"": [], ""buzzer_active"": false, ""fuel_level_avg"": 0, ""lock_geo_alert"": false, ""operation_mode"": ""RENT"", ""battery_voltage"": 14.800000190734863, ""in_primary_zone"": true, ""lock_engine_alert"": false, ""in_restricted_zone"": false, ""onboard_geofencing"": false, ""speed_limit_active"": false}"
2023-07-17 12:44:58.421,5237,13,"359159972073523",20,"{""key"": false, ""flip"": false, ""zone"": false, ""speed"": 35.0, ""buzzer"": 0, ""engine"": true, ""in_zone"": true, ""ignition"": true, ""latitude"": 42.642755, ""direction"": 102, ""longitude"": 18.0831516, ""gsm_signal"": 22, ""sleep_mode"": false, ""staff_mode"": false, ""fault_codes"": [], ""speed_limit"": 46, ""engine_hours"": 1591, ""idc_triggers"": [], ""buzzer_active"": false, ""fuel_level_avg"": 0, ""lock_geo_alert"": false, ""operation_mode"": ""RENT"", ""battery_voltage"": 14.800000190734863, ""in_primary_zone"": true, ""lock_engine_alert"": false, ""in_restricted_zone"": false, ""onboard_geofencing"": false, ""speed_limit_active"": false}"
2023-07-17 12:44:57.422,5237,13,"359159972073523",20,"{""key"": false, ""flip"": false, ""zone"": false, ""speed"": 34.5, ""buzzer"": 0, ""engine"": true, ""in_zone"": true, ""ignition"": true, ""latitude"": 42.642775, ""direction"": 104, ""longitude"": 18.0830382, ""gsm_signal"": 22, ""sleep_mode"": false, ""staff_mode"": false, ""fault_codes"": [], ""speed_limit"": 46, ""engine_hours"": 1591, ""idc_triggers"": [], ""buzzer_active"": false, ""fuel_level_avg"": 0, ""lock_geo_alert"": false, ""operation_mode"": ""RENT"", ""battery_voltage"": 14.800000190734863, ""in_primary_zone"": true, ""lock_engine_alert"": false, ""in_restricted_zone"": false, ""onboard_geofencing"": false, ""speed_limit_active"": false}"
2023-07-17 12:44:56.421,5237,13,"359159972073523",20,"{""key"": false, ""flip"": false, ""zone"": false, ""speed"": 34.5, ""buzzer"": 0, ""engine"": true, ""in_zone"": true, ""ignition"": true, ""latitude"": 42.6427966, ""direction"": 106, ""longitude"": 18.082925, ""gsm_signal"": 22, ""sleep_mode"": false, ""staff_mode"": false, ""fault_codes"": [], ""speed_limit"": 46, ""engine_hours"": 1591, ""idc_triggers"": [], ""buzzer_active"": false, ""fuel_level_avg"": 0, ""lock_geo_alert"": false, ""operation_mode"": ""RENT"", ""battery_voltage"": 14.800000190734863, ""in_primary_zone"": true, ""lock_engine_alert"": false, ""in_restricted_zone"": false, ""onboard_geofencing"": false, ""speed_limit_active"": false}"
2023-07-17 12:44:55.541,5237,13,"359159972073523",20,"{""key"": false, ""flip"": false, ""zone"": false, ""speed"": 33.8, ""buzzer"": 0, ""engine"": true, ""in_zone"": true, ""ignition"": true, ""latitude"": 42.64282, ""direction"": 105, ""longitude"": 18.0828132, ""gsm_signal"": 22, ""sleep_mode"": false, ""staff_mode"": false, ""fault_codes"": [], ""speed_limit"": 46, ""engine_hours"": 1591, ""idc_triggers"": [], ""buzzer_active"": false, ""fuel_level_avg"": 0, ""lock_geo_alert"": false, ""operation_mode"": ""RENT"", ""battery_voltage"": 14.800000190734863, ""in_primary_zone"": true, ""lock_engine_alert"": false, ""in_restricted_zone"": false, ""onboard_geofencing"": false, ""speed_limit_active"": false}"
2023-07-17 12:44:55.003,5237,13,"359159972073523",20,"{""key"": false, ""flip"": false, ""zone"": false, ""speed"": 33.4, ""buzzer"": 0, ""engine"": true, ""in_zone"": true, ""ignition"": true, ""latitude"": 42.6428433, ""direction"": 103, ""longitude"": 18.0827016, ""gsm_signal"": 22, ""sleep_mode"": false, ""staff_mode"": false, ""fault_codes"": [], ""speed_limit"": 46, ""engine_hours"": 1591, ""idc_triggers"": [], ""buzzer_active"": false, ""fuel_level_avg"": 0, ""lock_geo_alert"": false, ""operation_mode"": ""RENT"", ""battery_voltage"": 14.800000190734863, ""in_primary_zone"": true, ""lock_engine_alert"": false, ""in_restricted_zone"": false, ""onboard_geofencing"": false, ""speed_limit_active"": false}"
2023-07-17 12:44:53.429,5237,13,"359159972073523",20,"{""key"": false, ""flip"": false, ""zone"": false, ""speed"": 32.5, ""buzzer"": 0, ""engine"": true, ""in_zone"": true, ""ignition"": true, ""latitude"": 42.6428633, ""direction"": 103, ""longitude"": 18.0825932, ""gsm_signal"": 22, ""sleep_mode"": false, ""staff_mode"": false, ""fault_codes"": [], ""speed_limit"": 46, ""engine_hours"": 1591, ""idc_triggers"": [], ""buzzer_active"": false, ""fuel_level_avg"": 0, ""lock_geo_alert"": false, ""operation_mode"": ""RENT"", ""battery_voltage"": 14.800000190734863, ""in_primary_zone"": true, ""lock_engine_alert"": false, ""in_restricted_zone"": false, ""onboard_geofencing"": false, ""speed_limit_active"": false}"
2023-07-17 12:44:52.437,5237,13,"359159972073523",20,"{""key"": false, ""flip"": false, ""zone"": false, ""speed"": 32.4, ""buzzer"": 0, ""engine"": true, ""in_zone"": true, ""ignition"": true, ""latitude"": 42.6428816, ""direction"": 103, ""longitude"": 18.082485, ""gsm_signal"": 22, ""sleep_mode"": false, ""staff_mode"": false, ""fault_codes"": [], ""speed_limit"": 46, ""engine_hours"": 1591, ""idc_triggers"": [], ""buzzer_active"": false, ""fuel_level_avg"": 0, ""lock_geo_alert"": false, ""operation_mode"": ""RENT"", ""battery_voltage"": 14.800000190734863, ""in_primary_zone"": true, ""lock_engine_alert"": false, ""in_restricted_zone"": false, ""onboard_geofencing"": false, ""speed_limit_active"": false}"
2023-07-17 12:44:51.460,5237,13,"359159972073523",20,"{""key"": false, ""flip"": false, ""zone"": false, ""speed"": 32.9, ""buzzer"": 0, ""engine"": true, ""in_zone"": true, ""ignition"": true, ""latitude"": 42.6429016, ""direction"": 104, ""longitude"": 18.0823782, ""gsm_signal"": 22, ""sleep_mode"": false, ""staff_mode"": false, ""fault_codes"": [], ""speed_limit"": 46, ""engine_hours"": 1591, ""idc_triggers"": [], ""buzzer_active"": false, ""fuel_level_avg"": 0, ""lock_geo_alert"": false, ""operation_mode"": ""RENT"", ""battery_voltage"": 14.800000190734863, ""in_primary_zone"": true, ""lock_engine_alert"": false, ""in_restricted_zone"": false, ""onboard_geofencing"": false, ""speed_limit_active"": false}"
2023-07-17 12:44:50.900,5237,13,"359159972073523",20,"{""key"": false, ""flip"": false, ""zone"": false, ""speed"": 33.1, ""buzzer"": 0, ""engine"": true, ""in_zone"": true, ""ignition"": true, ""latitude"": 42.6429216, ""direction"": 105, ""longitude"": 18.08227, ""gsm_signal"": 22, ""sleep_mode"": false, ""staff_mode"": false, ""fault_codes"": [], ""speed_limit"": 46, ""engine_hours"": 1591, ""idc_triggers"": [], ""buzzer_active"": false, ""fuel_level_avg"": 0, ""lock_geo_alert"": false, ""operation_mode"": ""RENT"", ""battery_voltage"": 14.800000190734863, ""in_primary_zone"": true, ""lock_engine_alert"": false, ""in_restricted_zone"": false, ""onboard_geofencing"": false, ""speed_limit_active"": false}"
2023-07-17 12:44:49.431,5237,13,"359159972073523",20,"{""key"": false, ""flip"": false, ""zone"": false, ""speed"": 33.4, ""buzzer"": 0, ""engine"": true, ""in_zone"": true, ""ignition"": true, ""latitude"": 42.642945, ""direction"": 105, ""longitude"": 18.0821616, ""gsm_signal"": 22, ""sleep_mode"": false, ""staff_mode"": false, ""fault_codes"": [], ""speed_limit"": 46, ""engine_hours"": 1591, ""idc_triggers"": [], ""buzzer_active"": false, ""fuel_level_avg"": 0, ""lock_geo_alert"": false, ""operation_mode"": ""RENT"", ""battery_voltage"": 14.800000190734863, ""in_primary_zone"": true, ""lock_engine_alert"": false, ""in_restricted_zone"": false, ""onboard_geofencing"": false, ""speed_limit_active"": false}"
2023-07-17 12:44:48.445,5237,13,"359159972073523",20,"{""key"": false, ""flip"": false, ""zone"": false, ""speed"": 33.0, ""buzzer"": 0, ""engine"": true, ""in_zone"": true, ""ignition"": true, ""latitude"": 42.6429666, ""direction"": 105, ""longitude"": 18.0820516, ""gsm_signal"": 22, ""sleep_mode"": false, ""staff_mode"": false, ""fault_codes"": [], ""speed_limit"": 46, ""engine_hours"": 1591, ""idc_triggers"": [], ""buzzer_active"": false, ""fuel_level_avg"": 0, ""lock_geo_alert"": false, ""operation_mode"": ""RENT"", ""battery_voltage"": 14.800000190734863, ""in_primary_zone"": true, ""lock_engine_alert"": false, ""in_restricted_zone"": false, ""onboard_geofencing"": false, ""speed_limit_active"": false}"
2023-07-17 12:44:47.482,5237,13,"359159972073523",20,"{""key"": false, ""flip"": false, ""zone"": false, ""speed"": 33.2, ""buzzer"": 0, ""engine"": true, ""in_zone"": true, ""ignition"": true, ""latitude"": 42.64299, ""direction"": 105, ""longitude"": 18.0819432, ""gsm_signal"": 22, ""sleep_mode"": false, ""staff_mode"": false, ""fault_codes"": [], ""speed_limit"": 46, ""engine_hours"": 1591, ""idc_triggers"": [], ""buzzer_active"": false, ""fuel_level_avg"": 0, ""lock_geo_alert"": false, ""operation_mode"": ""RENT"", ""battery_voltage"": 14.800000190734863, ""in_primary_zone"": true, ""lock_engine_alert"": false, ""in_restricted_zone"": false, ""onboard_geofencing"": false, ""speed_limit_active"": false}"
2023-07-17 12:44:46.900,5237,13,"359159972073523",20,"{""key"": false, ""flip"": false, ""zone"": false, ""speed"": 33.1, ""buzzer"": 0, ""engine"": true, ""in_zone"": true, ""ignition"": true, ""latitude"": 42.6430116, ""direction"": 105, ""longitude"": 18.081835, ""gsm_signal"": 22, ""sleep_mode"": false, ""staff_mode"": false, ""fault_codes"": [], ""speed_limit"": 46, ""engine_hours"": 1591, ""idc_triggers"": [], ""buzzer_active"": false, ""fuel_level_avg"": 0, ""lock_geo_alert"": false, ""operation_mode"": ""RENT"", ""battery_voltage"": 14.800000190734863, ""in_primary_zone"": true, ""lock_engine_alert"": false, ""in_restricted_zone"": false, ""onboard_geofencing"": false, ""speed_limit_active"": false}"
2023-07-17 12:44:45.417,5237,13,"359159972073523",20,"{""key"": false, ""flip"": false, ""zone"": false, ""speed"": 32.5, ""buzzer"": 0, ""engine"": true, ""in_zone"": true, ""ignition"": true, ""latitude"": 42.6430333, ""direction"": 105, ""longitude"": 18.0817282, ""gsm_signal"": 16, ""sleep_mode"": false, ""staff_mode"": false, ""fault_codes"": [], ""speed_limit"": 46, ""engine_hours"": 1591, ""idc_triggers"": [], ""buzzer_active"": false, ""fuel_level_avg"": 0, ""lock_geo_alert"": false, ""operation_mode"": ""RENT"", ""battery_voltage"": 14.800000190734863, ""in_primary_zone"": true, ""lock_engine_alert"": false, ""in_restricted_zone"": false, ""onboard_geofencing"": false, ""speed_limit_active"": false}"
2023-07-17 12:44:44.440,5237,13,"359159972073523",20,"{""key"": false, ""flip"": false, ""zone"": false, ""speed"": 32.4, ""buzzer"": 0, ""engine"": true, ""in_zone"": true, ""ignition"": true, ""latitude"": 42.6430533, ""direction"": 105, ""longitude"": 18.0816216, ""gsm_signal"": 16, ""sleep_mode"": false, ""staff_mode"": false, ""fault_codes"": [], ""speed_limit"": 46, ""engine_hours"": 1591, ""idc_triggers"": [], ""buzzer_active"": false, ""fuel_level_avg"": 0, ""lock_geo_alert"": false, ""operation_mode"": ""RENT"", ""battery_voltage"": 14.800000190734863, ""in_primary_zone"": true, ""lock_engine_alert"": false, ""in_restricted_zone"": false, ""onboard_geofencing"": false, ""speed_limit_active"": false}"
2023-07-17 12:44:43.442,5237,13,"359159972073523",20,"{""key"": false, ""flip"": false, ""zone"": false, ""speed"": 31.5, ""buzzer"": 0, ""engine"": true, ""in_zone"": true, ""ignition"": true, ""latitude"": 42.6430733, ""direction"": 104, ""longitude"": 18.0815166, ""gsm_signal"": 16, ""sleep_mode"": false, ""staff_mode"": false, ""fault_codes"": [], ""speed_limit"": 46, ""engine_hours"": 1591, ""idc_triggers"": [], ""buzzer_active"": false, ""fuel_level_avg"": 0, ""lock_geo_alert"": false, ""operation_mode"": ""RENT"", ""battery_voltage"": 14.800000190734863, ""in_primary_zone"": true, ""lock_engine_alert"": false, ""in_restricted_zone"": false, ""onboard_geofencing"": false, ""speed_limit_active"": false}"
2023-07-17 12:44:42.802,5237,13,"359159972073523",20,"{""key"": false, ""flip"": false, ""zone"": false, ""speed"": 31.3, ""buzzer"": 0, ""engine"": true, ""in_zone"": true, ""ignition"": true, ""latitude"": 42.6430933, ""direction"": 102, ""longitude"": 18.0814132, ""gsm_signal"": 16, ""sleep_mode"": false, ""staff_mode"": false, ""fault_codes"": [], ""speed_limit"": 46, ""engine_hours"": 1591, ""idc_triggers"": [], ""buzzer_active"": false, ""fuel_level_avg"": 0, ""lock_geo_alert"": false, ""operation_mode"": ""RENT"", ""battery_voltage"": 14.800000190734863, ""in_primary_zone"": true, ""lock_engine_alert"": false, ""in_restricted_zone"": false, ""onboard_geofencing"": false, ""speed_limit_active"": false}"
2023-07-17 12:44:41.459,5237,13,"359159972073523",20,"{""key"": false, ""flip"": false, ""zone"": false, ""speed"": 31.3, ""buzzer"": 0, ""engine"": true, ""in_zone"": true, ""ignition"": true, ""latitude"": 42.6431083, ""direction"": 101, ""longitude"": 18.0813082, ""gsm_signal"": 16, ""sleep_mode"": false, ""staff_mode"": false, ""fault_codes"": [], ""speed_limit"": 46, ""engine_hours"": 1591, ""idc_triggers"": [], ""buzzer_active"": false, ""fuel_level_avg"": 0, ""lock_geo_alert"": false, ""operation_mode"": ""RENT"", ""battery_voltage"": 14.800000190734863, ""in_primary_zone"": true, ""lock_engine_alert"": false, ""in_restricted_zone"": false, ""onboard_geofencing"": false, ""speed_limit_active"": false}"
2023-07-17 12:44:40.411,5237,13,"359159972073523",20,"{""key"": false, ""flip"": false, ""zone"": false, ""speed"": 31.3, ""buzzer"": 0, ""engine"": true, ""in_zone"": true, ""ignition"": true, ""latitude"": 42.643125, ""direction"": 102, ""longitude"": 18.081205, ""gsm_signal"": 16, ""sleep_mode"": false, ""staff_mode"": false, ""fault_codes"": [], ""speed_limit"": 46, ""engine_hours"": 1591, ""idc_triggers"": [], ""buzzer_active"": false, ""fuel_level_avg"": 0, ""lock_geo_alert"": false, ""operation_mode"": ""RENT"", ""battery_voltage"": 14.800000190734863, ""in_primary_zone"": true, ""lock_engine_alert"": false, ""in_restricted_zone"": false, ""onboard_geofencing"": false, ""speed_limit_active"": false}"
2023-07-17 12:44:39.428,5237,13,"359159972073523",20,"{""key"": false, ""flip"": false, ""zone"": false, ""speed"": 31.3, ""buzzer"": 0, ""engine"": true, ""in_zone"": true, ""ignition"": true, ""latitude"": 42.6431416, ""direction"": 102, ""longitude"": 18.0811016, ""gsm_signal"": 17, ""sleep_mode"": false, ""staff_mode"": false, ""fault_codes"": [], ""speed_limit"": 46, ""engine_hours"": 1591, ""idc_triggers"": [], ""buzzer_active"": false, ""fuel_level_avg"": 0, ""lock_geo_alert"": false, ""operation_mode"": ""RENT"", ""battery_voltage"": 14.800000190734863, ""in_primary_zone"": true, ""lock_engine_alert"": false, ""in_restricted_zone"": false, ""onboard_geofencing"": false, ""speed_limit_active"": false}"
2023-07-17 12:44:38.428,5237,13,"359159972073523",20,"{""key"": false, ""flip"": false, ""zone"": false, ""speed"": 31.0, ""buzzer"": 0, ""engine"": true, ""in_zone"": true, ""ignition"": true, ""latitude"": 42.64316, ""direction"": 101, ""longitude"": 18.0809966, ""gsm_signal"": 17, ""sleep_mode"": false, ""staff_mode"": false, ""fault_codes"": [], ""speed_limit"": 46, ""engine_hours"": 1591, ""idc_triggers"": [], ""buzzer_active"": false, ""fuel_level_avg"": 0, ""lock_geo_alert"": false, ""operation_mode"": ""RENT"", ""battery_voltage"": 14.800000190734863, ""in_primary_zone"": true, ""lock_engine_alert"": false, ""in_restricted_zone"": false, ""onboard_geofencing"": false, ""speed_limit_active"": false}"
2023-07-17 12:44:37.409,5237,13,"359159972073523",20,"{""key"": false, ""flip"": false, ""zone"": false, ""speed"": 32.1, ""buzzer"": 0, ""engine"": true, ""in_zone"": true, ""ignition"": true, ""latitude"": 42.643175, ""direction"": 101, ""longitude"": 18.0808916, ""gsm_signal"": 17, ""sleep_mode"": false, ""staff_mode"": false, ""fault_codes"": [], ""speed_limit"": 46, ""engine_hours"": 1591, ""idc_triggers"": [], ""buzzer_active"": false, ""fuel_level_avg"": 0, ""lock_geo_alert"": false, ""operation_mode"": ""RENT"", ""battery_voltage"": 14.800000190734863, ""in_primary_zone"": true, ""lock_engine_alert"": false, ""in_restricted_zone"": false, ""onboard_geofencing"": false, ""speed_limit_active"": false}"
2023-07-17 12:44:36.428,5237,13,"359159972073523",20,"{""key"": false, ""flip"": false, ""zone"": false, ""speed"": 32.4, ""buzzer"": 0, ""engine"": true, ""in_zone"": true, ""ignition"": true, ""latitude"": 42.6431916, ""direction"": 102, ""longitude"": 18.080785, ""gsm_signal"": 17, ""sleep_mode"": false, ""staff_mode"": false, ""fault_codes"": [], ""speed_limit"": 46, ""engine_hours"": 1591, ""idc_triggers"": [], ""buzzer_active"": false, ""fuel_level_avg"": 0, ""lock_geo_alert"": false, ""operation_mode"": ""RENT"", ""battery_voltage"": 14.800000190734863, ""in_primary_zone"": true, ""lock_engine_alert"": false, ""in_restricted_zone"": false, ""onboard_geofencing"": false, ""speed_limit_active"": false}"
2023-07-17 12:44:35.447,5237,13,"359159972073523",20,"{""key"": false, ""flip"": false, ""zone"": false, ""speed"": 33.4, ""buzzer"": 0, ""engine"": true, ""in_zone"": true, ""ignition"": true, ""latitude"": 42.64321, ""direction"": 102, ""longitude"": 18.0806766, ""gsm_signal"": 17, ""sleep_mode"": false, ""staff_mode"": false, ""fault_codes"": [], ""speed_limit"": 46, ""engine_hours"": 1591, ""idc_triggers"": [], ""buzzer_active"": false, ""fuel_level_avg"": 0, ""lock_geo_alert"": false, ""operation_mode"": ""RENT"", ""battery_voltage"": 14.800000190734863, ""in_primary_zone"": true, ""lock_engine_alert"": false, ""in_restricted_zone"": false, ""onboard_geofencing"": false, ""speed_limit_active"": false}"
2023-07-17 12:44:34.889,5237,13,"359159972073523",20,"{""key"": false, ""flip"": false, ""zone"": false, ""speed"": 33.1, ""buzzer"": 0, ""engine"": true, ""in_zone"": true, ""ignition"": true, ""latitude"": 42.6432283, ""direction"": 102, ""longitude"": 18.080565, ""gsm_signal"": 17, ""sleep_mode"": false, ""staff_mode"": false, ""fault_codes"": [], ""speed_limit"": 46, ""engine_hours"": 1591, ""idc_triggers"": [], ""buzzer_active"": false, ""fuel_level_avg"": 0, ""lock_geo_alert"": false, ""operation_mode"": ""RENT"", ""battery_voltage"": 14.800000190734863, ""in_primary_zone"": true, ""lock_engine_alert"": false, ""in_restricted_zone"": false, ""onboard_geofencing"": false, ""speed_limit_active"": false}"
2023-07-17 12:44:33.449,5237,13,"359159972073523",20,"{""key"": false, ""flip"": false, ""zone"": false, ""speed"": 32.5, ""buzzer"": 0, ""engine"": true, ""in_zone"": true, ""ignition"": true, ""latitude"": 42.6432466, ""direction"": 103, ""longitude"": 18.0804566, ""gsm_signal"": 17, ""sleep_mode"": false, ""staff_mode"": false, ""fault_codes"": [], ""speed_limit"": 46, ""engine_hours"": 1591, ""idc_triggers"": [], ""buzzer_active"": false, ""fuel_level_avg"": 0, ""lock_geo_alert"": false, ""operation_mode"": ""RENT"", ""battery_voltage"": 14.800000190734863, ""in_primary_zone"": true, ""lock_engine_alert"": false, ""in_restricted_zone"": false, ""onboard_geofencing"": false, ""speed_limit_active"": false}"
2023-07-17 12:44:32.887,5237,13,"359159972073523",20,"{""key"": false, ""flip"": false, ""zone"": false, ""speed"": 30.0, ""buzzer"": 0, ""engine"": true, ""in_zone"": true, ""ignition"": true, ""latitude"": 42.643265, ""direction"": 103, ""longitude"": 18.08035, ""gsm_signal"": 17, ""sleep_mode"": false, ""staff_mode"": false, ""fault_codes"": [], ""speed_limit"": 46, ""engine_hours"": 1591, ""idc_triggers"": [], ""buzzer_active"": false, ""fuel_level_avg"": 0, ""lock_geo_alert"": false, ""operation_mode"": ""RENT"", ""battery_voltage"": 14.800000190734863, ""in_primary_zone"": true, ""lock_engine_alert"": false, ""in_restricted_zone"": false, ""onboard_geofencing"": false, ""speed_limit_active"": false}"
2023-07-17 12:44:31.409,5237,13,"359159972073523",20,"{""key"": false, ""flip"": false, ""zone"": false, ""speed"": 29.2, ""buzzer"": 0, ""engine"": true, ""in_zone"": true, ""ignition"": true, ""latitude"": 42.6432816, ""direction"": 103, ""longitude"": 18.0802532, ""gsm_signal"": 17, ""sleep_mode"": false, ""staff_mode"": false, ""fault_codes"": [], ""speed_limit"": 46, ""engine_hours"": 1591, ""idc_triggers"": [], ""buzzer_active"": false, ""fuel_level_avg"": 0, ""lock_geo_alert"": false, ""operation_mode"": ""RENT"", ""battery_voltage"": 14.800000190734863, ""in_primary_zone"": true, ""lock_engine_alert"": false, ""in_restricted_zone"": false, ""onboard_geofencing"": false, ""speed_limit_active"": false}"
2023-07-17 12:44:30.427,5237,13,"359159972073523",20,"{""key"": false, ""flip"": false, ""zone"": false, ""speed"": 28.4, ""buzzer"": 0, ""engine"": true, ""in_zone"": true, ""ignition"": true, ""latitude"": 42.6432983, ""direction"": 103, ""longitude"": 18.0801566, ""gsm_signal"": 18, ""sleep_mode"": false, ""staff_mode"": false, ""fault_codes"": [], ""speed_limit"": 46, ""engine_hours"": 1591, ""idc_triggers"": [], ""buzzer_active"": false, ""fuel_level_avg"": 0, ""lock_geo_alert"": false, ""operation_mode"": ""RENT"", ""battery_voltage"": 14.800000190734863, ""in_primary_zone"": true, ""lock_engine_alert"": false, ""in_restricted_zone"": false, ""onboard_geofencing"": false, ""speed_limit_active"": false}"
2023-07-17 12:44:29.429,5237,13,"359159972073523",20,"{""key"": false, ""flip"": false, ""zone"": false, ""speed"": 27.5, ""buzzer"": 0, ""engine"": true, ""in_zone"": true, ""ignition"": true, ""latitude"": 42.6433133, ""direction"": 103, ""longitude"": 18.0800632, ""gsm_signal"": 18, ""sleep_mode"": false, ""staff_mode"": false, ""fault_codes"": [], ""speed_limit"": 46, ""engine_hours"": 1591, ""idc_triggers"": [], ""buzzer_active"": false, ""fuel_level_avg"": 0, ""lock_geo_alert"": false, ""operation_mode"": ""RENT"", ""battery_voltage"": 14.800000190734863, ""in_primary_zone"": true, ""lock_engine_alert"": false, ""in_restricted_zone"": false, ""onboard_geofencing"": false, ""speed_limit_active"": false}"
2023-07-17 12:44:28.847,5237,13,"359159972073523",20,"{""key"": false, ""flip"": false, ""zone"": false, ""speed"": 28.2, ""buzzer"": 0, ""engine"": true, ""in_zone"": true, ""ignition"": true, ""latitude"": 42.64333, ""direction"": 102, ""longitude"": 18.0799716, ""gsm_signal"": 18, ""sleep_mode"": false, ""staff_mode"": false, ""fault_codes"": [], ""speed_limit"": 46, ""engine_hours"": 1591, ""idc_triggers"": [], ""buzzer_active"": false, ""fuel_level_avg"": 0, ""lock_geo_alert"": false, ""operation_mode"": ""RENT"", ""battery_voltage"": 14.800000190734863, ""in_primary_zone"": true, ""lock_engine_alert"": false, ""in_restricted_zone"": false, ""onboard_geofencing"": false, ""speed_limit_active"": false}"
2023-07-17 12:44:27.408,5237,13,"359159972073523",20,"{""key"": false, ""flip"": false, ""zone"": false, ""speed"": 29.1, ""buzzer"": 0, ""engine"": true, ""in_zone"": true, ""ignition"": true, ""latitude"": 42.643345, ""direction"": 103, ""longitude"": 18.0798782, ""gsm_signal"": 19, ""sleep_mode"": false, ""staff_mode"": false, ""fault_codes"": [], ""speed_limit"": 46, ""engine_hours"": 1591, ""idc_triggers"": [], ""buzzer_active"": false, ""fuel_level_avg"": 0, ""lock_geo_alert"": false, ""operation_mode"": ""RENT"", ""battery_voltage"": 14.800000190734863, ""in_primary_zone"": true, ""lock_engine_alert"": false, ""in_restricted_zone"": false, ""onboard_geofencing"": false, ""speed_limit_active"": false}"
2023-07-17 12:44:26.429,5237,13,"359159972073523",20,"{""key"": false, ""flip"": false, ""zone"": false, ""speed"": 28.4, ""buzzer"": 0, ""engine"": true, ""in_zone"": true, ""ignition"": true, ""latitude"": 42.6433633, ""direction"": 102, ""longitude"": 18.0797832, ""gsm_signal"": 19, ""sleep_mode"": false, ""staff_mode"": false, ""fault_codes"": [], ""speed_limit"": 46, ""engine_hours"": 1591, ""idc_triggers"": [], ""buzzer_active"": false, ""fuel_level_avg"": 0, ""lock_geo_alert"": false, ""operation_mode"": ""RENT"", ""battery_voltage"": 14.800000190734863, ""in_primary_zone"": true, ""lock_engine_alert"": false, ""in_restricted_zone"": false, ""onboard_geofencing"": false, ""speed_limit_active"": false}"
2023-07-17 12:44:25.427,5237,13,"359159972073523",20,"{""key"": false, ""flip"": false, ""zone"": false, ""speed"": 29.6, ""buzzer"": 0, ""engine"": true, ""in_zone"": true, ""ignition"": true, ""latitude"": 42.6433766, ""direction"": 101, ""longitude"": 18.0796882, ""gsm_signal"": 19, ""sleep_mode"": false, ""staff_mode"": false, ""fault_codes"": [], ""speed_limit"": 46, ""engine_hours"": 1591, ""idc_triggers"": [], ""buzzer_active"": false, ""fuel_level_avg"": 0, ""lock_geo_alert"": false, ""operation_mode"": ""RENT"", ""battery_voltage"": 14.800000190734863, ""in_primary_zone"": true, ""lock_engine_alert"": false, ""in_restricted_zone"": false, ""onboard_geofencing"": false, ""speed_limit_active"": false}"
2023-07-17 12:44:24.845,5237,13,"359159972073523",20,"{""key"": false, ""flip"": false, ""zone"": false, ""speed"": 28.1, ""buzzer"": 0, ""engine"": true, ""in_zone"": true, ""ignition"": true, ""latitude"": 42.6433916, ""direction"": 102, ""longitude"": 18.0795916, ""gsm_signal"": 23, ""sleep_mode"": false, ""staff_mode"": false, ""fault_codes"": [], ""speed_limit"": 46, ""engine_hours"": 1591, ""idc_triggers"": [], ""buzzer_active"": false, ""fuel_level_avg"": 0, ""lock_geo_alert"": false, ""operation_mode"": ""RENT"", ""battery_voltage"": 14.800000190734863, ""in_primary_zone"": true, ""lock_engine_alert"": false, ""in_restricted_zone"": false, ""onboard_geofencing"": false, ""speed_limit_active"": false}"
2023-07-17 12:44:23.406,5237,13,"359159972073523",20,"{""key"": false, ""flip"": false, ""zone"": false, ""speed"": 27.1, ""buzzer"": 0, ""engine"": true, ""in_zone"": true, ""ignition"": true, ""latitude"": 42.6434066, ""direction"": 101, ""longitude"": 18.0794982, ""gsm_signal"": 23, ""sleep_mode"": false, ""staff_mode"": false, ""fault_codes"": [], ""speed_limit"": 46, ""engine_hours"": 1591, ""idc_triggers"": [], ""buzzer_active"": false, ""fuel_level_avg"": 0, ""lock_geo_alert"": false, ""operation_mode"": ""RENT"", ""battery_voltage"": 14.800000190734863, ""in_primary_zone"": true, ""lock_engine_alert"": false, ""in_restricted_zone"": false, ""onboard_geofencing"": false, ""speed_limit_active"": false}"
2023-07-17 12:44:22.412,5237,13,"359159972073523",20,"{""key"": false, ""flip"": false, ""zone"": false, ""speed"": 26.1, ""buzzer"": 0, ""engine"": true, ""in_zone"": true, ""ignition"": true, ""latitude"": 42.64342, ""direction"": 101, ""longitude"": 18.07941, ""gsm_signal"": 23, ""sleep_mode"": false, ""staff_mode"": false, ""fault_codes"": [], ""speed_limit"": 46, ""engine_hours"": 1591, ""idc_triggers"": [], ""buzzer_active"": false, ""fuel_level_avg"": 0, ""lock_geo_alert"": false, ""operation_mode"": ""RENT"", ""battery_voltage"": 14.800000190734863, ""in_primary_zone"": true, ""lock_engine_alert"": false, ""in_restricted_zone"": false, ""onboard_geofencing"": false, ""speed_limit_active"": false}"
2023-07-17 12:44:21.437,5237,13,"359159972073523",20,"{""key"": false, ""flip"": false, ""zone"": false, ""speed"": 26.0, ""buzzer"": 0, ""engine"": true, ""in_zone"": true, ""ignition"": true, ""latitude"": 42.6434333, ""direction"": 103, ""longitude"": 18.0793232, ""gsm_signal"": 27, ""sleep_mode"": false, ""staff_mode"": false, ""fault_codes"": [], ""speed_limit"": 46, ""engine_hours"": 1591, ""idc_triggers"": [], ""buzzer_active"": false, ""fuel_level_avg"": 0, ""lock_geo_alert"": false, ""operation_mode"": ""RENT"", ""battery_voltage"": 14.800000190734863, ""in_primary_zone"": true, ""lock_engine_alert"": false, ""in_restricted_zone"": false, ""onboard_geofencing"": false, ""speed_limit_active"": false}"
2023-07-17 12:44:20.429,5237,13,"359159972073523",20,"{""key"": false, ""flip"": false, ""zone"": false, ""speed"": 26.3, ""buzzer"": 0, ""engine"": true, ""in_zone"": true, ""ignition"": true, ""latitude"": 42.6434483, ""direction"": 103, ""longitude"": 18.0792366, ""gsm_signal"": 27, ""sleep_mode"": false, ""staff_mode"": false, ""fault_codes"": [], ""speed_limit"": 46, ""engine_hours"": 1591, ""idc_triggers"": [], ""buzzer_active"": false, ""fuel_level_avg"": 0, ""lock_geo_alert"": false, ""operation_mode"": ""RENT"", ""battery_voltage"": 14.800000190734863, ""in_primary_zone"": true, ""lock_engine_alert"": false, ""in_restricted_zone"": false, ""onboard_geofencing"": false, ""speed_limit_active"": false}"
2023-07-17 12:44:19.846,5237,13,"359159972073523",20,"{""key"": false, ""flip"": false, ""zone"": false, ""speed"": 27.9, ""buzzer"": 0, ""engine"": true, ""in_zone"": true, ""ignition"": true, ""latitude"": 42.6434616, ""direction"": 102, ""longitude"": 18.0791482, ""gsm_signal"": 27, ""sleep_mode"": false, ""staff_mode"": false, ""fault_codes"": [], ""speed_limit"": 46, ""engine_hours"": 1591, ""idc_triggers"": [], ""buzzer_active"": false, ""fuel_level_avg"": 0, ""lock_geo_alert"": false, ""operation_mode"": ""RENT"", ""battery_voltage"": 14.800000190734863, ""in_primary_zone"": true, ""lock_engine_alert"": false, ""in_restricted_zone"": false, ""onboard_geofencing"": false, ""speed_limit_active"": false}"
2023-07-17 12:44:18.407,5237,13,"359159972073523",20,"{""key"": false, ""flip"": false, ""zone"": false, ""speed"": 28.0, ""buzzer"": 0, ""engine"": true, ""in_zone"": true, ""ignition"": true, ""latitude"": 42.6434783, ""direction"": 103, ""longitude"": 18.0790566, ""gsm_signal"": 30, ""sleep_mode"": false, ""staff_mode"": false, ""fault_codes"": [], ""speed_limit"": 46, ""engine_hours"": 1591, ""idc_triggers"": [], ""buzzer_active"": false, ""fuel_level_avg"": 0, ""lock_geo_alert"": false, ""operation_mode"": ""RENT"", ""battery_voltage"": 14.800000190734863, ""in_primary_zone"": true, ""lock_engine_alert"": false, ""in_restricted_zone"": false, ""onboard_geofencing"": false, ""speed_limit_active"": false}"
2023-07-17 12:44:17.429,5237,13,"359159972073523",20,"{""key"": false, ""flip"": false, ""zone"": false, ""speed"": 27.3, ""buzzer"": 0, ""engine"": true, ""in_zone"": true, ""ignition"": true, ""latitude"": 42.6434933, ""direction"": 101, ""longitude"": 18.0789632, ""gsm_signal"": 30, ""sleep_mode"": false, ""staff_mode"": false, ""fault_codes"": [], ""speed_limit"": 46, ""engine_hours"": 1591, ""idc_triggers"": [], ""buzzer_active"": false, ""fuel_level_avg"": 0, ""lock_geo_alert"": false, ""operation_mode"": ""RENT"", ""battery_voltage"": 14.800000190734863, ""in_primary_zone"": true, ""lock_engine_alert"": false, ""in_restricted_zone"": false, ""onboard_geofencing"": false, ""speed_limit_active"": false}"
2023-07-17 12:44:16.429,5237,13,"359159972073523",20,"{""key"": false, ""flip"": false, ""zone"": false, ""speed"": 27.3, ""buzzer"": 0, ""engine"": true, ""in_zone"": true, ""ignition"": true, ""latitude"": 42.6435066, ""direction"": 101, ""longitude"": 18.0788732, ""gsm_signal"": 30, ""sleep_mode"": false, ""staff_mode"": false, ""fault_codes"": [], ""speed_limit"": 46, ""engine_hours"": 1591, ""idc_triggers"": [], ""buzzer_active"": false, ""fuel_level_avg"": 0, ""lock_geo_alert"": false, ""operation_mode"": ""RENT"", ""battery_voltage"": 14.800000190734863, ""in_primary_zone"": true, ""lock_engine_alert"": false, ""in_restricted_zone"": false, ""onboard_geofencing"": false, ""speed_limit_active"": false}"
2023-07-17 12:44:15.887,5237,13,"359159972073523",20,"{""key"": false, ""flip"": false, ""zone"": false, ""speed"": 28.5, ""buzzer"": 0, ""engine"": true, ""in_zone"": true, ""ignition"": true, ""latitude"": 42.6435216, ""direction"": 102, ""longitude"": 18.0787816, ""gsm_signal"": 31, ""sleep_mode"": false, ""staff_mode"": false, ""fault_codes"": [], ""speed_limit"": 46, ""engine_hours"": 1591, ""idc_triggers"": [], ""buzzer_active"": false, ""fuel_level_avg"": 0, ""lock_geo_alert"": false, ""operation_mode"": ""RENT"", ""battery_voltage"": 14.800000190734863, ""in_primary_zone"": true, ""lock_engine_alert"": false, ""in_restricted_zone"": false, ""onboard_geofencing"": false, ""speed_limit_active"": false}"
2023-07-17 12:44:14.405,5237,13,"359159972073523",20,"{""key"": false, ""flip"": false, ""zone"": false, ""speed"": 28.2, ""buzzer"": 0, ""engine"": true, ""in_zone"": true, ""ignition"": true, ""latitude"": 42.6435366, ""direction"": 102, ""longitude"": 18.0786866, ""gsm_signal"": 31, ""sleep_mode"": false, ""staff_mode"": false, ""fault_codes"": [], ""speed_limit"": 46, ""engine_hours"": 1591, ""idc_triggers"": [], ""buzzer_active"": false, ""fuel_level_avg"": 0, ""lock_geo_alert"": false, ""operation_mode"": ""RENT"", ""battery_voltage"": 14.800000190734863, ""in_primary_zone"": true, ""lock_engine_alert"": false, ""in_restricted_zone"": false, ""onboard_geofencing"": false, ""speed_limit_active"": false}"
2023-07-17 12:44:13.407,5237,13,"359159972073523",20,"{""key"": false, ""flip"": false, ""zone"": false, ""speed"": 27.3, ""buzzer"": 0, ""engine"": true, ""in_zone"": true, ""ignition"": true, ""latitude"": 42.6435516, ""direction"": 103, ""longitude"": 18.078595, ""gsm_signal"": 31, ""sleep_mode"": false, ""staff_mode"": false, ""fault_codes"": [], ""speed_limit"": 46, ""engine_hours"": 1591, ""idc_triggers"": [], ""buzzer_active"": false, ""fuel_level_avg"": 0, ""lock_geo_alert"": false, ""operation_mode"": ""RENT"", ""battery_voltage"": 14.800000190734863, ""in_primary_zone"": true, ""lock_engine_alert"": false, ""in_restricted_zone"": false, ""onboard_geofencing"": false, ""speed_limit_active"": false}"
2023-07-17 12:44:12.427,5237,13,"359159972073523",20,"{""key"": false, ""flip"": false, ""zone"": false, ""speed"": 27.0, ""buzzer"": 0, ""engine"": true, ""in_zone"": true, ""ignition"": true, ""latitude"": 42.6435666, ""direction"": 103, ""longitude"": 18.078505, ""gsm_signal"": 31, ""sleep_mode"": false, ""staff_mode"": false, ""fault_codes"": [], ""speed_limit"": 46, ""engine_hours"": 1591, ""idc_triggers"": [], ""buzzer_active"": false, ""fuel_level_avg"": 0, ""lock_geo_alert"": false, ""operation_mode"": ""RENT"", ""battery_voltage"": 14.800000190734863, ""in_primary_zone"": true, ""lock_engine_alert"": false, ""in_restricted_zone"": false, ""onboard_geofencing"": false, ""speed_limit_active"": false}"
2023-07-17 12:44:11.429,5237,13,"359159972073523",20,"{""key"": false, ""flip"": false, ""zone"": false, ""speed"": 28.3, ""buzzer"": 0, ""engine"": true, ""in_zone"": true, ""ignition"": true, ""latitude"": 42.6435816, ""direction"": 103, ""longitude"": 18.0784132, ""gsm_signal"": 31, ""sleep_mode"": false, ""staff_mode"": false, ""fault_codes"": [], ""speed_limit"": 46, ""engine_hours"": 1591, ""idc_triggers"": [], ""buzzer_active"": false, ""fuel_level_avg"": 0, ""lock_geo_alert"": false, ""operation_mode"": ""RENT"", ""battery_voltage"": 14.800000190734863, ""in_primary_zone"": true, ""lock_engine_alert"": false, ""in_restricted_zone"": false, ""onboard_geofencing"": false, ""speed_limit_active"": false}"
2023-07-17 12:44:10.847,5237,13,"359159972073523",20,"{""key"": false, ""flip"": false, ""zone"": false, ""speed"": 28.4, ""buzzer"": 0, ""engine"": true, ""in_zone"": true, ""ignition"": true, ""latitude"": 42.6436, ""direction"": 104, ""longitude"": 18.07832, ""gsm_signal"": 31, ""sleep_mode"": false, ""staff_mode"": false, ""fault_codes"": [], ""speed_limit"": 46, ""engine_hours"": 1591, ""idc_triggers"": [], ""buzzer_active"": false, ""fuel_level_avg"": 0, ""lock_geo_alert"": false, ""operation_mode"": ""RENT"", ""battery_voltage"": 14.800000190734863, ""in_primary_zone"": true, ""lock_engine_alert"": false, ""in_restricted_zone"": false, ""onboard_geofencing"": false, ""speed_limit_active"": false}"
2023-07-17 12:44:09.407,5237,13,"359159972073523",20,"{""key"": false, ""flip"": false, ""zone"": false, ""speed"": 29.2, ""buzzer"": 0, ""engine"": true, ""in_zone"": true, ""ignition"": true, ""latitude"": 42.6436166, ""direction"": 103, ""longitude"": 18.0782266, ""gsm_signal"": 31, ""sleep_mode"": false, ""staff_mode"": false, ""fault_codes"": [], ""speed_limit"": 46, ""engine_hours"": 1591, ""idc_triggers"": [], ""buzzer_active"": false, ""fuel_level_avg"": 0, ""lock_geo_alert"": false, ""operation_mode"": ""RENT"", ""battery_voltage"": 14.800000190734863, ""in_primary_zone"": true, ""lock_engine_alert"": false, ""in_restricted_zone"": false, ""onboard_geofencing"": false, ""speed_limit_active"": false}"
2023-07-17 12:44:08.445,5237,13,"359159972073523",20,"{""key"": false, ""flip"": false, ""zone"": false, ""speed"": 28.9, ""buzzer"": 0, ""engine"": true, ""in_zone"": true, ""ignition"": true, ""latitude"": 42.6436316, ""direction"": 102, ""longitude"": 18.07813, ""gsm_signal"": 31, ""sleep_mode"": false, ""staff_mode"": false, ""fault_codes"": [], ""speed_limit"": 46, ""engine_hours"": 1591, ""idc_triggers"": [], ""buzzer_active"": false, ""fuel_level_avg"": 0, ""lock_geo_alert"": false, ""operation_mode"": ""RENT"", ""battery_voltage"": 14.800000190734863, ""in_primary_zone"": true, ""lock_engine_alert"": false, ""in_restricted_zone"": false, ""onboard_geofencing"": false, ""speed_limit_active"": false}"
2023-07-17 12:44:07.446,5237,13,"359159972073523",20,"{""key"": false, ""flip"": false, ""zone"": false, ""speed"": 29.0, ""buzzer"": 0, ""engine"": true, ""in_zone"": true, ""ignition"": true, ""latitude"": 42.6436483, ""direction"": 102, ""longitude"": 18.0780332, ""gsm_signal"": 31, ""sleep_mode"": false, ""staff_mode"": false, ""fault_codes"": [], ""speed_limit"": 46, ""engine_hours"": 1591, ""idc_triggers"": [], ""buzzer_active"": false, ""fuel_level_avg"": 0, ""lock_geo_alert"": false, ""operation_mode"": ""RENT"", ""battery_voltage"": 14.800000190734863, ""in_primary_zone"": true, ""lock_engine_alert"": false, ""in_restricted_zone"": false, ""onboard_geofencing"": false, ""speed_limit_active"": false}"
2023-07-17 12:44:06.847,5237,13,"359159972073523",20,"{""key"": false, ""flip"": false, ""zone"": false, ""speed"": 28.2, ""buzzer"": 0, ""engine"": true, ""in_zone"": true, ""ignition"": true, ""latitude"": 42.6436633, ""direction"": 101, ""longitude"": 18.0779382, ""gsm_signal"": 19, ""sleep_mode"": false, ""staff_mode"": false, ""fault_codes"": [], ""speed_limit"": 46, ""engine_hours"": 1591, ""idc_triggers"": [], ""buzzer_active"": false, ""fuel_level_avg"": 0, ""lock_geo_alert"": false, ""operation_mode"": ""RENT"", ""battery_voltage"": 14.800000190734863, ""in_primary_zone"": true, ""lock_engine_alert"": false, ""in_restricted_zone"": false, ""onboard_geofencing"": false, ""speed_limit_active"": false}"
2023-07-17 12:44:05.404,5237,13,"359159972073523",20,"{""key"": false, ""flip"": false, ""zone"": false, ""speed"": 27.9, ""buzzer"": 0, ""engine"": true, ""in_zone"": true, ""ignition"": true, ""latitude"": 42.6436783, ""direction"": 101, ""longitude"": 18.077845, ""gsm_signal"": 19, ""sleep_mode"": false, ""staff_mode"": false, ""fault_codes"": [], ""speed_limit"": 46, ""engine_hours"": 1591, ""idc_triggers"": [], ""buzzer_active"": false, ""fuel_level_avg"": 0, ""lock_geo_alert"": false, ""operation_mode"": ""RENT"", ""battery_voltage"": 14.800000190734863, ""in_primary_zone"": true, ""lock_engine_alert"": false, ""in_restricted_zone"": false, ""onboard_geofencing"": false, ""speed_limit_active"": false}"
2023-07-17 12:44:04.412,5237,13,"359159972073523",20,"{""key"": false, ""flip"": false, ""zone"": false, ""speed"": 27.9, ""buzzer"": 0, ""engine"": true, ""in_zone"": true, ""ignition"": true, ""latitude"": 42.6436933, ""direction"": 102, ""longitude"": 18.0777516, ""gsm_signal"": 19, ""sleep_mode"": false, ""staff_mode"": false, ""fault_codes"": [], ""speed_limit"": 46, ""engine_hours"": 1591, ""idc_triggers"": [], ""buzzer_active"": false, ""fuel_level_avg"": 0, ""lock_geo_alert"": false, ""operation_mode"": ""RENT"", ""battery_voltage"": 14.800000190734863, ""in_primary_zone"": true, ""lock_engine_alert"": false, ""in_restricted_zone"": false, ""onboard_geofencing"": false, ""speed_limit_active"": false}"
2023-07-17 12:44:03.425,5237,13,"359159972073523",20,"{""key"": false, ""flip"": false, ""zone"": false, ""speed"": 27.3, ""buzzer"": 0, ""engine"": true, ""in_zone"": true, ""ignition"": true, ""latitude"": 42.6437066, ""direction"": 100, ""longitude"": 18.0776582, ""gsm_signal"": 23, ""sleep_mode"": false, ""staff_mode"": false, ""fault_codes"": [], ""speed_limit"": 46, ""engine_hours"": 1591, ""idc_triggers"": [], ""buzzer_active"": false, ""fuel_level_avg"": 0, ""lock_geo_alert"": false, ""operation_mode"": ""RENT"", ""battery_voltage"": 14.800000190734863, ""in_primary_zone"": true, ""lock_engine_alert"": false, ""in_restricted_zone"": false, ""onboard_geofencing"": false, ""speed_limit_active"": false}"
2023-07-17 12:44:02.634,5237,13,"359159972073523",20,"{""key"": false, ""flip"": false, ""zone"": false, ""speed"": 26.2, ""buzzer"": 0, ""engine"": true, ""in_zone"": true, ""ignition"": true, ""latitude"": 42.6437183, ""direction"": 99, ""longitude"": 18.0775682, ""gsm_signal"": 23, ""sleep_mode"": false, ""staff_mode"": false, ""fault_codes"": [], ""speed_limit"": 46, ""engine_hours"": 1591, ""idc_triggers"": [], ""buzzer_active"": false, ""fuel_level_avg"": 0, ""lock_geo_alert"": false, ""operation_mode"": ""RENT"", ""battery_voltage"": 14.800000190734863, ""in_primary_zone"": true, ""lock_engine_alert"": false, ""in_restricted_zone"": false, ""onboard_geofencing"": false, ""speed_limit_active"": false}"
2023-07-17 12:44:01.414,5237,13,"359159972073523",20,"{""key"": false, ""flip"": false, ""zone"": false, ""speed"": 24.8, ""buzzer"": 0, ""engine"": true, ""in_zone"": true, ""ignition"": true, ""latitude"": 42.6437283, ""direction"": 98, ""longitude"": 18.0774816, ""gsm_signal"": 23, ""sleep_mode"": false, ""staff_mode"": false, ""fault_codes"": [], ""speed_limit"": 46, ""engine_hours"": 1591, ""idc_triggers"": [], ""buzzer_active"": false, ""fuel_level_avg"": 0, ""lock_geo_alert"": false, ""operation_mode"": ""RENT"", ""battery_voltage"": 14.800000190734863, ""in_primary_zone"": true, ""lock_engine_alert"": false, ""in_restricted_zone"": false, ""onboard_geofencing"": false, ""speed_limit_active"": false}"
2023-07-17 12:44:00.418,5237,13,"359159972073523",20,"{""key"": false, ""flip"": false, ""zone"": false, ""speed"": 24.3, ""buzzer"": 0, ""engine"": true, ""in_zone"": true, ""ignition"": true, ""latitude"": 42.6437366, ""direction"": 96, ""longitude"": 18.0773982, ""gsm_signal"": 26, ""sleep_mode"": false, ""staff_mode"": false, ""fault_codes"": [], ""speed_limit"": 46, ""engine_hours"": 1591, ""idc_triggers"": [], ""buzzer_active"": false, ""fuel_level_avg"": 0, ""lock_geo_alert"": false, ""operation_mode"": ""RENT"", ""battery_voltage"": 14.800000190734863, ""in_primary_zone"": true, ""lock_engine_alert"": false, ""in_restricted_zone"": false, ""onboard_geofencing"": false, ""speed_limit_active"": false}"
2023-07-17 12:43:59.518,5237,13,"359159972073523",20,"{""key"": false, ""flip"": false, ""zone"": false, ""speed"": 23.6, ""buzzer"": 0, ""engine"": true, ""in_zone"": true, ""ignition"": true, ""latitude"": 42.6437433, ""direction"": 96, ""longitude"": 18.077315, ""gsm_signal"": 26, ""sleep_mode"": false, ""staff_mode"": false, ""fault_codes"": [], ""speed_limit"": 46, ""engine_hours"": 1591, ""idc_triggers"": [], ""buzzer_active"": false, ""fuel_level_avg"": 0, ""lock_geo_alert"": false, ""operation_mode"": ""RENT"", ""battery_voltage"": 14.800000190734863, ""in_primary_zone"": true, ""lock_engine_alert"": false, ""in_restricted_zone"": false, ""onboard_geofencing"": false, ""speed_limit_active"": false}"
2023-07-17 12:43:58.457,5237,13,"359159972073523",20,"{""key"": false, ""flip"": false, ""zone"": false, ""speed"": 23.2, ""buzzer"": 0, ""engine"": true, ""in_zone"": true, ""ignition"": true, ""latitude"": 42.64375, ""direction"": 94, ""longitude"": 18.0772366, ""gsm_signal"": 26, ""sleep_mode"": false, ""staff_mode"": false, ""fault_codes"": [], ""speed_limit"": 46, ""engine_hours"": 1591, ""idc_triggers"": [], ""buzzer_active"": false, ""fuel_level_avg"": 0, ""lock_geo_alert"": false, ""operation_mode"": ""RENT"", ""battery_voltage"": 14.800000190734863, ""in_primary_zone"": true, ""lock_engine_alert"": false, ""in_restricted_zone"": false, ""onboard_geofencing"": false, ""speed_limit_active"": false}"
2023-07-17 12:43:57.916,5237,13,"359159972073523",20,"{""key"": false, ""flip"": false, ""zone"": false, ""speed"": 21.5, ""buzzer"": 0, ""engine"": true, ""in_zone"": true, ""ignition"": true, ""latitude"": 42.643755, ""direction"": 92, ""longitude"": 18.07716, ""gsm_signal"": 24, ""sleep_mode"": false, ""staff_mode"": false, ""fault_codes"": [], ""speed_limit"": 46, ""engine_hours"": 1591, ""idc_triggers"": [], ""buzzer_active"": false, ""fuel_level_avg"": 0, ""lock_geo_alert"": false, ""operation_mode"": ""RENT"", ""battery_voltage"": 14.800000190734863, ""in_primary_zone"": true, ""lock_engine_alert"": false, ""in_restricted_zone"": false, ""onboard_geofencing"": false, ""speed_limit_active"": false}"
2023-07-17 12:43:56.416,5237,13,"359159972073523",20,"{""key"": false, ""flip"": false, ""zone"": false, ""speed"": 21.0, ""buzzer"": 0, ""engine"": true, ""in_zone"": true, ""ignition"": true, ""latitude"": 42.6437566, ""direction"": 89, ""longitude"": 18.0770866, ""gsm_signal"": 24, ""sleep_mode"": false, ""staff_mode"": false, ""fault_codes"": [], ""speed_limit"": 46, ""engine_hours"": 1591, ""idc_triggers"": [], ""buzzer_active"": false, ""fuel_level_avg"": 0, ""lock_geo_alert"": false, ""operation_mode"": ""RENT"", ""battery_voltage"": 14.800000190734863, ""in_primary_zone"": true, ""lock_engine_alert"": false, ""in_restricted_zone"": false, ""onboard_geofencing"": false, ""speed_limit_active"": false}"
2023-07-17 12:43:55.439,5237,13,"359159972073523",20,"{""key"": false, ""flip"": false, ""zone"": false, ""speed"": 20.6, ""buzzer"": 0, ""engine"": true, ""in_zone"": true, ""ignition"": true, ""latitude"": 42.6437566, ""direction"": 89, ""longitude"": 18.0770166, ""gsm_signal"": 24, ""sleep_mode"": false, ""staff_mode"": false, ""fault_codes"": [], ""speed_limit"": 46, ""engine_hours"": 1591, ""idc_triggers"": [], ""buzzer_active"": false, ""fuel_level_avg"": 0, ""lock_geo_alert"": false, ""operation_mode"": ""RENT"", ""battery_voltage"": 14.800000190734863, ""in_primary_zone"": true, ""lock_engine_alert"": false, ""in_restricted_zone"": false, ""onboard_geofencing"": false, ""speed_limit_active"": false}"
2023-07-17 12:43:54.498,5237,13,"359159972073523",20,"{""key"": false, ""flip"": false, ""zone"": false, ""speed"": 19.8, ""buzzer"": 0, ""engine"": true, ""in_zone"": true, ""ignition"": true, ""latitude"": 42.6437566, ""direction"": 86, ""longitude"": 18.0769466, ""gsm_signal"": 23, ""sleep_mode"": false, ""staff_mode"": false, ""fault_codes"": [], ""speed_limit"": 46, ""engine_hours"": 1591, ""idc_triggers"": [], ""buzzer_active"": false, ""fuel_level_avg"": 0, ""lock_geo_alert"": false, ""operation_mode"": ""RENT"", ""battery_voltage"": 14.800000190734863, ""in_primary_zone"": true, ""lock_engine_alert"": false, ""in_restricted_zone"": false, ""onboard_geofencing"": false, ""speed_limit_active"": false}"
2023-07-17 12:43:53.914,5237,13,"359159972073523",20,"{""key"": false, ""flip"": false, ""zone"": false, ""speed"": 19.3, ""buzzer"": 0, ""engine"": true, ""in_zone"": true, ""ignition"": true, ""latitude"": 42.6437533, ""direction"": 87, ""longitude"": 18.0768816, ""gsm_signal"": 23, ""sleep_mode"": false, ""staff_mode"": false, ""fault_codes"": [], ""speed_limit"": 46, ""engine_hours"": 1591, ""idc_triggers"": [], ""buzzer_active"": false, ""fuel_level_avg"": 0, ""lock_geo_alert"": false, ""operation_mode"": ""RENT"", ""battery_voltage"": 14.800000190734863, ""in_primary_zone"": true, ""lock_engine_alert"": false, ""in_restricted_zone"": false, ""onboard_geofencing"": false, ""speed_limit_active"": false}"
2023-07-17 12:43:52.417,5237,13,"359159972073523",20,"{""key"": false, ""flip"": false, ""zone"": false, ""speed"": 17.8, ""buzzer"": 0, ""engine"": true, ""in_zone"": true, ""ignition"": true, ""latitude"": 42.64375, ""direction"": 85, ""longitude"": 18.0768166, ""gsm_signal"": 23, ""sleep_mode"": false, ""staff_mode"": false, ""fault_codes"": [], ""speed_limit"": 46, ""engine_hours"": 1591, ""idc_triggers"": [], ""buzzer_active"": false, ""fuel_level_avg"": 0, ""lock_geo_alert"": false, ""operation_mode"": ""RENT"", ""battery_voltage"": 14.800000190734863, ""in_primary_zone"": true, ""lock_engine_alert"": false, ""in_restricted_zone"": false, ""onboard_geofencing"": false, ""speed_limit_active"": false}"
2023-07-17 12:43:51.418,5237,13,"359159972073523",20,"{""key"": false, ""flip"": false, ""zone"": false, ""speed"": 17.3, ""buzzer"": 0, ""engine"": true, ""in_zone"": true, ""ignition"": true, ""latitude"": 42.6437483, ""direction"": 86, ""longitude"": 18.0767582, ""gsm_signal"": 23, ""sleep_mode"": false, ""staff_mode"": false, ""fault_codes"": [], ""speed_limit"": 46, ""engine_hours"": 1591, ""idc_triggers"": [], ""buzzer_active"": false, ""fuel_level_avg"": 0, ""lock_geo_alert"": false, ""operation_mode"": ""RENT"", ""battery_voltage"": 14.800000190734863, ""in_primary_zone"": true, ""lock_engine_alert"": false, ""in_restricted_zone"": false, ""onboard_geofencing"": false, ""speed_limit_active"": false}"
2023-07-17 12:43:50.444,5237,13,"359159972073523",20,"{""key"": false, ""flip"": false, ""zone"": false, ""speed"": 16.3, ""buzzer"": 0, ""engine"": true, ""in_zone"": true, ""ignition"": true, ""latitude"": 42.643745, ""direction"": 88, ""longitude"": 18.0767, ""gsm_signal"": 23, ""sleep_mode"": false, ""staff_mode"": false, ""fault_codes"": [], ""speed_limit"": 46, ""engine_hours"": 1591, ""idc_triggers"": [], ""buzzer_active"": false, ""fuel_level_avg"": 0, ""lock_geo_alert"": false, ""operation_mode"": ""RENT"", ""battery_voltage"": 14.800000190734863, ""in_primary_zone"": true, ""lock_engine_alert"": false, ""in_restricted_zone"": false, ""onboard_geofencing"": false, ""speed_limit_active"": false}"
2023-07-17 12:43:49.455,5237,13,"359159972073523",20,"{""key"": false, ""flip"": false, ""zone"": false, ""speed"": 16.1, ""buzzer"": 0, ""engine"": true, ""in_zone"": true, ""ignition"": true, ""latitude"": 42.643745, ""direction"": 91, ""longitude"": 18.0766466, ""gsm_signal"": 23, ""sleep_mode"": false, ""staff_mode"": false, ""fault_codes"": [], ""speed_limit"": 46, ""engine_hours"": 1591, ""idc_triggers"": [], ""buzzer_active"": false, ""fuel_level_avg"": 0, ""lock_geo_alert"": false, ""operation_mode"": ""RENT"", ""battery_voltage"": 14.800000190734863, ""in_primary_zone"": true, ""lock_engine_alert"": false, ""in_restricted_zone"": false, ""onboard_geofencing"": false, ""speed_limit_active"": false}"
2023-07-17 12:43:48.916,5237,13,"359159972073523",20,"{""key"": false, ""flip"": false, ""zone"": false, ""speed"": 15.7, ""buzzer"": 0, ""engine"": true, ""in_zone"": true, ""ignition"": true, ""latitude"": 42.643745, ""direction"": 92, ""longitude"": 18.0765916, ""gsm_signal"": 23, ""sleep_mode"": false, ""staff_mode"": false, ""fault_codes"": [], ""speed_limit"": 46, ""engine_hours"": 1591, ""idc_triggers"": [], ""buzzer_active"": false, ""fuel_level_avg"": 0, ""lock_geo_alert"": false, ""operation_mode"": ""RENT"", ""battery_voltage"": 14.800000190734863, ""in_primary_zone"": true, ""lock_engine_alert"": false, ""in_restricted_zone"": false, ""onboard_geofencing"": false, ""speed_limit_active"": false}"
2023-07-17 12:43:47.415,5237,13,"359159972073523",20,"{""key"": false, ""flip"": false, ""zone"": false, ""speed"": 15.5, ""buzzer"": 0, ""engine"": true, ""in_zone"": true, ""ignition"": true, ""latitude"": 42.6437466, ""direction"": 92, ""longitude"": 18.07654, ""gsm_signal"": 23, ""sleep_mode"": false, ""staff_mode"": false, ""fault_codes"": [], ""speed_limit"": 46, ""engine_hours"": 1591, ""idc_triggers"": [], ""buzzer_active"": false, ""fuel_level_avg"": 0, ""lock_geo_alert"": false, ""operation_mode"": ""RENT"", ""battery_voltage"": 14.800000190734863, ""in_primary_zone"": true, ""lock_engine_alert"": false, ""in_restricted_zone"": false, ""onboard_geofencing"": false, ""speed_limit_active"": false}"
2023-07-17 12:43:46.442,5237,13,"359159972073523",20,"{""key"": false, ""flip"": false, ""zone"": false, ""speed"": 16.6, ""buzzer"": 0, ""engine"": true, ""in_zone"": true, ""ignition"": true, ""latitude"": 42.6437483, ""direction"": 93, ""longitude"": 18.076485, ""gsm_signal"": 23, ""sleep_mode"": false, ""staff_mode"": false, ""fault_codes"": [], ""speed_limit"": 46, ""engine_hours"": 1591, ""idc_triggers"": [], ""buzzer_active"": false, ""fuel_level_avg"": 0, ""lock_geo_alert"": false, ""operation_mode"": ""RENT"", ""battery_voltage"": 14.800000190734863, ""in_primary_zone"": true, ""lock_engine_alert"": false, ""in_restricted_zone"": false, ""onboard_geofencing"": false, ""speed_limit_active"": false}"
2023-07-17 12:43:45.455,5237,13,"359159972073523",20,"{""key"": false, ""flip"": false, ""zone"": false, ""speed"": 16.4, ""buzzer"": 0, ""engine"": true, ""in_zone"": true, ""ignition"": true, ""latitude"": 42.6437516, ""direction"": 91, ""longitude"": 18.07643, ""gsm_signal"": 25, ""sleep_mode"": false, ""staff_mode"": false, ""fault_codes"": [], ""speed_limit"": 46, ""engine_hours"": 1591, ""idc_triggers"": [], ""buzzer_active"": false, ""fuel_level_avg"": 0, ""lock_geo_alert"": false, ""operation_mode"": ""RENT"", ""battery_voltage"": 14.800000190734863, ""in_primary_zone"": true, ""lock_engine_alert"": false, ""in_restricted_zone"": false, ""onboard_geofencing"": false, ""speed_limit_active"": false}"
2023-07-17 12:43:44.913,5237,13,"359159972073523",20,"{""key"": false, ""flip"": false, ""zone"": false, ""speed"": 16.2, ""buzzer"": 0, ""engine"": true, ""in_zone"": true, ""ignition"": true, ""latitude"": 42.6437533, ""direction"": 91, ""longitude"": 18.076375, ""gsm_signal"": 25, ""sleep_mode"": false, ""staff_mode"": false, ""fault_codes"": [], ""speed_limit"": 46, ""engine_hours"": 1591, ""idc_triggers"": [], ""buzzer_active"": false, ""fuel_level_avg"": 0, ""lock_geo_alert"": false, ""operation_mode"": ""RENT"", ""battery_voltage"": 14.800000190734863, ""in_primary_zone"": true, ""lock_engine_alert"": false, ""in_restricted_zone"": false, ""onboard_geofencing"": false, ""speed_limit_active"": false}"
2023-07-17 12:43:43.414,5237,13,"359159972073523",20,"{""key"": false, ""flip"": false, ""zone"": false, ""speed"": 15.4, ""buzzer"": 0, ""engine"": true, ""in_zone"": true, ""ignition"": true, ""latitude"": 42.6437533, ""direction"": 91, ""longitude"": 18.0763216, ""gsm_signal"": 25, ""sleep_mode"": false, ""staff_mode"": false, ""fault_codes"": [], ""speed_limit"": 46, ""engine_hours"": 1591, ""idc_triggers"": [], ""buzzer_active"": false, ""fuel_level_avg"": 0, ""lock_geo_alert"": false, ""operation_mode"": ""RENT"", ""battery_voltage"": 14.800000190734863, ""in_primary_zone"": true, ""lock_engine_alert"": false, ""in_restricted_zone"": false, ""onboard_geofencing"": false, ""speed_limit_active"": false}"
2023-07-17 12:43:42.418,5237,13,"359159972073523",20,"{""key"": false, ""flip"": false, ""zone"": false, ""speed"": 14.4, ""buzzer"": 0, ""engine"": true, ""in_zone"": true, ""ignition"": true, ""latitude"": 42.643755, ""direction"": 88, ""longitude"": 18.07627, ""gsm_signal"": 27, ""sleep_mode"": false, ""staff_mode"": false, ""fault_codes"": [], ""speed_limit"": 46, ""engine_hours"": 1591, ""idc_triggers"": [], ""buzzer_active"": false, ""fuel_level_avg"": 0, ""lock_geo_alert"": false, ""operation_mode"": ""RENT"", ""battery_voltage"": 14.800000190734863, ""in_primary_zone"": true, ""lock_engine_alert"": false, ""in_restricted_zone"": false, ""onboard_geofencing"": false, ""speed_limit_active"": false}"
2023-07-17 12:43:41.456,5237,13,"359159972073523",20,"{""key"": false, ""flip"": false, ""zone"": false, ""speed"": 14.4, ""buzzer"": 0, ""engine"": true, ""in_zone"": true, ""ignition"": true, ""latitude"": 42.6437533, ""direction"": 88, ""longitude"": 18.0762216, ""gsm_signal"": 27, ""sleep_mode"": false, ""staff_mode"": false, ""fault_codes"": [], ""speed_limit"": 46, ""engine_hours"": 1591, ""idc_triggers"": [], ""buzzer_active"": false, ""fuel_level_avg"": 0, ""lock_geo_alert"": false, ""operation_mode"": ""RENT"", ""battery_voltage"": 14.800000190734863, ""in_primary_zone"": true, ""lock_engine_alert"": false, ""in_restricted_zone"": false, ""onboard_geofencing"": false, ""speed_limit_active"": false}"
2023-07-17 12:43:40.497,5237,13,"359159972073523",20,"{""key"": false, ""flip"": false, ""zone"": false, ""speed"": 14.3, ""buzzer"": 0, ""engine"": true, ""in_zone"": true, ""ignition"": true, ""latitude"": 42.6437533, ""direction"": 85, ""longitude"": 18.0761732, ""gsm_signal"": 27, ""sleep_mode"": false, ""staff_mode"": false, ""fault_codes"": [], ""speed_limit"": 46, ""engine_hours"": 1591, ""idc_triggers"": [], ""buzzer_active"": false, ""fuel_level_avg"": 0, ""lock_geo_alert"": false, ""operation_mode"": ""RENT"", ""battery_voltage"": 14.800000190734863, ""in_primary_zone"": true, ""lock_engine_alert"": false, ""in_restricted_zone"": false, ""onboard_geofencing"": false, ""speed_limit_active"": false}"
2023-07-17 12:43:39.919,5237,13,"359159972073523",20,"{""key"": false, ""flip"": false, ""zone"": false, ""speed"": 14.5, ""buzzer"": 0, ""engine"": true, ""in_zone"": true, ""ignition"": true, ""latitude"": 42.64375, ""direction"": 88, ""longitude"": 18.076125, ""gsm_signal"": 27, ""sleep_mode"": false, ""staff_mode"": false, ""fault_codes"": [], ""speed_limit"": 46, ""engine_hours"": 1591, ""idc_triggers"": [], ""buzzer_active"": false, ""fuel_level_avg"": 0, ""lock_geo_alert"": false, ""operation_mode"": ""RENT"", ""battery_voltage"": 14.800000190734863, ""in_primary_zone"": true, ""lock_engine_alert"": false, ""in_restricted_zone"": false, ""onboard_geofencing"": false, ""speed_limit_active"": false}"
2023-07-17 12:43:38.415,5237,13,"359159972073523",20,"{""key"": false, ""flip"": false, ""zone"": false, ""speed"": 14.3, ""buzzer"": 0, ""engine"": true, ""in_zone"": true, ""ignition"": true, ""latitude"": 42.64375, ""direction"": 88, ""longitude"": 18.076075, ""gsm_signal"": 27, ""sleep_mode"": false, ""staff_mode"": false, ""fault_codes"": [], ""speed_limit"": 46, ""engine_hours"": 1591, ""idc_triggers"": [], ""buzzer_active"": false, ""fuel_level_avg"": 0, ""lock_geo_alert"": false, ""operation_mode"": ""RENT"", ""battery_voltage"": 14.800000190734863, ""in_primary_zone"": true, ""lock_engine_alert"": false, ""in_restricted_zone"": false, ""onboard_geofencing"": false, ""speed_limit_active"": false}"
2023-07-17 12:43:37.439,5237,13,"359159972073523",20,"{""key"": false, ""flip"": false, ""zone"": false, ""speed"": 14.8, ""buzzer"": 0, ""engine"": true, ""in_zone"": true, ""ignition"": true, ""latitude"": 42.6437483, ""direction"": 89, ""longitude"": 18.0760266, ""gsm_signal"": 27, ""sleep_mode"": false, ""staff_mode"": false, ""fault_codes"": [], ""speed_limit"": 46, ""engine_hours"": 1591, ""idc_triggers"": [], ""buzzer_active"": false, ""fuel_level_avg"": 0, ""lock_geo_alert"": false, ""operation_mode"": ""RENT"", ""battery_voltage"": 14.800000190734863, ""in_primary_zone"": true, ""lock_engine_alert"": false, ""in_restricted_zone"": false, ""onboard_geofencing"": false, ""speed_limit_active"": false}"
2023-07-17 12:43:36.418,5237,13,"359159972073523",20,"{""key"": false, ""flip"": false, ""zone"": false, ""speed"": 13.7, ""buzzer"": 0, ""engine"": true, ""in_zone"": true, ""ignition"": true, ""latitude"": 42.6437483, ""direction"": 89, ""longitude"": 18.0759782, ""gsm_signal"": 27, ""sleep_mode"": false, ""staff_mode"": false, ""fault_codes"": [], ""speed_limit"": 46, ""engine_hours"": 1591, ""idc_triggers"": [], ""buzzer_active"": false, ""fuel_level_avg"": 27, ""lock_geo_alert"": false, ""operation_mode"": ""RENT"", ""battery_voltage"": 12.0, ""in_primary_zone"": true, ""lock_engine_alert"": false, ""in_restricted_zone"": false, ""onboard_geofencing"": false, ""speed_limit_active"": false}"
2023-07-17 12:43:35.437,5237,13,"359159972073523",20,"{""key"": false, ""flip"": false, ""zone"": false, ""speed"": 14.2, ""buzzer"": 0, ""engine"": true, ""in_zone"": true, ""ignition"": true, ""latitude"": 42.6437483, ""direction"": 88, ""longitude"": 18.0759316, ""gsm_signal"": 27, ""sleep_mode"": false, ""staff_mode"": false, ""fault_codes"": [], ""speed_limit"": 46, ""engine_hours"": 1591, ""idc_triggers"": [], ""buzzer_active"": false, ""fuel_level_avg"": 27, ""lock_geo_alert"": false, ""operation_mode"": ""RENT"", ""battery_voltage"": 12.0, ""in_primary_zone"": true, ""lock_engine_alert"": false, ""in_restricted_zone"": false, ""onboard_geofencing"": false, ""speed_limit_active"": false}"
2023-07-17 12:43:34.521,5237,13,"359159972073523",20,"{""key"": false, ""flip"": false, ""zone"": false, ""speed"": 14.6, ""buzzer"": 0, ""engine"": true, ""in_zone"": true, ""ignition"": true, ""latitude"": 42.6437483, ""direction"": 91, ""longitude"": 18.0758832, ""gsm_signal"": 27, ""sleep_mode"": false, ""staff_mode"": false, ""fault_codes"": [], ""speed_limit"": 46, ""engine_hours"": 1591, ""idc_triggers"": [], ""buzzer_active"": false, ""fuel_level_avg"": 27, ""lock_geo_alert"": false, ""operation_mode"": ""RENT"", ""battery_voltage"": 12.0, ""in_primary_zone"": true, ""lock_engine_alert"": false, ""in_restricted_zone"": false, ""onboard_geofencing"": false, ""speed_limit_active"": false}"
2023-07-17 12:43:33.916,5237,13,"359159972073523",20,"{""key"": false, ""flip"": false, ""zone"": false, ""speed"": 15.0, ""buzzer"": 0, ""engine"": true, ""in_zone"": true, ""ignition"": true, ""latitude"": 42.64375, ""direction"": 93, ""longitude"": 18.0758332, ""gsm_signal"": 27, ""sleep_mode"": false, ""staff_mode"": false, ""fault_codes"": [], ""speed_limit"": 46, ""engine_hours"": 1591, ""idc_triggers"": [], ""buzzer_active"": false, ""fuel_level_avg"": 27, ""lock_geo_alert"": false, ""operation_mode"": ""RENT"", ""battery_voltage"": 12.0, ""in_primary_zone"": true, ""lock_engine_alert"": false, ""in_restricted_zone"": false, ""onboard_geofencing"": false, ""speed_limit_active"": false}"
2023-07-17 12:43:32.416,5237,13,"359159972073523",20,"{""key"": false, ""flip"": false, ""zone"": false, ""speed"": 17.2, ""buzzer"": 0, ""engine"": true, ""in_zone"": true, ""ignition"": true, ""latitude"": 42.6437533, ""direction"": 96, ""longitude"": 18.07578, ""gsm_signal"": 27, ""sleep_mode"": false, ""staff_mode"": false, ""fault_codes"": [], ""speed_limit"": 46, ""engine_hours"": 1591, ""idc_triggers"": [], ""buzzer_active"": false, ""fuel_level_avg"": 27, ""lock_geo_alert"": false, ""operation_mode"": ""RENT"", ""battery_voltage"": 12.0, ""in_primary_zone"": true, ""lock_engine_alert"": false, ""in_restricted_zone"": false, ""onboard_geofencing"": false, ""speed_limit_active"": false}"
2023-07-17 12:43:31.439,5237,13,"359159972073523",20,"{""key"": false, ""flip"": false, ""zone"": false, ""speed"": 17.7, ""buzzer"": 0, ""engine"": true, ""in_zone"": true, ""ignition"": true, ""latitude"": 42.6437583, ""direction"": 100, ""longitude"": 18.0757216, ""gsm_signal"": 27, ""sleep_mode"": false, ""staff_mode"": false, ""fault_codes"": [], ""speed_limit"": 46, ""engine_hours"": 1591, ""idc_triggers"": [], ""buzzer_active"": false, ""fuel_level_avg"": 27, ""lock_geo_alert"": false, ""operation_mode"": ""RENT"", ""battery_voltage"": 12.0, ""in_primary_zone"": true, ""lock_engine_alert"": false, ""in_restricted_zone"": false, ""onboard_geofencing"": false, ""speed_limit_active"": false}"
2023-07-17 12:43:30.497,5237,13,"359159972073523",20,"{""key"": false, ""flip"": false, ""zone"": false, ""speed"": 17.9, ""buzzer"": 0, ""engine"": true, ""in_zone"": true, ""ignition"": true, ""latitude"": 42.6437666, ""direction"": 101, ""longitude"": 18.0756632, ""gsm_signal"": 27, ""sleep_mode"": false, ""staff_mode"": false, ""fault_codes"": [], ""speed_limit"": 46, ""engine_hours"": 1591, ""idc_triggers"": [], ""buzzer_active"": false, ""fuel_level_avg"": 27, ""lock_geo_alert"": false, ""operation_mode"": ""RENT"", ""battery_voltage"": 12.0, ""in_primary_zone"": true, ""lock_engine_alert"": false, ""in_restricted_zone"": false, ""onboard_geofencing"": false, ""speed_limit_active"": false}"
2023-07-17 12:43:29.914,5237,13,"359159972073523",20,"{""key"": false, ""flip"": false, ""zone"": false, ""speed"": 19.1, ""buzzer"": 0, ""engine"": true, ""in_zone"": true, ""ignition"": true, ""latitude"": 42.6437766, ""direction"": 102, ""longitude"": 18.0756032, ""gsm_signal"": 27, ""sleep_mode"": false, ""staff_mode"": false, ""fault_codes"": [], ""speed_limit"": 46, ""engine_hours"": 1591, ""idc_triggers"": [], ""buzzer_active"": false, ""fuel_level_avg"": 27, ""lock_geo_alert"": false, ""operation_mode"": ""RENT"", ""battery_voltage"": 12.0, ""in_primary_zone"": true, ""lock_engine_alert"": false, ""in_restricted_zone"": false, ""onboard_geofencing"": false, ""speed_limit_active"": false}"
2023-07-17 12:43:28.414,5237,13,"359159972073523",20,"{""key"": false, ""flip"": false, ""zone"": false, ""speed"": 18.5, ""buzzer"": 0, ""engine"": true, ""in_zone"": true, ""ignition"": true, ""latitude"": 42.6437866, ""direction"": 102, ""longitude"": 18.0755416, ""gsm_signal"": 27, ""sleep_mode"": false, ""staff_mode"": false, ""fault_codes"": [], ""speed_limit"": 46, ""engine_hours"": 1591, ""idc_triggers"": [], ""buzzer_active"": false, ""fuel_level_avg"": 27, ""lock_geo_alert"": false, ""operation_mode"": ""RENT"", ""battery_voltage"": 12.0, ""in_primary_zone"": true, ""lock_engine_alert"": false, ""in_restricted_zone"": false, ""onboard_geofencing"": false, ""speed_limit_active"": false}"
2023-07-17 12:43:27.417,5237,13,"359159972073523",20,"{""key"": false, ""flip"": false, ""zone"": false, ""speed"": 18.4, ""buzzer"": 0, ""engine"": true, ""in_zone"": true, ""ignition"": true, ""latitude"": 42.6437966, ""direction"": 103, ""longitude"": 18.07548, ""gsm_signal"": 25, ""sleep_mode"": false, ""staff_mode"": false, ""fault_codes"": [], ""speed_limit"": 46, ""engine_hours"": 1591, ""idc_triggers"": [], ""buzzer_active"": false, ""fuel_level_avg"": 27, ""lock_geo_alert"": false, ""operation_mode"": ""RENT"", ""battery_voltage"": 12.0, ""in_primary_zone"": true, ""lock_engine_alert"": false, ""in_restricted_zone"": false, ""onboard_geofencing"": false, ""speed_limit_active"": false}"
2023-07-17 12:43:26.435,5237,13,"359159972073523",20,"{""key"": false, ""flip"": false, ""zone"": false, ""speed"": 18.5, ""buzzer"": 0, ""engine"": true, ""in_zone"": true, ""ignition"": true, ""latitude"": 42.6438083, ""direction"": 103, ""longitude"": 18.07542, ""gsm_signal"": 25, ""sleep_mode"": false, ""staff_mode"": false, ""fault_codes"": [], ""speed_limit"": 46, ""engine_hours"": 1591, ""idc_triggers"": [], ""buzzer_active"": false, ""fuel_level_avg"": 27, ""lock_geo_alert"": false, ""operation_mode"": ""RENT"", ""battery_voltage"": 12.0, ""in_primary_zone"": true, ""lock_engine_alert"": false, ""in_restricted_zone"": false, ""onboard_geofencing"": false, ""speed_limit_active"": false}"
2023-07-17 12:43:25.503,5237,13,"359159972073523",20,"{""key"": false, ""flip"": false, ""zone"": false, ""speed"": 17.7, ""buzzer"": 0, ""engine"": true, ""in_zone"": true, ""ignition"": true, ""latitude"": 42.64382, ""direction"": 103, ""longitude"": 18.07536, ""gsm_signal"": 25, ""sleep_mode"": false, ""staff_mode"": false, ""fault_codes"": [], ""speed_limit"": 46, ""engine_hours"": 1591, ""idc_triggers"": [], ""buzzer_active"": false, ""fuel_level_avg"": 27, ""lock_geo_alert"": false, ""operation_mode"": ""RENT"", ""battery_voltage"": 12.0, ""in_primary_zone"": true, ""lock_engine_alert"": false, ""in_restricted_zone"": false, ""onboard_geofencing"": false, ""speed_limit_active"": false}"
2023-07-17 12:43:24.916,5237,13,"359159972073523",20,"{""key"": false, ""flip"": false, ""zone"": false, ""speed"": 17.7, ""buzzer"": 0, ""engine"": true, ""in_zone"": true, ""ignition"": true, ""latitude"": 42.64383, ""direction"": 103, ""longitude"": 18.0753032, ""gsm_signal"": 27, ""sleep_mode"": false, ""staff_mode"": false, ""fault_codes"": [], ""speed_limit"": 46, ""engine_hours"": 1591, ""idc_triggers"": [], ""buzzer_active"": false, ""fuel_level_avg"": 27, ""lock_geo_alert"": false, ""operation_mode"": ""RENT"", ""battery_voltage"": 12.0, ""in_primary_zone"": true, ""lock_engine_alert"": false, ""in_restricted_zone"": false, ""onboard_geofencing"": false, ""speed_limit_active"": false}"
2023-07-17 12:43:23.415,5237,13,"359159972073523",20,"{""key"": false, ""flip"": false, ""zone"": false, ""speed"": 17.0, ""buzzer"": 0, ""engine"": true, ""in_zone"": true, ""ignition"": true, ""latitude"": 42.64384, ""direction"": 101, ""longitude"": 18.075245, ""gsm_signal"": 27, ""sleep_mode"": false, ""staff_mode"": false, ""fault_codes"": [], ""speed_limit"": 46, ""engine_hours"": 1591, ""idc_triggers"": [], ""buzzer_active"": false, ""fuel_level_avg"": 27, ""lock_geo_alert"": false, ""operation_mode"": ""RENT"", ""battery_voltage"": 12.0, ""in_primary_zone"": true, ""lock_engine_alert"": false, ""in_restricted_zone"": false, ""onboard_geofencing"": false, ""speed_limit_active"": false}"
2023-07-17 12:43:22.416,5237,13,"359159972073523",20,"{""key"": false, ""flip"": false, ""zone"": false, ""speed"": 15.6, ""buzzer"": 0, ""engine"": true, ""in_zone"": true, ""ignition"": true, ""latitude"": 42.6438483, ""direction"": 99, ""longitude"": 18.07519, ""gsm_signal"": 27, ""sleep_mode"": false, ""staff_mode"": false, ""fault_codes"": [], ""speed_limit"": 46, ""engine_hours"": 1591, ""idc_triggers"": [], ""buzzer_active"": false, ""fuel_level_avg"": 27, ""lock_geo_alert"": false, ""operation_mode"": ""RENT"", ""battery_voltage"": 12.0, ""in_primary_zone"": true, ""lock_engine_alert"": false, ""in_restricted_zone"": false, ""onboard_geofencing"": false, ""speed_limit_active"": false}"
2023-07-17 12:43:21.435,5237,13,"359159972073523",20,"{""key"": false, ""flip"": false, ""zone"": false, ""speed"": 14.9, ""buzzer"": 0, ""engine"": true, ""in_zone"": true, ""ignition"": true, ""latitude"": 42.6438533, ""direction"": 100, ""longitude"": 18.0751382, ""gsm_signal"": 27, ""sleep_mode"": false, ""staff_mode"": false, ""fault_codes"": [], ""speed_limit"": 46, ""engine_hours"": 1591, ""idc_triggers"": [], ""buzzer_active"": false, ""fuel_level_avg"": 27, ""lock_geo_alert"": false, ""operation_mode"": ""RENT"", ""battery_voltage"": 12.0, ""in_primary_zone"": true, ""lock_engine_alert"": false, ""in_restricted_zone"": false, ""onboard_geofencing"": false, ""speed_limit_active"": false}"
2023-07-17 12:43:20.537,5237,13,"359159972073523",20,"{""key"": false, ""flip"": false, ""zone"": false, ""speed"": 13.9, ""buzzer"": 0, ""engine"": true, ""in_zone"": true, ""ignition"": true, ""latitude"": 42.6438616, ""direction"": 102, ""longitude"": 18.07509, ""gsm_signal"": 27, ""sleep_mode"": false, ""staff_mode"": false, ""fault_codes"": [], ""speed_limit"": 46, ""engine_hours"": 1591, ""idc_triggers"": [], ""buzzer_active"": false, ""fuel_level_avg"": 27, ""lock_geo_alert"": false, ""operation_mode"": ""RENT"", ""battery_voltage"": 12.0, ""in_primary_zone"": true, ""lock_engine_alert"": false, ""in_restricted_zone"": false, ""onboard_geofencing"": false, ""speed_limit_active"": false}"
2023-07-17 12:43:19.978,5237,13,"359159972073523",20,"{""key"": false, ""flip"": false, ""zone"": false, ""speed"": 14.2, ""buzzer"": 0, ""engine"": true, ""in_zone"": true, ""ignition"": true, ""latitude"": 42.6438683, ""direction"": 104, ""longitude"": 18.075045, ""gsm_signal"": 27, ""sleep_mode"": false, ""staff_mode"": false, ""fault_codes"": [], ""speed_limit"": 46, ""engine_hours"": 1591, ""idc_triggers"": [], ""buzzer_active"": false, ""fuel_level_avg"": 27, ""lock_geo_alert"": false, ""operation_mode"": ""RENT"", ""battery_voltage"": 12.0, ""in_primary_zone"": true, ""lock_engine_alert"": false, ""in_restricted_zone"": false, ""onboard_geofencing"": false, ""speed_limit_active"": false}"
2023-07-17 12:43:18.418,5237,13,"359159972073523",20,"{""key"": false, ""flip"": false, ""zone"": false, ""speed"": 13.2, ""buzzer"": 0, ""engine"": true, ""in_zone"": true, ""ignition"": true, ""latitude"": 42.6438783, ""direction"": 104, ""longitude"": 18.0749982, ""gsm_signal"": 24, ""sleep_mode"": false, ""staff_mode"": false, ""fault_codes"": [], ""speed_limit"": 46, ""engine_hours"": 1591, ""idc_triggers"": [], ""buzzer_active"": false, ""fuel_level_avg"": 27, ""lock_geo_alert"": false, ""operation_mode"": ""RENT"", ""battery_voltage"": 12.0, ""in_primary_zone"": true, ""lock_engine_alert"": false, ""in_restricted_zone"": false, ""onboard_geofencing"": false, ""speed_limit_active"": false}"
2023-07-17 12:43:17.517,5237,13,"359159972073523",20,"{""key"": false, ""flip"": false, ""zone"": false, ""speed"": 13.5, ""buzzer"": 0, ""engine"": true, ""in_zone"": true, ""ignition"": true, ""latitude"": 42.6438866, ""direction"": 102, ""longitude"": 18.074955, ""gsm_signal"": 24, ""sleep_mode"": false, ""staff_mode"": false, ""fault_codes"": [], ""speed_limit"": 46, ""engine_hours"": 1591, ""idc_triggers"": [], ""buzzer_active"": false, ""fuel_level_avg"": 27, ""lock_geo_alert"": false, ""operation_mode"": ""RENT"", ""battery_voltage"": 12.0, ""in_primary_zone"": true, ""lock_engine_alert"": false, ""in_restricted_zone"": false, ""onboard_geofencing"": false, ""speed_limit_active"": false}"
2023-07-17 12:43:16.455,5237,13,"359159972073523",20,"{""key"": false, ""flip"": false, ""zone"": false, ""speed"": 11.6, ""buzzer"": 0, ""engine"": true, ""in_zone"": true, ""ignition"": true, ""latitude"": 42.6438933, ""direction"": 100, ""longitude"": 18.0749132, ""gsm_signal"": 24, ""sleep_mode"": false, ""staff_mode"": false, ""fault_codes"": [], ""speed_limit"": 46, ""engine_hours"": 1591, ""idc_triggers"": [], ""buzzer_active"": false, ""fuel_level_avg"": 27, ""lock_geo_alert"": false, ""operation_mode"": ""RENT"", ""battery_voltage"": 12.0, ""in_primary_zone"": true, ""lock_engine_alert"": false, ""in_restricted_zone"": false, ""onboard_geofencing"": false, ""speed_limit_active"": false}"
2023-07-17 12:43:15.915,5237,13,"359159972073523",20,"{""key"": false, ""flip"": false, ""zone"": false, ""speed"": 9.6, ""buzzer"": 0, ""engine"": true, ""in_zone"": true, ""ignition"": true, ""latitude"": 42.643898300000004, ""direction"": 101, ""longitude"": 18.0748766, ""gsm_signal"": 26, ""sleep_mode"": false, ""staff_mode"": false, ""fault_codes"": [], ""speed_limit"": 46, ""engine_hours"": 1591, ""idc_triggers"": [], ""buzzer_active"": false, ""fuel_level_avg"": 27, ""lock_geo_alert"": false, ""operation_mode"": ""RENT"", ""battery_voltage"": 12.0, ""in_primary_zone"": true, ""lock_engine_alert"": false, ""in_restricted_zone"": false, ""onboard_geofencing"": false, ""speed_limit_active"": false}"
2023-07-17 12:43:14.416,5237,13,"359159972073523",20,"{""key"": false, ""flip"": false, ""zone"": false, ""speed"": 10.1, ""buzzer"": 0, ""engine"": true, ""in_zone"": true, ""ignition"": true, ""latitude"": 42.6439033, ""direction"": 102, ""longitude"": 18.0748432, ""gsm_signal"": 26, ""sleep_mode"": false, ""staff_mode"": false, ""fault_codes"": [], ""speed_limit"": 46, ""engine_hours"": 1591, ""idc_triggers"": [], ""buzzer_active"": false, ""fuel_level_avg"": 27, ""lock_geo_alert"": false, ""operation_mode"": ""RENT"", ""battery_voltage"": 12.0, ""in_primary_zone"": true, ""lock_engine_alert"": false, ""in_restricted_zone"": false, ""onboard_geofencing"": false, ""speed_limit_active"": false}"
2023-07-17 12:43:13.438,5237,13,"359159972073523",20,"{""key"": false, ""flip"": false, ""zone"": false, ""speed"": 10.3, ""buzzer"": 0, ""engine"": true, ""in_zone"": true, ""ignition"": true, ""latitude"": 42.6439083, ""direction"": 104, ""longitude"": 18.07481, ""gsm_signal"": 26, ""sleep_mode"": false, ""staff_mode"": false, ""fault_codes"": [], ""speed_limit"": 46, ""engine_hours"": 1591, ""idc_triggers"": [], ""buzzer_active"": false, ""fuel_level_avg"": 27, ""lock_geo_alert"": false, ""operation_mode"": ""RENT"", ""battery_voltage"": 12.0, ""in_primary_zone"": true, ""lock_engine_alert"": false, ""in_restricted_zone"": false, ""onboard_geofencing"": false, ""speed_limit_active"": false}"
2023-07-17 12:43:12.495,5237,13,"359159972073523",20,"{""key"": false, ""flip"": false, ""zone"": false, ""speed"": 10.4, ""buzzer"": 0, ""engine"": true, ""in_zone"": true, ""ignition"": true, ""latitude"": 42.643915, ""direction"": 105, ""longitude"": 18.0747766, ""gsm_signal"": 27, ""sleep_mode"": false, ""staff_mode"": false, ""fault_codes"": [], ""speed_limit"": 46, ""engine_hours"": 1591, ""idc_triggers"": [], ""buzzer_active"": false, ""fuel_level_avg"": 27, ""lock_geo_alert"": false, ""operation_mode"": ""RENT"", ""battery_voltage"": 12.0, ""in_primary_zone"": true, ""lock_engine_alert"": false, ""in_restricted_zone"": false, ""onboard_geofencing"": false, ""speed_limit_active"": false}"
2023-07-17 12:43:11.913,5237,13,"359159972073523",20,"{""key"": false, ""flip"": false, ""zone"": false, ""speed"": 11.3, ""buzzer"": 0, ""engine"": true, ""in_zone"": true, ""ignition"": true, ""latitude"": 42.6439216, ""direction"": 105, ""longitude"": 18.0747416, ""gsm_signal"": 27, ""sleep_mode"": false, ""staff_mode"": false, ""fault_codes"": [], ""speed_limit"": 46, ""engine_hours"": 1591, ""idc_triggers"": [], ""buzzer_active"": false, ""fuel_level_avg"": 27, ""lock_geo_alert"": false, ""operation_mode"": ""RENT"", ""battery_voltage"": 12.0, ""in_primary_zone"": true, ""lock_engine_alert"": false, ""in_restricted_zone"": false, ""onboard_geofencing"": false, ""speed_limit_active"": false}"
2023-07-17 12:43:10.415,5237,13,"359159972073523",20,"{""key"": false, ""flip"": false, ""zone"": false, ""speed"": 10.2, ""buzzer"": 0, ""engine"": true, ""in_zone"": true, ""ignition"": true, ""latitude"": 42.64393, ""direction"": 104, ""longitude"": 18.074705, ""gsm_signal"": 27, ""sleep_mode"": false, ""staff_mode"": false, ""fault_codes"": [], ""speed_limit"": 46, ""engine_hours"": 1591, ""idc_triggers"": [], ""buzzer_active"": false, ""fuel_level_avg"": 27, ""lock_geo_alert"": false, ""operation_mode"": ""RENT"", ""battery_voltage"": 12.0, ""in_primary_zone"": true, ""lock_engine_alert"": false, ""in_restricted_zone"": false, ""onboard_geofencing"": false, ""speed_limit_active"": false}"
2023-07-17 12:43:09.435,5237,13,"359159972073523",20,"{""key"": false, ""flip"": false, ""zone"": false, ""speed"": 10.4, ""buzzer"": 0, ""engine"": true, ""in_zone"": true, ""ignition"": true, ""latitude"": 42.6439366, ""direction"": 105, ""longitude"": 18.0746716, ""gsm_signal"": 26, ""sleep_mode"": false, ""staff_mode"": false, ""fault_codes"": [], ""speed_limit"": 46, ""engine_hours"": 1591, ""idc_triggers"": [], ""buzzer_active"": false, ""fuel_level_avg"": 27, ""lock_geo_alert"": false, ""operation_mode"": ""RENT"", ""battery_voltage"": 12.0, ""in_primary_zone"": true, ""lock_engine_alert"": false, ""in_restricted_zone"": false, ""onboard_geofencing"": false, ""speed_limit_active"": false}"
2023-07-17 12:43:08.476,5237,13,"359159972073523",20,"{""key"": false, ""flip"": false, ""zone"": false, ""speed"": 9.9, ""buzzer"": 0, ""engine"": true, ""in_zone"": true, ""ignition"": true, ""latitude"": 42.6439433, ""direction"": 104, ""longitude"": 18.0746382, ""gsm_signal"": 26, ""sleep_mode"": false, ""staff_mode"": false, ""fault_codes"": [], ""speed_limit"": 46, ""engine_hours"": 1591, ""idc_triggers"": [], ""buzzer_active"": false, ""fuel_level_avg"": 27, ""lock_geo_alert"": false, ""operation_mode"": ""RENT"", ""battery_voltage"": 12.0, ""in_primary_zone"": true, ""lock_engine_alert"": false, ""in_restricted_zone"": false, ""onboard_geofencing"": false, ""speed_limit_active"": false}"
2023-07-17 12:43:07.922,5237,13,"359159972073523",20,"{""key"": false, ""flip"": false, ""zone"": false, ""speed"": 8.3, ""buzzer"": 0, ""engine"": true, ""in_zone"": true, ""ignition"": true, ""latitude"": 42.64395, ""direction"": 105, ""longitude"": 18.0746066, ""gsm_signal"": 26, ""sleep_mode"": false, ""staff_mode"": false, ""fault_codes"": [], ""speed_limit"": 46, ""engine_hours"": 1591, ""idc_triggers"": [], ""buzzer_active"": false, ""fuel_level_avg"": 27, ""lock_geo_alert"": false, ""operation_mode"": ""RENT"", ""battery_voltage"": 12.0, ""in_primary_zone"": true, ""lock_engine_alert"": false, ""in_restricted_zone"": false, ""onboard_geofencing"": false, ""speed_limit_active"": false}"
2023-07-17 12:43:06.418,5237,13,"359159972073523",20,"{""key"": false, ""flip"": false, ""zone"": false, ""speed"": 7.4, ""buzzer"": 0, ""engine"": true, ""in_zone"": true, ""ignition"": true, ""latitude"": 42.643955, ""direction"": 106, ""longitude"": 18.0745816, ""gsm_signal"": 28, ""sleep_mode"": false, ""staff_mode"": false, ""fault_codes"": [], ""speed_limit"": 46, ""engine_hours"": 1591, ""idc_triggers"": [], ""buzzer_active"": false, ""fuel_level_avg"": 27, ""lock_geo_alert"": false, ""operation_mode"": ""RENT"", ""battery_voltage"": 12.0, ""in_primary_zone"": true, ""lock_engine_alert"": false, ""in_restricted_zone"": false, ""onboard_geofencing"": false, ""speed_limit_active"": false}"
2023-07-17 12:43:05.436,5237,13,"359159972073523",20,"{""key"": false, ""flip"": false, ""zone"": false, ""speed"": 8.5, ""buzzer"": 0, ""engine"": true, ""in_zone"": true, ""ignition"": true, ""latitude"": 42.64396, ""direction"": 104, ""longitude"": 18.0745566, ""gsm_signal"": 28, ""sleep_mode"": false, ""staff_mode"": false, ""fault_codes"": [], ""speed_limit"": 46, ""engine_hours"": 1591, ""idc_triggers"": [], ""buzzer_active"": false, ""fuel_level_avg"": 27, ""lock_geo_alert"": false, ""operation_mode"": ""RENT"", ""battery_voltage"": 12.0, ""in_primary_zone"": true, ""lock_engine_alert"": false, ""in_restricted_zone"": false, ""onboard_geofencing"": false, ""speed_limit_active"": false}"
2023-07-17 12:43:04.454,5237,13,"359159972073523",20,"{""key"": false, ""flip"": false, ""zone"": false, ""speed"": 10.5, ""buzzer"": 0, ""engine"": true, ""in_zone"": true, ""ignition"": true, ""latitude"": 42.6439666, ""direction"": 104, ""longitude"": 18.0745282, ""gsm_signal"": 28, ""sleep_mode"": false, ""staff_mode"": false, ""fault_codes"": [], ""speed_limit"": 46, ""engine_hours"": 1591, ""idc_triggers"": [], ""buzzer_active"": false, ""fuel_level_avg"": 27, ""lock_geo_alert"": false, ""operation_mode"": ""RENT"", ""battery_voltage"": 12.0, ""in_primary_zone"": true, ""lock_engine_alert"": false, ""in_restricted_zone"": false, ""onboard_geofencing"": false, ""speed_limit_active"": false}"
2023-07-17 12:43:03.914,5237,13,"359159972073523",20,"{""key"": false, ""flip"": false, ""zone"": false, ""speed"": 9.4, ""buzzer"": 0, ""engine"": true, ""in_zone"": true, ""ignition"": true, ""latitude"": 42.6439733, ""direction"": 102, ""longitude"": 18.074495, ""gsm_signal"": 28, ""sleep_mode"": false, ""staff_mode"": false, ""fault_codes"": [], ""speed_limit"": 46, ""engine_hours"": 1591, ""idc_triggers"": [], ""buzzer_active"": false, ""fuel_level_avg"": 27, ""lock_geo_alert"": false, ""operation_mode"": ""RENT"", ""battery_voltage"": 12.0, ""in_primary_zone"": true, ""lock_engine_alert"": false, ""in_restricted_zone"": false, ""onboard_geofencing"": false, ""speed_limit_active"": false}"
2023-07-17 12:43:02.418,5237,13,"359159972073523",20,"{""key"": false, ""flip"": false, ""zone"": false, ""speed"": 8.5, ""buzzer"": 0, ""engine"": true, ""in_zone"": true, ""ignition"": true, ""latitude"": 42.6439783, ""direction"": 101, ""longitude"": 18.074465, ""gsm_signal"": 28, ""sleep_mode"": false, ""staff_mode"": false, ""fault_codes"": [], ""speed_limit"": 46, ""engine_hours"": 1591, ""idc_triggers"": [], ""buzzer_active"": false, ""fuel_level_avg"": 27, ""lock_geo_alert"": false, ""operation_mode"": ""RENT"", ""battery_voltage"": 12.0, ""in_primary_zone"": true, ""lock_engine_alert"": false, ""in_restricted_zone"": false, ""onboard_geofencing"": false, ""speed_limit_active"": false}"
2023-07-17 12:43:01.471,5237,13,"359159972073523",20,"{""key"": false, ""flip"": false, ""zone"": false, ""speed"": 7.5, ""buzzer"": 0, ""engine"": true, ""in_zone"": true, ""ignition"": true, ""latitude"": 42.643985, ""direction"": 102, ""longitude"": 18.07444, ""gsm_signal"": 28, ""sleep_mode"": false, ""staff_mode"": false, ""fault_codes"": [], ""speed_limit"": 46, ""engine_hours"": 1591, ""idc_triggers"": [], ""buzzer_active"": false, ""fuel_level_avg"": 27, ""lock_geo_alert"": false, ""operation_mode"": ""RENT"", ""battery_voltage"": 12.0, ""in_primary_zone"": true, ""lock_engine_alert"": false, ""in_restricted_zone"": false, ""onboard_geofencing"": false, ""speed_limit_active"": false}"
2023-07-17 12:43:00.496,5237,13,"359159972073523",20,"{""key"": false, ""flip"": false, ""zone"": false, ""speed"": 7.6, ""buzzer"": 0, ""engine"": true, ""in_zone"": true, ""ignition"": true, ""latitude"": 42.64399, ""direction"": 99, ""longitude"": 18.074415, ""gsm_signal"": 28, ""sleep_mode"": false, ""staff_mode"": false, ""fault_codes"": [], ""speed_limit"": 46, ""engine_hours"": 1591, ""idc_triggers"": [], ""buzzer_active"": false, ""fuel_level_avg"": 27, ""lock_geo_alert"": false, ""operation_mode"": ""RENT"", ""battery_voltage"": 12.0, ""in_primary_zone"": true, ""lock_engine_alert"": false, ""in_restricted_zone"": false, ""onboard_geofencing"": false, ""speed_limit_active"": false}"
2023-07-17 12:42:59.915,5237,13,"359159972073523",20,"{""key"": false, ""flip"": false, ""zone"": false, ""speed"": 7.7, ""buzzer"": 0, ""engine"": true, ""in_zone"": true, ""ignition"": true, ""latitude"": 42.6439933, ""direction"": 98, ""longitude"": 18.07439, ""gsm_signal"": 28, ""sleep_mode"": false, ""staff_mode"": false, ""fault_codes"": [], ""speed_limit"": 46, ""engine_hours"": 1591, ""idc_triggers"": [], ""buzzer_active"": false, ""fuel_level_avg"": 27, ""lock_geo_alert"": false, ""operation_mode"": ""RENT"", ""battery_voltage"": 12.0, ""in_primary_zone"": true, ""lock_engine_alert"": false, ""in_restricted_zone"": false, ""onboard_geofencing"": false, ""speed_limit_active"": false}"
2023-07-17 12:42:58.423,5237,13,"359159972073523",20,"{""key"": false, ""flip"": false, ""zone"": false, ""speed"": 7.7, ""buzzer"": 0, ""engine"": true, ""in_zone"": true, ""ignition"": true, ""latitude"": 42.6439966, ""direction"": 101, ""longitude"": 18.0743632, ""gsm_signal"": 28, ""sleep_mode"": false, ""staff_mode"": false, ""fault_codes"": [], ""speed_limit"": 46, ""engine_hours"": 1591, ""idc_triggers"": [], ""buzzer_active"": false, ""fuel_level_avg"": 27, ""lock_geo_alert"": false, ""operation_mode"": ""RENT"", ""battery_voltage"": 12.0, ""in_primary_zone"": true, ""lock_engine_alert"": false, ""in_restricted_zone"": false, ""onboard_geofencing"": false, ""speed_limit_active"": false}"
2023-07-17 12:42:57.418,5237,13,"359159972073523",20,"{""key"": false, ""flip"": false, ""zone"": false, ""speed"": 6.8, ""buzzer"": 0, ""engine"": true, ""in_zone"": true, ""ignition"": true, ""latitude"": 42.644, ""direction"": 104, ""longitude"": 18.07434, ""gsm_signal"": 27, ""sleep_mode"": false, ""staff_mode"": false, ""fault_codes"": [], ""speed_limit"": 46, ""engine_hours"": 1591, ""idc_triggers"": [], ""buzzer_active"": false, ""fuel_level_avg"": 27, ""lock_geo_alert"": false, ""operation_mode"": ""RENT"", ""battery_voltage"": 12.0, ""in_primary_zone"": true, ""lock_engine_alert"": false, ""in_restricted_zone"": false, ""onboard_geofencing"": false, ""speed_limit_active"": false}"
2023-07-17 12:42:56.434,5237,13,"359159972073523",20,"{""key"": false, ""flip"": false, ""zone"": false, ""speed"": 6.7, ""buzzer"": 0, ""engine"": true, ""in_zone"": true, ""ignition"": true, ""latitude"": 42.644005, ""direction"": 101, ""longitude"": 18.0743182, ""gsm_signal"": 27, ""sleep_mode"": false, ""staff_mode"": false, ""fault_codes"": [], ""speed_limit"": 46, ""engine_hours"": 1591, ""idc_triggers"": [], ""buzzer_active"": false, ""fuel_level_avg"": 27, ""lock_geo_alert"": false, ""operation_mode"": ""RENT"", ""battery_voltage"": 12.0, ""in_primary_zone"": true, ""lock_engine_alert"": false, ""in_restricted_zone"": false, ""onboard_geofencing"": false, ""speed_limit_active"": false}"
2023-07-17 12:42:55.497,5237,13,"359159972073523",20,"{""key"": false, ""flip"": false, ""zone"": false, ""speed"": 6.1, ""buzzer"": 0, ""engine"": true, ""in_zone"": true, ""ignition"": true, ""latitude"": 42.6440083, ""direction"": 101, ""longitude"": 18.0742966, ""gsm_signal"": 27, ""sleep_mode"": false, ""staff_mode"": false, ""fault_codes"": [], ""speed_limit"": 46, ""engine_hours"": 1591, ""idc_triggers"": [], ""buzzer_active"": false, ""fuel_level_avg"": 27, ""lock_geo_alert"": false, ""operation_mode"": ""RENT"", ""battery_voltage"": 12.0, ""in_primary_zone"": true, ""lock_engine_alert"": false, ""in_restricted_zone"": false, ""onboard_geofencing"": false, ""speed_limit_active"": false}"
2023-07-17 12:42:54.917,5237,13,"359159972073523",20,"{""key"": false, ""flip"": false, ""zone"": false, ""speed"": 5.1, ""buzzer"": 0, ""engine"": true, ""in_zone"": true, ""ignition"": true, ""latitude"": 42.6440116, ""direction"": 103, ""longitude"": 18.0742782, ""gsm_signal"": 26, ""sleep_mode"": false, ""staff_mode"": false, ""fault_codes"": [], ""speed_limit"": 46, ""engine_hours"": 1591, ""idc_triggers"": [], ""buzzer_active"": false, ""fuel_level_avg"": 27, ""lock_geo_alert"": false, ""operation_mode"": ""RENT"", ""battery_voltage"": 12.0, ""in_primary_zone"": true, ""lock_engine_alert"": false, ""in_restricted_zone"": false, ""onboard_geofencing"": false, ""speed_limit_active"": false}"
2023-07-17 12:42:53.416,5237,13,"359159972073523",20,"{""key"": false, ""flip"": false, ""zone"": false, ""speed"": 4.5, ""buzzer"": 0, ""engine"": true, ""in_zone"": true, ""ignition"": true, ""latitude"": 42.6440133, ""direction"": 107, ""longitude"": 18.0742616, ""gsm_signal"": 26, ""sleep_mode"": false, ""staff_mode"": false, ""fault_codes"": [], ""speed_limit"": 46, ""engine_hours"": 1591, ""idc_triggers"": [], ""buzzer_active"": false, ""fuel_level_avg"": 27, ""lock_geo_alert"": false, ""operation_mode"": ""RENT"", ""battery_voltage"": 12.0, ""in_primary_zone"": true, ""lock_engine_alert"": false, ""in_restricted_zone"": false, ""onboard_geofencing"": false, ""speed_limit_active"": false}"
2023-07-17 12:42:52.436,5237,13,"359159972073523",20,"{""key"": false, ""flip"": false, ""zone"": false, ""speed"": 3.8, ""buzzer"": 0, ""engine"": true, ""in_zone"": true, ""ignition"": true, ""latitude"": 42.6440166, ""direction"": 118, ""longitude"": 18.0742482, ""gsm_signal"": 26, ""sleep_mode"": false, ""staff_mode"": false, ""fault_codes"": [], ""speed_limit"": 46, ""engine_hours"": 1591, ""idc_triggers"": [], ""buzzer_active"": false, ""fuel_level_avg"": 27, ""lock_geo_alert"": false, ""operation_mode"": ""RENT"", ""battery_voltage"": 12.0, ""in_primary_zone"": true, ""lock_engine_alert"": false, ""in_restricted_zone"": false, ""onboard_geofencing"": false, ""speed_limit_active"": false}"
2023-07-17 12:42:51.495,5237,13,"359159972073523",20,"{""key"": false, ""flip"": false, ""zone"": false, ""speed"": 2.9, ""buzzer"": 0, ""engine"": true, ""in_zone"": true, ""ignition"": true, ""latitude"": 42.64402, ""direction"": 127, ""longitude"": 18.0742366, ""gsm_signal"": 25, ""sleep_mode"": false, ""staff_mode"": false, ""fault_codes"": [], ""speed_limit"": 46, ""engine_hours"": 1591, ""idc_triggers"": [], ""buzzer_active"": false, ""fuel_level_avg"": 27, ""lock_geo_alert"": false, ""operation_mode"": ""RENT"", ""battery_voltage"": 12.0, ""in_primary_zone"": true, ""lock_engine_alert"": false, ""in_restricted_zone"": false, ""onboard_geofencing"": false, ""speed_limit_active"": false}"
2023-07-17 12:42:50.917,5237,13,"359159972073523",20,"{""key"": false, ""flip"": false, ""zone"": false, ""speed"": 1.2, ""buzzer"": 0, ""engine"": true, ""in_zone"": true, ""ignition"": true, ""latitude"": 42.6440216, ""direction"": 164, ""longitude"": 18.07423, ""gsm_signal"": 25, ""sleep_mode"": false, ""staff_mode"": false, ""fault_codes"": [], ""speed_limit"": 46, ""engine_hours"": 1591, ""idc_triggers"": [], ""buzzer_active"": false, ""fuel_level_avg"": 27, ""lock_geo_alert"": false, ""operation_mode"": ""RENT"", ""battery_voltage"": 12.0, ""in_primary_zone"": true, ""lock_engine_alert"": false, ""in_restricted_zone"": false, ""onboard_geofencing"": false, ""speed_limit_active"": false}"
2023-07-17 12:42:49.415,5237,13,"359159972073523",20,"{""key"": false, ""flip"": false, ""zone"": false, ""speed"": 1.2, ""buzzer"": 0, ""engine"": true, ""in_zone"": true, ""ignition"": true, ""latitude"": 42.6440233, ""direction"": 199, ""longitude"": 18.0742282, ""gsm_signal"": 25, ""sleep_mode"": false, ""staff_mode"": false, ""fault_codes"": [], ""speed_limit"": 46, ""engine_hours"": 1591, ""idc_triggers"": [], ""buzzer_active"": false, ""fuel_level_avg"": 27, ""lock_geo_alert"": false, ""operation_mode"": ""RENT"", ""battery_voltage"": 12.0, ""in_primary_zone"": true, ""lock_engine_alert"": false, ""in_restricted_zone"": false, ""onboard_geofencing"": false, ""speed_limit_active"": false}"
2023-07-17 12:42:48.421,5237,13,"359159972073523",20,"{""key"": false, ""flip"": false, ""zone"": false, ""speed"": 1.8, ""buzzer"": 0, ""engine"": true, ""in_zone"": true, ""ignition"": true, ""latitude"": 42.6440266, ""direction"": 210, ""longitude"": 18.07423, ""gsm_signal"": 28, ""sleep_mode"": false, ""staff_mode"": false, ""fault_codes"": [], ""speed_limit"": 46, ""engine_hours"": 1591, ""idc_triggers"": [], ""buzzer_active"": false, ""fuel_level_avg"": 27, ""lock_geo_alert"": false, ""operation_mode"": ""RENT"", ""battery_voltage"": 12.0, ""in_primary_zone"": true, ""lock_engine_alert"": false, ""in_restricted_zone"": false, ""onboard_geofencing"": false, ""speed_limit_active"": false}"
2023-07-17 12:42:47.436,5237,13,"359159972073523",20,"{""key"": false, ""flip"": false, ""zone"": false, ""speed"": 1.4, ""buzzer"": 0, ""engine"": true, ""in_zone"": true, ""ignition"": true, ""latitude"": 42.64403, ""direction"": 200, ""longitude"": 18.0742332, ""gsm_signal"": 28, ""sleep_mode"": false, ""staff_mode"": false, ""fault_codes"": [], ""speed_limit"": 46, ""engine_hours"": 1591, ""idc_triggers"": [], ""buzzer_active"": false, ""fuel_level_avg"": 27, ""lock_geo_alert"": false, ""operation_mode"": ""RENT"", ""battery_voltage"": 12.0, ""in_primary_zone"": true, ""lock_engine_alert"": false, ""in_restricted_zone"": false, ""onboard_geofencing"": false, ""speed_limit_active"": false}"
2023-07-17 12:42:46.456,5237,13,"359159972073523",20,"{""key"": false, ""flip"": false, ""zone"": false, ""speed"": 1.8, ""buzzer"": 0, ""engine"": true, ""in_zone"": true, ""ignition"": true, ""latitude"": 42.6440333, ""direction"": 191, ""longitude"": 18.0742366, ""gsm_signal"": 28, ""sleep_mode"": false, ""staff_mode"": false, ""fault_codes"": [], ""speed_limit"": 46, ""engine_hours"": 1591, ""idc_triggers"": [], ""buzzer_active"": false, ""fuel_level_avg"": 27, ""lock_geo_alert"": false, ""operation_mode"": ""RENT"", ""battery_voltage"": 12.0, ""in_primary_zone"": true, ""lock_engine_alert"": false, ""in_restricted_zone"": false, ""onboard_geofencing"": false, ""speed_limit_active"": false}"
2023-07-17 12:42:45.916,5237,13,"359159972073523",20,"{""key"": false, ""flip"": false, ""zone"": false, ""speed"": 1.9, ""buzzer"": 0, ""engine"": true, ""in_zone"": true, ""ignition"": true, ""latitude"": 42.6440366, ""direction"": 174, ""longitude"": 18.07424, ""gsm_signal"": 31, ""sleep_mode"": false, ""staff_mode"": false, ""fault_codes"": [], ""speed_limit"": 46, ""engine_hours"": 1591, ""idc_triggers"": [], ""buzzer_active"": false, ""fuel_level_avg"": 27, ""lock_geo_alert"": false, ""operation_mode"": ""RENT"", ""battery_voltage"": 12.0, ""in_primary_zone"": true, ""lock_engine_alert"": false, ""in_restricted_zone"": false, ""onboard_geofencing"": false, ""speed_limit_active"": false}"
2023-07-17 12:42:44.417,5237,13,"359159972073523",20,"{""key"": false, ""flip"": false, ""zone"": false, ""speed"": 1.8, ""buzzer"": 0, ""engine"": true, ""in_zone"": true, ""ignition"": true, ""latitude"": 42.6440416, ""direction"": 160, ""longitude"": 18.07424, ""gsm_signal"": 31, ""sleep_mode"": false, ""staff_mode"": false, ""fault_codes"": [], ""speed_limit"": 46, ""engine_hours"": 1591, ""idc_triggers"": [], ""buzzer_active"": false, ""fuel_level_avg"": 27, ""lock_geo_alert"": false, ""operation_mode"": ""RENT"", ""battery_voltage"": 12.0, ""in_primary_zone"": true, ""lock_engine_alert"": false, ""in_restricted_zone"": false, ""onboard_geofencing"": false, ""speed_limit_active"": false}"
2023-07-17 12:42:43.473,5237,13,"359159972073523",20,"{""key"": false, ""flip"": false, ""zone"": false, ""speed"": 1.6, ""buzzer"": 0, ""engine"": true, ""in_zone"": true, ""ignition"": true, ""latitude"": 42.6440466, ""direction"": 149, ""longitude"": 18.0742382, ""gsm_signal"": 31, ""sleep_mode"": false, ""staff_mode"": false, ""fault_codes"": [], ""speed_limit"": 46, ""engine_hours"": 1591, ""idc_triggers"": [], ""buzzer_active"": false, ""fuel_level_avg"": 27, ""lock_geo_alert"": false, ""operation_mode"": ""RENT"", ""battery_voltage"": 12.0, ""in_primary_zone"": true, ""lock_engine_alert"": false, ""in_restricted_zone"": false, ""onboard_geofencing"": false, ""speed_limit_active"": false}"
2023-07-17 12:42:42.497,5237,13,"359159972073523",20,"{""key"": false, ""flip"": false, ""zone"": false, ""speed"": 0.0, ""buzzer"": 0, ""engine"": true, ""in_zone"": true, ""ignition"": true, ""latitude"": 42.6440483, ""direction"": 178, ""longitude"": 18.0742366, ""gsm_signal"": 31, ""sleep_mode"": false, ""staff_mode"": false, ""fault_codes"": [], ""speed_limit"": 46, ""engine_hours"": 1591, ""idc_triggers"": [], ""buzzer_active"": false, ""fuel_level_avg"": 27, ""lock_geo_alert"": false, ""operation_mode"": ""RENT"", ""battery_voltage"": 12.0, ""in_primary_zone"": true, ""lock_engine_alert"": false, ""in_restricted_zone"": false, ""onboard_geofencing"": false, ""speed_limit_active"": false}"
2023-07-17 12:42:41.917,5237,13,"359159972073523",20,"{""key"": false, ""flip"": false, ""zone"": false, ""speed"": 0.0, ""buzzer"": 0, ""engine"": true, ""in_zone"": true, ""ignition"": true, ""latitude"": 42.64405, ""direction"": 178, ""longitude"": 18.074235, ""gsm_signal"": 31, ""sleep_mode"": false, ""staff_mode"": false, ""fault_codes"": [], ""speed_limit"": 46, ""engine_hours"": 1591, ""idc_triggers"": [], ""buzzer_active"": false, ""fuel_level_avg"": 27, ""lock_geo_alert"": false, ""operation_mode"": ""RENT"", ""battery_voltage"": 12.0, ""in_primary_zone"": true, ""lock_engine_alert"": false, ""in_restricted_zone"": false, ""onboard_geofencing"": false, ""speed_limit_active"": false}"
2023-07-17 12:42:40.414,5237,13,"359159972073523",20,"{""key"": false, ""flip"": false, ""zone"": false, ""speed"": 0.0, ""buzzer"": 0, ""engine"": true, ""in_zone"": true, ""ignition"": true, ""latitude"": 42.6440516, ""direction"": 178, ""longitude"": 18.0742316, ""gsm_signal"": 31, ""sleep_mode"": false, ""staff_mode"": false, ""fault_codes"": [], ""speed_limit"": 46, ""engine_hours"": 1591, ""idc_triggers"": [], ""buzzer_active"": false, ""fuel_level_avg"": 27, ""lock_geo_alert"": false, ""operation_mode"": ""RENT"", ""battery_voltage"": 12.0, ""in_primary_zone"": true, ""lock_engine_alert"": false, ""in_restricted_zone"": false, ""onboard_geofencing"": false, ""speed_limit_active"": false}"
2023-07-17 12:42:39.424,5237,13,"359159972073523",20,"{""key"": false, ""flip"": false, ""zone"": false, ""speed"": 0.0, ""buzzer"": 0, ""engine"": true, ""in_zone"": true, ""ignition"": true, ""latitude"": 42.64405, ""direction"": 178, ""longitude"": 18.07423, ""gsm_signal"": 31, ""sleep_mode"": false, ""staff_mode"": false, ""fault_codes"": [], ""speed_limit"": 46, ""engine_hours"": 1591, ""idc_triggers"": [], ""buzzer_active"": false, ""fuel_level_avg"": 27, ""lock_geo_alert"": false, ""operation_mode"": ""RENT"", ""battery_voltage"": 12.0, ""in_primary_zone"": true, ""lock_engine_alert"": false, ""in_restricted_zone"": false, ""onboard_geofencing"": false, ""speed_limit_active"": false}"
2023-07-17 12:42:38.437,5237,13,"359159972073523",20,"{""key"": false, ""flip"": false, ""zone"": false, ""speed"": 0.0, ""buzzer"": 0, ""engine"": true, ""in_zone"": true, ""ignition"": true, ""latitude"": 42.64405, ""direction"": 178, ""longitude"": 18.0742316, ""gsm_signal"": 31, ""sleep_mode"": false, ""staff_mode"": false, ""fault_codes"": [], ""speed_limit"": 46, ""engine_hours"": 1591, ""idc_triggers"": [], ""buzzer_active"": false, ""fuel_level_avg"": 27, ""lock_geo_alert"": false, ""operation_mode"": ""RENT"", ""battery_voltage"": 12.0, ""in_primary_zone"": true, ""lock_engine_alert"": false, ""in_restricted_zone"": false, ""onboard_geofencing"": false, ""speed_limit_active"": false}"
2023-07-17 12:42:37.460,5237,13,"359159972073523",20,"{""key"": false, ""flip"": false, ""zone"": false, ""speed"": 0.0, ""buzzer"": 0, ""engine"": true, ""in_zone"": true, ""ignition"": true, ""latitude"": 42.64405, ""direction"": 178, ""longitude"": 18.0742316, ""gsm_signal"": 31, ""sleep_mode"": false, ""staff_mode"": false, ""fault_codes"": [], ""speed_limit"": 46, ""engine_hours"": 1591, ""idc_triggers"": [], ""buzzer_active"": false, ""fuel_level_avg"": 27, ""lock_geo_alert"": false, ""operation_mode"": ""RENT"", ""battery_voltage"": 12.0, ""in_primary_zone"": true, ""lock_engine_alert"": false, ""in_restricted_zone"": false, ""onboard_geofencing"": false, ""speed_limit_active"": false}"
2023-07-17 12:42:36.676,5237,13,"359159972073523",20,"{""key"": false, ""flip"": false, ""zone"": false, ""speed"": 0.0, ""buzzer"": 0, ""engine"": true, ""in_zone"": true, ""ignition"": true, ""latitude"": 42.64405, ""direction"": 178, ""longitude"": 18.0742332, ""gsm_signal"": 31, ""sleep_mode"": false, ""staff_mode"": false, ""fault_codes"": [], ""speed_limit"": 46, ""engine_hours"": 1591, ""idc_triggers"": [], ""buzzer_active"": false, ""fuel_level_avg"": 27, ""lock_geo_alert"": false, ""operation_mode"": ""RENT"", ""battery_voltage"": 12.0, ""in_primary_zone"": true, ""lock_engine_alert"": false, ""in_restricted_zone"": false, ""onboard_geofencing"": false, ""speed_limit_active"": false}"
2023-07-17 12:42:35.675,5237,13,"359159972073523",20,"{""key"": false, ""flip"": false, ""zone"": false, ""speed"": 0.0, ""buzzer"": 0, ""engine"": true, ""in_zone"": true, ""ignition"": true, ""latitude"": 42.64405, ""direction"": 178, ""longitude"": 18.074235, ""gsm_signal"": 31, ""sleep_mode"": false, ""staff_mode"": false, ""speed_limit"": 46, ""idc_triggers"": [], ""buzzer_active"": false, ""lock_geo_alert"": false, ""operation_mode"": ""RENT"", ""battery_voltage"": 13.800000190734863, ""in_primary_zone"": true, ""lock_engine_alert"": false, ""in_restricted_zone"": false, ""onboard_geofencing"": false, ""speed_limit_active"": false}"
2023-07-17 12:42:20.451,5237,13,"359159972073523",20,"{""key"": false, ""flip"": false, ""zone"": false, ""speed"": 0.0, ""buzzer"": 0, ""engine"": false, ""in_zone"": true, ""ignition"": true, ""latitude"": 42.6440483, ""direction"": 178, ""longitude"": 18.0742416, ""gsm_signal"": 23, ""sleep_mode"": false, ""staff_mode"": false, ""speed_limit"": 46, ""idc_triggers"": [], ""buzzer_active"": false, ""lock_geo_alert"": false, ""operation_mode"": ""RENT"", ""battery_voltage"": 13.800000190734863, ""in_primary_zone"": true, ""lock_engine_alert"": false, ""in_restricted_zone"": false, ""onboard_geofencing"": false, ""speed_limit_active"": false}"
2023-07-17 12:42:19.456,5237,13,"359159972073523",20,"{""key"": false, ""flip"": false, ""zone"": false, ""speed"": 0.0, ""buzzer"": 0, ""engine"": false, ""in_zone"": true, ""ignition"": true, ""latitude"": 42.64405, ""direction"": 178, ""longitude"": 18.0742416, ""gsm_signal"": 23, ""sleep_mode"": false, ""staff_mode"": false, ""speed_limit"": 46, ""idc_triggers"": [], ""buzzer_active"": false, ""lock_geo_alert"": false, ""operation_mode"": ""RENT"", ""battery_voltage"": 13.800000190734863, ""in_primary_zone"": true, ""lock_engine_alert"": false, ""in_restricted_zone"": false, ""onboard_geofencing"": false, ""speed_limit_active"": false}"
2023-07-17 12:42:18.898,5237,13,"359159972073523",20,"{""key"": false, ""flip"": false, ""zone"": false, ""speed"": 0.0, ""buzzer"": 0, ""engine"": false, ""in_zone"": true, ""ignition"": true, ""latitude"": 42.64405, ""direction"": 178, ""longitude"": 18.0742432, ""gsm_signal"": 23, ""sleep_mode"": false, ""staff_mode"": false, ""speed_limit"": 46, ""idc_triggers"": [], ""buzzer_active"": false, ""lock_geo_alert"": false, ""operation_mode"": ""RENT"", ""battery_voltage"": 13.800000190734863, ""in_primary_zone"": true, ""lock_engine_alert"": false, ""in_restricted_zone"": false, ""onboard_geofencing"": false, ""speed_limit_active"": false}"
2023-07-17 12:42:17.957,5237,13,"359159972073523",20,"{""key"": false, ""flip"": false, ""zone"": false, ""speed"": 0.0, ""buzzer"": 0, ""engine"": false, ""in_zone"": true, ""ignition"": true, ""latitude"": 42.64405, ""direction"": 178, ""longitude"": 18.074245, ""gsm_signal"": 25, ""sleep_mode"": false, ""staff_mode"": false, ""speed_limit"": 46, ""idc_triggers"": [], ""buzzer_active"": false, ""lock_geo_alert"": false, ""operation_mode"": ""RENT"", ""battery_voltage"": 14.699999809265137, ""in_primary_zone"": true, ""lock_engine_alert"": false, ""in_restricted_zone"": false, ""onboard_geofencing"": false, ""speed_limit_active"": false}"
2023-07-17 12:42:17.836,5237,13,"359159972073523",20,"{""key"": false, ""flip"": false, ""zone"": false, ""speed"": 0.0, ""buzzer"": 0, ""engine"": false, ""in_zone"": true, ""ignition"": true, ""latitude"": 42.6440516, ""direction"": 178, ""longitude"": 18.0742432, ""gsm_signal"": 25, ""sleep_mode"": false, ""staff_mode"": false, ""fault_codes"": [], ""speed_limit"": 46, ""engine_hours"": 1591, ""idc_triggers"": [], ""buzzer_active"": false, ""fuel_level_avg"": 9, ""lock_geo_alert"": false, ""operation_mode"": ""RENT"", ""battery_voltage"": 14.699999809265137, ""in_primary_zone"": true, ""lock_engine_alert"": false, ""in_restricted_zone"": false, ""onboard_geofencing"": false, ""speed_limit_active"": false}"
2023-07-17 12:42:14.435,5237,13,"359159972073523",20,"{""key"": false, ""flip"": false, ""zone"": false, ""speed"": 0.0, ""buzzer"": 0, ""engine"": false, ""in_zone"": true, ""ignition"": true, ""latitude"": 42.644055, ""direction"": 186, ""longitude"": 18.0742432, ""gsm_signal"": 25, ""sleep_mode"": false, ""staff_mode"": false, ""fault_codes"": [], ""speed_limit"": 46, ""engine_hours"": 1591, ""idc_triggers"": [], ""buzzer_active"": false, ""fuel_level_avg"": 9, ""lock_geo_alert"": false, ""operation_mode"": ""RENT"", ""battery_voltage"": 14.699999809265137, ""in_primary_zone"": true, ""lock_engine_alert"": false, ""in_restricted_zone"": false, ""onboard_geofencing"": false, ""speed_limit_active"": false}"
2023-07-17 12:42:13.468,5237,13,"359159972073523",20,"{""key"": false, ""flip"": false, ""zone"": false, ""speed"": 0.0, ""buzzer"": 0, ""engine"": false, ""in_zone"": true, ""ignition"": true, ""latitude"": 42.644055, ""direction"": 186, ""longitude"": 18.0742432, ""gsm_signal"": 25, ""sleep_mode"": false, ""staff_mode"": false, ""fault_codes"": [], ""speed_limit"": 46, ""engine_hours"": 1591, ""idc_triggers"": [], ""buzzer_active"": false, ""fuel_level_avg"": 9, ""lock_geo_alert"": false, ""operation_mode"": ""RENT"", ""battery_voltage"": 14.699999809265137, ""in_primary_zone"": true, ""lock_engine_alert"": false, ""in_restricted_zone"": false, ""onboard_geofencing"": false, ""speed_limit_active"": false}"
2023-07-17 12:42:12.573,5237,13,"359159972073523",20,"{""key"": false, ""flip"": false, ""zone"": false, ""speed"": 1.4, ""buzzer"": 0, ""engine"": false, ""in_zone"": true, ""ignition"": true, ""latitude"": 42.6440566, ""direction"": 178, ""longitude"": 18.0742466, ""gsm_signal"": 25, ""sleep_mode"": false, ""staff_mode"": false, ""fault_codes"": [], ""speed_limit"": 46, ""engine_hours"": 1591, ""idc_triggers"": [], ""buzzer_active"": false, ""fuel_level_avg"": 9, ""lock_geo_alert"": false, ""operation_mode"": ""RENT"", ""battery_voltage"": 14.699999809265137, ""in_primary_zone"": true, ""lock_engine_alert"": false, ""in_restricted_zone"": false, ""onboard_geofencing"": false, ""speed_limit_active"": false}"
2023-07-17 12:42:11.459,5237,13,"359159972073523",20,"{""key"": false, ""flip"": false, ""zone"": false, ""speed"": 1.9, ""buzzer"": 0, ""engine"": false, ""in_zone"": true, ""ignition"": true, ""latitude"": 42.64406, ""direction"": 162, ""longitude"": 18.0742466, ""gsm_signal"": 24, ""sleep_mode"": false, ""staff_mode"": false, ""fault_codes"": [], ""speed_limit"": 46, ""engine_hours"": 1591, ""idc_triggers"": [], ""buzzer_active"": false, ""fuel_level_avg"": 9, ""lock_geo_alert"": false, ""operation_mode"": ""RENT"", ""battery_voltage"": 14.699999809265137, ""in_primary_zone"": true, ""lock_engine_alert"": false, ""in_restricted_zone"": false, ""onboard_geofencing"": false, ""speed_limit_active"": false}"
2023-07-17 12:42:11.379,5237,13,"359159972073523",20,"{""key"": false, ""flip"": false, ""zone"": false, ""speed"": 2.5, ""buzzer"": 0, ""engine"": false, ""in_zone"": true, ""ignition"": true, ""latitude"": 42.6440666, ""direction"": 153, ""longitude"": 18.0742466, ""gsm_signal"": 24, ""sleep_mode"": false, ""staff_mode"": false, ""fault_codes"": [], ""speed_limit"": 46, ""engine_hours"": 1591, ""idc_triggers"": [], ""buzzer_active"": false, ""fuel_level_avg"": 9, ""lock_geo_alert"": false, ""operation_mode"": ""RENT"", ""battery_voltage"": 14.699999809265137, ""in_primary_zone"": true, ""lock_engine_alert"": false, ""in_restricted_zone"": false, ""onboard_geofencing"": false, ""speed_limit_active"": false}"
2023-07-17 12:42:09.455,5237,13,"359159972073523",20,"{""key"": false, ""flip"": false, ""zone"": false, ""speed"": 3.3, ""buzzer"": 0, ""engine"": false, ""in_zone"": true, ""ignition"": true, ""latitude"": 42.6440733, ""direction"": 144, ""longitude"": 18.0742432, ""gsm_signal"": 24, ""sleep_mode"": false, ""staff_mode"": false, ""fault_codes"": [], ""speed_limit"": 46, ""engine_hours"": 1591, ""idc_triggers"": [], ""buzzer_active"": false, ""fuel_level_avg"": 9, ""lock_geo_alert"": false, ""operation_mode"": ""RENT"", ""battery_voltage"": 14.699999809265137, ""in_primary_zone"": true, ""lock_engine_alert"": false, ""in_restricted_zone"": false, ""onboard_geofencing"": false, ""speed_limit_active"": false}"
2023-07-17 12:42:08.493,5237,13,"359159972073523",20,"{""key"": false, ""flip"": false, ""zone"": false, ""speed"": 3.4, ""buzzer"": 0, ""engine"": false, ""in_zone"": true, ""ignition"": true, ""latitude"": 42.6440816, ""direction"": 132, ""longitude"": 18.0742366, ""gsm_signal"": 23, ""sleep_mode"": false, ""staff_mode"": false, ""fault_codes"": [], ""speed_limit"": 46, ""engine_hours"": 1591, ""idc_triggers"": [], ""buzzer_active"": false, ""fuel_level_avg"": 9, ""lock_geo_alert"": false, ""operation_mode"": ""RENT"", ""battery_voltage"": 14.699999809265137, ""in_primary_zone"": true, ""lock_engine_alert"": false, ""in_restricted_zone"": false, ""onboard_geofencing"": false, ""speed_limit_active"": false}"
2023-07-17 12:42:07.917,5237,13,"359159972073523",20,"{""key"": false, ""flip"": false, ""zone"": false, ""speed"": 4.4, ""buzzer"": 0, ""engine"": false, ""in_zone"": true, ""ignition"": true, ""latitude"": 42.6440866, ""direction"": 130, ""longitude"": 18.0742266, ""gsm_signal"": 23, ""sleep_mode"": false, ""staff_mode"": false, ""fault_codes"": [], ""speed_limit"": 46, ""engine_hours"": 1591, ""idc_triggers"": [], ""buzzer_active"": false, ""fuel_level_avg"": 9, ""lock_geo_alert"": false, ""operation_mode"": ""RENT"", ""battery_voltage"": 14.699999809265137, ""in_primary_zone"": true, ""lock_engine_alert"": false, ""in_restricted_zone"": false, ""onboard_geofencing"": false, ""speed_limit_active"": false}"
2023-07-17 12:42:06.436,5237,13,"359159972073523",20,"{""key"": false, ""flip"": false, ""zone"": false, ""speed"": 4.2, ""buzzer"": 0, ""engine"": true, ""in_zone"": true, ""ignition"": true, ""latitude"": 42.644095, ""direction"": 131, ""longitude"": 18.0742166, ""gsm_signal"": 23, ""sleep_mode"": false, ""staff_mode"": false, ""fault_codes"": [], ""speed_limit"": 46, ""engine_hours"": 1591, ""idc_triggers"": [], ""buzzer_active"": false, ""fuel_level_avg"": 9, ""lock_geo_alert"": false, ""operation_mode"": ""RENT"", ""battery_voltage"": 14.699999809265137, ""in_primary_zone"": true, ""lock_engine_alert"": false, ""in_restricted_zone"": false, ""onboard_geofencing"": false, ""speed_limit_active"": false}"
2023-07-17 12:42:05.434,5237,13,"359159972073523",20,"{""key"": false, ""flip"": false, ""zone"": false, ""speed"": 4.7, ""buzzer"": 0, ""engine"": true, ""in_zone"": true, ""ignition"": true, ""latitude"": 42.6441033, ""direction"": 130, ""longitude"": 18.0742066, ""gsm_signal"": 25, ""sleep_mode"": false, ""staff_mode"": false, ""fault_codes"": [], ""speed_limit"": 46, ""engine_hours"": 1591, ""idc_triggers"": [], ""buzzer_active"": false, ""fuel_level_avg"": 9, ""lock_geo_alert"": false, ""operation_mode"": ""RENT"", ""battery_voltage"": 14.699999809265137, ""in_primary_zone"": true, ""lock_engine_alert"": false, ""in_restricted_zone"": false, ""onboard_geofencing"": false, ""speed_limit_active"": false}"
2023-07-17 12:42:04.757,5237,13,"359159972073523",20,"{""key"": false, ""flip"": false, ""zone"": false, ""speed"": 5.4, ""buzzer"": 0, ""engine"": true, ""in_zone"": true, ""ignition"": true, ""latitude"": 42.6441116, ""direction"": 136, ""longitude"": 18.0741932, ""gsm_signal"": 25, ""sleep_mode"": false, ""staff_mode"": false, ""fault_codes"": [], ""speed_limit"": 46, ""engine_hours"": 1591, ""idc_triggers"": [], ""buzzer_active"": false, ""fuel_level_avg"": 9, ""lock_geo_alert"": false, ""operation_mode"": ""RENT"", ""battery_voltage"": 14.699999809265137, ""in_primary_zone"": true, ""lock_engine_alert"": false, ""in_restricted_zone"": false, ""onboard_geofencing"": false, ""speed_limit_active"": false}"
2023-07-17 12:42:03.418,5237,13,"359159972073523",20,"{""key"": false, ""flip"": false, ""zone"": false, ""speed"": 3.8, ""buzzer"": 0, ""engine"": true, ""in_zone"": true, ""ignition"": true, ""latitude"": 42.64412, ""direction"": 134, ""longitude"": 18.0741816, ""gsm_signal"": 25, ""sleep_mode"": false, ""staff_mode"": false, ""fault_codes"": [], ""speed_limit"": 46, ""engine_hours"": 1591, ""idc_triggers"": [], ""buzzer_active"": false, ""fuel_level_avg"": 9, ""lock_geo_alert"": false, ""operation_mode"": ""RENT"", ""battery_voltage"": 14.699999809265137, ""in_primary_zone"": true, ""lock_engine_alert"": false, ""in_restricted_zone"": false, ""onboard_geofencing"": false, ""speed_limit_active"": false}"
2023-07-17 12:42:02.438,5237,13,"359159972073523",20,"{""key"": false, ""flip"": false, ""zone"": false, ""speed"": 3.7, ""buzzer"": 0, ""engine"": true, ""in_zone"": true, ""ignition"": true, ""latitude"": 42.6441283, ""direction"": 128, ""longitude"": 18.0741732, ""gsm_signal"": 25, ""sleep_mode"": false, ""staff_mode"": false, ""fault_codes"": [], ""speed_limit"": 46, ""engine_hours"": 1591, ""idc_triggers"": [], ""buzzer_active"": false, ""fuel_level_avg"": 9, ""lock_geo_alert"": false, ""operation_mode"": ""RENT"", ""battery_voltage"": 14.699999809265137, ""in_primary_zone"": true, ""lock_engine_alert"": false, ""in_restricted_zone"": false, ""onboard_geofencing"": false, ""speed_limit_active"": false}"
2023-07-17 12:42:01.437,5237,13,"359159972073523",20,"{""key"": false, ""flip"": false, ""zone"": false, ""speed"": 3.6, ""buzzer"": 0, ""engine"": true, ""in_zone"": true, ""ignition"": true, ""latitude"": 42.644135, ""direction"": 118, ""longitude"": 18.0741632, ""gsm_signal"": 25, ""sleep_mode"": false, ""staff_mode"": false, ""fault_codes"": [], ""speed_limit"": 46, ""engine_hours"": 1591, ""idc_triggers"": [], ""buzzer_active"": false, ""fuel_level_avg"": 9, ""lock_geo_alert"": false, ""operation_mode"": ""RENT"", ""battery_voltage"": 14.699999809265137, ""in_primary_zone"": true, ""lock_engine_alert"": false, ""in_restricted_zone"": false, ""onboard_geofencing"": false, ""speed_limit_active"": false}"
2023-07-17 12:42:00.453,5237,13,"359159972073523",20,"{""key"": false, ""flip"": false, ""zone"": false, ""speed"": 4.5, ""buzzer"": 0, ""engine"": true, ""in_zone"": true, ""ignition"": true, ""latitude"": 42.64414, ""direction"": 98, ""longitude"": 18.0741516, ""gsm_signal"": 25, ""sleep_mode"": false, ""staff_mode"": false, ""fault_codes"": [], ""speed_limit"": 46, ""engine_hours"": 1591, ""idc_triggers"": [], ""buzzer_active"": false, ""fuel_level_avg"": 9, ""lock_geo_alert"": false, ""operation_mode"": ""RENT"", ""battery_voltage"": 14.699999809265137, ""in_primary_zone"": true, ""lock_engine_alert"": false, ""in_restricted_zone"": false, ""onboard_geofencing"": false, ""speed_limit_active"": false}"
2023-07-17 12:41:59.835,5237,13,"359159972073523",20,"{""key"": false, ""flip"": false, ""zone"": false, ""speed"": 7.1, ""buzzer"": 0, ""engine"": true, ""in_zone"": true, ""ignition"": true, ""latitude"": 42.644145, ""direction"": 92, ""longitude"": 18.0741332, ""gsm_signal"": 27, ""sleep_mode"": false, ""staff_mode"": false, ""fault_codes"": [], ""speed_limit"": 46, ""engine_hours"": 1591, ""idc_triggers"": [], ""buzzer_active"": false, ""fuel_level_avg"": 9, ""lock_geo_alert"": false, ""operation_mode"": ""RENT"", ""battery_voltage"": 14.699999809265137, ""in_primary_zone"": true, ""lock_engine_alert"": false, ""in_restricted_zone"": false, ""onboard_geofencing"": false, ""speed_limit_active"": false}"
2023-07-17 12:41:58.416,5237,13,"359159972073523",20,"{""key"": false, ""flip"": false, ""zone"": false, ""speed"": 4.1, ""buzzer"": 0, ""engine"": true, ""in_zone"": true, ""ignition"": true, ""latitude"": 42.6441466, ""direction"": 37, ""longitude"": 18.0741132, ""gsm_signal"": 27, ""sleep_mode"": false, ""staff_mode"": false, ""fault_codes"": [], ""speed_limit"": 46, ""engine_hours"": 1591, ""idc_triggers"": [], ""buzzer_active"": false, ""fuel_level_avg"": 9, ""lock_geo_alert"": false, ""operation_mode"": ""RENT"", ""battery_voltage"": 14.699999809265137, ""in_primary_zone"": true, ""lock_engine_alert"": false, ""in_restricted_zone"": false, ""onboard_geofencing"": false, ""speed_limit_active"": false}"
2023-07-17 12:41:57.437,5237,13,"359159972073523",20,"{""key"": false, ""flip"": false, ""zone"": false, ""speed"": 6.9, ""buzzer"": 0, ""engine"": true, ""in_zone"": true, ""ignition"": true, ""latitude"": 42.64414, ""direction"": 22, ""longitude"": 18.0741, ""gsm_signal"": 27, ""sleep_mode"": false, ""staff_mode"": false, ""fault_codes"": [], ""speed_limit"": 46, ""engine_hours"": 1591, ""idc_triggers"": [], ""buzzer_active"": false, ""fuel_level_avg"": 9, ""lock_geo_alert"": false, ""operation_mode"": ""RENT"", ""battery_voltage"": 14.699999809265137, ""in_primary_zone"": true, ""lock_engine_alert"": false, ""in_restricted_zone"": false, ""onboard_geofencing"": false, ""speed_limit_active"": false}"
2023-07-17 12:41:56.455,5237,13,"359159972073523",20,"{""key"": false, ""flip"": false, ""zone"": false, ""speed"": 12.3, ""buzzer"": 0, ""engine"": true, ""in_zone"": true, ""ignition"": true, ""latitude"": 42.6441233, ""direction"": 8, ""longitude"": 18.0740832, ""gsm_signal"": 27, ""sleep_mode"": false, ""staff_mode"": false, ""fault_codes"": [], ""speed_limit"": 46, ""engine_hours"": 1591, ""idc_triggers"": [], ""buzzer_active"": false, ""fuel_level_avg"": 9, ""lock_geo_alert"": false, ""operation_mode"": ""RENT"", ""battery_voltage"": 14.699999809265137, ""in_primary_zone"": true, ""lock_engine_alert"": false, ""in_restricted_zone"": false, ""onboard_geofencing"": false, ""speed_limit_active"": false}"
2023-07-17 12:41:55.875,5237,13,"359159972073523",20,"{""key"": false, ""flip"": false, ""zone"": false, ""speed"": 15.1, ""buzzer"": 0, ""engine"": true, ""in_zone"": true, ""ignition"": true, ""latitude"": 42.6440933, ""direction"": 328, ""longitude"": 18.0740732, ""gsm_signal"": 27, ""sleep_mode"": false, ""staff_mode"": false, ""fault_codes"": [], ""speed_limit"": 46, ""engine_hours"": 1591, ""idc_triggers"": [], ""buzzer_active"": false, ""fuel_level_avg"": 9, ""lock_geo_alert"": false, ""operation_mode"": ""RENT"", ""battery_voltage"": 14.699999809265137, ""in_primary_zone"": true, ""lock_engine_alert"": false, ""in_restricted_zone"": false, ""onboard_geofencing"": false, ""speed_limit_active"": false}"
2023-07-17 12:41:54.439,5237,13,"359159972073523",20,"{""key"": false, ""flip"": false, ""zone"": false, ""speed"": 11.7, ""buzzer"": 0, ""engine"": true, ""in_zone"": true, ""ignition"": true, ""latitude"": 42.6440666, ""direction"": 248, ""longitude"": 18.0740916, ""gsm_signal"": 27, ""sleep_mode"": false, ""staff_mode"": false, ""fault_codes"": [], ""speed_limit"": 46, ""engine_hours"": 1591, ""idc_triggers"": [], ""buzzer_active"": false, ""fuel_level_avg"": 9, ""lock_geo_alert"": false, ""operation_mode"": ""RENT"", ""battery_voltage"": 14.699999809265137, ""in_primary_zone"": true, ""lock_engine_alert"": false, ""in_restricted_zone"": false, ""onboard_geofencing"": false, ""speed_limit_active"": false}"
2023-07-17 12:41:53.435,5237,13,"359159972073523",20,"{""key"": false, ""flip"": false, ""zone"": false, ""speed"": 11.1, ""buzzer"": 0, ""engine"": true, ""in_zone"": true, ""ignition"": true, ""latitude"": 42.6440733, ""direction"": 176, ""longitude"": 18.0741232, ""gsm_signal"": 26, ""sleep_mode"": false, ""staff_mode"": false, ""fault_codes"": [], ""speed_limit"": 46, ""engine_hours"": 1591, ""idc_triggers"": [], ""buzzer_active"": false, ""fuel_level_avg"": 9, ""lock_geo_alert"": false, ""operation_mode"": ""RENT"", ""battery_voltage"": 14.699999809265137, ""in_primary_zone"": true, ""lock_engine_alert"": false, ""in_restricted_zone"": false, ""onboard_geofencing"": false, ""speed_limit_active"": false}"
2023-07-17 12:41:52.835,5237,13,"359159972073523",20,"{""key"": false, ""flip"": false, ""zone"": false, ""speed"": 12.8, ""buzzer"": 0, ""engine"": true, ""in_zone"": true, ""ignition"": true, ""latitude"": 42.6440983, ""direction"": 127, ""longitude"": 18.07412, ""gsm_signal"": 26, ""sleep_mode"": false, ""staff_mode"": false, ""fault_codes"": [], ""speed_limit"": 46, ""engine_hours"": 1591, ""idc_triggers"": [], ""buzzer_active"": false, ""fuel_level_avg"": 9, ""lock_geo_alert"": false, ""operation_mode"": ""RENT"", ""battery_voltage"": 14.699999809265137, ""in_primary_zone"": true, ""lock_engine_alert"": false, ""in_restricted_zone"": false, ""onboard_geofencing"": false, ""speed_limit_active"": false}"
2023-07-17 12:41:51.422,5237,13,"359159972073523",20,"{""key"": false, ""flip"": false, ""zone"": false, ""speed"": 15.1, ""buzzer"": 0, ""engine"": true, ""in_zone"": true, ""ignition"": true, ""latitude"": 42.6441166, ""direction"": 111, ""longitude"": 18.0740832, ""gsm_signal"": 26, ""sleep_mode"": false, ""staff_mode"": false, ""fault_codes"": [], ""speed_limit"": 46, ""engine_hours"": 1591, ""idc_triggers"": [], ""buzzer_active"": false, ""fuel_level_avg"": 9, ""lock_geo_alert"": false, ""operation_mode"": ""RENT"", ""battery_voltage"": 14.699999809265137, ""in_primary_zone"": true, ""lock_engine_alert"": false, ""in_restricted_zone"": false, ""onboard_geofencing"": false, ""speed_limit_active"": false}"
2023-07-17 12:41:50.437,5237,13,"359159972073523",20,"{""key"": false, ""flip"": false, ""zone"": false, ""speed"": 12.5, ""buzzer"": 0, ""engine"": true, ""in_zone"": true, ""ignition"": true, ""latitude"": 42.64413, ""direction"": 109, ""longitude"": 18.0740366, ""gsm_signal"": 26, ""sleep_mode"": false, ""staff_mode"": false, ""fault_codes"": [], ""speed_limit"": 46, ""engine_hours"": 1591, ""idc_triggers"": [], ""buzzer_active"": false, ""fuel_level_avg"": 9, ""lock_geo_alert"": false, ""operation_mode"": ""RENT"", ""battery_voltage"": 14.699999809265137, ""in_primary_zone"": true, ""lock_engine_alert"": false, ""in_restricted_zone"": false, ""onboard_geofencing"": false, ""speed_limit_active"": false}"
2023-07-17 12:41:49.441,5237,13,"359159972073523",20,"{""key"": false, ""flip"": false, ""zone"": false, ""speed"": 15.6, ""buzzer"": 0, ""engine"": true, ""in_zone"": true, ""ignition"": true, ""latitude"": 42.6441416, ""direction"": 107, ""longitude"": 18.073995, ""gsm_signal"": 26, ""sleep_mode"": false, ""staff_mode"": false, ""fault_codes"": [], ""speed_limit"": 46, ""engine_hours"": 1591, ""idc_triggers"": [], ""buzzer_active"": false, ""fuel_level_avg"": 9, ""lock_geo_alert"": false, ""operation_mode"": ""RENT"", ""battery_voltage"": 14.699999809265137, ""in_primary_zone"": true, ""lock_engine_alert"": false, ""in_restricted_zone"": false, ""onboard_geofencing"": false, ""speed_limit_active"": false}"
2023-07-17 12:41:48.840,5237,13,"359159972073523",20,"{""key"": false, ""flip"": false, ""zone"": false, ""speed"": 13.1, ""buzzer"": 0, ""engine"": true, ""in_zone"": true, ""ignition"": true, ""latitude"": 42.6441533, ""direction"": 112, ""longitude"": 18.0739466, ""gsm_signal"": 26, ""sleep_mode"": false, ""staff_mode"": false, ""fault_codes"": [], ""speed_limit"": 46, ""engine_hours"": 1591, ""idc_triggers"": [], ""buzzer_active"": false, ""fuel_level_avg"": 9, ""lock_geo_alert"": false, ""operation_mode"": ""RENT"", ""battery_voltage"": 14.699999809265137, ""in_primary_zone"": true, ""lock_engine_alert"": false, ""in_restricted_zone"": false, ""onboard_geofencing"": false, ""speed_limit_active"": false}"
2023-07-17 12:41:47.422,5237,13,"359159972073523",20,"{""key"": false, ""flip"": false, ""zone"": false, ""speed"": 18.6, ""buzzer"": 0, ""engine"": true, ""in_zone"": true, ""ignition"": true, ""latitude"": 42.6441666, ""direction"": 112, ""longitude"": 18.0739, ""gsm_signal"": 28, ""sleep_mode"": false, ""staff_mode"": false, ""fault_codes"": [], ""speed_limit"": 46, ""engine_hours"": 1591, ""idc_triggers"": [], ""buzzer_active"": false, ""fuel_level_avg"": 9, ""lock_geo_alert"": false, ""operation_mode"": ""RENT"", ""battery_voltage"": 14.699999809265137, ""in_primary_zone"": true, ""lock_engine_alert"": false, ""in_restricted_zone"": false, ""onboard_geofencing"": false, ""speed_limit_active"": false}"
2023-07-17 12:41:46.439,5237,13,"359159972073523",20,"{""key"": false, ""flip"": false, ""zone"": false, ""speed"": 26.1, ""buzzer"": 0, ""engine"": true, ""in_zone"": true, ""ignition"": true, ""latitude"": 42.644185, ""direction"": 108, ""longitude"": 18.0738332, ""gsm_signal"": 28, ""sleep_mode"": false, ""staff_mode"": false, ""fault_codes"": [], ""speed_limit"": 46, ""engine_hours"": 1591, ""idc_triggers"": [], ""buzzer_active"": false, ""fuel_level_avg"": 9, ""lock_geo_alert"": false, ""operation_mode"": ""RENT"", ""battery_voltage"": 14.699999809265137, ""in_primary_zone"": true, ""lock_engine_alert"": false, ""in_restricted_zone"": false, ""onboard_geofencing"": false, ""speed_limit_active"": false}"
2023-07-17 12:41:45.436,5237,13,"359159972073523",20,"{""key"": false, ""flip"": false, ""zone"": false, ""speed"": 34.6, ""buzzer"": 0, ""engine"": true, ""in_zone"": true, ""ignition"": true, ""latitude"": 42.6442083, ""direction"": 106, ""longitude"": 18.0737416, ""gsm_signal"": 28, ""sleep_mode"": false, ""staff_mode"": false, ""fault_codes"": [], ""speed_limit"": 46, ""engine_hours"": 1591, ""idc_triggers"": [], ""buzzer_active"": false, ""fuel_level_avg"": 9, ""lock_geo_alert"": false, ""operation_mode"": ""RENT"", ""battery_voltage"": 14.699999809265137, ""in_primary_zone"": true, ""lock_engine_alert"": false, ""in_restricted_zone"": false, ""onboard_geofencing"": false, ""speed_limit_active"": false}"
2023-07-17 12:41:44.999,5237,13,"359159972073523",20,"{""key"": false, ""flip"": false, ""zone"": false, ""speed"": 39.6, ""buzzer"": 0, ""engine"": true, ""in_zone"": true, ""ignition"": true, ""latitude"": 42.644235, ""direction"": 106, ""longitude"": 18.073625, ""gsm_signal"": 31, ""sleep_mode"": false, ""staff_mode"": false, ""fault_codes"": [], ""speed_limit"": 46, ""engine_hours"": 1591, ""idc_triggers"": [], ""buzzer_active"": false, ""fuel_level_avg"": 9, ""lock_geo_alert"": false, ""operation_mode"": ""RENT"", ""battery_voltage"": 14.699999809265137, ""in_primary_zone"": true, ""lock_engine_alert"": false, ""in_restricted_zone"": false, ""onboard_geofencing"": false, ""speed_limit_active"": false}"
2023-07-17 12:41:43.419,5237,13,"359159972073523",20,"{""key"": false, ""flip"": false, ""zone"": false, ""speed"": 34.6, ""buzzer"": 0, ""engine"": true, ""in_zone"": true, ""ignition"": true, ""latitude"": 42.6442616, ""direction"": 106, ""longitude"": 18.0735, ""gsm_signal"": 31, ""sleep_mode"": false, ""staff_mode"": false, ""fault_codes"": [], ""speed_limit"": 46, ""engine_hours"": 1591, ""idc_triggers"": [], ""buzzer_active"": false, ""fuel_level_avg"": 9, ""lock_geo_alert"": false, ""operation_mode"": ""RENT"", ""battery_voltage"": 14.699999809265137, ""in_primary_zone"": true, ""lock_engine_alert"": false, ""in_restricted_zone"": false, ""onboard_geofencing"": false, ""speed_limit_active"": false}"
2023-07-17 12:41:42.439,5237,13,"359159972073523",20,"{""key"": false, ""flip"": false, ""zone"": false, ""speed"": 33.7, ""buzzer"": 0, ""engine"": true, ""in_zone"": true, ""ignition"": true, ""latitude"": 42.6442866, ""direction"": 107, ""longitude"": 18.0733882, ""gsm_signal"": 31, ""sleep_mode"": false, ""staff_mode"": false, ""fault_codes"": [], ""speed_limit"": 46, ""engine_hours"": 1591, ""idc_triggers"": [], ""buzzer_active"": false, ""fuel_level_avg"": 9, ""lock_geo_alert"": false, ""operation_mode"": ""RENT"", ""battery_voltage"": 14.699999809265137, ""in_primary_zone"": true, ""lock_engine_alert"": false, ""in_restricted_zone"": false, ""onboard_geofencing"": false, ""speed_limit_active"": false}"
2023-07-17 12:41:41.450,5237,13,"359159972073523",20,"{""key"": false, ""flip"": false, ""zone"": false, ""speed"": 33.8, ""buzzer"": 0, ""engine"": true, ""in_zone"": true, ""ignition"": true, ""latitude"": 42.64431, ""direction"": 103, ""longitude"": 18.0732782, ""gsm_signal"": 31, ""sleep_mode"": false, ""staff_mode"": false, ""fault_codes"": [], ""speed_limit"": 46, ""engine_hours"": 1591, ""idc_triggers"": [], ""buzzer_active"": false, ""fuel_level_avg"": 9, ""lock_geo_alert"": false, ""operation_mode"": ""RENT"", ""battery_voltage"": 14.699999809265137, ""in_primary_zone"": true, ""lock_engine_alert"": false, ""in_restricted_zone"": false, ""onboard_geofencing"": false, ""speed_limit_active"": false}"
2023-07-17 12:41:40.478,5237,13,"359159972073523",20,"{""key"": false, ""flip"": false, ""zone"": false, ""speed"": 43.8, ""buzzer"": 0, ""engine"": true, ""in_zone"": true, ""ignition"": true, ""latitude"": 42.64433, ""direction"": 102, ""longitude"": 18.0731566, ""gsm_signal"": 31, ""sleep_mode"": false, ""staff_mode"": false, ""fault_codes"": [], ""speed_limit"": 46, ""engine_hours"": 1591, ""idc_triggers"": [], ""buzzer_active"": false, ""fuel_level_avg"": 9, ""lock_geo_alert"": false, ""operation_mode"": ""RENT"", ""battery_voltage"": 14.699999809265137, ""in_primary_zone"": true, ""lock_engine_alert"": false, ""in_restricted_zone"": false, ""onboard_geofencing"": false, ""speed_limit_active"": false}"
2023-07-17 12:41:39.843,5237,13,"359159972073523",20,"{""key"": false, ""flip"": false, ""zone"": false, ""speed"": 55.4, ""buzzer"": 0, ""engine"": true, ""in_zone"": true, ""ignition"": true, ""latitude"": 42.644355, ""direction"": 103, ""longitude"": 18.073, ""gsm_signal"": 31, ""sleep_mode"": false, ""staff_mode"": false, ""fault_codes"": [], ""speed_limit"": 46, ""engine_hours"": 1591, ""idc_triggers"": [], ""buzzer_active"": false, ""fuel_level_avg"": 9, ""lock_geo_alert"": false, ""operation_mode"": ""RENT"", ""battery_voltage"": 14.699999809265137, ""in_primary_zone"": true, ""lock_engine_alert"": false, ""in_restricted_zone"": false, ""onboard_geofencing"": false, ""speed_limit_active"": false}"
2023-07-17 12:41:38.415,5237,13,"359159972073523",20,"{""key"": false, ""flip"": false, ""zone"": false, ""speed"": 59.2, ""buzzer"": 0, ""engine"": true, ""in_zone"": true, ""ignition"": true, ""latitude"": 42.6443883, ""direction"": 103, ""longitude"": 18.0728132, ""gsm_signal"": 31, ""sleep_mode"": false, ""staff_mode"": false, ""fault_codes"": [], ""speed_limit"": 46, ""engine_hours"": 1591, ""idc_triggers"": [], ""buzzer_active"": false, ""fuel_level_avg"": 9, ""lock_geo_alert"": false, ""operation_mode"": ""RENT"", ""battery_voltage"": 14.699999809265137, ""in_primary_zone"": true, ""lock_engine_alert"": false, ""in_restricted_zone"": false, ""onboard_geofencing"": false, ""speed_limit_active"": false}"
2023-07-17 12:41:37.429,5237,13,"359159972073523",20,"{""key"": false, ""flip"": false, ""zone"": false, ""speed"": 59.3, ""buzzer"": 0, ""engine"": true, ""in_zone"": true, ""ignition"": true, ""latitude"": 42.6444233, ""direction"": 104, ""longitude"": 18.0726182, ""gsm_signal"": 31, ""sleep_mode"": false, ""staff_mode"": false, ""fault_codes"": [], ""speed_limit"": 46, ""engine_hours"": 1591, ""idc_triggers"": [], ""buzzer_active"": false, ""fuel_level_avg"": 9, ""lock_geo_alert"": false, ""operation_mode"": ""RENT"", ""battery_voltage"": 14.699999809265137, ""in_primary_zone"": true, ""lock_engine_alert"": false, ""in_restricted_zone"": false, ""onboard_geofencing"": false, ""speed_limit_active"": false}"
2023-07-17 12:41:36.421,5237,13,"359159972073523",20,"{""key"": false, ""flip"": false, ""zone"": false, ""speed"": 56.1, ""buzzer"": 0, ""engine"": true, ""in_zone"": true, ""ignition"": true, ""latitude"": 42.6444616, ""direction"": 105, ""longitude"": 18.0724266, ""gsm_signal"": 31, ""sleep_mode"": false, ""staff_mode"": false, ""fault_codes"": [], ""speed_limit"": 46, ""engine_hours"": 1591, ""idc_triggers"": [], ""buzzer_active"": false, ""fuel_level_avg"": 9, ""lock_geo_alert"": false, ""operation_mode"": ""RENT"", ""battery_voltage"": 14.699999809265137, ""in_primary_zone"": true, ""lock_engine_alert"": false, ""in_restricted_zone"": false, ""onboard_geofencing"": false, ""speed_limit_active"": false}"
2023-07-17 12:41:35.436,5237,13,"359159972073523",20,"{""key"": false, ""flip"": false, ""zone"": false, ""speed"": 52.8, ""buzzer"": 0, ""engine"": true, ""in_zone"": true, ""ignition"": true, ""latitude"": 42.6444983, ""direction"": 105, ""longitude"": 18.0722466, ""gsm_signal"": 31, ""sleep_mode"": false, ""staff_mode"": false, ""fault_codes"": [], ""speed_limit"": 46, ""engine_hours"": 1591, ""idc_triggers"": [], ""buzzer_active"": false, ""fuel_level_avg"": 9, ""lock_geo_alert"": false, ""operation_mode"": ""RENT"", ""battery_voltage"": 14.699999809265137, ""in_primary_zone"": true, ""lock_engine_alert"": false, ""in_restricted_zone"": false, ""onboard_geofencing"": false, ""speed_limit_active"": false}"
2023-07-17 12:41:34.456,5237,13,"359159972073523",20,"{""key"": false, ""flip"": false, ""zone"": false, ""speed"": 51.7, ""buzzer"": 0, ""engine"": true, ""in_zone"": true, ""ignition"": true, ""latitude"": 42.6445333, ""direction"": 105, ""longitude"": 18.072075, ""gsm_signal"": 31, ""sleep_mode"": false, ""staff_mode"": false, ""fault_codes"": [], ""speed_limit"": 46, ""engine_hours"": 1591, ""idc_triggers"": [], ""buzzer_active"": false, ""fuel_level_avg"": 9, ""lock_geo_alert"": false, ""operation_mode"": ""RENT"", ""battery_voltage"": 14.699999809265137, ""in_primary_zone"": true, ""lock_engine_alert"": false, ""in_restricted_zone"": false, ""onboard_geofencing"": false, ""speed_limit_active"": false}"
2023-07-17 12:41:33.838,5237,13,"359159972073523",20,"{""key"": false, ""flip"": false, ""zone"": false, ""speed"": 48.3, ""buzzer"": 0, ""engine"": true, ""in_zone"": true, ""ignition"": true, ""latitude"": 42.6445666, ""direction"": 105, ""longitude"": 18.07191, ""gsm_signal"": 31, ""sleep_mode"": false, ""staff_mode"": false, ""fault_codes"": [], ""speed_limit"": 46, ""engine_hours"": 1591, ""idc_triggers"": [], ""buzzer_active"": false, ""fuel_level_avg"": 9, ""lock_geo_alert"": false, ""operation_mode"": ""RENT"", ""battery_voltage"": 14.699999809265137, ""in_primary_zone"": true, ""lock_engine_alert"": false, ""in_restricted_zone"": false, ""onboard_geofencing"": false, ""speed_limit_active"": false}"
2023-07-17 12:41:32.416,5237,13,"359159972073523",20,"{""key"": false, ""flip"": false, ""zone"": false, ""speed"": 46.3, ""buzzer"": 0, ""engine"": true, ""in_zone"": true, ""ignition"": true, ""latitude"": 42.6445983, ""direction"": 105, ""longitude"": 18.0717532, ""gsm_signal"": 30, ""sleep_mode"": false, ""staff_mode"": false, ""fault_codes"": [], ""speed_limit"": 46, ""engine_hours"": 1591, ""idc_triggers"": [], ""buzzer_active"": false, ""fuel_level_avg"": 9, ""lock_geo_alert"": false, ""operation_mode"": ""RENT"", ""battery_voltage"": 14.699999809265137, ""in_primary_zone"": true, ""lock_engine_alert"": false, ""in_restricted_zone"": false, ""onboard_geofencing"": false, ""speed_limit_active"": false}"
2023-07-17 12:41:31.440,5237,13,"359159972073523",20,"{""key"": false, ""flip"": false, ""zone"": false, ""speed"": 43.1, ""buzzer"": 0, ""engine"": true, ""in_zone"": true, ""ignition"": true, ""latitude"": 42.64463, ""direction"": 106, ""longitude"": 18.071605, ""gsm_signal"": 30, ""sleep_mode"": false, ""staff_mode"": false, ""fault_codes"": [], ""speed_limit"": 46, ""engine_hours"": 1591, ""idc_triggers"": [], ""buzzer_active"": false, ""fuel_level_avg"": 9, ""lock_geo_alert"": false, ""operation_mode"": ""RENT"", ""battery_voltage"": 14.699999809265137, ""in_primary_zone"": true, ""lock_engine_alert"": false, ""in_restricted_zone"": false, ""onboard_geofencing"": false, ""speed_limit_active"": false}"
2023-07-17 12:41:30.452,5237,13,"359159972073523",20,"{""key"": false, ""flip"": false, ""zone"": false, ""speed"": 37.6, ""buzzer"": 0, ""engine"": true, ""in_zone"": true, ""ignition"": true, ""latitude"": 42.6446583, ""direction"": 105, ""longitude"": 18.07147, ""gsm_signal"": 30, ""sleep_mode"": false, ""staff_mode"": false, ""fault_codes"": [], ""speed_limit"": 46, ""engine_hours"": 1591, ""idc_triggers"": [], ""buzzer_active"": false, ""fuel_level_avg"": 9, ""lock_geo_alert"": false, ""operation_mode"": ""RENT"", ""battery_voltage"": 14.699999809265137, ""in_primary_zone"": true, ""lock_engine_alert"": false, ""in_restricted_zone"": false, ""onboard_geofencing"": false, ""speed_limit_active"": false}"
2023-07-17 12:41:29.837,5237,13,"359159972073523",20,"{""key"": false, ""flip"": false, ""zone"": false, ""speed"": 37.6, ""buzzer"": 0, ""engine"": true, ""in_zone"": true, ""ignition"": true, ""latitude"": 42.6446816, ""direction"": 103, ""longitude"": 18.0713466, ""gsm_signal"": 30, ""sleep_mode"": false, ""staff_mode"": false, ""fault_codes"": [], ""speed_limit"": 46, ""engine_hours"": 1591, ""idc_triggers"": [], ""buzzer_active"": false, ""fuel_level_avg"": 9, ""lock_geo_alert"": false, ""operation_mode"": ""RENT"", ""battery_voltage"": 14.699999809265137, ""in_primary_zone"": true, ""lock_engine_alert"": false, ""in_restricted_zone"": false, ""onboard_geofencing"": false, ""speed_limit_active"": false}"
2023-07-17 12:41:28.416,5237,13,"359159972073523",20,"{""key"": false, ""flip"": false, ""zone"": false, ""speed"": 35.7, ""buzzer"": 0, ""engine"": true, ""in_zone"": true, ""ignition"": true, ""latitude"": 42.644705, ""direction"": 105, ""longitude"": 18.071225, ""gsm_signal"": 30, ""sleep_mode"": false, ""staff_mode"": false, ""fault_codes"": [], ""speed_limit"": 46, ""engine_hours"": 1591, ""idc_triggers"": [], ""buzzer_active"": false, ""fuel_level_avg"": 9, ""lock_geo_alert"": false, ""operation_mode"": ""RENT"", ""battery_voltage"": 14.699999809265137, ""in_primary_zone"": true, ""lock_engine_alert"": false, ""in_restricted_zone"": false, ""onboard_geofencing"": false, ""speed_limit_active"": false}"
2023-07-17 12:41:27.438,5237,13,"359159972073523",20,"{""key"": false, ""flip"": false, ""zone"": false, ""speed"": 30.1, ""buzzer"": 0, ""engine"": true, ""in_zone"": true, ""ignition"": true, ""latitude"": 42.6447283, ""direction"": 107, ""longitude"": 18.0711132, ""gsm_signal"": 30, ""sleep_mode"": false, ""staff_mode"": false, ""fault_codes"": [], ""speed_limit"": 46, ""engine_hours"": 1591, ""idc_triggers"": [], ""buzzer_active"": false, ""fuel_level_avg"": 9, ""lock_geo_alert"": false, ""operation_mode"": ""RENT"", ""battery_voltage"": 14.699999809265137, ""in_primary_zone"": true, ""lock_engine_alert"": false, ""in_restricted_zone"": false, ""onboard_geofencing"": false, ""speed_limit_active"": false}"
2023-07-17 12:41:26.436,5237,13,"359159972073523",20,"{""key"": false, ""flip"": false, ""zone"": false, ""speed"": 29.0, ""buzzer"": 0, ""engine"": true, ""in_zone"": true, ""ignition"": true, ""latitude"": 42.6447516, ""direction"": 109, ""longitude"": 18.0710182, ""gsm_signal"": 31, ""sleep_mode"": false, ""staff_mode"": false, ""fault_codes"": [], ""speed_limit"": 46, ""engine_hours"": 1591, ""idc_triggers"": [], ""buzzer_active"": false, ""fuel_level_avg"": 9, ""lock_geo_alert"": false, ""operation_mode"": ""RENT"", ""battery_voltage"": 14.699999809265137, ""in_primary_zone"": true, ""lock_engine_alert"": false, ""in_restricted_zone"": false, ""onboard_geofencing"": false, ""speed_limit_active"": false}"
2023-07-17 12:41:25.835,5237,13,"359159972073523",20,"{""key"": false, ""flip"": false, ""zone"": false, ""speed"": 26.9, ""buzzer"": 0, ""engine"": true, ""in_zone"": true, ""ignition"": true, ""latitude"": 42.644775, ""direction"": 110, ""longitude"": 18.0709282, ""gsm_signal"": 31, ""sleep_mode"": false, ""staff_mode"": false, ""fault_codes"": [], ""speed_limit"": 46, ""engine_hours"": 1591, ""idc_triggers"": [], ""buzzer_active"": false, ""fuel_level_avg"": 9, ""lock_geo_alert"": false, ""operation_mode"": ""RENT"", ""battery_voltage"": 14.699999809265137, ""in_primary_zone"": true, ""lock_engine_alert"": false, ""in_restricted_zone"": false, ""onboard_geofencing"": false, ""speed_limit_active"": false}"
2023-07-17 12:41:24.423,5237,13,"359159972073523",20,"{""key"": false, ""flip"": false, ""zone"": false, ""speed"": 22.4, ""buzzer"": 0, ""engine"": true, ""in_zone"": true, ""ignition"": true, ""latitude"": 42.6447966, ""direction"": 111, ""longitude"": 18.0708466, ""gsm_signal"": 31, ""sleep_mode"": false, ""staff_mode"": false, ""fault_codes"": [], ""speed_limit"": 46, ""engine_hours"": 1591, ""idc_triggers"": [], ""buzzer_active"": false, ""fuel_level_avg"": 9, ""lock_geo_alert"": false, ""operation_mode"": ""RENT"", ""battery_voltage"": 14.699999809265137, ""in_primary_zone"": true, ""lock_engine_alert"": false, ""in_restricted_zone"": false, ""onboard_geofencing"": false, ""speed_limit_active"": false}"
2023-07-17 12:41:23.440,5237,13,"359159972073523",20,"{""key"": false, ""flip"": false, ""zone"": false, ""speed"": 22.5, ""buzzer"": 0, ""engine"": true, ""in_zone"": true, ""ignition"": true, ""latitude"": 42.6448166, ""direction"": 114, ""longitude"": 18.0707766, ""gsm_signal"": 31, ""sleep_mode"": false, ""staff_mode"": false, ""fault_codes"": [], ""speed_limit"": 46, ""engine_hours"": 1591, ""idc_triggers"": [], ""buzzer_active"": false, ""fuel_level_avg"": 9, ""lock_geo_alert"": false, ""operation_mode"": ""RENT"", ""battery_voltage"": 14.699999809265137, ""in_primary_zone"": true, ""lock_engine_alert"": false, ""in_restricted_zone"": false, ""onboard_geofencing"": false, ""speed_limit_active"": false}"
2023-07-17 12:41:22.438,5237,13,"359159972073523",20,"{""key"": false, ""flip"": false, ""zone"": false, ""speed"": 22.0, ""buzzer"": 0, ""engine"": true, ""in_zone"": true, ""ignition"": true, ""latitude"": 42.64484, ""direction"": 118, ""longitude"": 18.0707082, ""gsm_signal"": 31, ""sleep_mode"": false, ""staff_mode"": false, ""fault_codes"": [], ""speed_limit"": 46, ""engine_hours"": 1591, ""idc_triggers"": [], ""buzzer_active"": false, ""fuel_level_avg"": 9, ""lock_geo_alert"": false, ""operation_mode"": ""RENT"", ""battery_voltage"": 14.699999809265137, ""in_primary_zone"": true, ""lock_engine_alert"": false, ""in_restricted_zone"": false, ""onboard_geofencing"": false, ""speed_limit_active"": false}"
2023-07-17 12:41:21.838,5237,13,"359159972073523",20,"{""key"": false, ""flip"": false, ""zone"": false, ""speed"": 22.2, ""buzzer"": 0, ""engine"": true, ""in_zone"": true, ""ignition"": true, ""latitude"": 42.6448666, ""direction"": 118, ""longitude"": 18.0706432, ""gsm_signal"": 31, ""sleep_mode"": false, ""staff_mode"": false, ""fault_codes"": [], ""speed_limit"": 46, ""engine_hours"": 1591, ""idc_triggers"": [], ""buzzer_active"": false, ""fuel_level_avg"": 9, ""lock_geo_alert"": false, ""operation_mode"": ""RENT"", ""battery_voltage"": 14.699999809265137, ""in_primary_zone"": true, ""lock_engine_alert"": false, ""in_restricted_zone"": false, ""onboard_geofencing"": false, ""speed_limit_active"": false}"
2023-07-17 12:41:20.417,5237,13,"359159972073523",20,"{""key"": false, ""flip"": false, ""zone"": false, ""speed"": 23.8, ""buzzer"": 0, ""engine"": true, ""in_zone"": true, ""ignition"": true, ""latitude"": 42.6448933, ""direction"": 117, ""longitude"": 18.0705766, ""gsm_signal"": 30, ""sleep_mode"": false, ""staff_mode"": false, ""fault_codes"": [], ""speed_limit"": 46, ""engine_hours"": 1591, ""idc_triggers"": [], ""buzzer_active"": false, ""fuel_level_avg"": 9, ""lock_geo_alert"": false, ""operation_mode"": ""RENT"", ""battery_voltage"": 14.699999809265137, ""in_primary_zone"": true, ""lock_engine_alert"": false, ""in_restricted_zone"": false, ""onboard_geofencing"": false, ""speed_limit_active"": false}"
2023-07-17 12:41:19.440,5237,13,"359159972073523",20,"{""key"": false, ""flip"": false, ""zone"": false, ""speed"": 21.1, ""buzzer"": 0, ""engine"": true, ""in_zone"": true, ""ignition"": true, ""latitude"": 42.64492, ""direction"": 120, ""longitude"": 18.0705082, ""gsm_signal"": 30, ""sleep_mode"": false, ""staff_mode"": false, ""fault_codes"": [], ""speed_limit"": 46, ""engine_hours"": 1591, ""idc_triggers"": [], ""buzzer_active"": false, ""fuel_level_avg"": 9, ""lock_geo_alert"": false, ""operation_mode"": ""RENT"", ""battery_voltage"": 14.699999809265137, ""in_primary_zone"": true, ""lock_engine_alert"": false, ""in_restricted_zone"": false, ""onboard_geofencing"": false, ""speed_limit_active"": false}"
2023-07-17 12:41:18.442,5237,13,"359159972073523",20,"{""key"": false, ""flip"": false, ""zone"": false, ""speed"": 19.0, ""buzzer"": 0, ""engine"": true, ""in_zone"": true, ""ignition"": true, ""latitude"": 42.6449466, ""direction"": 123, ""longitude"": 18.07045, ""gsm_signal"": 30, ""sleep_mode"": false, ""staff_mode"": false, ""fault_codes"": [], ""speed_limit"": 46, ""engine_hours"": 1591, ""idc_triggers"": [], ""buzzer_active"": false, ""fuel_level_avg"": 9, ""lock_geo_alert"": false, ""operation_mode"": ""RENT"", ""battery_voltage"": 14.699999809265137, ""in_primary_zone"": true, ""lock_engine_alert"": false, ""in_restricted_zone"": false, ""onboard_geofencing"": false, ""speed_limit_active"": false}"
2023-07-17 12:41:17.835,5237,13,"359159972073523",20,"{""key"": false, ""flip"": false, ""zone"": false, ""speed"": 16.0, ""buzzer"": 0, ""engine"": true, ""in_zone"": true, ""ignition"": true, ""latitude"": 42.6449716, ""direction"": 124, ""longitude"": 18.0703982, ""gsm_signal"": 28, ""sleep_mode"": false, ""staff_mode"": false, ""fault_codes"": [], ""speed_limit"": 46, ""engine_hours"": 1591, ""idc_triggers"": [], ""buzzer_active"": false, ""fuel_level_avg"": 9, ""lock_geo_alert"": false, ""operation_mode"": ""RENT"", ""battery_voltage"": 14.699999809265137, ""in_primary_zone"": true, ""lock_engine_alert"": false, ""in_restricted_zone"": false, ""onboard_geofencing"": false, ""speed_limit_active"": false}"
2023-07-17 12:41:16.415,5237,13,"359159972073523",20,"{""key"": false, ""flip"": false, ""zone"": false, ""speed"": 20.4, ""buzzer"": 0, ""engine"": true, ""in_zone"": true, ""ignition"": true, ""latitude"": 42.6449966, ""direction"": 125, ""longitude"": 18.07035, ""gsm_signal"": 28, ""sleep_mode"": false, ""staff_mode"": false, ""fault_codes"": [], ""speed_limit"": 46, ""engine_hours"": 1591, ""idc_triggers"": [], ""buzzer_active"": false, ""fuel_level_avg"": 9, ""lock_geo_alert"": false, ""operation_mode"": ""RENT"", ""battery_voltage"": 14.699999809265137, ""in_primary_zone"": true, ""lock_engine_alert"": false, ""in_restricted_zone"": false, ""onboard_geofencing"": false, ""speed_limit_active"": false}"
2023-07-17 12:41:15.778,5237,13,"359159972073523",20,"{""key"": false, ""flip"": false, ""zone"": false, ""speed"": 26.7, ""buzzer"": 0, ""engine"": true, ""in_zone"": true, ""ignition"": true, ""latitude"": 42.6450283, ""direction"": 123, ""longitude"": 18.0702882, ""gsm_signal"": 28, ""sleep_mode"": false, ""staff_mode"": false, ""fault_codes"": [], ""speed_limit"": 46, ""engine_hours"": 1591, ""idc_triggers"": [], ""buzzer_active"": false, ""fuel_level_avg"": 9, ""lock_geo_alert"": false, ""operation_mode"": ""RENT"", ""battery_voltage"": 14.699999809265137, ""in_primary_zone"": true, ""lock_engine_alert"": false, ""in_restricted_zone"": false, ""onboard_geofencing"": false, ""speed_limit_active"": false}"
2023-07-17 12:41:14.836,5237,13,"359159972073523",20,"{""key"": false, ""flip"": false, ""zone"": false, ""speed"": 34.7, ""buzzer"": 0, ""engine"": true, ""in_zone"": true, ""ignition"": true, ""latitude"": 42.6450666, ""direction"": 118, ""longitude"": 18.070205, ""gsm_signal"": 28, ""sleep_mode"": false, ""staff_mode"": false, ""fault_codes"": [], ""speed_limit"": 46, ""engine_hours"": 1591, ""idc_triggers"": [], ""buzzer_active"": false, ""fuel_level_avg"": 9, ""lock_geo_alert"": false, ""operation_mode"": ""RENT"", ""battery_voltage"": 14.800000190734863, ""in_primary_zone"": true, ""lock_engine_alert"": false, ""in_restricted_zone"": false, ""onboard_geofencing"": false, ""speed_limit_active"": false}"
2023-07-17 12:41:13.414,5237,13,"359159972073523",20,"{""key"": false, ""flip"": false, ""zone"": false, ""speed"": 42.9, ""buzzer"": 0, ""engine"": true, ""in_zone"": true, ""ignition"": true, ""latitude"": 42.6451083, ""direction"": 115, ""longitude"": 18.0700932, ""gsm_signal"": 28, ""sleep_mode"": false, ""staff_mode"": false, ""fault_codes"": [], ""speed_limit"": 46, ""engine_hours"": 1591, ""idc_triggers"": [], ""buzzer_active"": false, ""fuel_level_avg"": 9, ""lock_geo_alert"": false, ""operation_mode"": ""RENT"", ""battery_voltage"": 14.800000190734863, ""in_primary_zone"": true, ""lock_engine_alert"": false, ""in_restricted_zone"": false, ""onboard_geofencing"": false, ""speed_limit_active"": false}"
2023-07-17 12:41:12.435,5237,13,"359159972073523",20,"{""key"": false, ""flip"": false, ""zone"": false, ""speed"": 42.0, ""buzzer"": 0, ""engine"": true, ""in_zone"": true, ""ignition"": true, ""latitude"": 42.645155, ""direction"": 116, ""longitude"": 18.0699632, ""gsm_signal"": 28, ""sleep_mode"": false, ""staff_mode"": false, ""fault_codes"": [], ""speed_limit"": 46, ""engine_hours"": 1591, ""idc_triggers"": [], ""buzzer_active"": false, ""fuel_level_avg"": 9, ""lock_geo_alert"": false, ""operation_mode"": ""RENT"", ""battery_voltage"": 14.800000190734863, ""in_primary_zone"": true, ""lock_engine_alert"": false, ""in_restricted_zone"": false, ""onboard_geofencing"": false, ""speed_limit_active"": false}"
2023-07-17 12:41:11.459,5237,13,"359159972073523",20,"{""key"": false, ""flip"": false, ""zone"": false, ""speed"": 43.8, ""buzzer"": 0, ""engine"": true, ""in_zone"": true, ""ignition"": true, ""latitude"": 42.6452033, ""direction"": 118, ""longitude"": 18.069835, ""gsm_signal"": 28, ""sleep_mode"": false, ""staff_mode"": false, ""fault_codes"": [], ""speed_limit"": 46, ""engine_hours"": 1591, ""idc_triggers"": [], ""buzzer_active"": false, ""fuel_level_avg"": 9, ""lock_geo_alert"": false, ""operation_mode"": ""RENT"", ""battery_voltage"": 14.800000190734863, ""in_primary_zone"": true, ""lock_engine_alert"": false, ""in_restricted_zone"": false, ""onboard_geofencing"": false, ""speed_limit_active"": false}"
2023-07-17 12:41:10.876,5237,13,"359159972073523",20,"{""key"": false, ""flip"": false, ""zone"": false, ""speed"": 46.0, ""buzzer"": 0, ""engine"": true, ""in_zone"": true, ""ignition"": true, ""latitude"": 42.645255, ""direction"": 118, ""longitude"": 18.0697032, ""gsm_signal"": 28, ""sleep_mode"": false, ""staff_mode"": false, ""fault_codes"": [], ""speed_limit"": 46, ""engine_hours"": 1591, ""idc_triggers"": [], ""buzzer_active"": false, ""fuel_level_avg"": 9, ""lock_geo_alert"": false, ""operation_mode"": ""RENT"", ""battery_voltage"": 14.800000190734863, ""in_primary_zone"": true, ""lock_engine_alert"": false, ""in_restricted_zone"": false, ""onboard_geofencing"": false, ""speed_limit_active"": false}"
2023-07-17 12:41:09.437,5237,13,"359159972073523",20,"{""key"": false, ""flip"": false, ""zone"": false, ""speed"": 50.5, ""buzzer"": 0, ""engine"": true, ""in_zone"": true, ""ignition"": true, ""latitude"": 42.6453116, ""direction"": 118, ""longitude"": 18.0695616, ""gsm_signal"": 28, ""sleep_mode"": false, ""staff_mode"": false, ""fault_codes"": [], ""speed_limit"": 46, ""engine_hours"": 1591, ""idc_triggers"": [], ""buzzer_active"": false, ""fuel_level_avg"": 9, ""lock_geo_alert"": false, ""operation_mode"": ""RENT"", ""battery_voltage"": 14.800000190734863, ""in_primary_zone"": true, ""lock_engine_alert"": false, ""in_restricted_zone"": false, ""onboard_geofencing"": false, ""speed_limit_active"": false}"
2023-07-17 12:41:08.451,5237,13,"359159972073523",20,"{""key"": false, ""flip"": false, ""zone"": false, ""speed"": 48.5, ""buzzer"": 0, ""engine"": true, ""in_zone"": true, ""ignition"": true, ""latitude"": 42.6453716, ""direction"": 119, ""longitude"": 18.069415, ""gsm_signal"": 28, ""sleep_mode"": false, ""staff_mode"": false, ""fault_codes"": [], ""speed_limit"": 46, ""engine_hours"": 1591, ""idc_triggers"": [], ""buzzer_active"": false, ""fuel_level_avg"": 9, ""lock_geo_alert"": false, ""operation_mode"": ""RENT"", ""battery_voltage"": 14.800000190734863, ""in_primary_zone"": true, ""lock_engine_alert"": false, ""in_restricted_zone"": false, ""onboard_geofencing"": false, ""speed_limit_active"": false}"
2023-07-17 12:41:07.834,5237,13,"359159972073523",20,"{""key"": false, ""flip"": false, ""zone"": false, ""speed"": 47.0, ""buzzer"": 0, ""engine"": true, ""in_zone"": true, ""ignition"": true, ""latitude"": 42.64543, ""direction"": 120, ""longitude"": 18.0692732, ""gsm_signal"": 28, ""sleep_mode"": false, ""staff_mode"": false, ""fault_codes"": [], ""speed_limit"": 46, ""engine_hours"": 1591, ""idc_triggers"": [], ""buzzer_active"": false, ""fuel_level_avg"": 9, ""lock_geo_alert"": false, ""operation_mode"": ""RENT"", ""battery_voltage"": 14.800000190734863, ""in_primary_zone"": true, ""lock_engine_alert"": false, ""in_restricted_zone"": false, ""onboard_geofencing"": false, ""speed_limit_active"": false}"
2023-07-17 12:41:06.417,5237,13,"359159972073523",20,"{""key"": false, ""flip"": false, ""zone"": false, ""speed"": 40.2, ""buzzer"": 0, ""engine"": true, ""in_zone"": true, ""ignition"": true, ""latitude"": 42.6454866, ""direction"": 120, ""longitude"": 18.0691416, ""gsm_signal"": 28, ""sleep_mode"": false, ""staff_mode"": false, ""fault_codes"": [], ""speed_limit"": 46, ""engine_hours"": 1591, ""idc_triggers"": [], ""buzzer_active"": false, ""fuel_level_avg"": 9, ""lock_geo_alert"": false, ""operation_mode"": ""RENT"", ""battery_voltage"": 14.800000190734863, ""in_primary_zone"": true, ""lock_engine_alert"": false, ""in_restricted_zone"": false, ""onboard_geofencing"": false, ""speed_limit_active"": false}"
2023-07-17 12:41:05.416,5237,13,"359159972073523",20,"{""key"": false, ""flip"": false, ""zone"": false, ""speed"": 34.7, ""buzzer"": 0, ""engine"": true, ""in_zone"": true, ""ignition"": true, ""latitude"": 42.6455383, ""direction"": 122, ""longitude"": 18.06903, ""gsm_signal"": 30, ""sleep_mode"": false, ""staff_mode"": false, ""fault_codes"": [], ""speed_limit"": 46, ""engine_hours"": 1591, ""idc_triggers"": [], ""buzzer_active"": false, ""fuel_level_avg"": 9, ""lock_geo_alert"": false, ""operation_mode"": ""RENT"", ""battery_voltage"": 14.800000190734863, ""in_primary_zone"": true, ""lock_engine_alert"": false, ""in_restricted_zone"": false, ""onboard_geofencing"": false, ""speed_limit_active"": false}"
2023-07-17 12:41:04.456,5237,13,"359159972073523",20,"{""key"": false, ""flip"": false, ""zone"": false, ""speed"": 28.8, ""buzzer"": 0, ""engine"": true, ""in_zone"": true, ""ignition"": true, ""latitude"": 42.6455816, ""direction"": 121, ""longitude"": 18.0689366, ""gsm_signal"": 30, ""sleep_mode"": false, ""staff_mode"": false, ""fault_codes"": [], ""speed_limit"": 46, ""engine_hours"": 1591, ""idc_triggers"": [], ""buzzer_active"": false, ""fuel_level_avg"": 9, ""lock_geo_alert"": false, ""operation_mode"": ""RENT"", ""battery_voltage"": 14.800000190734863, ""in_primary_zone"": true, ""lock_engine_alert"": false, ""in_restricted_zone"": false, ""onboard_geofencing"": false, ""speed_limit_active"": false}"
2023-07-17 12:41:03.434,5237,13,"359159972073523",20,"{""key"": false, ""flip"": false, ""zone"": false, ""speed"": 37.5, ""buzzer"": 0, ""engine"": true, ""in_zone"": true, ""ignition"": true, ""latitude"": 42.6456233, ""direction"": 120, ""longitude"": 18.068845, ""gsm_signal"": 30, ""sleep_mode"": false, ""staff_mode"": false, ""fault_codes"": [], ""speed_limit"": 46, ""engine_hours"": 1591, ""idc_triggers"": [], ""buzzer_active"": false, ""fuel_level_avg"": 9, ""lock_geo_alert"": false, ""operation_mode"": ""RENT"", ""battery_voltage"": 14.800000190734863, ""in_primary_zone"": true, ""lock_engine_alert"": false, ""in_restricted_zone"": false, ""onboard_geofencing"": false, ""speed_limit_active"": false}"
2023-07-17 12:41:02.838,5237,13,"359159972073523",20,"{""key"": false, ""flip"": false, ""zone"": false, ""speed"": 38.1, ""buzzer"": 0, ""engine"": true, ""in_zone"": true, ""ignition"": true, ""latitude"": 42.6456716, ""direction"": 122, ""longitude"": 18.0687366, ""gsm_signal"": 30, ""sleep_mode"": false, ""staff_mode"": false, ""fault_codes"": [], ""speed_limit"": 46, ""engine_hours"": 1591, ""idc_triggers"": [], ""buzzer_active"": false, ""fuel_level_avg"": 9, ""lock_geo_alert"": false, ""operation_mode"": ""RENT"", ""battery_voltage"": 14.800000190734863, ""in_primary_zone"": true, ""lock_engine_alert"": false, ""in_restricted_zone"": false, ""onboard_geofencing"": false, ""speed_limit_active"": false}"
2023-07-17 12:41:01.418,5237,13,"359159972073523",20,"{""key"": false, ""flip"": false, ""zone"": false, ""speed"": 37.3, ""buzzer"": 0, ""engine"": true, ""in_zone"": true, ""ignition"": true, ""latitude"": 42.6457216, ""direction"": 121, ""longitude"": 18.0686266, ""gsm_signal"": 30, ""sleep_mode"": false, ""staff_mode"": false, ""fault_codes"": [], ""speed_limit"": 46, ""engine_hours"": 1591, ""idc_triggers"": [], ""buzzer_active"": false, ""fuel_level_avg"": 9, ""lock_geo_alert"": false, ""operation_mode"": ""RENT"", ""battery_voltage"": 14.800000190734863, ""in_primary_zone"": true, ""lock_engine_alert"": false, ""in_restricted_zone"": false, ""onboard_geofencing"": false, ""speed_limit_active"": false}"
2023-07-17 12:41:00.418,5237,13,"359159972073523",20,"{""key"": false, ""flip"": false, ""zone"": false, ""speed"": 38.3, ""buzzer"": 0, ""engine"": true, ""in_zone"": true, ""ignition"": true, ""latitude"": 42.6457716, ""direction"": 120, ""longitude"": 18.0685182, ""gsm_signal"": 30, ""sleep_mode"": false, ""staff_mode"": false, ""fault_codes"": [], ""speed_limit"": 46, ""engine_hours"": 1591, ""idc_triggers"": [], ""buzzer_active"": false, ""fuel_level_avg"": 9, ""lock_geo_alert"": false, ""operation_mode"": ""RENT"", ""battery_voltage"": 14.800000190734863, ""in_primary_zone"": true, ""lock_engine_alert"": false, ""in_restricted_zone"": false, ""onboard_geofencing"": false, ""speed_limit_active"": false}"
2023-07-17 12:40:59.419,5237,13,"359159972073523",20,"{""key"": false, ""flip"": false, ""zone"": false, ""speed"": 38.6, ""buzzer"": 0, ""engine"": true, ""in_zone"": true, ""ignition"": true, ""latitude"": 42.64582, ""direction"": 119, ""longitude"": 18.068405, ""gsm_signal"": 27, ""sleep_mode"": false, ""staff_mode"": false, ""fault_codes"": [], ""speed_limit"": 46, ""engine_hours"": 1591, ""idc_triggers"": [], ""buzzer_active"": false, ""fuel_level_avg"": 9, ""lock_geo_alert"": false, ""operation_mode"": ""RENT"", ""battery_voltage"": 14.800000190734863, ""in_primary_zone"": true, ""lock_engine_alert"": false, ""in_restricted_zone"": false, ""onboard_geofencing"": false, ""speed_limit_active"": false}"
2023-07-17 12:40:58.439,5237,13,"359159972073523",20,"{""key"": false, ""flip"": false, ""zone"": false, ""speed"": 32.8, ""buzzer"": 0, ""engine"": true, ""in_zone"": true, ""ignition"": true, ""latitude"": 42.6458633, ""direction"": 113, ""longitude"": 18.0682932, ""gsm_signal"": 27, ""sleep_mode"": false, ""staff_mode"": false, ""fault_codes"": [], ""speed_limit"": 46, ""engine_hours"": 1591, ""idc_triggers"": [], ""buzzer_active"": false, ""fuel_level_avg"": 9, ""lock_geo_alert"": false, ""operation_mode"": ""RENT"", ""battery_voltage"": 14.800000190734863, ""in_primary_zone"": true, ""lock_engine_alert"": false, ""in_restricted_zone"": false, ""onboard_geofencing"": false, ""speed_limit_active"": false}"
2023-07-17 12:40:57.436,5237,13,"359159972073523",20,"{""key"": false, ""flip"": false, ""zone"": false, ""speed"": 23.9, ""buzzer"": 0, ""engine"": true, ""in_zone"": true, ""ignition"": true, ""latitude"": 42.6458916, ""direction"": 105, ""longitude"": 18.0681982, ""gsm_signal"": 27, ""sleep_mode"": false, ""staff_mode"": false, ""fault_codes"": [], ""speed_limit"": 46, ""engine_hours"": 1591, ""idc_triggers"": [], ""buzzer_active"": false, ""fuel_level_avg"": 9, ""lock_geo_alert"": false, ""operation_mode"": ""RENT"", ""battery_voltage"": 14.800000190734863, ""in_primary_zone"": true, ""lock_engine_alert"": false, ""in_restricted_zone"": false, ""onboard_geofencing"": false, ""speed_limit_active"": false}"
2023-07-17 12:40:56.836,5237,13,"359159972073523",20,"{""key"": false, ""flip"": false, ""zone"": false, ""speed"": 14.4, ""buzzer"": 0, ""engine"": true, ""in_zone"": true, ""ignition"": true, ""latitude"": 42.6459066, ""direction"": 109, ""longitude"": 18.0681282, ""gsm_signal"": 29, ""sleep_mode"": false, ""staff_mode"": false, ""fault_codes"": [], ""speed_limit"": 46, ""engine_hours"": 1591, ""idc_triggers"": [], ""buzzer_active"": false, ""fuel_level_avg"": 9, ""lock_geo_alert"": false, ""operation_mode"": ""RENT"", ""battery_voltage"": 14.800000190734863, ""in_primary_zone"": true, ""lock_engine_alert"": false, ""in_restricted_zone"": false, ""onboard_geofencing"": false, ""speed_limit_active"": false}"
2023-07-17 12:40:55.414,5237,13,"359159972073523",20,"{""key"": false, ""flip"": false, ""zone"": false, ""speed"": 11.6, ""buzzer"": 0, ""engine"": true, ""in_zone"": true, ""ignition"": true, ""latitude"": 42.6459183, ""direction"": 105, ""longitude"": 18.068085, ""gsm_signal"": 29, ""sleep_mode"": false, ""staff_mode"": false, ""fault_codes"": [], ""speed_limit"": 46, ""engine_hours"": 1591, ""idc_triggers"": [], ""buzzer_active"": false, ""fuel_level_avg"": 9, ""lock_geo_alert"": false, ""operation_mode"": ""RENT"", ""battery_voltage"": 14.800000190734863, ""in_primary_zone"": true, ""lock_engine_alert"": false, ""in_restricted_zone"": false, ""onboard_geofencing"": false, ""speed_limit_active"": false}"
2023-07-17 12:40:54.417,5237,13,"359159972073523",20,"{""key"": false, ""flip"": false, ""zone"": false, ""speed"": 9.0, ""buzzer"": 0, ""engine"": true, ""in_zone"": true, ""ignition"": true, ""latitude"": 42.6459233, ""direction"": 83, ""longitude"": 18.06805, ""gsm_signal"": 29, ""sleep_mode"": false, ""staff_mode"": false, ""fault_codes"": [], ""speed_limit"": 46, ""engine_hours"": 1591, ""idc_triggers"": [], ""buzzer_active"": false, ""fuel_level_avg"": 9, ""lock_geo_alert"": false, ""operation_mode"": ""RENT"", ""battery_voltage"": 14.800000190734863, ""in_primary_zone"": true, ""lock_engine_alert"": false, ""in_restricted_zone"": false, ""onboard_geofencing"": false, ""speed_limit_active"": false}"
2023-07-17 12:40:53.433,5237,13,"359159972073523",20,"{""key"": false, ""flip"": false, ""zone"": false, ""speed"": 15.0, ""buzzer"": 0, ""engine"": true, ""in_zone"": true, ""ignition"": true, ""latitude"": 42.64592, ""direction"": 74, ""longitude"": 18.068015, ""gsm_signal"": 30, ""sleep_mode"": false, ""staff_mode"": false, ""fault_codes"": [], ""speed_limit"": 46, ""engine_hours"": 1591, ""idc_triggers"": [], ""buzzer_active"": false, ""fuel_level_avg"": 9, ""lock_geo_alert"": false, ""operation_mode"": ""RENT"", ""battery_voltage"": 14.800000190734863, ""in_primary_zone"": true, ""lock_engine_alert"": false, ""in_restricted_zone"": false, ""onboard_geofencing"": false, ""speed_limit_active"": false}"
2023-07-17 12:40:52.438,5237,13,"359159972073523",20,"{""key"": false, ""flip"": false, ""zone"": false, ""speed"": 23.0, ""buzzer"": 0, ""engine"": true, ""in_zone"": true, ""ignition"": true, ""latitude"": 42.6459083, ""direction"": 70, ""longitude"": 18.0679582, ""gsm_signal"": 30, ""sleep_mode"": false, ""staff_mode"": false, ""fault_codes"": [], ""speed_limit"": 46, ""engine_hours"": 1591, ""idc_triggers"": [], ""buzzer_active"": false, ""fuel_level_avg"": 9, ""lock_geo_alert"": false, ""operation_mode"": ""RENT"", ""battery_voltage"": 14.800000190734863, ""in_primary_zone"": true, ""lock_engine_alert"": false, ""in_restricted_zone"": false, ""onboard_geofencing"": false, ""speed_limit_active"": false}"
2023-07-17 12:40:51.838,5237,13,"359159972073523",20,"{""key"": false, ""flip"": false, ""zone"": false, ""speed"": 31.1, ""buzzer"": 0, ""engine"": true, ""in_zone"": true, ""ignition"": true, ""latitude"": 42.6458866, ""direction"": 69, ""longitude"": 18.0678766, ""gsm_signal"": 30, ""sleep_mode"": false, ""staff_mode"": false, ""fault_codes"": [], ""speed_limit"": 46, ""engine_hours"": 1591, ""idc_triggers"": [], ""buzzer_active"": false, ""fuel_level_avg"": 9, ""lock_geo_alert"": false, ""operation_mode"": ""RENT"", ""battery_voltage"": 14.800000190734863, ""in_primary_zone"": true, ""lock_engine_alert"": false, ""in_restricted_zone"": false, ""onboard_geofencing"": false, ""speed_limit_active"": false}"
2023-07-17 12:40:50.415,5237,13,"359159972073523",20,"{""key"": false, ""flip"": false, ""zone"": false, ""speed"": 31.6, ""buzzer"": 0, ""engine"": true, ""in_zone"": true, ""ignition"": true, ""latitude"": 42.6458566, ""direction"": 63, ""longitude"": 18.0677782, ""gsm_signal"": 31, ""sleep_mode"": false, ""staff_mode"": false, ""fault_codes"": [], ""speed_limit"": 46, ""engine_hours"": 1591, ""idc_triggers"": [], ""buzzer_active"": false, ""fuel_level_avg"": 9, ""lock_geo_alert"": false, ""operation_mode"": ""RENT"", ""battery_voltage"": 14.800000190734863, ""in_primary_zone"": true, ""lock_engine_alert"": false, ""in_restricted_zone"": false, ""onboard_geofencing"": false, ""speed_limit_active"": false}"
2023-07-17 12:40:49.436,5237,13,"359159972073523",20,"{""key"": false, ""flip"": false, ""zone"": false, ""speed"": 28.2, ""buzzer"": 0, ""engine"": true, ""in_zone"": true, ""ignition"": true, ""latitude"": 42.6458233, ""direction"": 64, ""longitude"": 18.0676866, ""gsm_signal"": 31, ""sleep_mode"": false, ""staff_mode"": false, ""fault_codes"": [], ""speed_limit"": 46, ""engine_hours"": 1591, ""idc_triggers"": [], ""buzzer_active"": false, ""fuel_level_avg"": 9, ""lock_geo_alert"": false, ""operation_mode"": ""RENT"", ""battery_voltage"": 14.800000190734863, ""in_primary_zone"": true, ""lock_engine_alert"": false, ""in_restricted_zone"": false, ""onboard_geofencing"": false, ""speed_limit_active"": false}"
2023-07-17 12:40:48.435,5237,13,"359159972073523",20,"{""key"": false, ""flip"": false, ""zone"": false, ""speed"": 26.8, ""buzzer"": 0, ""engine"": true, ""in_zone"": true, ""ignition"": true, ""latitude"": 42.645795, ""direction"": 70, ""longitude"": 18.0676, ""gsm_signal"": 31, ""sleep_mode"": false, ""staff_mode"": false, ""fault_codes"": [], ""speed_limit"": 46, ""engine_hours"": 1591, ""idc_triggers"": [], ""buzzer_active"": false, ""fuel_level_avg"": 9, ""lock_geo_alert"": false, ""operation_mode"": ""RENT"", ""battery_voltage"": 14.800000190734863, ""in_primary_zone"": true, ""lock_engine_alert"": false, ""in_restricted_zone"": false, ""onboard_geofencing"": false, ""speed_limit_active"": false}"
2023-07-17 12:40:47.838,5237,13,"359159972073523",20,"{""key"": false, ""flip"": false, ""zone"": false, ""speed"": 24.7, ""buzzer"": 0, ""engine"": true, ""in_zone"": true, ""ignition"": true, ""latitude"": 42.645775, ""direction"": 77, ""longitude"": 18.067515, ""gsm_signal"": 31, ""sleep_mode"": false, ""staff_mode"": false, ""fault_codes"": [], ""speed_limit"": 46, ""engine_hours"": 1591, ""idc_triggers"": [], ""buzzer_active"": false, ""fuel_level_avg"": 9, ""lock_geo_alert"": false, ""operation_mode"": ""RENT"", ""battery_voltage"": 14.800000190734863, ""in_primary_zone"": true, ""lock_engine_alert"": false, ""in_restricted_zone"": false, ""onboard_geofencing"": false, ""speed_limit_active"": false}"
2023-07-17 12:40:46.414,5237,13,"359159972073523",20,"{""key"": false, ""flip"": false, ""zone"": false, ""speed"": 22.1, ""buzzer"": 0, ""engine"": true, ""in_zone"": true, ""ignition"": true, ""latitude"": 42.645765, ""direction"": 88, ""longitude"": 18.0674366, ""gsm_signal"": 31, ""sleep_mode"": false, ""staff_mode"": false, ""fault_codes"": [], ""speed_limit"": 46, ""engine_hours"": 1591, ""idc_triggers"": [], ""buzzer_active"": false, ""fuel_level_avg"": 9, ""lock_geo_alert"": false, ""operation_mode"": ""RENT"", ""battery_voltage"": 14.800000190734863, ""in_primary_zone"": true, ""lock_engine_alert"": false, ""in_restricted_zone"": false, ""onboard_geofencing"": false, ""speed_limit_active"": false}"
2023-07-17 12:40:45.416,5237,13,"359159972073523",20,"{""key"": false, ""flip"": false, ""zone"": false, ""speed"": 24.2, ""buzzer"": 0, ""engine"": true, ""in_zone"": true, ""ignition"": true, ""latitude"": 42.645765, ""direction"": 98, ""longitude"": 18.06736, ""gsm_signal"": 31, ""sleep_mode"": false, ""staff_mode"": false, ""fault_codes"": [], ""speed_limit"": 46, ""engine_hours"": 1591, ""idc_triggers"": [], ""buzzer_active"": false, ""fuel_level_avg"": 9, ""lock_geo_alert"": false, ""operation_mode"": ""RENT"", ""battery_voltage"": 14.800000190734863, ""in_primary_zone"": true, ""lock_engine_alert"": false, ""in_restricted_zone"": false, ""onboard_geofencing"": false, ""speed_limit_active"": false}"
2023-07-17 12:40:44.434,5237,13,"359159972073523",20,"{""key"": false, ""flip"": false, ""zone"": false, ""speed"": 23.2, ""buzzer"": 0, ""engine"": true, ""in_zone"": true, ""ignition"": true, ""latitude"": 42.6457766, ""direction"": 108, ""longitude"": 18.06728, ""gsm_signal"": 31, ""sleep_mode"": false, ""staff_mode"": false, ""fault_codes"": [], ""speed_limit"": 46, ""engine_hours"": 1591, ""idc_triggers"": [], ""buzzer_active"": false, ""fuel_level_avg"": 9, ""lock_geo_alert"": false, ""operation_mode"": ""RENT"", ""battery_voltage"": 14.800000190734863, ""in_primary_zone"": true, ""lock_engine_alert"": false, ""in_restricted_zone"": false, ""onboard_geofencing"": false, ""speed_limit_active"": false}"
2023-07-17 12:40:43.459,5237,13,"359159972073523",20,"{""key"": false, ""flip"": false, ""zone"": false, ""speed"": 22.4, ""buzzer"": 0, ""engine"": true, ""in_zone"": true, ""ignition"": true, ""latitude"": 42.6457966, ""direction"": 115, ""longitude"": 18.0672066, ""gsm_signal"": 31, ""sleep_mode"": false, ""staff_mode"": false, ""fault_codes"": [], ""speed_limit"": 46, ""engine_hours"": 1591, ""idc_triggers"": [], ""buzzer_active"": false, ""fuel_level_avg"": 9, ""lock_geo_alert"": false, ""operation_mode"": ""RENT"", ""battery_voltage"": 14.800000190734863, ""in_primary_zone"": true, ""lock_engine_alert"": false, ""in_restricted_zone"": false, ""onboard_geofencing"": false, ""speed_limit_active"": false}"
2023-07-17 12:40:42.838,5237,13,"359159972073523",20,"{""key"": false, ""flip"": false, ""zone"": false, ""speed"": 21.3, ""buzzer"": 0, ""engine"": true, ""in_zone"": true, ""ignition"": true, ""latitude"": 42.6458216, ""direction"": 118, ""longitude"": 18.0671382, ""gsm_signal"": 31, ""sleep_mode"": false, ""staff_mode"": false, ""fault_codes"": [], ""speed_limit"": 46, ""engine_hours"": 1591, ""idc_triggers"": [], ""buzzer_active"": false, ""fuel_level_avg"": 9, ""lock_geo_alert"": false, ""operation_mode"": ""RENT"", ""battery_voltage"": 14.800000190734863, ""in_primary_zone"": true, ""lock_engine_alert"": false, ""in_restricted_zone"": false, ""onboard_geofencing"": false, ""speed_limit_active"": false}"
2023-07-17 12:40:41.416,5237,13,"359159972073523",20,"{""key"": false, ""flip"": false, ""zone"": false, ""speed"": 27.2, ""buzzer"": 0, ""engine"": true, ""in_zone"": true, ""ignition"": true, ""latitude"": 42.6458483, ""direction"": 117, ""longitude"": 18.06707, ""gsm_signal"": 30, ""sleep_mode"": false, ""staff_mode"": false, ""fault_codes"": [], ""speed_limit"": 46, ""engine_hours"": 1591, ""idc_triggers"": [], ""buzzer_active"": false, ""fuel_level_avg"": 9, ""lock_geo_alert"": false, ""operation_mode"": ""RENT"", ""battery_voltage"": 14.800000190734863, ""in_primary_zone"": true, ""lock_engine_alert"": false, ""in_restricted_zone"": false, ""onboard_geofencing"": false, ""speed_limit_active"": false}"
2023-07-17 12:40:40.436,5237,13,"359159972073523",20,"{""key"": false, ""flip"": false, ""zone"": false, ""speed"": 26.6, ""buzzer"": 0, ""engine"": true, ""in_zone"": true, ""ignition"": true, ""latitude"": 42.64588, ""direction"": 118, ""longitude"": 18.0669882, ""gsm_signal"": 30, ""sleep_mode"": false, ""staff_mode"": false, ""fault_codes"": [], ""speed_limit"": 46, ""engine_hours"": 1591, ""idc_triggers"": [], ""buzzer_active"": false, ""fuel_level_avg"": 9, ""lock_geo_alert"": false, ""operation_mode"": ""RENT"", ""battery_voltage"": 14.800000190734863, ""in_primary_zone"": true, ""lock_engine_alert"": false, ""in_restricted_zone"": false, ""onboard_geofencing"": false, ""speed_limit_active"": false}"
2023-07-17 12:40:39.440,5237,13,"359159972073523",20,"{""key"": false, ""flip"": false, ""zone"": false, ""speed"": 30.7, ""buzzer"": 0, ""engine"": true, ""in_zone"": true, ""ignition"": true, ""latitude"": 42.6459116, ""direction"": 113, ""longitude"": 18.066905, ""gsm_signal"": 30, ""sleep_mode"": false, ""staff_mode"": false, ""fault_codes"": [], ""speed_limit"": 46, ""engine_hours"": 1591, ""idc_triggers"": [], ""buzzer_active"": false, ""fuel_level_avg"": 9, ""lock_geo_alert"": false, ""operation_mode"": ""RENT"", ""battery_voltage"": 14.800000190734863, ""in_primary_zone"": true, ""lock_engine_alert"": false, ""in_restricted_zone"": false, ""onboard_geofencing"": false, ""speed_limit_active"": false}"
2023-07-17 12:40:38.836,5237,13,"359159972073523",20,"{""key"": false, ""flip"": false, ""zone"": false, ""speed"": 40.3, ""buzzer"": 0, ""engine"": true, ""in_zone"": true, ""ignition"": true, ""latitude"": 42.645945, ""direction"": 112, ""longitude"": 18.0668, ""gsm_signal"": 30, ""sleep_mode"": false, ""staff_mode"": false, ""fault_codes"": [], ""speed_limit"": 46, ""engine_hours"": 1591, ""idc_triggers"": [], ""buzzer_active"": false, ""fuel_level_avg"": 9, ""lock_geo_alert"": false, ""operation_mode"": ""RENT"", ""battery_voltage"": 14.800000190734863, ""in_primary_zone"": true, ""lock_engine_alert"": false, ""in_restricted_zone"": false, ""onboard_geofencing"": false, ""speed_limit_active"": false}"
2023-07-17 12:40:37.414,5237,13,"359159972073523",20,"{""key"": false, ""flip"": false, ""zone"": false, ""speed"": 50.1, ""buzzer"": 0, ""engine"": true, ""in_zone"": true, ""ignition"": true, ""latitude"": 42.6459883, ""direction"": 114, ""longitude"": 18.066665, ""gsm_signal"": 30, ""sleep_mode"": false, ""staff_mode"": false, ""fault_codes"": [], ""speed_limit"": 46, ""engine_hours"": 1591, ""idc_triggers"": [], ""buzzer_active"": false, ""fuel_level_avg"": 9, ""lock_geo_alert"": false, ""operation_mode"": ""RENT"", ""battery_voltage"": 14.800000190734863, ""in_primary_zone"": true, ""lock_engine_alert"": false, ""in_restricted_zone"": false, ""onboard_geofencing"": false, ""speed_limit_active"": false}"
2023-07-17 12:40:36.417,5237,13,"359159972073523",20,"{""key"": false, ""flip"": false, ""zone"": false, ""speed"": 49.5, ""buzzer"": 0, ""engine"": true, ""in_zone"": true, ""ignition"": true, ""latitude"": 42.64604, ""direction"": 114, ""longitude"": 18.06651, ""gsm_signal"": 30, ""sleep_mode"": false, ""staff_mode"": false, ""fault_codes"": [], ""speed_limit"": 46, ""engine_hours"": 1591, ""idc_triggers"": [], ""buzzer_active"": false, ""fuel_level_avg"": 9, ""lock_geo_alert"": false, ""operation_mode"": ""RENT"", ""battery_voltage"": 14.800000190734863, ""in_primary_zone"": true, ""lock_engine_alert"": false, ""in_restricted_zone"": false, ""onboard_geofencing"": false, ""speed_limit_active"": false}"
2023-07-17 12:40:35.434,5237,13,"359159972073523",20,"{""key"": false, ""flip"": false, ""zone"": false, ""speed"": 47.5, ""buzzer"": 0, ""engine"": true, ""in_zone"": true, ""ignition"": true, ""latitude"": 42.64609, ""direction"": 111, ""longitude"": 18.0663582, ""gsm_signal"": 28, ""sleep_mode"": false, ""staff_mode"": false, ""fault_codes"": [], ""speed_limit"": 46, ""engine_hours"": 1591, ""idc_triggers"": [], ""buzzer_active"": false, ""fuel_level_avg"": 9, ""lock_geo_alert"": false, ""operation_mode"": ""RENT"", ""battery_voltage"": 14.800000190734863, ""in_primary_zone"": true, ""lock_engine_alert"": false, ""in_restricted_zone"": false, ""onboard_geofencing"": false, ""speed_limit_active"": false}"
2023-07-17 12:40:34.457,5237,13,"359159972073523",20,"{""key"": false, ""flip"": false, ""zone"": false, ""speed"": 53.3, ""buzzer"": 0, ""engine"": true, ""in_zone"": true, ""ignition"": true, ""latitude"": 42.6461366, ""direction"": 112, ""longitude"": 18.0662032, ""gsm_signal"": 28, ""sleep_mode"": false, ""staff_mode"": false, ""fault_codes"": [], ""speed_limit"": 46, ""engine_hours"": 1591, ""idc_triggers"": [], ""buzzer_active"": false, ""fuel_level_avg"": 9, ""lock_geo_alert"": false, ""operation_mode"": ""RENT"", ""battery_voltage"": 14.800000190734863, ""in_primary_zone"": true, ""lock_engine_alert"": false, ""in_restricted_zone"": false, ""onboard_geofencing"": false, ""speed_limit_active"": false}"
2023-07-17 12:40:33.838,5237,13,"359159972073523",20,"{""key"": false, ""flip"": false, ""zone"": false, ""speed"": 61.1, ""buzzer"": 0, ""engine"": true, ""in_zone"": true, ""ignition"": true, ""latitude"": 42.64619, ""direction"": 113, ""longitude"": 18.06603, ""gsm_signal"": 28, ""sleep_mode"": false, ""staff_mode"": false, ""fault_codes"": [], ""speed_limit"": 46, ""engine_hours"": 1591, ""idc_triggers"": [], ""buzzer_active"": false, ""fuel_level_avg"": 9, ""lock_geo_alert"": false, ""operation_mode"": ""RENT"", ""battery_voltage"": 14.800000190734863, ""in_primary_zone"": true, ""lock_engine_alert"": false, ""in_restricted_zone"": false, ""onboard_geofencing"": false, ""speed_limit_active"": false}"
2023-07-17 12:40:32.435,5237,13,"359159972073523",20,"{""key"": false, ""flip"": false, ""zone"": false, ""speed"": 58.0, ""buzzer"": 0, ""engine"": true, ""in_zone"": true, ""ignition"": true, ""latitude"": 42.64625, ""direction"": 113, ""longitude"": 18.0658416, ""gsm_signal"": 27, ""sleep_mode"": false, ""staff_mode"": false, ""fault_codes"": [], ""speed_limit"": 46, ""engine_hours"": 1591, ""idc_triggers"": [], ""buzzer_active"": false, ""fuel_level_avg"": 9, ""lock_geo_alert"": false, ""operation_mode"": ""RENT"", ""battery_voltage"": 14.800000190734863, ""in_primary_zone"": true, ""lock_engine_alert"": false, ""in_restricted_zone"": false, ""onboard_geofencing"": false, ""speed_limit_active"": false}"
2023-07-17 12:40:31.439,5237,13,"359159972073523",20,"{""key"": false, ""flip"": false, ""zone"": false, ""speed"": 55.6, ""buzzer"": 0, ""engine"": true, ""in_zone"": true, ""ignition"": true, ""latitude"": 42.64631, ""direction"": 116, ""longitude"": 18.065665, ""gsm_signal"": 27, ""sleep_mode"": false, ""staff_mode"": false, ""fault_codes"": [], ""speed_limit"": 46, ""engine_hours"": 1591, ""idc_triggers"": [], ""buzzer_active"": false, ""fuel_level_avg"": 9, ""lock_geo_alert"": false, ""operation_mode"": ""RENT"", ""battery_voltage"": 14.800000190734863, ""in_primary_zone"": true, ""lock_engine_alert"": false, ""in_restricted_zone"": false, ""onboard_geofencing"": false, ""speed_limit_active"": false}"
2023-07-17 12:40:30.537,5237,13,"359159972073523",20,"{""key"": false, ""flip"": false, ""zone"": false, ""speed"": 52.8, ""buzzer"": 0, ""engine"": true, ""in_zone"": true, ""ignition"": true, ""latitude"": 42.64637, ""direction"": 114, ""longitude"": 18.0654982, ""gsm_signal"": 27, ""sleep_mode"": false, ""staff_mode"": false, ""fault_codes"": [], ""speed_limit"": 46, ""engine_hours"": 1591, ""idc_triggers"": [], ""buzzer_active"": false, ""fuel_level_avg"": 9, ""lock_geo_alert"": false, ""operation_mode"": ""RENT"", ""battery_voltage"": 14.800000190734863, ""in_primary_zone"": true, ""lock_engine_alert"": false, ""in_restricted_zone"": false, ""onboard_geofencing"": false, ""speed_limit_active"": false}"
2023-07-17 12:40:29.835,5237,13,"359159972073523",20,"{""key"": false, ""flip"": false, ""zone"": false, ""speed"": 49.6, ""buzzer"": 0, ""engine"": true, ""in_zone"": true, ""ignition"": true, ""latitude"": 42.646425, ""direction"": 114, ""longitude"": 18.0653382, ""gsm_signal"": 27, ""sleep_mode"": false, ""staff_mode"": false, ""fault_codes"": [], ""speed_limit"": 46, ""engine_hours"": 1591, ""idc_triggers"": [], ""buzzer_active"": false, ""fuel_level_avg"": 9, ""lock_geo_alert"": false, ""operation_mode"": ""RENT"", ""battery_voltage"": 14.800000190734863, ""in_primary_zone"": true, ""lock_engine_alert"": false, ""in_restricted_zone"": false, ""onboard_geofencing"": false, ""speed_limit_active"": false}"
2023-07-17 12:40:28.415,5237,13,"359159972073523",20,"{""key"": false, ""flip"": false, ""zone"": false, ""speed"": 44.9, ""buzzer"": 0, ""engine"": true, ""in_zone"": true, ""ignition"": true, ""latitude"": 42.646475, ""direction"": 114, ""longitude"": 18.06519, ""gsm_signal"": 27, ""sleep_mode"": false, ""staff_mode"": false, ""fault_codes"": [], ""speed_limit"": 46, ""engine_hours"": 1591, ""idc_triggers"": [], ""buzzer_active"": false, ""fuel_level_avg"": 9, ""lock_geo_alert"": false, ""operation_mode"": ""RENT"", ""battery_voltage"": 14.800000190734863, ""in_primary_zone"": true, ""lock_engine_alert"": false, ""in_restricted_zone"": false, ""onboard_geofencing"": false, ""speed_limit_active"": false}"
2023-07-17 12:40:27.437,5237,13,"359159972073523",20,"{""key"": false, ""flip"": false, ""zone"": false, ""speed"": 45.1, ""buzzer"": 0, ""engine"": true, ""in_zone"": true, ""ignition"": true, ""latitude"": 42.6465233, ""direction"": 115, ""longitude"": 18.0650516, ""gsm_signal"": 27, ""sleep_mode"": false, ""staff_mode"": false, ""fault_codes"": [], ""speed_limit"": 46, ""engine_hours"": 1591, ""idc_triggers"": [], ""buzzer_active"": false, ""fuel_level_avg"": 9, ""lock_geo_alert"": false, ""operation_mode"": ""RENT"", ""battery_voltage"": 14.800000190734863, ""in_primary_zone"": true, ""lock_engine_alert"": false, ""in_restricted_zone"": false, ""onboard_geofencing"": false, ""speed_limit_active"": false}"
2023-07-17 12:40:26.433,5237,13,"359159972073523",20,"{""key"": false, ""flip"": false, ""zone"": false, ""speed"": 41.6, ""buzzer"": 0, ""engine"": true, ""in_zone"": true, ""ignition"": true, ""latitude"": 42.6465716, ""direction"": 117, ""longitude"": 18.0649166, ""gsm_signal"": 27, ""sleep_mode"": false, ""staff_mode"": false, ""fault_codes"": [], ""speed_limit"": 46, ""engine_hours"": 1591, ""idc_triggers"": [], ""buzzer_active"": false, ""fuel_level_avg"": 9, ""lock_geo_alert"": false, ""operation_mode"": ""RENT"", ""battery_voltage"": 14.800000190734863, ""in_primary_zone"": true, ""lock_engine_alert"": false, ""in_restricted_zone"": false, ""onboard_geofencing"": false, ""speed_limit_active"": false}"
2023-07-17 12:40:25.835,5237,13,"359159972073523",20,"{""key"": false, ""flip"": false, ""zone"": false, ""speed"": 39.7, ""buzzer"": 0, ""engine"": true, ""in_zone"": true, ""ignition"": true, ""latitude"": 42.64662, ""direction"": 116, ""longitude"": 18.0647932, ""gsm_signal"": 27, ""sleep_mode"": false, ""staff_mode"": false, ""fault_codes"": [], ""speed_limit"": 46, ""engine_hours"": 1591, ""idc_triggers"": [], ""buzzer_active"": false, ""fuel_level_avg"": 9, ""lock_geo_alert"": false, ""operation_mode"": ""RENT"", ""battery_voltage"": 14.800000190734863, ""in_primary_zone"": true, ""lock_engine_alert"": false, ""in_restricted_zone"": false, ""onboard_geofencing"": false, ""speed_limit_active"": false}"
2023-07-17 12:40:24.419,5237,13,"359159972073523",20,"{""key"": false, ""flip"": false, ""zone"": false, ""speed"": 40.0, ""buzzer"": 0, ""engine"": true, ""in_zone"": true, ""ignition"": true, ""latitude"": 42.646665, ""direction"": 116, ""longitude"": 18.0646716, ""gsm_signal"": 27, ""sleep_mode"": false, ""staff_mode"": false, ""fault_codes"": [], ""speed_limit"": 46, ""engine_hours"": 1591, ""idc_triggers"": [], ""buzzer_active"": false, ""fuel_level_avg"": 9, ""lock_geo_alert"": false, ""operation_mode"": ""RENT"", ""battery_voltage"": 14.800000190734863, ""in_primary_zone"": true, ""lock_engine_alert"": false, ""in_restricted_zone"": false, ""onboard_geofencing"": false, ""speed_limit_active"": false}"
2023-07-17 12:40:23.434,5237,13,"359159972073523",20,"{""key"": false, ""flip"": false, ""zone"": false, ""speed"": 43.3, ""buzzer"": 0, ""engine"": true, ""in_zone"": true, ""ignition"": true, ""latitude"": 42.64671, ""direction"": 115, ""longitude"": 18.0645466, ""gsm_signal"": 26, ""sleep_mode"": false, ""staff_mode"": false, ""fault_codes"": [], ""speed_limit"": 46, ""engine_hours"": 1591, ""idc_triggers"": [], ""buzzer_active"": false, ""fuel_level_avg"": 9, ""lock_geo_alert"": false, ""operation_mode"": ""RENT"", ""battery_voltage"": 14.800000190734863, ""in_primary_zone"": true, ""lock_engine_alert"": false, ""in_restricted_zone"": false, ""onboard_geofencing"": false, ""speed_limit_active"": false}"
2023-07-17 12:40:22.444,5237,13,"359159972073523",20,"{""key"": false, ""flip"": false, ""zone"": false, ""speed"": 42.9, ""buzzer"": 0, ""engine"": true, ""in_zone"": true, ""ignition"": true, ""latitude"": 42.6467566, ""direction"": 116, ""longitude"": 18.064415, ""gsm_signal"": 26, ""sleep_mode"": false, ""staff_mode"": false, ""fault_codes"": [], ""speed_limit"": 46, ""engine_hours"": 1591, ""idc_triggers"": [], ""buzzer_active"": false, ""fuel_level_avg"": 9, ""lock_geo_alert"": false, ""operation_mode"": ""RENT"", ""battery_voltage"": 14.800000190734863, ""in_primary_zone"": true, ""lock_engine_alert"": false, ""in_restricted_zone"": false, ""onboard_geofencing"": false, ""speed_limit_active"": false}"
2023-07-17 12:40:21.837,5237,13,"359159972073523",20,"{""key"": false, ""flip"": false, ""zone"": false, ""speed"": 38.7, ""buzzer"": 0, ""engine"": true, ""in_zone"": true, ""ignition"": true, ""latitude"": 42.6468033, ""direction"": 117, ""longitude"": 18.0642866, ""gsm_signal"": 26, ""sleep_mode"": false, ""staff_mode"": false, ""fault_codes"": [], ""speed_limit"": 46, ""engine_hours"": 1591, ""idc_triggers"": [], ""buzzer_active"": false, ""fuel_level_avg"": 9, ""lock_geo_alert"": false, ""operation_mode"": ""RENT"", ""battery_voltage"": 14.800000190734863, ""in_primary_zone"": true, ""lock_engine_alert"": false, ""in_restricted_zone"": false, ""onboard_geofencing"": false, ""speed_limit_active"": false}"
2023-07-17 12:40:20.416,5237,13,"359159972073523",20,"{""key"": false, ""flip"": false, ""zone"": false, ""speed"": 34.0, ""buzzer"": 0, ""engine"": true, ""in_zone"": true, ""ignition"": true, ""latitude"": 42.6468483, ""direction"": 119, ""longitude"": 18.064175, ""gsm_signal"": 26, ""sleep_mode"": false, ""staff_mode"": false, ""fault_codes"": [], ""speed_limit"": 46, ""engine_hours"": 1591, ""idc_triggers"": [], ""buzzer_active"": false, ""fuel_level_avg"": 9, ""lock_geo_alert"": false, ""operation_mode"": ""RENT"", ""battery_voltage"": 14.800000190734863, ""in_primary_zone"": true, ""lock_engine_alert"": false, ""in_restricted_zone"": false, ""onboard_geofencing"": false, ""speed_limit_active"": false}"
2023-07-17 12:40:19.455,5237,13,"359159972073523",20,"{""key"": false, ""flip"": false, ""zone"": false, ""speed"": 35.3, ""buzzer"": 0, ""engine"": true, ""in_zone"": true, ""ignition"": true, ""latitude"": 42.64689, ""direction"": 121, ""longitude"": 18.064075, ""gsm_signal"": 26, ""sleep_mode"": false, ""staff_mode"": false, ""fault_codes"": [], ""speed_limit"": 46, ""engine_hours"": 1591, ""idc_triggers"": [], ""buzzer_active"": false, ""fuel_level_avg"": 9, ""lock_geo_alert"": false, ""operation_mode"": ""RENT"", ""battery_voltage"": 14.800000190734863, ""in_primary_zone"": true, ""lock_engine_alert"": false, ""in_restricted_zone"": false, ""onboard_geofencing"": false, ""speed_limit_active"": false}"
2023-07-17 12:40:18.437,5237,13,"359159972073523",20,"{""key"": false, ""flip"": false, ""zone"": false, ""speed"": 36.7, ""buzzer"": 0, ""engine"": true, ""in_zone"": true, ""ignition"": true, ""latitude"": 42.6469366, ""direction"": 119, ""longitude"": 18.06397, ""gsm_signal"": 26, ""sleep_mode"": false, ""staff_mode"": false, ""fault_codes"": [], ""speed_limit"": 46, ""engine_hours"": 1591, ""idc_triggers"": [], ""buzzer_active"": false, ""fuel_level_avg"": 9, ""lock_geo_alert"": false, ""operation_mode"": ""RENT"", ""battery_voltage"": 14.800000190734863, ""in_primary_zone"": true, ""lock_engine_alert"": false, ""in_restricted_zone"": false, ""onboard_geofencing"": false, ""speed_limit_active"": false}"
2023-07-17 12:40:17.836,5237,13,"359159972073523",20,"{""key"": false, ""flip"": false, ""zone"": false, ""speed"": 36.3, ""buzzer"": 0, ""engine"": true, ""in_zone"": true, ""ignition"": true, ""latitude"": 42.6469816, ""direction"": 119, ""longitude"": 18.0638616, ""gsm_signal"": 27, ""sleep_mode"": false, ""staff_mode"": false, ""fault_codes"": [], ""speed_limit"": 46, ""engine_hours"": 1591, ""idc_triggers"": [], ""buzzer_active"": false, ""fuel_level_avg"": 9, ""lock_geo_alert"": false, ""operation_mode"": ""RENT"", ""battery_voltage"": 14.800000190734863, ""in_primary_zone"": true, ""lock_engine_alert"": false, ""in_restricted_zone"": false, ""onboard_geofencing"": false, ""speed_limit_active"": false}"
2023-07-17 12:40:16.416,5237,13,"359159972073523",20,"{""key"": false, ""flip"": false, ""zone"": false, ""speed"": 36.4, ""buzzer"": 0, ""engine"": true, ""in_zone"": true, ""ignition"": true, ""latitude"": 42.6470266, ""direction"": 120, ""longitude"": 18.0637566, ""gsm_signal"": 27, ""sleep_mode"": false, ""staff_mode"": false, ""fault_codes"": [], ""speed_limit"": 46, ""engine_hours"": 1591, ""idc_triggers"": [], ""buzzer_active"": false, ""fuel_level_avg"": 9, ""lock_geo_alert"": false, ""operation_mode"": ""RENT"", ""battery_voltage"": 14.800000190734863, ""in_primary_zone"": true, ""lock_engine_alert"": false, ""in_restricted_zone"": false, ""onboard_geofencing"": false, ""speed_limit_active"": false}"
2023-07-17 12:40:15.427,5237,13,"359159972073523",20,"{""key"": false, ""flip"": false, ""zone"": false, ""speed"": 33.8, ""buzzer"": 0, ""engine"": true, ""in_zone"": true, ""ignition"": true, ""latitude"": 42.6470733, ""direction"": 121, ""longitude"": 18.0636516, ""gsm_signal"": 27, ""sleep_mode"": false, ""staff_mode"": false, ""fault_codes"": [], ""speed_limit"": 46, ""engine_hours"": 1591, ""idc_triggers"": [], ""buzzer_active"": false, ""fuel_level_avg"": 9, ""lock_geo_alert"": false, ""operation_mode"": ""RENT"", ""battery_voltage"": 14.800000190734863, ""in_primary_zone"": true, ""lock_engine_alert"": false, ""in_restricted_zone"": false, ""onboard_geofencing"": false, ""speed_limit_active"": false}"
2023-07-17 12:40:14.435,5237,13,"359159972073523",20,"{""key"": false, ""flip"": false, ""zone"": false, ""speed"": 33.8, ""buzzer"": 0, ""engine"": true, ""in_zone"": true, ""ignition"": true, ""latitude"": 42.6471166, ""direction"": 121, ""longitude"": 18.0635532, ""gsm_signal"": 27, ""sleep_mode"": false, ""staff_mode"": false, ""fault_codes"": [], ""speed_limit"": 46, ""engine_hours"": 1591, ""idc_triggers"": [], ""buzzer_active"": false, ""fuel_level_avg"": 9, ""lock_geo_alert"": false, ""operation_mode"": ""RENT"", ""battery_voltage"": 14.800000190734863, ""in_primary_zone"": true, ""lock_engine_alert"": false, ""in_restricted_zone"": false, ""onboard_geofencing"": false, ""speed_limit_active"": false}"
2023-07-17 12:40:13.437,5237,13,"359159972073523",20,"{""key"": false, ""flip"": false, ""zone"": false, ""speed"": 26.5, ""buzzer"": 0, ""engine"": true, ""in_zone"": true, ""ignition"": true, ""latitude"": 42.64716, ""direction"": 124, ""longitude"": 18.0634616, ""gsm_signal"": 27, ""sleep_mode"": false, ""staff_mode"": false, ""fault_codes"": [], ""speed_limit"": 46, ""engine_hours"": 1591, ""idc_triggers"": [], ""buzzer_active"": false, ""fuel_level_avg"": 0, ""lock_geo_alert"": false, ""operation_mode"": ""RENT"", ""battery_voltage"": 14.800000190734863, ""in_primary_zone"": true, ""lock_engine_alert"": false, ""in_restricted_zone"": false, ""onboard_geofencing"": false, ""speed_limit_active"": false}"
2023-07-17 12:40:12.456,5237,13,"359159972073523",20,"{""key"": false, ""flip"": false, ""zone"": false, ""speed"": 19.6, ""buzzer"": 0, ""engine"": true, ""in_zone"": true, ""ignition"": true, ""latitude"": 42.647194999999996, ""direction"": 125, ""longitude"": 18.0633932, ""gsm_signal"": 27, ""sleep_mode"": false, ""staff_mode"": false, ""fault_codes"": [], ""speed_limit"": 46, ""engine_hours"": 1591, ""idc_triggers"": [], ""buzzer_active"": false, ""fuel_level_avg"": 0, ""lock_geo_alert"": false, ""operation_mode"": ""RENT"", ""battery_voltage"": 14.800000190734863, ""in_primary_zone"": true, ""lock_engine_alert"": false, ""in_restricted_zone"": false, ""onboard_geofencing"": false, ""speed_limit_active"": false}"
2023-07-17 12:40:11.457,5237,13,"359159972073523",20,"{""key"": false, ""flip"": false, ""zone"": false, ""speed"": 19.3, ""buzzer"": 0, ""engine"": true, ""in_zone"": true, ""ignition"": true, ""latitude"": 42.6472216, ""direction"": 123, ""longitude"": 18.06334, ""gsm_signal"": 27, ""sleep_mode"": false, ""staff_mode"": false, ""fault_codes"": [], ""speed_limit"": 46, ""engine_hours"": 1591, ""idc_triggers"": [], ""buzzer_active"": false, ""fuel_level_avg"": 0, ""lock_geo_alert"": false, ""operation_mode"": ""RENT"", ""battery_voltage"": 14.800000190734863, ""in_primary_zone"": true, ""lock_engine_alert"": false, ""in_restricted_zone"": false, ""onboard_geofencing"": false, ""speed_limit_active"": false}"
2023-07-17 12:40:10.454,5237,13,"359159972073523",20,"{""key"": false, ""flip"": false, ""zone"": false, ""speed"": 17.3, ""buzzer"": 0, ""engine"": true, ""in_zone"": true, ""ignition"": true, ""latitude"": 42.6472483, ""direction"": 120, ""longitude"": 18.0632866, ""gsm_signal"": 27, ""sleep_mode"": false, ""staff_mode"": false, ""fault_codes"": [], ""speed_limit"": 46, ""engine_hours"": 1591, ""idc_triggers"": [], ""buzzer_active"": false, ""fuel_level_avg"": 0, ""lock_geo_alert"": false, ""operation_mode"": ""RENT"", ""battery_voltage"": 14.800000190734863, ""in_primary_zone"": true, ""lock_engine_alert"": false, ""in_restricted_zone"": false, ""onboard_geofencing"": false, ""speed_limit_active"": false}"
2023-07-17 12:40:09.837,5237,13,"359159972073523",20,"{""key"": false, ""flip"": false, ""zone"": false, ""speed"": 12.3, ""buzzer"": 0, ""engine"": true, ""in_zone"": true, ""ignition"": true, ""latitude"": 42.6472683, ""direction"": 121, ""longitude"": 18.06324, ""gsm_signal"": 27, ""sleep_mode"": false, ""staff_mode"": false, ""fault_codes"": [], ""speed_limit"": 46, ""engine_hours"": 1591, ""idc_triggers"": [], ""buzzer_active"": false, ""fuel_level_avg"": 0, ""lock_geo_alert"": false, ""operation_mode"": ""RENT"", ""battery_voltage"": 14.800000190734863, ""in_primary_zone"": true, ""lock_engine_alert"": false, ""in_restricted_zone"": false, ""onboard_geofencing"": false, ""speed_limit_active"": false}"
2023-07-17 12:40:08.418,5237,13,"359159972073523",20,"{""key"": false, ""flip"": false, ""zone"": false, ""speed"": 10.4, ""buzzer"": 0, ""engine"": true, ""in_zone"": true, ""ignition"": true, ""latitude"": 42.6472833, ""direction"": 124, ""longitude"": 18.0632066, ""gsm_signal"": 28, ""sleep_mode"": false, ""staff_mode"": false, ""fault_codes"": [], ""speed_limit"": 46, ""engine_hours"": 1591, ""idc_triggers"": [], ""buzzer_active"": false, ""fuel_level_avg"": 0, ""lock_geo_alert"": false, ""operation_mode"": ""RENT"", ""battery_voltage"": 14.800000190734863, ""in_primary_zone"": true, ""lock_engine_alert"": false, ""in_restricted_zone"": false, ""onboard_geofencing"": false, ""speed_limit_active"": false}"
2023-07-17 12:40:07.415,5237,13,"359159972073523",20,"{""key"": false, ""flip"": false, ""zone"": false, ""speed"": 8.2, ""buzzer"": 0, ""engine"": true, ""in_zone"": true, ""ignition"": true, ""latitude"": 42.6472983, ""direction"": 128, ""longitude"": 18.06318, ""gsm_signal"": 28, ""sleep_mode"": false, ""staff_mode"": false, ""fault_codes"": [], ""speed_limit"": 46, ""engine_hours"": 1591, ""idc_triggers"": [], ""buzzer_active"": false, ""fuel_level_avg"": 0, ""lock_geo_alert"": false, ""operation_mode"": ""RENT"", ""battery_voltage"": 14.800000190734863, ""in_primary_zone"": true, ""lock_engine_alert"": false, ""in_restricted_zone"": false, ""onboard_geofencing"": false, ""speed_limit_active"": false}"
2023-07-17 12:40:06.419,5237,13,"359159972073523",20,"{""key"": false, ""flip"": false, ""zone"": false, ""speed"": 11.6, ""buzzer"": 0, ""engine"": true, ""in_zone"": true, ""ignition"": true, ""latitude"": 42.6473133, ""direction"": 127, ""longitude"": 18.0631566, ""gsm_signal"": 28, ""sleep_mode"": false, ""staff_mode"": false, ""fault_codes"": [], ""speed_limit"": 46, ""engine_hours"": 1591, ""idc_triggers"": [], ""buzzer_active"": false, ""fuel_level_avg"": 0, ""lock_geo_alert"": false, ""operation_mode"": ""RENT"", ""battery_voltage"": 14.800000190734863, ""in_primary_zone"": true, ""lock_engine_alert"": false, ""in_restricted_zone"": false, ""onboard_geofencing"": false, ""speed_limit_active"": false}"
2023-07-17 12:40:05.434,5237,13,"359159972073523",20,"{""key"": false, ""flip"": false, ""zone"": false, ""speed"": 18.5, ""buzzer"": 0, ""engine"": true, ""in_zone"": true, ""ignition"": true, ""latitude"": 42.647335, ""direction"": 127, ""longitude"": 18.0631182, ""gsm_signal"": 12, ""sleep_mode"": false, ""staff_mode"": false, ""fault_codes"": [], ""speed_limit"": 46, ""engine_hours"": 1591, ""idc_triggers"": [], ""buzzer_active"": false, ""fuel_level_avg"": 0, ""lock_geo_alert"": false, ""operation_mode"": ""RENT"", ""battery_voltage"": 14.800000190734863, ""in_primary_zone"": true, ""lock_engine_alert"": false, ""in_restricted_zone"": false, ""onboard_geofencing"": false, ""speed_limit_active"": false}"
2023-07-17 12:40:04.438,5237,13,"359159972073523",20,"{""key"": false, ""flip"": false, ""zone"": false, ""speed"": 17.7, ""buzzer"": 0, ""engine"": true, ""in_zone"": true, ""ignition"": true, ""latitude"": 42.6473633, ""direction"": 131, ""longitude"": 18.06307, ""gsm_signal"": 12, ""sleep_mode"": false, ""staff_mode"": false, ""fault_codes"": [], ""speed_limit"": 46, ""engine_hours"": 1591, ""idc_triggers"": [], ""buzzer_active"": false, ""fuel_level_avg"": 0, ""lock_geo_alert"": false, ""operation_mode"": ""RENT"", ""battery_voltage"": 14.800000190734863, ""in_primary_zone"": true, ""lock_engine_alert"": false, ""in_restricted_zone"": false, ""onboard_geofencing"": false, ""speed_limit_active"": false}"
2023-07-17 12:40:03.837,5237,13,"359159972073523",20,"{""key"": false, ""flip"": false, ""zone"": false, ""speed"": 23.1, ""buzzer"": 0, ""engine"": true, ""in_zone"": true, ""ignition"": true, ""latitude"": 42.647395, ""direction"": 140, ""longitude"": 18.0630216, ""gsm_signal"": 12, ""sleep_mode"": false, ""staff_mode"": false, ""fault_codes"": [], ""speed_limit"": 46, ""engine_hours"": 1591, ""idc_triggers"": [], ""buzzer_active"": false, ""fuel_level_avg"": 0, ""lock_geo_alert"": false, ""operation_mode"": ""RENT"", ""battery_voltage"": 14.800000190734863, ""in_primary_zone"": true, ""lock_engine_alert"": false, ""in_restricted_zone"": false, ""onboard_geofencing"": false, ""speed_limit_active"": false}"
2023-07-17 12:40:02.418,5237,13,"359159972073523",20,"{""key"": false, ""flip"": false, ""zone"": false, ""speed"": 28.4, ""buzzer"": 0, ""engine"": true, ""in_zone"": true, ""ignition"": true, ""latitude"": 42.6474433, ""direction"": 144, ""longitude"": 18.0629716, ""gsm_signal"": 12, ""sleep_mode"": false, ""staff_mode"": false, ""fault_codes"": [], ""speed_limit"": 46, ""engine_hours"": 1591, ""idc_triggers"": [], ""buzzer_active"": false, ""fuel_level_avg"": 0, ""lock_geo_alert"": false, ""operation_mode"": ""RENT"", ""battery_voltage"": 14.800000190734863, ""in_primary_zone"": true, ""lock_engine_alert"": false, ""in_restricted_zone"": false, ""onboard_geofencing"": false, ""speed_limit_active"": false}"
2023-07-17 12:40:01.414,5237,13,"359159972073523",20,"{""key"": false, ""flip"": false, ""zone"": false, ""speed"": 26.7, ""buzzer"": 0, ""engine"": true, ""in_zone"": true, ""ignition"": true, ""latitude"": 42.6474983, ""direction"": 129, ""longitude"": 18.0629132, ""gsm_signal"": 12, ""sleep_mode"": false, ""staff_mode"": false, ""fault_codes"": [], ""speed_limit"": 46, ""engine_hours"": 1591, ""idc_triggers"": [], ""buzzer_active"": false, ""fuel_level_avg"": 0, ""lock_geo_alert"": false, ""operation_mode"": ""RENT"", ""battery_voltage"": 14.800000190734863, ""in_primary_zone"": true, ""lock_engine_alert"": false, ""in_restricted_zone"": false, ""onboard_geofencing"": false, ""speed_limit_active"": false}"
2023-07-17 12:40:00.515,5237,13,"359159972073523",20,"{""key"": false, ""flip"": false, ""zone"": false, ""speed"": 27.3, ""buzzer"": 0, ""engine"": true, ""in_zone"": true, ""ignition"": true, ""latitude"": 42.647535, ""direction"": 111, ""longitude"": 18.0628382, ""gsm_signal"": 12, ""sleep_mode"": false, ""staff_mode"": false, ""fault_codes"": [], ""speed_limit"": 46, ""engine_hours"": 1591, ""idc_triggers"": [], ""buzzer_active"": false, ""fuel_level_avg"": 0, ""lock_geo_alert"": false, ""operation_mode"": ""RENT"", ""battery_voltage"": 14.800000190734863, ""in_primary_zone"": true, ""lock_engine_alert"": false, ""in_restricted_zone"": false, ""onboard_geofencing"": false, ""speed_limit_active"": false}"
2023-07-17 12:39:59.679,5237,13,"359159972073523",20,"{""key"": false, ""flip"": false, ""zone"": false, ""speed"": 35.9, ""buzzer"": 0, ""engine"": true, ""in_zone"": true, ""ignition"": true, ""latitude"": 42.6475616, ""direction"": 108, ""longitude"": 18.0627432, ""gsm_signal"": 13, ""sleep_mode"": false, ""staff_mode"": false, ""fault_codes"": [], ""speed_limit"": 46, ""engine_hours"": 1591, ""idc_triggers"": [], ""buzzer_active"": false, ""fuel_level_avg"": 0, ""lock_geo_alert"": false, ""operation_mode"": ""RENT"", ""battery_voltage"": 14.800000190734863, ""in_primary_zone"": true, ""lock_engine_alert"": false, ""in_restricted_zone"": false, ""onboard_geofencing"": false, ""speed_limit_active"": false}"
2023-07-17 12:39:59.678,5237,13,"359159972073523",20,"{""key"": false, ""flip"": false, ""zone"": false, ""speed"": 42.5, ""buzzer"": 0, ""engine"": true, ""in_zone"": true, ""ignition"": true, ""latitude"": 42.6475933, ""direction"": 108, ""longitude"": 18.0626216, ""gsm_signal"": 13, ""sleep_mode"": false, ""staff_mode"": false, ""fault_codes"": [], ""speed_limit"": 46, ""engine_hours"": 1591, ""idc_triggers"": [], ""buzzer_active"": false, ""fuel_level_avg"": 0, ""lock_geo_alert"": false, ""operation_mode"": ""RENT"", ""battery_voltage"": 14.800000190734863, ""in_primary_zone"": true, ""lock_engine_alert"": false, ""in_restricted_zone"": false, ""onboard_geofencing"": false, ""speed_limit_active"": false}"
2023-07-17 12:39:59.676,5237,13,"359159972073523",20,"{""key"": false, ""flip"": false, ""zone"": false, ""speed"": 50.1, ""buzzer"": 0, ""engine"": true, ""in_zone"": true, ""ignition"": true, ""latitude"": 42.6476616, ""direction"": 107, ""longitude"": 18.062325, ""gsm_signal"": 18, ""sleep_mode"": false, ""staff_mode"": false, ""fault_codes"": [], ""speed_limit"": 46, ""engine_hours"": 1591, ""idc_triggers"": [], ""buzzer_active"": false, ""fuel_level_avg"": 0, ""lock_geo_alert"": false, ""operation_mode"": ""RENT"", ""battery_voltage"": 14.800000190734863, ""in_primary_zone"": true, ""lock_engine_alert"": false, ""in_restricted_zone"": false, ""onboard_geofencing"": false, ""speed_limit_active"": false}"
2023-07-17 12:39:59.676,5237,13,"359159972073523",20,"{""key"": false, ""flip"": false, ""zone"": false, ""speed"": 48.7, ""buzzer"": 0, ""engine"": true, ""in_zone"": true, ""ignition"": true, ""latitude"": 42.6477, ""direction"": 106, ""longitude"": 18.0621632, ""gsm_signal"": 18, ""sleep_mode"": false, ""staff_mode"": false, ""fault_codes"": [], ""speed_limit"": 46, ""engine_hours"": 1591, ""idc_triggers"": [], ""buzzer_active"": false, ""fuel_level_avg"": 0, ""lock_geo_alert"": false, ""operation_mode"": ""RENT"", ""battery_voltage"": 14.800000190734863, ""in_primary_zone"": true, ""lock_engine_alert"": false, ""in_restricted_zone"": false, ""onboard_geofencing"": false, ""speed_limit_active"": false}"
2023-07-17 12:39:59.435,5237,13,"359159972073523",20,"{""key"": false, ""flip"": false, ""zone"": false, ""speed"": 48.3, ""buzzer"": 0, ""engine"": true, ""in_zone"": true, ""ignition"": true, ""latitude"": 42.6477316, ""direction"": 104, ""longitude"": 18.062005, ""gsm_signal"": 18, ""sleep_mode"": false, ""staff_mode"": false, ""fault_codes"": [], ""speed_limit"": 46, ""engine_hours"": 1591, ""idc_triggers"": [], ""buzzer_active"": false, ""fuel_level_avg"": 0, ""lock_geo_alert"": false, ""operation_mode"": ""RENT"", ""battery_voltage"": 14.800000190734863, ""in_primary_zone"": true, ""lock_engine_alert"": false, ""in_restricted_zone"": false, ""onboard_geofencing"": false, ""speed_limit_active"": false}"
2023-07-17 12:39:59.398,5237,13,"359159972073523",20,"{""key"": false, ""flip"": false, ""zone"": false, ""speed"": 45.4, ""buzzer"": 0, ""engine"": true, ""in_zone"": true, ""ignition"": true, ""latitude"": 42.6477616, ""direction"": 103, ""longitude"": 18.06185, ""gsm_signal"": 22, ""sleep_mode"": false, ""staff_mode"": false, ""fault_codes"": [], ""speed_limit"": 46, ""engine_hours"": 1591, ""idc_triggers"": [], ""buzzer_active"": false, ""fuel_level_avg"": 0, ""lock_geo_alert"": false, ""operation_mode"": ""RENT"", ""battery_voltage"": 14.800000190734863, ""in_primary_zone"": true, ""lock_engine_alert"": false, ""in_restricted_zone"": false, ""onboard_geofencing"": false, ""speed_limit_active"": false}"
2023-07-17 12:39:57.448,5237,13,"359159972073523",20,"{""key"": false, ""flip"": false, ""zone"": false, ""speed"": 47.3, ""buzzer"": 0, ""engine"": true, ""in_zone"": true, ""ignition"": true, ""latitude"": 42.6476266, ""direction"": 106, ""longitude"": 18.06248, ""gsm_signal"": 13, ""sleep_mode"": false, ""staff_mode"": false, ""fault_codes"": [], ""speed_limit"": 46, ""engine_hours"": 1591, ""idc_triggers"": [], ""buzzer_active"": false, ""fuel_level_avg"": 0, ""lock_geo_alert"": false, ""operation_mode"": ""RENT"", ""battery_voltage"": 14.800000190734863, ""in_primary_zone"": true, ""lock_engine_alert"": false, ""in_restricted_zone"": false, ""onboard_geofencing"": false, ""speed_limit_active"": false}"
2023-07-17 12:39:56.446,5237,13,"359159972073523",20,"{""key"": false, ""flip"": false, ""zone"": false, ""speed"": 50.1, ""buzzer"": 0, ""engine"": true, ""in_zone"": true, ""ignition"": true, ""latitude"": 42.6476616, ""direction"": 107, ""longitude"": 18.062325, ""gsm_signal"": 18, ""sleep_mode"": false, ""staff_mode"": false, ""fault_codes"": [], ""speed_limit"": 46, ""engine_hours"": 1591, ""idc_triggers"": [], ""buzzer_active"": false, ""fuel_level_avg"": 0, ""lock_geo_alert"": false, ""operation_mode"": ""RENT"", ""battery_voltage"": 14.800000190734863, ""in_primary_zone"": true, ""lock_engine_alert"": false, ""in_restricted_zone"": false, ""onboard_geofencing"": false, ""speed_limit_active"": false}"
2023-07-17 12:39:55.526,5237,13,"359159972073523",20,"{""key"": false, ""flip"": false, ""zone"": false, ""speed"": 48.7, ""buzzer"": 0, ""engine"": true, ""in_zone"": true, ""ignition"": true, ""latitude"": 42.6477, ""direction"": 106, ""longitude"": 18.0621632, ""gsm_signal"": 18, ""sleep_mode"": false, ""staff_mode"": false, ""fault_codes"": [], ""speed_limit"": 46, ""engine_hours"": 1591, ""idc_triggers"": [], ""buzzer_active"": false, ""fuel_level_avg"": 0, ""lock_geo_alert"": false, ""operation_mode"": ""RENT"", ""battery_voltage"": 14.800000190734863, ""in_primary_zone"": true, ""lock_engine_alert"": false, ""in_restricted_zone"": false, ""onboard_geofencing"": false, ""speed_limit_active"": false}"
2023-07-17 12:39:54.447,5237,13,"359159972073523",20,"{""key"": false, ""flip"": false, ""zone"": false, ""speed"": 48.3, ""buzzer"": 0, ""engine"": true, ""in_zone"": true, ""ignition"": true, ""latitude"": 42.6477316, ""direction"": 104, ""longitude"": 18.062005, ""gsm_signal"": 18, ""sleep_mode"": false, ""staff_mode"": false, ""fault_codes"": [], ""speed_limit"": 46, ""engine_hours"": 1591, ""idc_triggers"": [], ""buzzer_active"": false, ""fuel_level_avg"": 0, ""lock_geo_alert"": false, ""operation_mode"": ""RENT"", ""battery_voltage"": 14.800000190734863, ""in_primary_zone"": true, ""lock_engine_alert"": false, ""in_restricted_zone"": false, ""onboard_geofencing"": false, ""speed_limit_active"": false}"
2023-07-17 12:39:53.469,5237,13,"359159972073523",20,"{""key"": false, ""flip"": false, ""zone"": false, ""speed"": 45.4, ""buzzer"": 0, ""engine"": true, ""in_zone"": true, ""ignition"": true, ""latitude"": 42.6477616, ""direction"": 103, ""longitude"": 18.06185, ""gsm_signal"": 22, ""sleep_mode"": false, ""staff_mode"": false, ""fault_codes"": [], ""speed_limit"": 46, ""engine_hours"": 1591, ""idc_triggers"": [], ""buzzer_active"": false, ""fuel_level_avg"": 0, ""lock_geo_alert"": false, ""operation_mode"": ""RENT"", ""battery_voltage"": 14.800000190734863, ""in_primary_zone"": true, ""lock_engine_alert"": false, ""in_restricted_zone"": false, ""onboard_geofencing"": false, ""speed_limit_active"": false}"
2023-07-17 12:39:53.127,5237,13,"359159972073523",20,"{""key"": false, ""flip"": false, ""zone"": false, ""speed"": 39.9, ""buzzer"": 0, ""engine"": true, ""in_zone"": true, ""ignition"": true, ""latitude"": 42.6477816, ""direction"": 98, ""longitude"": 18.061705, ""gsm_signal"": 22, ""sleep_mode"": false, ""staff_mode"": false, ""fault_codes"": [], ""speed_limit"": 46, ""engine_hours"": 1591, ""idc_triggers"": [], ""buzzer_active"": false, ""fuel_level_avg"": 0, ""lock_geo_alert"": false, ""operation_mode"": ""RENT"", ""battery_voltage"": 14.800000190734863, ""in_primary_zone"": true, ""lock_engine_alert"": false, ""in_restricted_zone"": false, ""onboard_geofencing"": false, ""speed_limit_active"": false}"
2023-07-17 12:39:53.111,5237,13,"359159972073523",20,"{""key"": false, ""flip"": false, ""zone"": false, ""speed"": 39.3, ""buzzer"": 0, ""engine"": true, ""in_zone"": true, ""ignition"": true, ""latitude"": 42.6477966, ""direction"": 95, ""longitude"": 18.0615716, ""gsm_signal"": 22, ""sleep_mode"": false, ""staff_mode"": false, ""fault_codes"": [], ""speed_limit"": 46, ""engine_hours"": 1591, ""idc_triggers"": [], ""buzzer_active"": false, ""fuel_level_avg"": 0, ""lock_geo_alert"": false, ""operation_mode"": ""RENT"", ""battery_voltage"": 14.800000190734863, ""in_primary_zone"": true, ""lock_engine_alert"": false, ""in_restricted_zone"": false, ""onboard_geofencing"": false, ""speed_limit_active"": false}"
2023-07-17 12:39:53.056,5237,13,"359159972073523",20,"{""key"": false, ""flip"": false, ""zone"": false, ""speed"": 33.4, ""buzzer"": 0, ""engine"": true, ""in_zone"": true, ""ignition"": true, ""latitude"": 42.647805, ""direction"": 94, ""longitude"": 18.061445, ""gsm_signal"": 26, ""sleep_mode"": false, ""staff_mode"": false, ""fault_codes"": [], ""speed_limit"": 46, ""engine_hours"": 1591, ""idc_triggers"": [], ""buzzer_active"": false, ""fuel_level_avg"": 0, ""lock_geo_alert"": false, ""operation_mode"": ""RENT"", ""battery_voltage"": 14.800000190734863, ""in_primary_zone"": true, ""lock_engine_alert"": false, ""in_restricted_zone"": false, ""onboard_geofencing"": false, ""speed_limit_active"": false}"
2023-07-17 12:39:49.407,5237,13,"359159972073523",20,"{""key"": false, ""flip"": false, ""zone"": false, ""speed"": 32.4, ""buzzer"": 0, ""engine"": true, ""in_zone"": true, ""ignition"": true, ""latitude"": 42.64781, ""direction"": 90, ""longitude"": 18.061335, ""gsm_signal"": 26, ""sleep_mode"": false, ""staff_mode"": false, ""fault_codes"": [], ""speed_limit"": 46, ""engine_hours"": 1591, ""idc_triggers"": [], ""buzzer_active"": false, ""fuel_level_avg"": 0, ""lock_geo_alert"": false, ""operation_mode"": ""RENT"", ""battery_voltage"": 14.800000190734863, ""in_primary_zone"": true, ""lock_engine_alert"": false, ""in_restricted_zone"": false, ""onboard_geofencing"": false, ""speed_limit_active"": false}"
2023-07-17 12:39:48.430,5237,13,"359159972073523",20,"{""key"": false, ""flip"": false, ""zone"": false, ""speed"": 31.4, ""buzzer"": 0, ""engine"": true, ""in_zone"": true, ""ignition"": true, ""latitude"": 42.64781, ""direction"": 88, ""longitude"": 18.0612266, ""gsm_signal"": 26, ""sleep_mode"": false, ""staff_mode"": false, ""fault_codes"": [], ""speed_limit"": 46, ""engine_hours"": 1591, ""idc_triggers"": [], ""buzzer_active"": false, ""fuel_level_avg"": 0, ""lock_geo_alert"": false, ""operation_mode"": ""RENT"", ""battery_voltage"": 14.800000190734863, ""in_primary_zone"": true, ""lock_engine_alert"": false, ""in_restricted_zone"": false, ""onboard_geofencing"": false, ""speed_limit_active"": false}"
2023-07-17 12:39:47.431,5237,13,"359159972073523",20,"{""key"": false, ""flip"": false, ""zone"": false, ""speed"": 27.4, ""buzzer"": 0, ""engine"": true, ""in_zone"": true, ""ignition"": true, ""latitude"": 42.64781, ""direction"": 92, ""longitude"": 18.0611232, ""gsm_signal"": 27, ""sleep_mode"": false, ""staff_mode"": false, ""fault_codes"": [], ""speed_limit"": 46, ""engine_hours"": 1591, ""idc_triggers"": [], ""buzzer_active"": false, ""fuel_level_avg"": 0, ""lock_geo_alert"": false, ""operation_mode"": ""RENT"", ""battery_voltage"": 14.800000190734863, ""in_primary_zone"": true, ""lock_engine_alert"": false, ""in_restricted_zone"": false, ""onboard_geofencing"": false, ""speed_limit_active"": false}"
2023-07-17 12:39:46.828,5237,13,"359159972073523",20,"{""key"": false, ""flip"": false, ""zone"": false, ""speed"": 26.5, ""buzzer"": 0, ""engine"": true, ""in_zone"": true, ""ignition"": true, ""latitude"": 42.647815, ""direction"": 102, ""longitude"": 18.0610316, ""gsm_signal"": 27, ""sleep_mode"": false, ""staff_mode"": false, ""fault_codes"": [], ""speed_limit"": 46, ""engine_hours"": 1591, ""idc_triggers"": [], ""buzzer_active"": false, ""fuel_level_avg"": 0, ""lock_geo_alert"": false, ""operation_mode"": ""RENT"", ""battery_voltage"": 14.800000190734863, ""in_primary_zone"": true, ""lock_engine_alert"": false, ""in_restricted_zone"": false, ""onboard_geofencing"": false, ""speed_limit_active"": false}"
2023-07-17 12:39:45.407,5237,13,"359159972073523",20,"{""key"": false, ""flip"": false, ""zone"": false, ""speed"": 28.2, ""buzzer"": 0, ""engine"": true, ""in_zone"": true, ""ignition"": true, ""latitude"": 42.6478333, ""direction"": 112, ""longitude"": 18.0609432, ""gsm_signal"": 27, ""sleep_mode"": false, ""staff_mode"": false, ""fault_codes"": [], ""speed_limit"": 46, ""engine_hours"": 1591, ""idc_triggers"": [], ""buzzer_active"": false, ""fuel_level_avg"": 0, ""lock_geo_alert"": false, ""operation_mode"": ""RENT"", ""battery_voltage"": 14.800000190734863, ""in_primary_zone"": true, ""lock_engine_alert"": false, ""in_restricted_zone"": false, ""onboard_geofencing"": false, ""speed_limit_active"": false}"
2023-07-17 12:39:44.409,5237,13,"359159972073523",20,"{""key"": false, ""flip"": false, ""zone"": false, ""speed"": 29.3, ""buzzer"": 0, ""engine"": true, ""in_zone"": true, ""ignition"": true, ""latitude"": 42.6478616, ""direction"": 113, ""longitude"": 18.060855, ""gsm_signal"": 30, ""sleep_mode"": false, ""staff_mode"": false, ""fault_codes"": [], ""speed_limit"": 46, ""engine_hours"": 1591, ""idc_triggers"": [], ""buzzer_active"": false, ""fuel_level_avg"": 0, ""lock_geo_alert"": false, ""operation_mode"": ""RENT"", ""battery_voltage"": 14.800000190734863, ""in_primary_zone"": true, ""lock_engine_alert"": false, ""in_restricted_zone"": false, ""onboard_geofencing"": false, ""speed_limit_active"": false}"
2023-07-17 12:39:43.426,5237,13,"359159972073523",20,"{""key"": false, ""flip"": false, ""zone"": false, ""speed"": 31.6, ""buzzer"": 0, ""engine"": true, ""in_zone"": true, ""ignition"": true, ""latitude"": 42.6478916, ""direction"": 113, ""longitude"": 18.0607616, ""gsm_signal"": 30, ""sleep_mode"": false, ""staff_mode"": false, ""fault_codes"": [], ""speed_limit"": 46, ""engine_hours"": 1591, ""idc_triggers"": [], ""buzzer_active"": false, ""fuel_level_avg"": 0, ""lock_geo_alert"": false, ""operation_mode"": ""RENT"", ""battery_voltage"": 14.800000190734863, ""in_primary_zone"": true, ""lock_engine_alert"": false, ""in_restricted_zone"": false, ""onboard_geofencing"": false, ""speed_limit_active"": false}"
2023-07-17 12:39:42.430,5237,13,"359159972073523",20,"{""key"": false, ""flip"": false, ""zone"": false, ""speed"": 23.5, ""buzzer"": 0, ""engine"": true, ""in_zone"": true, ""ignition"": true, ""latitude"": 42.6479216, ""direction"": 117, ""longitude"": 18.0606716, ""gsm_signal"": 30, ""sleep_mode"": false, ""staff_mode"": false, ""fault_codes"": [], ""speed_limit"": 46, ""engine_hours"": 1591, ""idc_triggers"": [], ""buzzer_active"": false, ""fuel_level_avg"": 0, ""lock_geo_alert"": false, ""operation_mode"": ""RENT"", ""battery_voltage"": 14.800000190734863, ""in_primary_zone"": true, ""lock_engine_alert"": false, ""in_restricted_zone"": false, ""onboard_geofencing"": false, ""speed_limit_active"": false}"
2023-07-17 12:39:41.865,5237,13,"359159972073523",20,"{""key"": false, ""flip"": false, ""zone"": false, ""speed"": 17.8, ""buzzer"": 0, ""engine"": true, ""in_zone"": true, ""ignition"": true, ""latitude"": 42.6479466, ""direction"": 119, ""longitude"": 18.060605, ""gsm_signal"": 31, ""sleep_mode"": false, ""staff_mode"": false, ""fault_codes"": [], ""speed_limit"": 46, ""engine_hours"": 1591, ""idc_triggers"": [], ""buzzer_active"": false, ""fuel_level_avg"": 0, ""lock_geo_alert"": false, ""operation_mode"": ""RENT"", ""battery_voltage"": 14.800000190734863, ""in_primary_zone"": true, ""lock_engine_alert"": false, ""in_restricted_zone"": false, ""onboard_geofencing"": false, ""speed_limit_active"": false}"
2023-07-17 12:39:40.411,5237,13,"359159972073523",20,"{""key"": false, ""flip"": false, ""zone"": false, ""speed"": 16.2, ""buzzer"": 0, ""engine"": true, ""in_zone"": true, ""ignition"": true, ""latitude"": 42.64797, ""direction"": 122, ""longitude"": 18.060555, ""gsm_signal"": 31, ""sleep_mode"": false, ""staff_mode"": false, ""fault_codes"": [], ""speed_limit"": 46, ""engine_hours"": 1591, ""idc_triggers"": [], ""buzzer_active"": false, ""fuel_level_avg"": 0, ""lock_geo_alert"": false, ""operation_mode"": ""RENT"", ""battery_voltage"": 14.800000190734863, ""in_primary_zone"": true, ""lock_engine_alert"": false, ""in_restricted_zone"": false, ""onboard_geofencing"": false, ""speed_limit_active"": false}"
2023-07-17 12:39:39.430,5237,13,"359159972073523",20,"{""key"": false, ""flip"": false, ""zone"": false, ""speed"": 17.2, ""buzzer"": 0, ""engine"": true, ""in_zone"": true, ""ignition"": true, ""latitude"": 42.6479916, ""direction"": 123, ""longitude"": 18.0605082, ""gsm_signal"": 31, ""sleep_mode"": false, ""staff_mode"": false, ""fault_codes"": [], ""speed_limit"": 46, ""engine_hours"": 1591, ""idc_triggers"": [], ""buzzer_active"": false, ""fuel_level_avg"": 0, ""lock_geo_alert"": false, ""operation_mode"": ""RENT"", ""battery_voltage"": 14.800000190734863, ""in_primary_zone"": true, ""lock_engine_alert"": false, ""in_restricted_zone"": false, ""onboard_geofencing"": false, ""speed_limit_active"": false}"
2023-07-17 12:39:38.428,5237,13,"359159972073523",20,"{""key"": false, ""flip"": false, ""zone"": false, ""speed"": 18.0, ""buzzer"": 0, ""engine"": true, ""in_zone"": true, ""ignition"": true, ""latitude"": 42.648015, ""direction"": 122, ""longitude"": 18.0604582, ""gsm_signal"": 31, ""sleep_mode"": false, ""staff_mode"": false, ""fault_codes"": [], ""speed_limit"": 46, ""engine_hours"": 1591, ""idc_triggers"": [], ""buzzer_active"": false, ""fuel_level_avg"": 0, ""lock_geo_alert"": false, ""operation_mode"": ""RENT"", ""battery_voltage"": 14.800000190734863, ""in_primary_zone"": true, ""lock_engine_alert"": false, ""in_restricted_zone"": false, ""onboard_geofencing"": false, ""speed_limit_active"": false}"
2023-07-17 12:39:37.827,5237,13,"359159972073523",20,"{""key"": false, ""flip"": false, ""zone"": false, ""speed"": 17.6, ""buzzer"": 0, ""engine"": true, ""in_zone"": true, ""ignition"": true, ""latitude"": 42.64804, ""direction"": 119, ""longitude"": 18.0604066, ""gsm_signal"": 31, ""sleep_mode"": false, ""staff_mode"": false, ""fault_codes"": [], ""speed_limit"": 46, ""engine_hours"": 1591, ""idc_triggers"": [], ""buzzer_active"": false, ""fuel_level_avg"": 0, ""lock_geo_alert"": false, ""operation_mode"": ""RENT"", ""battery_voltage"": 14.800000190734863, ""in_primary_zone"": true, ""lock_engine_alert"": false, ""in_restricted_zone"": false, ""onboard_geofencing"": false, ""speed_limit_active"": false}"
2023-07-17 12:39:36.406,5237,13,"359159972073523",20,"{""key"": false, ""flip"": false, ""zone"": false, ""speed"": 18.1, ""buzzer"": 0, ""engine"": true, ""in_zone"": true, ""ignition"": true, ""latitude"": 42.64806, ""direction"": 116, ""longitude"": 18.0603532, ""gsm_signal"": 31, ""sleep_mode"": false, ""staff_mode"": false, ""fault_codes"": [], ""speed_limit"": 46, ""engine_hours"": 1591, ""idc_triggers"": [], ""buzzer_active"": false, ""fuel_level_avg"": 0, ""lock_geo_alert"": false, ""operation_mode"": ""RENT"", ""battery_voltage"": 14.800000190734863, ""in_primary_zone"": true, ""lock_engine_alert"": false, ""in_restricted_zone"": false, ""onboard_geofencing"": false, ""speed_limit_active"": false}"
2023-07-17 12:39:35.435,5237,13,"359159972073523",20,"{""key"": false, ""flip"": false, ""zone"": false, ""speed"": 13.3, ""buzzer"": 0, ""engine"": true, ""in_zone"": true, ""ignition"": true, ""latitude"": 42.6480783, ""direction"": 114, ""longitude"": 18.0603016, ""gsm_signal"": 31, ""sleep_mode"": false, ""staff_mode"": false, ""fault_codes"": [], ""speed_limit"": 46, ""engine_hours"": 1591, ""idc_triggers"": [], ""buzzer_active"": false, ""fuel_level_avg"": 0, ""lock_geo_alert"": false, ""operation_mode"": ""RENT"", ""battery_voltage"": 14.800000190734863, ""in_primary_zone"": true, ""lock_engine_alert"": false, ""in_restricted_zone"": false, ""onboard_geofencing"": false, ""speed_limit_active"": false}"
2023-07-17 12:39:34.426,5237,13,"359159972073523",20,"{""key"": false, ""flip"": false, ""zone"": false, ""speed"": 12.3, ""buzzer"": 0, ""engine"": true, ""in_zone"": true, ""ignition"": true, ""latitude"": 42.64809, ""direction"": 116, ""longitude"": 18.0602616, ""gsm_signal"": 31, ""sleep_mode"": false, ""staff_mode"": false, ""fault_codes"": [], ""speed_limit"": 46, ""engine_hours"": 1591, ""idc_triggers"": [], ""buzzer_active"": false, ""fuel_level_avg"": 0, ""lock_geo_alert"": false, ""operation_mode"": ""RENT"", ""battery_voltage"": 14.800000190734863, ""in_primary_zone"": true, ""lock_engine_alert"": false, ""in_restricted_zone"": false, ""onboard_geofencing"": false, ""speed_limit_active"": false}"
2023-07-17 12:39:33.429,5237,13,"359159972073523",20,"{""key"": false, ""flip"": false, ""zone"": false, ""speed"": 9.8, ""buzzer"": 0, ""engine"": true, ""in_zone"": true, ""ignition"": true, ""latitude"": 42.6481066, ""direction"": 117, ""longitude"": 18.0602266, ""gsm_signal"": 31, ""sleep_mode"": false, ""staff_mode"": false, ""fault_codes"": [], ""speed_limit"": 46, ""engine_hours"": 1591, ""idc_triggers"": [], ""buzzer_active"": false, ""fuel_level_avg"": 0, ""lock_geo_alert"": false, ""operation_mode"": ""RENT"", ""battery_voltage"": 14.800000190734863, ""in_primary_zone"": true, ""lock_engine_alert"": false, ""in_restricted_zone"": false, ""onboard_geofencing"": false, ""speed_limit_active"": false}"
2023-07-17 12:39:32.830,5237,13,"359159972073523",20,"{""key"": false, ""flip"": false, ""zone"": false, ""speed"": 8.5, ""buzzer"": 0, ""engine"": true, ""in_zone"": true, ""ignition"": true, ""latitude"": 42.6481166, ""direction"": 113, ""longitude"": 18.0601982, ""gsm_signal"": 31, ""sleep_mode"": false, ""staff_mode"": false, ""fault_codes"": [], ""speed_limit"": 46, ""engine_hours"": 1591, ""idc_triggers"": [], ""buzzer_active"": false, ""fuel_level_avg"": 0, ""lock_geo_alert"": false, ""operation_mode"": ""RENT"", ""battery_voltage"": 14.800000190734863, ""in_primary_zone"": true, ""lock_engine_alert"": false, ""in_restricted_zone"": false, ""onboard_geofencing"": false, ""speed_limit_active"": false}"
2023-07-17 12:39:31.408,5237,13,"359159972073523",20,"{""key"": false, ""flip"": false, ""zone"": false, ""speed"": 6.2, ""buzzer"": 0, ""engine"": true, ""in_zone"": true, ""ignition"": true, ""latitude"": 42.648125, ""direction"": 105, ""longitude"": 18.060175, ""gsm_signal"": 31, ""sleep_mode"": false, ""staff_mode"": false, ""fault_codes"": [], ""speed_limit"": 46, ""engine_hours"": 1591, ""idc_triggers"": [], ""buzzer_active"": false, ""fuel_level_avg"": 0, ""lock_geo_alert"": false, ""operation_mode"": ""RENT"", ""battery_voltage"": 14.800000190734863, ""in_primary_zone"": true, ""lock_engine_alert"": false, ""in_restricted_zone"": false, ""onboard_geofencing"": false, ""speed_limit_active"": false}"
2023-07-17 12:39:30.429,5237,13,"359159972073523",20,"{""key"": false, ""flip"": false, ""zone"": false, ""speed"": 5.5, ""buzzer"": 0, ""engine"": true, ""in_zone"": true, ""ignition"": true, ""latitude"": 42.6481266, ""direction"": 99, ""longitude"": 18.0601532, ""gsm_signal"": 31, ""sleep_mode"": false, ""staff_mode"": false, ""fault_codes"": [], ""speed_limit"": 46, ""engine_hours"": 1591, ""idc_triggers"": [], ""buzzer_active"": false, ""fuel_level_avg"": 0, ""lock_geo_alert"": false, ""operation_mode"": ""RENT"", ""battery_voltage"": 14.800000190734863, ""in_primary_zone"": true, ""lock_engine_alert"": false, ""in_restricted_zone"": false, ""onboard_geofencing"": false, ""speed_limit_active"": false}"
2023-07-17 12:39:29.433,5237,13,"359159972073523",20,"{""key"": false, ""flip"": false, ""zone"": false, ""speed"": 10.6, ""buzzer"": 0, ""engine"": true, ""in_zone"": true, ""ignition"": true, ""latitude"": 42.6481316, ""direction"": 91, ""longitude"": 18.06013, ""gsm_signal"": 31, ""sleep_mode"": false, ""staff_mode"": false, ""fault_codes"": [], ""speed_limit"": 46, ""engine_hours"": 1591, ""idc_triggers"": [], ""buzzer_active"": false, ""fuel_level_avg"": 0, ""lock_geo_alert"": false, ""operation_mode"": ""RENT"", ""battery_voltage"": 14.800000190734863, ""in_primary_zone"": true, ""lock_engine_alert"": false, ""in_restricted_zone"": false, ""onboard_geofencing"": false, ""speed_limit_active"": false}"
2023-07-17 12:39:28.828,5237,13,"359159972073523",20,"{""key"": false, ""flip"": false, ""zone"": false, ""speed"": 17.5, ""buzzer"": 0, ""engine"": true, ""in_zone"": true, ""ignition"": true, ""latitude"": 42.6481333, ""direction"": 86, ""longitude"": 18.0600866, ""gsm_signal"": 31, ""sleep_mode"": false, ""staff_mode"": false, ""fault_codes"": [], ""speed_limit"": 46, ""engine_hours"": 1591, ""idc_triggers"": [], ""buzzer_active"": false, ""fuel_level_avg"": 0, ""lock_geo_alert"": false, ""operation_mode"": ""RENT"", ""battery_voltage"": 14.800000190734863, ""in_primary_zone"": true, ""lock_engine_alert"": false, ""in_restricted_zone"": false, ""onboard_geofencing"": false, ""speed_limit_active"": false}"
2023-07-17 12:39:27.408,5237,13,"359159972073523",20,"{""key"": false, ""flip"": false, ""zone"": false, ""speed"": 24.9, ""buzzer"": 0, ""engine"": true, ""in_zone"": true, ""ignition"": true, ""latitude"": 42.6481283, ""direction"": 82, ""longitude"": 18.0600216, ""gsm_signal"": 31, ""sleep_mode"": false, ""staff_mode"": false, ""fault_codes"": [], ""speed_limit"": 46, ""engine_hours"": 1591, ""idc_triggers"": [], ""buzzer_active"": false, ""fuel_level_avg"": 0, ""lock_geo_alert"": false, ""operation_mode"": ""RENT"", ""battery_voltage"": 14.800000190734863, ""in_primary_zone"": true, ""lock_engine_alert"": false, ""in_restricted_zone"": false, ""onboard_geofencing"": false, ""speed_limit_active"": false}"
2023-07-17 12:39:26.414,5237,13,"359159972073523",20,"{""key"": false, ""flip"": false, ""zone"": false, ""speed"": 34.4, ""buzzer"": 0, ""engine"": true, ""in_zone"": true, ""ignition"": true, ""latitude"": 42.6481216, ""direction"": 82, ""longitude"": 18.0599266, ""gsm_signal"": 31, ""sleep_mode"": false, ""staff_mode"": false, ""fault_codes"": [], ""speed_limit"": 46, ""engine_hours"": 1591, ""idc_triggers"": [], ""buzzer_active"": false, ""fuel_level_avg"": 0, ""lock_geo_alert"": false, ""operation_mode"": ""RENT"", ""battery_voltage"": 14.800000190734863, ""in_primary_zone"": true, ""lock_engine_alert"": false, ""in_restricted_zone"": false, ""onboard_geofencing"": false, ""speed_limit_active"": false}"
2023-07-17 12:39:25.429,5237,13,"359159972073523",20,"{""key"": false, ""flip"": false, ""zone"": false, ""speed"": 43.2, ""buzzer"": 0, ""engine"": true, ""in_zone"": true, ""ignition"": true, ""latitude"": 42.6481116, ""direction"": 85, ""longitude"": 18.0598016, ""gsm_signal"": 31, ""sleep_mode"": false, ""staff_mode"": false, ""fault_codes"": [], ""speed_limit"": 46, ""engine_hours"": 1591, ""idc_triggers"": [], ""buzzer_active"": false, ""fuel_level_avg"": 0, ""lock_geo_alert"": false, ""operation_mode"": ""RENT"", ""battery_voltage"": 14.800000190734863, ""in_primary_zone"": true, ""lock_engine_alert"": false, ""in_restricted_zone"": false, ""onboard_geofencing"": false, ""speed_limit_active"": false}"
2023-07-17 12:39:24.430,5237,13,"359159972073523",20,"{""key"": false, ""flip"": false, ""zone"": false, ""speed"": 41.3, ""buzzer"": 0, ""engine"": true, ""in_zone"": true, ""ignition"": true, ""latitude"": 42.6481033, ""direction"": 86, ""longitude"": 18.0596582, ""gsm_signal"": 31, ""sleep_mode"": false, ""staff_mode"": false, ""fault_codes"": [], ""speed_limit"": 46, ""engine_hours"": 1591, ""idc_triggers"": [], ""buzzer_active"": false, ""fuel_level_avg"": 0, ""lock_geo_alert"": false, ""operation_mode"": ""RENT"", ""battery_voltage"": 14.800000190734863, ""in_primary_zone"": true, ""lock_engine_alert"": false, ""in_restricted_zone"": false, ""onboard_geofencing"": false, ""speed_limit_active"": false}"
2023-07-17 12:39:23.829,5237,13,"359159972073523",20,"{""key"": false, ""flip"": false, ""zone"": false, ""speed"": 36.3, ""buzzer"": 0, ""engine"": true, ""in_zone"": true, ""ignition"": true, ""latitude"": 42.6480966, ""direction"": 85, ""longitude"": 18.0595232, ""gsm_signal"": 31, ""sleep_mode"": false, ""staff_mode"": false, ""fault_codes"": [], ""speed_limit"": 46, ""engine_hours"": 1591, ""idc_triggers"": [], ""buzzer_active"": false, ""fuel_level_avg"": 0, ""lock_geo_alert"": false, ""operation_mode"": ""RENT"", ""battery_voltage"": 14.800000190734863, ""in_primary_zone"": true, ""lock_engine_alert"": false, ""in_restricted_zone"": false, ""onboard_geofencing"": false, ""speed_limit_active"": false}"
2023-07-17 12:39:22.409,5237,13,"359159972073523",20,"{""key"": false, ""flip"": false, ""zone"": false, ""speed"": 29.4, ""buzzer"": 0, ""engine"": true, ""in_zone"": true, ""ignition"": true, ""latitude"": 42.64809, ""direction"": 83, ""longitude"": 18.0594082, ""gsm_signal"": 31, ""sleep_mode"": false, ""staff_mode"": false, ""fault_codes"": [], ""speed_limit"": 46, ""engine_hours"": 1591, ""idc_triggers"": [], ""buzzer_active"": false, ""fuel_level_avg"": 0, ""lock_geo_alert"": false, ""operation_mode"": ""RENT"", ""battery_voltage"": 14.800000190734863, ""in_primary_zone"": true, ""lock_engine_alert"": false, ""in_restricted_zone"": false, ""onboard_geofencing"": false, ""speed_limit_active"": false}"
2023-07-17 12:39:21.430,5237,13,"359159972073523",20,"{""key"": false, ""flip"": false, ""zone"": false, ""speed"": 27.0, ""buzzer"": 0, ""engine"": true, ""in_zone"": true, ""ignition"": true, ""latitude"": 42.6480816, ""direction"": 83, ""longitude"": 18.0593116, ""gsm_signal"": 31, ""sleep_mode"": false, ""staff_mode"": false, ""fault_codes"": [], ""speed_limit"": 46, ""engine_hours"": 1591, ""idc_triggers"": [], ""buzzer_active"": false, ""fuel_level_avg"": 0, ""lock_geo_alert"": false, ""operation_mode"": ""RENT"", ""battery_voltage"": 14.800000190734863, ""in_primary_zone"": true, ""lock_engine_alert"": false, ""in_restricted_zone"": false, ""onboard_geofencing"": false, ""speed_limit_active"": false}"
2023-07-17 12:39:20.432,5237,13,"359159972073523",20,"{""key"": false, ""flip"": false, ""zone"": false, ""speed"": 21.6, ""buzzer"": 0, ""engine"": true, ""in_zone"": true, ""ignition"": true, ""latitude"": 42.648075, ""direction"": 88, ""longitude"": 18.0592266, ""gsm_signal"": 31, ""sleep_mode"": false, ""staff_mode"": false, ""fault_codes"": [], ""speed_limit"": 46, ""engine_hours"": 1591, ""idc_triggers"": [], ""buzzer_active"": false, ""fuel_level_avg"": 0, ""lock_geo_alert"": false, ""operation_mode"": ""RENT"", ""battery_voltage"": 14.800000190734863, ""in_primary_zone"": true, ""lock_engine_alert"": false, ""in_restricted_zone"": false, ""onboard_geofencing"": false, ""speed_limit_active"": false}"
2023-07-17 12:39:19.827,5237,13,"359159972073523",20,"{""key"": false, ""flip"": false, ""zone"": false, ""speed"": 14.8, ""buzzer"": 0, ""engine"": true, ""in_zone"": true, ""ignition"": true, ""latitude"": 42.648075, ""direction"": 105, ""longitude"": 18.05916, ""gsm_signal"": 31, ""sleep_mode"": false, ""staff_mode"": false, ""fault_codes"": [], ""speed_limit"": 46, ""engine_hours"": 1591, ""idc_triggers"": [], ""buzzer_active"": false, ""fuel_level_avg"": 0, ""lock_geo_alert"": false, ""operation_mode"": ""RENT"", ""battery_voltage"": 14.800000190734863, ""in_primary_zone"": true, ""lock_engine_alert"": false, ""in_restricted_zone"": false, ""onboard_geofencing"": false, ""speed_limit_active"": false}"
2023-07-17 12:39:18.406,5237,13,"359159972073523",20,"{""key"": false, ""flip"": false, ""zone"": false, ""speed"": 13.4, ""buzzer"": 0, ""engine"": true, ""in_zone"": true, ""ignition"": true, ""latitude"": 42.6480833, ""direction"": 119, ""longitude"": 18.059115, ""gsm_signal"": 31, ""sleep_mode"": false, ""staff_mode"": false, ""fault_codes"": [], ""speed_limit"": 46, ""engine_hours"": 1591, ""idc_triggers"": [], ""buzzer_active"": false, ""fuel_level_avg"": 0, ""lock_geo_alert"": false, ""operation_mode"": ""RENT"", ""battery_voltage"": 14.800000190734863, ""in_primary_zone"": true, ""lock_engine_alert"": false, ""in_restricted_zone"": false, ""onboard_geofencing"": false, ""speed_limit_active"": false}"
2023-07-17 12:39:17.411,5237,13,"359159972073523",20,"{""key"": false, ""flip"": false, ""zone"": false, ""speed"": 19.3, ""buzzer"": 0, ""engine"": true, ""in_zone"": true, ""ignition"": true, ""latitude"": 42.6481033, ""direction"": 122, ""longitude"": 18.05907, ""gsm_signal"": 31, ""sleep_mode"": false, ""staff_mode"": false, ""fault_codes"": [], ""speed_limit"": 46, ""engine_hours"": 1591, ""idc_triggers"": [], ""buzzer_active"": false, ""fuel_level_avg"": 0, ""lock_geo_alert"": false, ""operation_mode"": ""RENT"", ""battery_voltage"": 14.800000190734863, ""in_primary_zone"": true, ""lock_engine_alert"": false, ""in_restricted_zone"": false, ""onboard_geofencing"": false, ""speed_limit_active"": false}"
2023-07-17 12:39:16.427,5237,13,"359159972073523",20,"{""key"": false, ""flip"": false, ""zone"": false, ""speed"": 25.0, ""buzzer"": 0, ""engine"": true, ""in_zone"": true, ""ignition"": true, ""latitude"": 42.6481316, ""direction"": 122, ""longitude"": 18.05901, ""gsm_signal"": 31, ""sleep_mode"": false, ""staff_mode"": false, ""fault_codes"": [], ""speed_limit"": 46, ""engine_hours"": 1591, ""idc_triggers"": [], ""buzzer_active"": false, ""fuel_level_avg"": 0, ""lock_geo_alert"": false, ""operation_mode"": ""RENT"", ""battery_voltage"": 14.800000190734863, ""in_primary_zone"": true, ""lock_engine_alert"": false, ""in_restricted_zone"": false, ""onboard_geofencing"": false, ""speed_limit_active"": false}"
2023-07-17 12:39:15.429,5237,13,"359159972073523",20,"{""key"": false, ""flip"": false, ""zone"": false, ""speed"": 29.8, ""buzzer"": 0, ""engine"": true, ""in_zone"": true, ""ignition"": true, ""latitude"": 42.6481683, ""direction"": 122, ""longitude"": 18.058935, ""gsm_signal"": 31, ""sleep_mode"": false, ""staff_mode"": false, ""fault_codes"": [], ""speed_limit"": 46, ""engine_hours"": 1591, ""idc_triggers"": [], ""buzzer_active"": false, ""fuel_level_avg"": 0, ""lock_geo_alert"": false, ""operation_mode"": ""RENT"", ""battery_voltage"": 14.800000190734863, ""in_primary_zone"": true, ""lock_engine_alert"": false, ""in_restricted_zone"": false, ""onboard_geofencing"": false, ""speed_limit_active"": false}"
2023-07-17 12:39:14.828,5237,13,"359159972073523",20,"{""key"": false, ""flip"": false, ""zone"": false, ""speed"": 29.2, ""buzzer"": 0, ""engine"": true, ""in_zone"": true, ""ignition"": true, ""latitude"": 42.64821, ""direction"": 123, ""longitude"": 18.0588516, ""gsm_signal"": 31, ""sleep_mode"": false, ""staff_mode"": false, ""fault_codes"": [], ""speed_limit"": 46, ""engine_hours"": 1591, ""idc_triggers"": [], ""buzzer_active"": false, ""fuel_level_avg"": 0, ""lock_geo_alert"": false, ""operation_mode"": ""RENT"", ""battery_voltage"": 14.800000190734863, ""in_primary_zone"": true, ""lock_engine_alert"": false, ""in_restricted_zone"": false, ""onboard_geofencing"": false, ""speed_limit_active"": false}"
2023-07-17 12:39:13.410,5237,13,"359159972073523",20,"{""key"": false, ""flip"": false, ""zone"": false, ""speed"": 30.9, ""buzzer"": 0, ""engine"": true, ""in_zone"": true, ""ignition"": true, ""latitude"": 42.6482533, ""direction"": 124, ""longitude"": 18.05877, ""gsm_signal"": 31, ""sleep_mode"": false, ""staff_mode"": false, ""fault_codes"": [], ""speed_limit"": 46, ""engine_hours"": 1591, ""idc_triggers"": [], ""buzzer_active"": false, ""fuel_level_avg"": 0, ""lock_geo_alert"": false, ""operation_mode"": ""RENT"", ""battery_voltage"": 14.800000190734863, ""in_primary_zone"": true, ""lock_engine_alert"": false, ""in_restricted_zone"": false, ""onboard_geofencing"": false, ""speed_limit_active"": false}"
2023-07-17 12:39:12.430,5237,13,"359159972073523",20,"{""key"": false, ""flip"": false, ""zone"": false, ""speed"": 32.7, ""buzzer"": 0, ""engine"": true, ""in_zone"": true, ""ignition"": true, ""latitude"": 42.6483, ""direction"": 135, ""longitude"": 18.0586832, ""gsm_signal"": 31, ""sleep_mode"": false, ""staff_mode"": false, ""fault_codes"": [], ""speed_limit"": 46, ""engine_hours"": 1591, ""idc_triggers"": [], ""buzzer_active"": false, ""fuel_level_avg"": 4, ""lock_geo_alert"": false, ""operation_mode"": ""RENT"", ""battery_voltage"": 14.800000190734863, ""in_primary_zone"": true, ""lock_engine_alert"": false, ""in_restricted_zone"": false, ""onboard_geofencing"": false, ""speed_limit_active"": false}"
2023-07-17 12:39:11.433,5237,13,"359159972073523",20,"{""key"": false, ""flip"": false, ""zone"": false, ""speed"": 28.2, ""buzzer"": 0, ""engine"": true, ""in_zone"": true, ""ignition"": true, ""latitude"": 42.6483566, ""direction"": 141, ""longitude"": 18.05861, ""gsm_signal"": 31, ""sleep_mode"": false, ""staff_mode"": false, ""fault_codes"": [], ""speed_limit"": 46, ""engine_hours"": 1591, ""idc_triggers"": [], ""buzzer_active"": false, ""fuel_level_avg"": 4, ""lock_geo_alert"": false, ""operation_mode"": ""RENT"", ""battery_voltage"": 14.800000190734863, ""in_primary_zone"": true, ""lock_engine_alert"": false, ""in_restricted_zone"": false, ""onboard_geofencing"": false, ""speed_limit_active"": false}"
2023-07-17 12:39:10.829,5237,13,"359159972073523",20,"{""key"": false, ""flip"": false, ""zone"": false, ""speed"": 19.3, ""buzzer"": 0, ""engine"": true, ""in_zone"": true, ""ignition"": true, ""latitude"": 42.6484066, ""direction"": 151, ""longitude"": 18.0585566, ""gsm_signal"": 31, ""sleep_mode"": false, ""staff_mode"": false, ""fault_codes"": [], ""speed_limit"": 46, ""engine_hours"": 1591, ""idc_triggers"": [], ""buzzer_active"": false, ""fuel_level_avg"": 4, ""lock_geo_alert"": false, ""operation_mode"": ""RENT"", ""battery_voltage"": 14.800000190734863, ""in_primary_zone"": true, ""lock_engine_alert"": false, ""in_restricted_zone"": false, ""onboard_geofencing"": false, ""speed_limit_active"": false}"
2023-07-17 12:39:09.406,5237,13,"359159972073523",20,"{""key"": false, ""flip"": false, ""zone"": false, ""speed"": 12.6, ""buzzer"": 0, ""engine"": true, ""in_zone"": true, ""ignition"": true, ""latitude"": 42.648445, ""direction"": 194, ""longitude"": 18.0585316, ""gsm_signal"": 31, ""sleep_mode"": false, ""staff_mode"": false, ""fault_codes"": [], ""speed_limit"": 46, ""engine_hours"": 1591, ""idc_triggers"": [], ""buzzer_active"": false, ""fuel_level_avg"": 4, ""lock_geo_alert"": false, ""operation_mode"": ""RENT"", ""battery_voltage"": 14.800000190734863, ""in_primary_zone"": true, ""lock_engine_alert"": false, ""in_restricted_zone"": false, ""onboard_geofencing"": false, ""speed_limit_active"": false}"
2023-07-17 12:39:08.410,5237,13,"359159972073523",20,"{""key"": false, ""flip"": false, ""zone"": false, ""speed"": 12.0, ""buzzer"": 0, ""engine"": true, ""in_zone"": true, ""ignition"": true, ""latitude"": 42.6484716, ""direction"": 275, ""longitude"": 18.0585416, ""gsm_signal"": 31, ""sleep_mode"": false, ""staff_mode"": false, ""fault_codes"": [], ""speed_limit"": 46, ""engine_hours"": 1591, ""idc_triggers"": [], ""buzzer_active"": false, ""fuel_level_avg"": 4, ""lock_geo_alert"": false, ""operation_mode"": ""RENT"", ""battery_voltage"": 14.800000190734863, ""in_primary_zone"": true, ""lock_engine_alert"": false, ""in_restricted_zone"": false, ""onboard_geofencing"": false, ""speed_limit_active"": false}"
2023-07-17 12:39:07.408,5237,13,"359159972073523",20,"{""key"": false, ""flip"": false, ""zone"": false, ""speed"": 10.7, ""buzzer"": 0, ""engine"": true, ""in_zone"": true, ""ignition"": true, ""latitude"": 42.6484716, ""direction"": 335, ""longitude"": 18.058575, ""gsm_signal"": 31, ""sleep_mode"": false, ""staff_mode"": false, ""fault_codes"": [], ""speed_limit"": 46, ""engine_hours"": 1591, ""idc_triggers"": [], ""buzzer_active"": false, ""fuel_level_avg"": 4, ""lock_geo_alert"": false, ""operation_mode"": ""RENT"", ""battery_voltage"": 14.800000190734863, ""in_primary_zone"": true, ""lock_engine_alert"": false, ""in_restricted_zone"": false, ""onboard_geofencing"": false, ""speed_limit_active"": false}"
2023-07-17 12:39:06.445,5237,13,"359159972073523",20,"{""key"": false, ""flip"": false, ""zone"": false, ""speed"": 9.6, ""buzzer"": 0, ""engine"": true, ""in_zone"": true, ""ignition"": true, ""latitude"": 42.64845, ""direction"": 31, ""longitude"": 18.05859, ""gsm_signal"": 31, ""sleep_mode"": false, ""staff_mode"": false, ""fault_codes"": [], ""speed_limit"": 46, ""engine_hours"": 1591, ""idc_triggers"": [], ""buzzer_active"": false, ""fuel_level_avg"": 4, ""lock_geo_alert"": false, ""operation_mode"": ""RENT"", ""battery_voltage"": 14.800000190734863, ""in_primary_zone"": true, ""lock_engine_alert"": false, ""in_restricted_zone"": false, ""onboard_geofencing"": false, ""speed_limit_active"": false}"
2023-07-17 12:39:05.431,5237,13,"359159972073523",20,"{""key"": false, ""flip"": false, ""zone"": false, ""speed"": 9.8, ""buzzer"": 0, ""engine"": true, ""in_zone"": true, ""ignition"": true, ""latitude"": 42.6484316, ""direction"": 97, ""longitude"": 18.0585766, ""gsm_signal"": 31, ""sleep_mode"": false, ""staff_mode"": false, ""fault_codes"": [], ""speed_limit"": 46, ""engine_hours"": 1591, ""idc_triggers"": [], ""buzzer_active"": false, ""fuel_level_avg"": 4, ""lock_geo_alert"": false, ""operation_mode"": ""RENT"", ""battery_voltage"": 14.800000190734863, ""in_primary_zone"": true, ""lock_engine_alert"": false, ""in_restricted_zone"": false, ""onboard_geofencing"": false, ""speed_limit_active"": false}"
2023-07-17 12:39:04.828,5237,13,"359159972073523",20,"{""key"": false, ""flip"": false, ""zone"": false, ""speed"": 10.4, ""buzzer"": 0, ""engine"": true, ""in_zone"": true, ""ignition"": true, ""latitude"": 42.64843, ""direction"": 131, ""longitude"": 18.058545, ""gsm_signal"": 31, ""sleep_mode"": false, ""staff_mode"": false, ""fault_codes"": [], ""speed_limit"": 46, ""engine_hours"": 1591, ""idc_triggers"": [], ""buzzer_active"": false, ""fuel_level_avg"": 4, ""lock_geo_alert"": false, ""operation_mode"": ""RENT"", ""battery_voltage"": 14.800000190734863, ""in_primary_zone"": true, ""lock_engine_alert"": false, ""in_restricted_zone"": false, ""onboard_geofencing"": false, ""speed_limit_active"": false}"
2023-07-17 12:39:03.411,5237,13,"359159972073523",20,"{""key"": false, ""flip"": false, ""zone"": false, ""speed"": 13.3, ""buzzer"": 0, ""engine"": true, ""in_zone"": true, ""ignition"": true, ""latitude"": 42.6484483, ""direction"": 147, ""longitude"": 18.0585182, ""gsm_signal"": 31, ""sleep_mode"": false, ""staff_mode"": false, ""fault_codes"": [], ""speed_limit"": 46, ""engine_hours"": 1591, ""idc_triggers"": [], ""buzzer_active"": false, ""fuel_level_avg"": 4, ""lock_geo_alert"": false, ""operation_mode"": ""RENT"", ""battery_voltage"": 14.800000190734863, ""in_primary_zone"": true, ""lock_engine_alert"": false, ""in_restricted_zone"": false, ""onboard_geofencing"": false, ""speed_limit_active"": false}"
2023-07-17 12:39:02.409,5237,13,"359159972073523",20,"{""key"": false, ""flip"": false, ""zone"": false, ""speed"": 10.2, ""buzzer"": 0, ""engine"": true, ""in_zone"": true, ""ignition"": true, ""latitude"": 42.6484733, ""direction"": 135, ""longitude"": 18.0584932, ""gsm_signal"": 31, ""sleep_mode"": false, ""staff_mode"": false, ""fault_codes"": [], ""speed_limit"": 46, ""engine_hours"": 1591, ""idc_triggers"": [], ""buzzer_active"": false, ""fuel_level_avg"": 4, ""lock_geo_alert"": false, ""operation_mode"": ""RENT"", ""battery_voltage"": 14.800000190734863, ""in_primary_zone"": true, ""lock_engine_alert"": false, ""in_restricted_zone"": false, ""onboard_geofencing"": false, ""speed_limit_active"": false}"
2023-07-17 12:39:01.436,5237,13,"359159972073523",20,"{""key"": false, ""flip"": false, ""zone"": false, ""speed"": 12.4, ""buzzer"": 0, ""engine"": true, ""in_zone"": true, ""ignition"": true, ""latitude"": 42.6484916, ""direction"": 125, ""longitude"": 18.0584682, ""gsm_signal"": 31, ""sleep_mode"": false, ""staff_mode"": false, ""fault_codes"": [], ""speed_limit"": 46, ""engine_hours"": 1591, ""idc_triggers"": [], ""buzzer_active"": false, ""fuel_level_avg"": 4, ""lock_geo_alert"": false, ""operation_mode"": ""RENT"", ""battery_voltage"": 14.800000190734863, ""in_primary_zone"": true, ""lock_engine_alert"": false, ""in_restricted_zone"": false, ""onboard_geofencing"": false, ""speed_limit_active"": false}"
2023-07-17 12:39:00.429,5237,13,"359159972073523",20,"{""key"": false, ""flip"": false, ""zone"": false, ""speed"": 19.8, ""buzzer"": 0, ""engine"": true, ""in_zone"": true, ""ignition"": true, ""latitude"": 42.6485133, ""direction"": 126, ""longitude"": 18.0584282, ""gsm_signal"": 31, ""sleep_mode"": false, ""staff_mode"": false, ""fault_codes"": [], ""speed_limit"": 46, ""engine_hours"": 1591, ""idc_triggers"": [], ""buzzer_active"": false, ""fuel_level_avg"": 4, ""lock_geo_alert"": false, ""operation_mode"": ""RENT"", ""battery_voltage"": 14.800000190734863, ""in_primary_zone"": true, ""lock_engine_alert"": false, ""in_restricted_zone"": false, ""onboard_geofencing"": false, ""speed_limit_active"": false}"
2023-07-17 12:38:59.830,5237,13,"359159972073523",20,"{""key"": false, ""flip"": false, ""zone"": false, ""speed"": 27.4, ""buzzer"": 0, ""engine"": true, ""in_zone"": true, ""ignition"": true, ""latitude"": 42.6485466, ""direction"": 130, ""longitude"": 18.0583682, ""gsm_signal"": 31, ""sleep_mode"": false, ""staff_mode"": false, ""fault_codes"": [], ""speed_limit"": 46, ""engine_hours"": 1591, ""idc_triggers"": [], ""buzzer_active"": false, ""fuel_level_avg"": 4, ""lock_geo_alert"": false, ""operation_mode"": ""RENT"", ""battery_voltage"": 14.800000190734863, ""in_primary_zone"": true, ""lock_engine_alert"": false, ""in_restricted_zone"": false, ""onboard_geofencing"": false, ""speed_limit_active"": false}"
2023-07-17 12:38:58.424,5237,13,"359159972073523",20,"{""key"": false, ""flip"": false, ""zone"": false, ""speed"": 32.1, ""buzzer"": 0, ""engine"": true, ""in_zone"": true, ""ignition"": true, ""latitude"": 42.648595, ""direction"": 132, ""longitude"": 18.058295, ""gsm_signal"": 31, ""sleep_mode"": false, ""staff_mode"": false, ""fault_codes"": [], ""speed_limit"": 46, ""engine_hours"": 1591, ""idc_triggers"": [], ""buzzer_active"": false, ""fuel_level_avg"": 4, ""lock_geo_alert"": false, ""operation_mode"": ""RENT"", ""battery_voltage"": 14.800000190734863, ""in_primary_zone"": true, ""lock_engine_alert"": false, ""in_restricted_zone"": false, ""onboard_geofencing"": false, ""speed_limit_active"": false}"
2023-07-17 12:38:57.430,5237,13,"359159972073523",20,"{""key"": false, ""flip"": false, ""zone"": false, ""speed"": 34.5, ""buzzer"": 0, ""engine"": true, ""in_zone"": true, ""ignition"": true, ""latitude"": 42.64865, ""direction"": 131, ""longitude"": 18.0582132, ""gsm_signal"": 31, ""sleep_mode"": false, ""staff_mode"": false, ""fault_codes"": [], ""speed_limit"": 46, ""engine_hours"": 1591, ""idc_triggers"": [], ""buzzer_active"": false, ""fuel_level_avg"": 4, ""lock_geo_alert"": false, ""operation_mode"": ""RENT"", ""battery_voltage"": 14.800000190734863, ""in_primary_zone"": true, ""lock_engine_alert"": false, ""in_restricted_zone"": false, ""onboard_geofencing"": false, ""speed_limit_active"": false}"
2023-07-17 12:38:56.432,5237,13,"359159972073523",20,"{""key"": false, ""flip"": false, ""zone"": false, ""speed"": 35.6, ""buzzer"": 0, ""engine"": true, ""in_zone"": true, ""ignition"": true, ""latitude"": 42.6487083, ""direction"": 133, ""longitude"": 18.058125, ""gsm_signal"": 31, ""sleep_mode"": false, ""staff_mode"": false, ""fault_codes"": [], ""speed_limit"": 46, ""engine_hours"": 1591, ""idc_triggers"": [], ""buzzer_active"": false, ""fuel_level_avg"": 4, ""lock_geo_alert"": false, ""operation_mode"": ""RENT"", ""battery_voltage"": 14.800000190734863, ""in_primary_zone"": true, ""lock_engine_alert"": false, ""in_restricted_zone"": false, ""onboard_geofencing"": false, ""speed_limit_active"": false}"
2023-07-17 12:38:55.828,5237,13,"359159972073523",20,"{""key"": false, ""flip"": false, ""zone"": false, ""speed"": 39.5, ""buzzer"": 0, ""engine"": true, ""in_zone"": true, ""ignition"": true, ""latitude"": 42.6487716, ""direction"": 133, ""longitude"": 18.058035, ""gsm_signal"": 31, ""sleep_mode"": false, ""staff_mode"": false, ""fault_codes"": [], ""speed_limit"": 46, ""engine_hours"": 1591, ""idc_triggers"": [], ""buzzer_active"": false, ""fuel_level_avg"": 4, ""lock_geo_alert"": false, ""operation_mode"": ""RENT"", ""battery_voltage"": 14.800000190734863, ""in_primary_zone"": true, ""lock_engine_alert"": false, ""in_restricted_zone"": false, ""onboard_geofencing"": false, ""speed_limit_active"": false}"
2023-07-17 12:38:54.408,5237,13,"359159972073523",20,"{""key"": false, ""flip"": false, ""zone"": false, ""speed"": 36.3, ""buzzer"": 0, ""engine"": true, ""in_zone"": true, ""ignition"": true, ""latitude"": 42.6488383, ""direction"": 135, ""longitude"": 18.0579416, ""gsm_signal"": 31, ""sleep_mode"": false, ""staff_mode"": false, ""fault_codes"": [], ""speed_limit"": 46, ""engine_hours"": 1591, ""idc_triggers"": [], ""buzzer_active"": false, ""fuel_level_avg"": 4, ""lock_geo_alert"": false, ""operation_mode"": ""RENT"", ""battery_voltage"": 14.800000190734863, ""in_primary_zone"": true, ""lock_engine_alert"": false, ""in_restricted_zone"": false, ""onboard_geofencing"": false, ""speed_limit_active"": false}"
2023-07-17 12:38:53.409,5237,13,"359159972073523",20,"{""key"": false, ""flip"": false, ""zone"": false, ""speed"": 32.5, ""buzzer"": 0, ""engine"": true, ""in_zone"": true, ""ignition"": true, ""latitude"": 42.6489016, ""direction"": 138, ""longitude"": 18.05786, ""gsm_signal"": 27, ""sleep_mode"": false, ""staff_mode"": false, ""fault_codes"": [], ""speed_limit"": 46, ""engine_hours"": 1591, ""idc_triggers"": [], ""buzzer_active"": false, ""fuel_level_avg"": 4, ""lock_geo_alert"": false, ""operation_mode"": ""RENT"", ""battery_voltage"": 14.800000190734863, ""in_primary_zone"": true, ""lock_engine_alert"": false, ""in_restricted_zone"": false, ""onboard_geofencing"": false, ""speed_limit_active"": false}"
2023-07-17 12:38:52.433,5237,13,"359159972073523",20,"{""key"": false, ""flip"": false, ""zone"": false, ""speed"": 27.9, ""buzzer"": 0, ""engine"": true, ""in_zone"": true, ""ignition"": true, ""latitude"": 42.6489616, ""direction"": 141, ""longitude"": 18.0577916, ""gsm_signal"": 27, ""sleep_mode"": false, ""staff_mode"": false, ""fault_codes"": [], ""speed_limit"": 46, ""engine_hours"": 1591, ""idc_triggers"": [], ""buzzer_active"": false, ""fuel_level_avg"": 4, ""lock_geo_alert"": false, ""operation_mode"": ""RENT"", ""battery_voltage"": 14.800000190734863, ""in_primary_zone"": true, ""lock_engine_alert"": false, ""in_restricted_zone"": false, ""onboard_geofencing"": false, ""speed_limit_active"": false}"
2023-07-17 12:38:51.456,5237,13,"359159972073523",20,"{""key"": false, ""flip"": false, ""zone"": false, ""speed"": 24.3, ""buzzer"": 0, ""engine"": true, ""in_zone"": true, ""ignition"": true, ""latitude"": 42.649015, ""direction"": 145, ""longitude"": 18.0577366, ""gsm_signal"": 27, ""sleep_mode"": false, ""staff_mode"": false, ""fault_codes"": [], ""speed_limit"": 46, ""engine_hours"": 1591, ""idc_triggers"": [], ""buzzer_active"": false, ""fuel_level_avg"": 4, ""lock_geo_alert"": false, ""operation_mode"": ""RENT"", ""battery_voltage"": 14.800000190734863, ""in_primary_zone"": true, ""lock_engine_alert"": false, ""in_restricted_zone"": false, ""onboard_geofencing"": false, ""speed_limit_active"": false}"
2023-07-17 12:38:50.830,5237,13,"359159972073523",20,"{""key"": false, ""flip"": false, ""zone"": false, ""speed"": 25.2, ""buzzer"": 0, ""engine"": true, ""in_zone"": true, ""ignition"": true, ""latitude"": 42.649065, ""direction"": 143, ""longitude"": 18.05769, ""gsm_signal"": 27, ""sleep_mode"": false, ""staff_mode"": false, ""fault_codes"": [], ""speed_limit"": 46, ""engine_hours"": 1591, ""idc_triggers"": [], ""buzzer_active"": false, ""fuel_level_avg"": 4, ""lock_geo_alert"": false, ""operation_mode"": ""RENT"", ""battery_voltage"": 14.800000190734863, ""in_primary_zone"": true, ""lock_engine_alert"": false, ""in_restricted_zone"": false, ""onboard_geofencing"": false, ""speed_limit_active"": false}"
2023-07-17 12:38:49.410,5237,13,"359159972073523",20,"{""key"": false, ""flip"": false, ""zone"": false, ""speed"": 33.0, ""buzzer"": 0, ""engine"": true, ""in_zone"": true, ""ignition"": true, ""latitude"": 42.64912, ""direction"": 142, ""longitude"": 18.0576332, ""gsm_signal"": 27, ""sleep_mode"": false, ""staff_mode"": false, ""fault_codes"": [], ""speed_limit"": 46, ""engine_hours"": 1591, ""idc_triggers"": [], ""buzzer_active"": false, ""fuel_level_avg"": 4, ""lock_geo_alert"": false, ""operation_mode"": ""RENT"", ""battery_voltage"": 14.800000190734863, ""in_primary_zone"": true, ""lock_engine_alert"": false, ""in_restricted_zone"": false, ""onboard_geofencing"": false, ""speed_limit_active"": false}"
2023-07-17 12:38:48.430,5237,13,"359159972073523",20,"{""key"": false, ""flip"": false, ""zone"": false, ""speed"": 42.8, ""buzzer"": 0, ""engine"": true, ""in_zone"": true, ""ignition"": true, ""latitude"": 42.6491916, ""direction"": 146, ""longitude"": 18.0575616, ""gsm_signal"": 27, ""sleep_mode"": false, ""staff_mode"": false, ""fault_codes"": [], ""speed_limit"": 46, ""engine_hours"": 1591, ""idc_triggers"": [], ""buzzer_active"": false, ""fuel_level_avg"": 4, ""lock_geo_alert"": false, ""operation_mode"": ""RENT"", ""battery_voltage"": 14.800000190734863, ""in_primary_zone"": true, ""lock_engine_alert"": false, ""in_restricted_zone"": false, ""onboard_geofencing"": false, ""speed_limit_active"": false}"
2023-07-17 12:38:47.427,5237,13,"359159972073523",20,"{""key"": false, ""flip"": false, ""zone"": false, ""speed"": 55.3, ""buzzer"": 0, ""engine"": true, ""in_zone"": true, ""ignition"": true, ""latitude"": 42.6492916, ""direction"": 151, ""longitude"": 18.05748, ""gsm_signal"": 27, ""sleep_mode"": false, ""staff_mode"": false, ""fault_codes"": [], ""speed_limit"": 46, ""engine_hours"": 1591, ""idc_triggers"": [], ""buzzer_active"": false, ""fuel_level_avg"": 4, ""lock_geo_alert"": false, ""operation_mode"": ""RENT"", ""battery_voltage"": 14.800000190734863, ""in_primary_zone"": true, ""lock_engine_alert"": false, ""in_restricted_zone"": false, ""onboard_geofencing"": false, ""speed_limit_active"": false}"
2023-07-17 12:38:46.963,5237,13,"359159972073523",20,"{""key"": false, ""flip"": false, ""zone"": false, ""speed"": 53.9, ""buzzer"": 0, ""engine"": true, ""in_zone"": true, ""ignition"": true, ""latitude"": 42.6494133, ""direction"": 154, ""longitude"": 18.0573932, ""gsm_signal"": 27, ""sleep_mode"": false, ""staff_mode"": false, ""fault_codes"": [], ""speed_limit"": 46, ""engine_hours"": 1591, ""idc_triggers"": [], ""buzzer_active"": false, ""fuel_level_avg"": 4, ""lock_geo_alert"": false, ""operation_mode"": ""RENT"", ""battery_voltage"": 14.800000190734863, ""in_primary_zone"": true, ""lock_engine_alert"": false, ""in_restricted_zone"": false, ""onboard_geofencing"": false, ""speed_limit_active"": false}"
2023-07-17 12:38:45.421,5237,13,"359159972073523",20,"{""key"": false, ""flip"": false, ""zone"": false, ""speed"": 53.8, ""buzzer"": 0, ""engine"": true, ""in_zone"": true, ""ignition"": true, ""latitude"": 42.6495366, ""direction"": 157, ""longitude"": 18.0573182, ""gsm_signal"": 27, ""sleep_mode"": false, ""staff_mode"": false, ""fault_codes"": [], ""speed_limit"": 46, ""engine_hours"": 1591, ""idc_triggers"": [], ""buzzer_active"": false, ""fuel_level_avg"": 4, ""lock_geo_alert"": false, ""operation_mode"": ""RENT"", ""battery_voltage"": 14.800000190734863, ""in_primary_zone"": true, ""lock_engine_alert"": false, ""in_restricted_zone"": false, ""onboard_geofencing"": false, ""speed_limit_active"": false}"
2023-07-17 12:38:44.473,5237,13,"359159972073523",20,"{""key"": false, ""flip"": false, ""zone"": false, ""speed"": 51.9, ""buzzer"": 0, ""engine"": true, ""in_zone"": true, ""ignition"": true, ""latitude"": 42.64966, ""direction"": 157, ""longitude"": 18.0572482, ""gsm_signal"": 27, ""sleep_mode"": false, ""staff_mode"": false, ""fault_codes"": [], ""speed_limit"": 46, ""engine_hours"": 1591, ""idc_triggers"": [], ""buzzer_active"": false, ""fuel_level_avg"": 4, ""lock_geo_alert"": false, ""operation_mode"": ""RENT"", ""battery_voltage"": 14.800000190734863, ""in_primary_zone"": true, ""lock_engine_alert"": false, ""in_restricted_zone"": false, ""onboard_geofencing"": false, ""speed_limit_active"": false}"
2023-07-17 12:38:43.439,5237,13,"359159972073523",20,"{""key"": false, ""flip"": false, ""zone"": false, ""speed"": 49.0, ""buzzer"": 0, ""engine"": true, ""in_zone"": true, ""ignition"": true, ""latitude"": 42.64978, ""direction"": 161, ""longitude"": 18.057185, ""gsm_signal"": 27, ""sleep_mode"": false, ""staff_mode"": false, ""fault_codes"": [], ""speed_limit"": 46, ""engine_hours"": 1591, ""idc_triggers"": [], ""buzzer_active"": false, ""fuel_level_avg"": 4, ""lock_geo_alert"": false, ""operation_mode"": ""RENT"", ""battery_voltage"": 14.800000190734863, ""in_primary_zone"": true, ""lock_engine_alert"": false, ""in_restricted_zone"": false, ""onboard_geofencing"": false, ""speed_limit_active"": false}"
2023-07-17 12:38:42.838,5237,13,"359159972073523",20,"{""key"": false, ""flip"": false, ""zone"": false, ""speed"": 46.3, ""buzzer"": 0, ""engine"": true, ""in_zone"": true, ""ignition"": true, ""latitude"": 42.649895, ""direction"": 165, ""longitude"": 18.0571366, ""gsm_signal"": 27, ""sleep_mode"": false, ""staff_mode"": false, ""fault_codes"": [], ""speed_limit"": 46, ""engine_hours"": 1591, ""idc_triggers"": [], ""buzzer_active"": false, ""fuel_level_avg"": 4, ""lock_geo_alert"": false, ""operation_mode"": ""RENT"", ""battery_voltage"": 14.800000190734863, ""in_primary_zone"": true, ""lock_engine_alert"": false, ""in_restricted_zone"": false, ""onboard_geofencing"": false, ""speed_limit_active"": false}"
2023-07-17 12:38:41.419,5237,13,"359159972073523",20,"{""key"": false, ""flip"": false, ""zone"": false, ""speed"": 41.8, ""buzzer"": 0, ""engine"": true, ""in_zone"": true, ""ignition"": true, ""latitude"": 42.6500033, ""direction"": 168, ""longitude"": 18.0571, ""gsm_signal"": 29, ""sleep_mode"": false, ""staff_mode"": false, ""fault_codes"": [], ""speed_limit"": 46, ""engine_hours"": 1591, ""idc_triggers"": [], ""buzzer_active"": false, ""fuel_level_avg"": 4, ""lock_geo_alert"": false, ""operation_mode"": ""RENT"", ""battery_voltage"": 14.800000190734863, ""in_primary_zone"": true, ""lock_engine_alert"": false, ""in_restricted_zone"": false, ""onboard_geofencing"": false, ""speed_limit_active"": false}"
2023-07-17 12:38:40.425,5237,13,"359159972073523",20,"{""key"": false, ""flip"": false, ""zone"": false, ""speed"": 39.8, ""buzzer"": 0, ""engine"": true, ""in_zone"": true, ""ignition"": true, ""latitude"": 42.650105, ""direction"": 170, ""longitude"": 18.0570732, ""gsm_signal"": 29, ""sleep_mode"": false, ""staff_mode"": false, ""fault_codes"": [], ""speed_limit"": 46, ""engine_hours"": 1591, ""idc_triggers"": [], ""buzzer_active"": false, ""fuel_level_avg"": 4, ""lock_geo_alert"": false, ""operation_mode"": ""RENT"", ""battery_voltage"": 14.800000190734863, ""in_primary_zone"": true, ""lock_engine_alert"": false, ""in_restricted_zone"": false, ""onboard_geofencing"": false, ""speed_limit_active"": false}"
2023-07-17 12:38:39.440,5237,13,"359159972073523",20,"{""key"": false, ""flip"": false, ""zone"": false, ""speed"": 38.3, ""buzzer"": 0, ""engine"": true, ""in_zone"": true, ""ignition"": true, ""latitude"": 42.6502016, ""direction"": 173, ""longitude"": 18.0570516, ""gsm_signal"": 29, ""sleep_mode"": false, ""staff_mode"": false, ""fault_codes"": [], ""speed_limit"": 46, ""engine_hours"": 1591, ""idc_triggers"": [], ""buzzer_active"": false, ""fuel_level_avg"": 4, ""lock_geo_alert"": false, ""operation_mode"": ""RENT"", ""battery_voltage"": 14.800000190734863, ""in_primary_zone"": true, ""lock_engine_alert"": false, ""in_restricted_zone"": false, ""onboard_geofencing"": false, ""speed_limit_active"": false}"
2023-07-17 12:38:38.519,5237,13,"359159972073523",20,"{""key"": false, ""flip"": false, ""zone"": false, ""speed"": 35.5, ""buzzer"": 0, ""engine"": true, ""in_zone"": true, ""ignition"": true, ""latitude"": 42.650295, ""direction"": 176, ""longitude"": 18.0570382, ""gsm_signal"": 29, ""sleep_mode"": false, ""staff_mode"": false, ""fault_codes"": [], ""speed_limit"": 46, ""engine_hours"": 1591, ""idc_triggers"": [], ""buzzer_active"": false, ""fuel_level_avg"": 4, ""lock_geo_alert"": false, ""operation_mode"": ""RENT"", ""battery_voltage"": 14.800000190734863, ""in_primary_zone"": true, ""lock_engine_alert"": false, ""in_restricted_zone"": false, ""onboard_geofencing"": false, ""speed_limit_active"": false}"
2023-07-17 12:38:37.841,5237,13,"359159972073523",20,"{""key"": false, ""flip"": false, ""zone"": false, ""speed"": 32.1, ""buzzer"": 0, ""engine"": true, ""in_zone"": true, ""ignition"": true, ""latitude"": 42.6503816, ""direction"": 176, ""longitude"": 18.0570316, ""gsm_signal"": 29, ""sleep_mode"": false, ""staff_mode"": false, ""fault_codes"": [], ""speed_limit"": 46, ""engine_hours"": 1591, ""idc_triggers"": [], ""buzzer_active"": false, ""fuel_level_avg"": 4, ""lock_geo_alert"": false, ""operation_mode"": ""RENT"", ""battery_voltage"": 14.800000190734863, ""in_primary_zone"": true, ""lock_engine_alert"": false, ""in_restricted_zone"": false, ""onboard_geofencing"": false, ""speed_limit_active"": false}"
2023-07-17 12:38:36.421,5237,13,"359159972073523",20,"{""key"": false, ""flip"": false, ""zone"": false, ""speed"": 32.0, ""buzzer"": 0, ""engine"": true, ""in_zone"": true, ""ignition"": true, ""latitude"": 42.6504616, ""direction"": 177, ""longitude"": 18.0570232, ""gsm_signal"": 29, ""sleep_mode"": false, ""staff_mode"": false, ""fault_codes"": [], ""speed_limit"": 46, ""engine_hours"": 1591, ""idc_triggers"": [], ""buzzer_active"": false, ""fuel_level_avg"": 4, ""lock_geo_alert"": false, ""operation_mode"": ""RENT"", ""battery_voltage"": 14.800000190734863, ""in_primary_zone"": true, ""lock_engine_alert"": false, ""in_restricted_zone"": false, ""onboard_geofencing"": false, ""speed_limit_active"": false}"
2023-07-17 12:38:35.459,5237,13,"359159972073523",20,"{""key"": false, ""flip"": false, ""zone"": false, ""speed"": 31.5, ""buzzer"": 0, ""engine"": true, ""in_zone"": true, ""ignition"": true, ""latitude"": 42.6505416, ""direction"": 178, ""longitude"": 18.05702, ""gsm_signal"": 29, ""sleep_mode"": false, ""staff_mode"": false, ""fault_codes"": [], ""speed_limit"": 46, ""engine_hours"": 1591, ""idc_triggers"": [], ""buzzer_active"": false, ""fuel_level_avg"": 4, ""lock_geo_alert"": false, ""operation_mode"": ""RENT"", ""battery_voltage"": 14.800000190734863, ""in_primary_zone"": true, ""lock_engine_alert"": false, ""in_restricted_zone"": false, ""onboard_geofencing"": false, ""speed_limit_active"": false}"
2023-07-17 12:38:34.474,5237,13,"359159972073523",20,"{""key"": false, ""flip"": false, ""zone"": false, ""speed"": 28.6, ""buzzer"": 0, ""engine"": true, ""in_zone"": true, ""ignition"": true, ""latitude"": 42.6506183, ""direction"": 177, ""longitude"": 18.0570182, ""gsm_signal"": 29, ""sleep_mode"": false, ""staff_mode"": false, ""fault_codes"": [], ""speed_limit"": 46, ""engine_hours"": 1591, ""idc_triggers"": [], ""buzzer_active"": false, ""fuel_level_avg"": 4, ""lock_geo_alert"": false, ""operation_mode"": ""RENT"", ""battery_voltage"": 14.800000190734863, ""in_primary_zone"": true, ""lock_engine_alert"": false, ""in_restricted_zone"": false, ""onboard_geofencing"": false, ""speed_limit_active"": false}"
2023-07-17 12:38:33.840,5237,13,"359159972073523",20,"{""key"": false, ""flip"": false, ""zone"": false, ""speed"": 23.6, ""buzzer"": 0, ""engine"": true, ""in_zone"": true, ""ignition"": true, ""latitude"": 42.6506866, ""direction"": 175, ""longitude"": 18.0570132, ""gsm_signal"": 29, ""sleep_mode"": false, ""staff_mode"": false, ""fault_codes"": [], ""speed_limit"": 46, ""engine_hours"": 1591, ""idc_triggers"": [], ""buzzer_active"": false, ""fuel_level_avg"": 4, ""lock_geo_alert"": false, ""operation_mode"": ""RENT"", ""battery_voltage"": 14.800000190734863, ""in_primary_zone"": true, ""lock_engine_alert"": false, ""in_restricted_zone"": false, ""onboard_geofencing"": false, ""speed_limit_active"": false}"
2023-07-17 12:38:32.418,5237,13,"359159972073523",20,"{""key"": false, ""flip"": false, ""zone"": false, ""speed"": 18.6, ""buzzer"": 0, ""engine"": true, ""in_zone"": true, ""ignition"": true, ""latitude"": 42.6507416, ""direction"": 170, ""longitude"": 18.0570066, ""gsm_signal"": 30, ""sleep_mode"": false, ""staff_mode"": false, ""fault_codes"": [], ""speed_limit"": 46, ""engine_hours"": 1591, ""idc_triggers"": [], ""buzzer_active"": false, ""fuel_level_avg"": 4, ""lock_geo_alert"": false, ""operation_mode"": ""RENT"", ""battery_voltage"": 14.800000190734863, ""in_primary_zone"": true, ""lock_engine_alert"": false, ""in_restricted_zone"": false, ""onboard_geofencing"": false, ""speed_limit_active"": false}"
2023-07-17 12:38:31.444,5237,13,"359159972073523",20,"{""key"": false, ""flip"": false, ""zone"": false, ""speed"": 16.3, ""buzzer"": 0, ""engine"": true, ""in_zone"": true, ""ignition"": true, ""latitude"": 42.650785, ""direction"": 160, ""longitude"": 18.0569966, ""gsm_signal"": 30, ""sleep_mode"": false, ""staff_mode"": false, ""fault_codes"": [], ""speed_limit"": 46, ""engine_hours"": 1591, ""idc_triggers"": [], ""buzzer_active"": false, ""fuel_level_avg"": 4, ""lock_geo_alert"": false, ""operation_mode"": ""RENT"", ""battery_voltage"": 14.800000190734863, ""in_primary_zone"": true, ""lock_engine_alert"": false, ""in_restricted_zone"": false, ""onboard_geofencing"": false, ""speed_limit_active"": false}"
2023-07-17 12:38:30.471,5237,13,"359159972073523",20,"{""key"": false, ""flip"": false, ""zone"": false, ""speed"": 15.7, ""buzzer"": 0, ""engine"": true, ""in_zone"": true, ""ignition"": true, ""latitude"": 42.6508233, ""direction"": 146, ""longitude"": 18.0569766, ""gsm_signal"": 30, ""sleep_mode"": false, ""staff_mode"": false, ""fault_codes"": [], ""speed_limit"": 46, ""engine_hours"": 1591, ""idc_triggers"": [], ""buzzer_active"": false, ""fuel_level_avg"": 4, ""lock_geo_alert"": false, ""operation_mode"": ""RENT"", ""battery_voltage"": 14.800000190734863, ""in_primary_zone"": true, ""lock_engine_alert"": false, ""in_restricted_zone"": false, ""onboard_geofencing"": false, ""speed_limit_active"": false}"
2023-07-17 12:38:29.443,5237,13,"359159972073523",20,"{""key"": false, ""flip"": false, ""zone"": false, ""speed"": 13.5, ""buzzer"": 0, ""engine"": true, ""in_zone"": true, ""ignition"": true, ""latitude"": 42.6508533, ""direction"": 145, ""longitude"": 18.0569482, ""gsm_signal"": 31, ""sleep_mode"": false, ""staff_mode"": false, ""fault_codes"": [], ""speed_limit"": 46, ""engine_hours"": 1591, ""idc_triggers"": [], ""buzzer_active"": false, ""fuel_level_avg"": 4, ""lock_geo_alert"": false, ""operation_mode"": ""RENT"", ""battery_voltage"": 14.800000190734863, ""in_primary_zone"": true, ""lock_engine_alert"": false, ""in_restricted_zone"": false, ""onboard_geofencing"": false, ""speed_limit_active"": false}"
2023-07-17 12:38:28.841,5237,13,"359159972073523",20,"{""key"": false, ""flip"": false, ""zone"": false, ""speed"": 11.9, ""buzzer"": 0, ""engine"": true, ""in_zone"": true, ""ignition"": true, ""latitude"": 42.65088, ""direction"": 150, ""longitude"": 18.0569232, ""gsm_signal"": 31, ""sleep_mode"": false, ""staff_mode"": false, ""fault_codes"": [], ""speed_limit"": 46, ""engine_hours"": 1591, ""idc_triggers"": [], ""buzzer_active"": false, ""fuel_level_avg"": 4, ""lock_geo_alert"": false, ""operation_mode"": ""RENT"", ""battery_voltage"": 14.800000190734863, ""in_primary_zone"": true, ""lock_engine_alert"": false, ""in_restricted_zone"": false, ""onboard_geofencing"": false, ""speed_limit_active"": false}"
2023-07-17 12:38:27.421,5237,13,"359159972073523",20,"{""key"": false, ""flip"": false, ""zone"": false, ""speed"": 13.3, ""buzzer"": 0, ""engine"": true, ""in_zone"": true, ""ignition"": true, ""latitude"": 42.6509083, ""direction"": 157, ""longitude"": 18.0569032, ""gsm_signal"": 31, ""sleep_mode"": false, ""staff_mode"": false, ""fault_codes"": [], ""speed_limit"": 46, ""engine_hours"": 1591, ""idc_triggers"": [], ""buzzer_active"": false, ""fuel_level_avg"": 4, ""lock_geo_alert"": false, ""operation_mode"": ""RENT"", ""battery_voltage"": 14.800000190734863, ""in_primary_zone"": true, ""lock_engine_alert"": false, ""in_restricted_zone"": false, ""onboard_geofencing"": false, ""speed_limit_active"": false}"
2023-07-17 12:38:26.442,5237,13,"359159972073523",20,"{""key"": false, ""flip"": false, ""zone"": false, ""speed"": 14.0, ""buzzer"": 0, ""engine"": true, ""in_zone"": true, ""ignition"": true, ""latitude"": 42.65094, ""direction"": 163, ""longitude"": 18.0568866, ""gsm_signal"": 30, ""sleep_mode"": false, ""staff_mode"": false, ""fault_codes"": [], ""speed_limit"": 46, ""engine_hours"": 1591, ""idc_triggers"": [], ""buzzer_active"": false, ""fuel_level_avg"": 4, ""lock_geo_alert"": false, ""operation_mode"": ""RENT"", ""battery_voltage"": 14.800000190734863, ""in_primary_zone"": true, ""lock_engine_alert"": false, ""in_restricted_zone"": false, ""onboard_geofencing"": false, ""speed_limit_active"": false}"
2023-07-17 12:38:25.446,5237,13,"359159972073523",20,"{""key"": false, ""flip"": false, ""zone"": false, ""speed"": 15.6, ""buzzer"": 0, ""engine"": true, ""in_zone"": true, ""ignition"": true, ""latitude"": 42.650975, ""direction"": 171, ""longitude"": 18.0568732, ""gsm_signal"": 30, ""sleep_mode"": false, ""staff_mode"": false, ""fault_codes"": [], ""speed_limit"": 46, ""engine_hours"": 1591, ""idc_triggers"": [], ""buzzer_active"": false, ""fuel_level_avg"": 4, ""lock_geo_alert"": false, ""operation_mode"": ""RENT"", ""battery_voltage"": 14.800000190734863, ""in_primary_zone"": true, ""lock_engine_alert"": false, ""in_restricted_zone"": false, ""onboard_geofencing"": false, ""speed_limit_active"": false}"
2023-07-17 12:38:24.840,5237,13,"359159972073523",20,"{""key"": false, ""flip"": false, ""zone"": false, ""speed"": 16.9, ""buzzer"": 0, ""engine"": true, ""in_zone"": true, ""ignition"": true, ""latitude"": 42.6510166, ""direction"": 178, ""longitude"": 18.0568666, ""gsm_signal"": 30, ""sleep_mode"": false, ""staff_mode"": false, ""fault_codes"": [], ""speed_limit"": 46, ""engine_hours"": 1591, ""idc_triggers"": [], ""buzzer_active"": false, ""fuel_level_avg"": 4, ""lock_geo_alert"": false, ""operation_mode"": ""RENT"", ""battery_voltage"": 14.800000190734863, ""in_primary_zone"": true, ""lock_engine_alert"": false, ""in_restricted_zone"": false, ""onboard_geofencing"": false, ""speed_limit_active"": false}"
2023-07-17 12:38:23.418,5237,13,"359159972073523",20,"{""key"": false, ""flip"": false, ""zone"": false, ""speed"": 16.5, ""buzzer"": 0, ""engine"": true, ""in_zone"": true, ""ignition"": true, ""latitude"": 42.6510583, ""direction"": 183, ""longitude"": 18.056865, ""gsm_signal"": 30, ""sleep_mode"": false, ""staff_mode"": false, ""fault_codes"": [], ""speed_limit"": 46, ""engine_hours"": 1591, ""idc_triggers"": [], ""buzzer_active"": false, ""fuel_level_avg"": 4, ""lock_geo_alert"": false, ""operation_mode"": ""RENT"", ""battery_voltage"": 14.800000190734863, ""in_primary_zone"": true, ""lock_engine_alert"": false, ""in_restricted_zone"": false, ""onboard_geofencing"": false, ""speed_limit_active"": false}"
2023-07-17 12:38:22.423,5237,13,"359159972073523",20,"{""key"": false, ""flip"": false, ""zone"": false, ""speed"": 13.1, ""buzzer"": 0, ""engine"": true, ""in_zone"": true, ""ignition"": true, ""latitude"": 42.6510966, ""direction"": 189, ""longitude"": 18.0568682, ""gsm_signal"": 30, ""sleep_mode"": false, ""staff_mode"": false, ""fault_codes"": [], ""speed_limit"": 46, ""engine_hours"": 1591, ""idc_triggers"": [], ""buzzer_active"": false, ""fuel_level_avg"": 4, ""lock_geo_alert"": false, ""operation_mode"": ""RENT"", ""battery_voltage"": 14.800000190734863, ""in_primary_zone"": true, ""lock_engine_alert"": false, ""in_restricted_zone"": false, ""onboard_geofencing"": false, ""speed_limit_active"": false}"
2023-07-17 12:38:21.438,5237,13,"359159972073523",20,"{""key"": false, ""flip"": false, ""zone"": false, ""speed"": 12.8, ""buzzer"": 0, ""engine"": true, ""in_zone"": true, ""ignition"": true, ""latitude"": 42.6511283, ""direction"": 190, ""longitude"": 18.0568766, ""gsm_signal"": 30, ""sleep_mode"": false, ""staff_mode"": false, ""fault_codes"": [], ""speed_limit"": 46, ""engine_hours"": 1591, ""idc_triggers"": [], ""buzzer_active"": false, ""fuel_level_avg"": 4, ""lock_geo_alert"": false, ""operation_mode"": ""RENT"", ""battery_voltage"": 14.800000190734863, ""in_primary_zone"": true, ""lock_engine_alert"": false, ""in_restricted_zone"": false, ""onboard_geofencing"": false, ""speed_limit_active"": false}"
2023-07-17 12:38:20.443,5237,13,"359159972073523",20,"{""key"": false, ""flip"": false, ""zone"": false, ""speed"": 10.4, ""buzzer"": 0, ""engine"": true, ""in_zone"": true, ""ignition"": true, ""latitude"": 42.6511583, ""direction"": 193, ""longitude"": 18.0568832, ""gsm_signal"": 31, ""sleep_mode"": false, ""staff_mode"": false, ""fault_codes"": [], ""speed_limit"": 46, ""engine_hours"": 1591, ""idc_triggers"": [], ""buzzer_active"": false, ""fuel_level_avg"": 4, ""lock_geo_alert"": false, ""operation_mode"": ""RENT"", ""battery_voltage"": 14.800000190734863, ""in_primary_zone"": true, ""lock_engine_alert"": false, ""in_restricted_zone"": false, ""onboard_geofencing"": false, ""speed_limit_active"": false}"
2023-07-17 12:38:19.844,5237,13,"359159972073523",20,"{""key"": false, ""flip"": false, ""zone"": false, ""speed"": 11.1, ""buzzer"": 0, ""engine"": true, ""in_zone"": true, ""ignition"": true, ""latitude"": 42.651185, ""direction"": 195, ""longitude"": 18.05689, ""gsm_signal"": 31, ""sleep_mode"": false, ""staff_mode"": false, ""fault_codes"": [], ""speed_limit"": 46, ""engine_hours"": 1591, ""idc_triggers"": [], ""buzzer_active"": false, ""fuel_level_avg"": 4, ""lock_geo_alert"": false, ""operation_mode"": ""RENT"", ""battery_voltage"": 14.800000190734863, ""in_primary_zone"": true, ""lock_engine_alert"": false, ""in_restricted_zone"": false, ""onboard_geofencing"": false, ""speed_limit_active"": false}"
2023-07-17 12:38:18.421,5237,13,"359159972073523",20,"{""key"": false, ""flip"": false, ""zone"": false, ""speed"": 10.3, ""buzzer"": 0, ""engine"": true, ""in_zone"": true, ""ignition"": true, ""latitude"": 42.6512116, ""direction"": 198, ""longitude"": 18.0569, ""gsm_signal"": 31, ""sleep_mode"": false, ""staff_mode"": false, ""fault_codes"": [], ""speed_limit"": 46, ""engine_hours"": 1591, ""idc_triggers"": [], ""buzzer_active"": false, ""fuel_level_avg"": 4, ""lock_geo_alert"": false, ""operation_mode"": ""RENT"", ""battery_voltage"": 14.800000190734863, ""in_primary_zone"": true, ""lock_engine_alert"": false, ""in_restricted_zone"": false, ""onboard_geofencing"": false, ""speed_limit_active"": false}"
2023-07-17 12:38:17.460,5237,13,"359159972073523",20,"{""key"": false, ""flip"": false, ""zone"": false, ""speed"": 8.0, ""buzzer"": 0, ""engine"": true, ""in_zone"": true, ""ignition"": true, ""latitude"": 42.651235, ""direction"": 203, ""longitude"": 18.05691, ""gsm_signal"": 31, ""sleep_mode"": false, ""staff_mode"": false, ""fault_codes"": [], ""speed_limit"": 46, ""engine_hours"": 1591, ""idc_triggers"": [], ""buzzer_active"": false, ""fuel_level_avg"": 4, ""lock_geo_alert"": false, ""operation_mode"": ""RENT"", ""battery_voltage"": 14.800000190734863, ""in_primary_zone"": true, ""lock_engine_alert"": false, ""in_restricted_zone"": false, ""onboard_geofencing"": false, ""speed_limit_active"": false}"
2023-07-17 12:38:16.481,5237,13,"359159972073523",20,"{""key"": false, ""flip"": false, ""zone"": false, ""speed"": 11.7, ""buzzer"": 0, ""engine"": true, ""in_zone"": true, ""ignition"": true, ""latitude"": 42.651255, ""direction"": 203, ""longitude"": 18.0569216, ""gsm_signal"": 31, ""sleep_mode"": false, ""staff_mode"": false, ""fault_codes"": [], ""speed_limit"": 46, ""engine_hours"": 1591, ""idc_triggers"": [], ""buzzer_active"": false, ""fuel_level_avg"": 4, ""lock_geo_alert"": false, ""operation_mode"": ""RENT"", ""battery_voltage"": 14.800000190734863, ""in_primary_zone"": true, ""lock_engine_alert"": false, ""in_restricted_zone"": false, ""onboard_geofencing"": false, ""speed_limit_active"": false}"
2023-07-17 12:38:15.859,5237,13,"359159972073523",20,"{""key"": false, ""flip"": false, ""zone"": false, ""speed"": 17.5, ""buzzer"": 0, ""engine"": true, ""in_zone"": true, ""ignition"": true, ""latitude"": 42.651285, ""direction"": 205, ""longitude"": 18.0569416, ""gsm_signal"": 31, ""sleep_mode"": false, ""staff_mode"": false, ""fault_codes"": [], ""speed_limit"": 46, ""engine_hours"": 1591, ""idc_triggers"": [], ""buzzer_active"": false, ""fuel_level_avg"": 4, ""lock_geo_alert"": false, ""operation_mode"": ""RENT"", ""battery_voltage"": 14.800000190734863, ""in_primary_zone"": true, ""lock_engine_alert"": false, ""in_restricted_zone"": false, ""onboard_geofencing"": false, ""speed_limit_active"": false}"
2023-07-17 12:38:14.461,5237,13,"359159972073523",20,"{""key"": false, ""flip"": false, ""zone"": false, ""speed"": 26.5, ""buzzer"": 0, ""engine"": true, ""in_zone"": true, ""ignition"": true, ""latitude"": 42.6513316, ""direction"": 205, ""longitude"": 18.05697, ""gsm_signal"": 31, ""sleep_mode"": false, ""staff_mode"": false, ""fault_codes"": [], ""speed_limit"": 46, ""engine_hours"": 1591, ""idc_triggers"": [], ""buzzer_active"": false, ""fuel_level_avg"": 4, ""lock_geo_alert"": false, ""operation_mode"": ""RENT"", ""battery_voltage"": 14.800000190734863, ""in_primary_zone"": true, ""lock_engine_alert"": false, ""in_restricted_zone"": false, ""onboard_geofencing"": false, ""speed_limit_active"": false}"
2023-07-17 12:38:13.842,5237,13,"359159972073523",20,"{""key"": false, ""flip"": false, ""zone"": false, ""speed"": 35.0, ""buzzer"": 0, ""engine"": true, ""in_zone"": true, ""ignition"": true, ""latitude"": 42.6513966, ""direction"": 202, ""longitude"": 18.0570116, ""gsm_signal"": 31, ""sleep_mode"": false, ""staff_mode"": false, ""fault_codes"": [], ""speed_limit"": 46, ""engine_hours"": 1591, ""idc_triggers"": [], ""buzzer_active"": false, ""fuel_level_avg"": 4, ""lock_geo_alert"": false, ""operation_mode"": ""RENT"", ""battery_voltage"": 14.800000190734863, ""in_primary_zone"": true, ""lock_engine_alert"": false, ""in_restricted_zone"": false, ""onboard_geofencing"": false, ""speed_limit_active"": false}"
2023-07-17 12:38:12.422,5237,13,"359159972073523",20,"{""key"": false, ""flip"": false, ""zone"": false, ""speed"": 42.8, ""buzzer"": 0, ""engine"": true, ""in_zone"": true, ""ignition"": true, ""latitude"": 42.6514833, ""direction"": 203, ""longitude"": 18.05706, ""gsm_signal"": 31, ""sleep_mode"": false, ""staff_mode"": false, ""fault_codes"": [], ""speed_limit"": 46, ""engine_hours"": 1591, ""idc_triggers"": [], ""buzzer_active"": false, ""fuel_level_avg"": 4, ""lock_geo_alert"": false, ""operation_mode"": ""RENT"", ""battery_voltage"": 14.800000190734863, ""in_primary_zone"": true, ""lock_engine_alert"": false, ""in_restricted_zone"": false, ""onboard_geofencing"": false, ""speed_limit_active"": false}"
2023-07-17 12:38:11.761,5237,13,"359159972073523",20,"{""key"": false, ""flip"": false, ""zone"": false, ""speed"": 41.6, ""buzzer"": 0, ""engine"": true, ""in_zone"": true, ""ignition"": true, ""latitude"": 42.65158, ""direction"": 206, ""longitude"": 18.05712, ""gsm_signal"": 31, ""sleep_mode"": false, ""staff_mode"": false, ""fault_codes"": [], ""speed_limit"": 46, ""engine_hours"": 1591, ""idc_triggers"": [], ""buzzer_active"": false, ""fuel_level_avg"": 4, ""lock_geo_alert"": false, ""operation_mode"": ""RENT"", ""battery_voltage"": 14.800000190734863, ""in_primary_zone"": true, ""lock_engine_alert"": false, ""in_restricted_zone"": false, ""onboard_geofencing"": false, ""speed_limit_active"": false}"
2023-07-17 12:38:10.841,5237,13,"359159972073523",20,"{""key"": false, ""flip"": false, ""zone"": false, ""speed"": 44.9, ""buzzer"": 0, ""engine"": true, ""in_zone"": true, ""ignition"": true, ""latitude"": 42.651675, ""direction"": 208, ""longitude"": 18.0571866, ""gsm_signal"": 23, ""sleep_mode"": false, ""staff_mode"": false, ""fault_codes"": [], ""speed_limit"": 46, ""engine_hours"": 1591, ""idc_triggers"": [], ""buzzer_active"": false, ""fuel_level_avg"": 6, ""lock_geo_alert"": false, ""operation_mode"": ""RENT"", ""battery_voltage"": 14.800000190734863, ""in_primary_zone"": true, ""lock_engine_alert"": false, ""in_restricted_zone"": false, ""onboard_geofencing"": false, ""speed_limit_active"": false}"
2023-07-17 12:38:09.420,5237,13,"359159972073523",20,"{""key"": false, ""flip"": false, ""zone"": false, ""speed"": 46.8, ""buzzer"": 0, ""engine"": true, ""in_zone"": true, ""ignition"": true, ""latitude"": 42.651775, ""direction"": 210, ""longitude"": 18.0572616, ""gsm_signal"": 23, ""sleep_mode"": false, ""staff_mode"": false, ""fault_codes"": [], ""speed_limit"": 46, ""engine_hours"": 1591, ""idc_triggers"": [], ""buzzer_active"": false, ""fuel_level_avg"": 6, ""lock_geo_alert"": false, ""operation_mode"": ""RENT"", ""battery_voltage"": 14.800000190734863, ""in_primary_zone"": true, ""lock_engine_alert"": false, ""in_restricted_zone"": false, ""onboard_geofencing"": false, ""speed_limit_active"": false}"
2023-07-17 12:38:08.443,5237,13,"359159972073523",20,"{""key"": false, ""flip"": false, ""zone"": false, ""speed"": 46.3, ""buzzer"": 0, ""engine"": true, ""in_zone"": true, ""ignition"": true, ""latitude"": 42.6518733, ""direction"": 213, ""longitude"": 18.0573432, ""gsm_signal"": 26, ""sleep_mode"": false, ""staff_mode"": false, ""fault_codes"": [], ""speed_limit"": 46, ""engine_hours"": 1591, ""idc_triggers"": [], ""buzzer_active"": false, ""fuel_level_avg"": 6, ""lock_geo_alert"": false, ""operation_mode"": ""RENT"", ""battery_voltage"": 14.800000190734863, ""in_primary_zone"": true, ""lock_engine_alert"": false, ""in_restricted_zone"": false, ""onboard_geofencing"": false, ""speed_limit_active"": false}"
2023-07-17 12:38:07.440,5237,13,"359159972073523",20,"{""key"": false, ""flip"": false, ""zone"": false, ""speed"": 46.5, ""buzzer"": 0, ""engine"": true, ""in_zone"": true, ""ignition"": true, ""latitude"": 42.65197, ""direction"": 214, ""longitude"": 18.05743, ""gsm_signal"": 26, ""sleep_mode"": false, ""staff_mode"": false, ""fault_codes"": [], ""speed_limit"": 46, ""engine_hours"": 1591, ""idc_triggers"": [], ""buzzer_active"": false, ""fuel_level_avg"": 6, ""lock_geo_alert"": false, ""operation_mode"": ""RENT"", ""battery_voltage"": 14.800000190734863, ""in_primary_zone"": true, ""lock_engine_alert"": false, ""in_restricted_zone"": false, ""onboard_geofencing"": false, ""speed_limit_active"": false}"
2023-07-17 12:38:06.598,5237,13,"359159972073523",20,"{""key"": false, ""flip"": false, ""zone"": false, ""speed"": 46.2, ""buzzer"": 0, ""engine"": true, ""in_zone"": true, ""ignition"": true, ""latitude"": 42.652065, ""direction"": 215, ""longitude"": 18.0575216, ""gsm_signal"": 26, ""sleep_mode"": false, ""staff_mode"": false, ""fault_codes"": [], ""speed_limit"": 46, ""engine_hours"": 1591, ""idc_triggers"": [], ""buzzer_active"": false, ""fuel_level_avg"": 6, ""lock_geo_alert"": false, ""operation_mode"": ""RENT"", ""battery_voltage"": 14.800000190734863, ""in_primary_zone"": true, ""lock_engine_alert"": false, ""in_restricted_zone"": false, ""onboard_geofencing"": false, ""speed_limit_active"": false}"
2023-07-17 12:38:05.517,5237,13,"359159972073523",20,"{""key"": false, ""flip"": false, ""zone"": false, ""speed"": 43.8, ""buzzer"": 0, ""engine"": true, ""in_zone"": true, ""ignition"": true, ""latitude"": 42.652155, ""direction"": 217, ""longitude"": 18.0576116, ""gsm_signal"": 29, ""sleep_mode"": false, ""staff_mode"": false, ""fault_codes"": [], ""speed_limit"": 46, ""engine_hours"": 1591, ""idc_triggers"": [], ""buzzer_active"": false, ""fuel_level_avg"": 6, ""lock_geo_alert"": false, ""operation_mode"": ""RENT"", ""battery_voltage"": 14.800000190734863, ""in_primary_zone"": true, ""lock_engine_alert"": false, ""in_restricted_zone"": false, ""onboard_geofencing"": false, ""speed_limit_active"": false}"
2023-07-17 12:38:04.476,5237,13,"359159972073523",20,"{""key"": false, ""flip"": false, ""zone"": false, ""speed"": 43.0, ""buzzer"": 0, ""engine"": true, ""in_zone"": true, ""ignition"": true, ""latitude"": 42.652241599999996, ""direction"": 217, ""longitude"": 18.0577, ""gsm_signal"": 29, ""sleep_mode"": false, ""staff_mode"": false, ""fault_codes"": [], ""speed_limit"": 46, ""engine_hours"": 1591, ""idc_triggers"": [], ""buzzer_active"": false, ""fuel_level_avg"": 6, ""lock_geo_alert"": false, ""operation_mode"": ""RENT"", ""battery_voltage"": 14.800000190734863, ""in_primary_zone"": true, ""lock_engine_alert"": false, ""in_restricted_zone"": false, ""onboard_geofencing"": false, ""speed_limit_active"": false}"
2023-07-17 12:38:03.521,5237,13,"359159972073523",20,"{""key"": false, ""flip"": false, ""zone"": false, ""speed"": 44.8, ""buzzer"": 0, ""engine"": true, ""in_zone"": true, ""ignition"": true, ""latitude"": 42.6523266, ""direction"": 218, ""longitude"": 18.05779, ""gsm_signal"": 29, ""sleep_mode"": false, ""staff_mode"": false, ""fault_codes"": [], ""speed_limit"": 46, ""engine_hours"": 1591, ""idc_triggers"": [], ""buzzer_active"": false, ""fuel_level_avg"": 6, ""lock_geo_alert"": false, ""operation_mode"": ""RENT"", ""battery_voltage"": 14.800000190734863, ""in_primary_zone"": true, ""lock_engine_alert"": false, ""in_restricted_zone"": false, ""onboard_geofencing"": false, ""speed_limit_active"": false}"
2023-07-17 12:38:02.496,5237,13,"359159972073523",20,"{""key"": false, ""flip"": false, ""zone"": false, ""speed"": 48.7, ""buzzer"": 0, ""engine"": true, ""in_zone"": true, ""ignition"": true, ""latitude"": 42.652415, ""direction"": 218, ""longitude"": 18.057885, ""gsm_signal"": 29, ""sleep_mode"": false, ""staff_mode"": false, ""fault_codes"": [], ""speed_limit"": 46, ""engine_hours"": 1591, ""idc_triggers"": [], ""buzzer_active"": false, ""fuel_level_avg"": 6, ""lock_geo_alert"": false, ""operation_mode"": ""RENT"", ""battery_voltage"": 14.800000190734863, ""in_primary_zone"": true, ""lock_engine_alert"": false, ""in_restricted_zone"": false, ""onboard_geofencing"": false, ""speed_limit_active"": false}"
2023-07-17 12:38:02.218,5237,13,"359159972073523",20,"{""key"": false, ""flip"": false, ""zone"": false, ""speed"": 45.3, ""buzzer"": 0, ""engine"": true, ""in_zone"": true, ""ignition"": true, ""latitude"": 42.6525083, ""direction"": 220, ""longitude"": 18.0579866, ""gsm_signal"": 29, ""sleep_mode"": false, ""staff_mode"": false, ""fault_codes"": [], ""speed_limit"": 46, ""engine_hours"": 1591, ""idc_triggers"": [], ""buzzer_active"": false, ""fuel_level_avg"": 6, ""lock_geo_alert"": false, ""operation_mode"": ""RENT"", ""battery_voltage"": 14.800000190734863, ""in_primary_zone"": true, ""lock_engine_alert"": false, ""in_restricted_zone"": false, ""onboard_geofencing"": false, ""speed_limit_active"": false}"
2023-07-17 12:38:00.423,5237,13,"359159972073523",20,"{""key"": false, ""flip"": false, ""zone"": false, ""speed"": 43.0, ""buzzer"": 0, ""engine"": true, ""in_zone"": true, ""ignition"": true, ""latitude"": 42.652595, ""direction"": 221, ""longitude"": 18.0580866, ""gsm_signal"": 29, ""sleep_mode"": false, ""staff_mode"": false, ""fault_codes"": [], ""speed_limit"": 46, ""engine_hours"": 1591, ""idc_triggers"": [], ""buzzer_active"": false, ""fuel_level_avg"": 6, ""lock_geo_alert"": false, ""operation_mode"": ""RENT"", ""battery_voltage"": 14.800000190734863, ""in_primary_zone"": true, ""lock_engine_alert"": false, ""in_restricted_zone"": false, ""onboard_geofencing"": false, ""speed_limit_active"": false}"
2023-07-17 12:37:59.439,5237,13,"359159972073523",20,"{""key"": false, ""flip"": false, ""zone"": false, ""speed"": 45.6, ""buzzer"": 0, ""engine"": true, ""in_zone"": true, ""ignition"": true, ""latitude"": 42.6526766, ""direction"": 222, ""longitude"": 18.0581866, ""gsm_signal"": 30, ""sleep_mode"": false, ""staff_mode"": false, ""fault_codes"": [], ""speed_limit"": 46, ""engine_hours"": 1591, ""idc_triggers"": [], ""buzzer_active"": false, ""fuel_level_avg"": 6, ""lock_geo_alert"": false, ""operation_mode"": ""RENT"", ""battery_voltage"": 14.800000190734863, ""in_primary_zone"": true, ""lock_engine_alert"": false, ""in_restricted_zone"": false, ""onboard_geofencing"": false, ""speed_limit_active"": false}"
2023-07-17 12:37:58.555,5237,13,"359159972073523",20,"{""key"": false, ""flip"": false, ""zone"": false, ""speed"": 49.6, ""buzzer"": 0, ""engine"": true, ""in_zone"": true, ""ignition"": true, ""latitude"": 42.65276, ""direction"": 225, ""longitude"": 18.0582882, ""gsm_signal"": 30, ""sleep_mode"": false, ""staff_mode"": false, ""fault_codes"": [], ""speed_limit"": 46, ""engine_hours"": 1591, ""idc_triggers"": [], ""buzzer_active"": false, ""fuel_level_avg"": 6, ""lock_geo_alert"": false, ""operation_mode"": ""RENT"", ""battery_voltage"": 14.800000190734863, ""in_primary_zone"": true, ""lock_engine_alert"": false, ""in_restricted_zone"": false, ""onboard_geofencing"": false, ""speed_limit_active"": false}"
2023-07-17 12:37:58.213,5237,13,"359159972073523",20,"{""key"": false, ""flip"": false, ""zone"": false, ""speed"": 47.7, ""buzzer"": 0, ""engine"": true, ""in_zone"": true, ""ignition"": true, ""latitude"": 42.6528466, ""direction"": 226, ""longitude"": 18.0584066, ""gsm_signal"": 30, ""sleep_mode"": false, ""staff_mode"": false, ""fault_codes"": [], ""speed_limit"": 46, ""engine_hours"": 1591, ""idc_triggers"": [], ""buzzer_active"": false, ""fuel_level_avg"": 6, ""lock_geo_alert"": false, ""operation_mode"": ""RENT"", ""battery_voltage"": 14.800000190734863, ""in_primary_zone"": true, ""lock_engine_alert"": false, ""in_restricted_zone"": false, ""onboard_geofencing"": false, ""speed_limit_active"": false}"
2023-07-17 12:37:56.437,5237,13,"359159972073523",20,"{""key"": false, ""flip"": false, ""zone"": false, ""speed"": 47.1, ""buzzer"": 0, ""engine"": true, ""in_zone"": true, ""ignition"": true, ""latitude"": 42.6529283, ""direction"": 228, ""longitude"": 18.0585282, ""gsm_signal"": 30, ""sleep_mode"": false, ""staff_mode"": false, ""fault_codes"": [], ""speed_limit"": 46, ""engine_hours"": 1591, ""idc_triggers"": [], ""buzzer_active"": false, ""fuel_level_avg"": 6, ""lock_geo_alert"": false, ""operation_mode"": ""RENT"", ""battery_voltage"": 14.800000190734863, ""in_primary_zone"": true, ""lock_engine_alert"": false, ""in_restricted_zone"": false, ""onboard_geofencing"": false, ""speed_limit_active"": false}"
2023-07-17 12:37:55.854,5237,13,"359159972073523",20,"{""key"": false, ""flip"": false, ""zone"": false, ""speed"": 48.5, ""buzzer"": 0, ""engine"": true, ""in_zone"": true, ""ignition"": true, ""latitude"": 42.6530066, ""direction"": 229, ""longitude"": 18.0586516, ""gsm_signal"": 30, ""sleep_mode"": false, ""staff_mode"": false, ""fault_codes"": [], ""speed_limit"": 46, ""engine_hours"": 1591, ""idc_triggers"": [], ""buzzer_active"": false, ""fuel_level_avg"": 6, ""lock_geo_alert"": false, ""operation_mode"": ""RENT"", ""battery_voltage"": 14.800000190734863, ""in_primary_zone"": true, ""lock_engine_alert"": false, ""in_restricted_zone"": false, ""onboard_geofencing"": false, ""speed_limit_active"": false}"
2023-07-17 12:37:54.415,5237,13,"359159972073523",20,"{""key"": false, ""flip"": false, ""zone"": false, ""speed"": 48.4, ""buzzer"": 0, ""engine"": true, ""in_zone"": true, ""ignition"": true, ""latitude"": 42.6530833, ""direction"": 231, ""longitude"": 18.05878, ""gsm_signal"": 30, ""sleep_mode"": false, ""staff_mode"": false, ""fault_codes"": [], ""speed_limit"": 46, ""engine_hours"": 1591, ""idc_triggers"": [], ""buzzer_active"": false, ""fuel_level_avg"": 6, ""lock_geo_alert"": false, ""operation_mode"": ""RENT"", ""battery_voltage"": 14.800000190734863, ""in_primary_zone"": true, ""lock_engine_alert"": false, ""in_restricted_zone"": false, ""onboard_geofencing"": false, ""speed_limit_active"": false}"
2023-07-17 12:37:53.437,5237,13,"359159972073523",20,"{""key"": false, ""flip"": false, ""zone"": false, ""speed"": 49.3, ""buzzer"": 0, ""engine"": true, ""in_zone"": true, ""ignition"": true, ""latitude"": 42.6531583, ""direction"": 234, ""longitude"": 18.0589132, ""gsm_signal"": 30, ""sleep_mode"": false, ""staff_mode"": false, ""fault_codes"": [], ""speed_limit"": 46, ""engine_hours"": 1591, ""idc_triggers"": [], ""buzzer_active"": false, ""fuel_level_avg"": 6, ""lock_geo_alert"": false, ""operation_mode"": ""RENT"", ""battery_voltage"": 14.800000190734863, ""in_primary_zone"": true, ""lock_engine_alert"": false, ""in_restricted_zone"": false, ""onboard_geofencing"": false, ""speed_limit_active"": false}"
2023-07-17 12:37:52.439,5237,13,"359159972073523",20,"{""key"": false, ""flip"": false, ""zone"": false, ""speed"": 51.6, ""buzzer"": 0, ""engine"": true, ""in_zone"": true, ""ignition"": true, ""latitude"": 42.6532316, ""direction"": 237, ""longitude"": 18.0590482, ""gsm_signal"": 30, ""sleep_mode"": false, ""staff_mode"": false, ""fault_codes"": [], ""speed_limit"": 46, ""engine_hours"": 1591, ""idc_triggers"": [], ""buzzer_active"": false, ""fuel_level_avg"": 6, ""lock_geo_alert"": false, ""operation_mode"": ""RENT"", ""battery_voltage"": 14.800000190734863, ""in_primary_zone"": true, ""lock_engine_alert"": false, ""in_restricted_zone"": false, ""onboard_geofencing"": false, ""speed_limit_active"": false}"
2023-07-17 12:37:51.834,5237,13,"359159972073523",20,"{""key"": false, ""flip"": false, ""zone"": false, ""speed"": 52.4, ""buzzer"": 0, ""engine"": true, ""in_zone"": true, ""ignition"": true, ""latitude"": 42.6533, ""direction"": 238, ""longitude"": 18.0591966, ""gsm_signal"": 30, ""sleep_mode"": false, ""staff_mode"": false, ""fault_codes"": [], ""speed_limit"": 46, ""engine_hours"": 1591, ""idc_triggers"": [], ""buzzer_active"": false, ""fuel_level_avg"": 6, ""lock_geo_alert"": false, ""operation_mode"": ""RENT"", ""battery_voltage"": 14.800000190734863, ""in_primary_zone"": true, ""lock_engine_alert"": false, ""in_restricted_zone"": false, ""onboard_geofencing"": false, ""speed_limit_active"": false}"
2023-07-17 12:37:50.413,5237,13,"359159972073523",20,"{""key"": false, ""flip"": false, ""zone"": false, ""speed"": 51.6, ""buzzer"": 0, ""engine"": true, ""in_zone"": true, ""ignition"": true, ""latitude"": 42.65337, ""direction"": 238, ""longitude"": 18.05935, ""gsm_signal"": 29, ""sleep_mode"": false, ""staff_mode"": false, ""fault_codes"": [], ""speed_limit"": 46, ""engine_hours"": 1591, ""idc_triggers"": [], ""buzzer_active"": false, ""fuel_level_avg"": 6, ""lock_geo_alert"": false, ""operation_mode"": ""RENT"", ""battery_voltage"": 14.800000190734863, ""in_primary_zone"": true, ""lock_engine_alert"": false, ""in_restricted_zone"": false, ""onboard_geofencing"": false, ""speed_limit_active"": false}"
2023-07-17 12:37:49.674,5237,13,"359159972073523",20,"{""key"": false, ""flip"": false, ""zone"": false, ""speed"": 49.9, ""buzzer"": 0, ""engine"": true, ""in_zone"": true, ""ignition"": true, ""latitude"": 42.6534366, ""direction"": 239, ""longitude"": 18.0594966, ""gsm_signal"": 29, ""sleep_mode"": false, ""staff_mode"": false, ""fault_codes"": [], ""speed_limit"": 46, ""engine_hours"": 1591, ""idc_triggers"": [], ""buzzer_active"": false, ""fuel_level_avg"": 6, ""lock_geo_alert"": false, ""operation_mode"": ""RENT"", ""battery_voltage"": 14.800000190734863, ""in_primary_zone"": true, ""lock_engine_alert"": false, ""in_restricted_zone"": false, ""onboard_geofencing"": false, ""speed_limit_active"": false}"
2023-07-17 12:37:48.576,5237,13,"359159972073523",20,"{""key"": false, ""flip"": false, ""zone"": false, ""speed"": 47.6, ""buzzer"": 0, ""engine"": true, ""in_zone"": true, ""ignition"": true, ""latitude"": 42.6535, ""direction"": 240, ""longitude"": 18.0596416, ""gsm_signal"": 29, ""sleep_mode"": false, ""staff_mode"": false, ""fault_codes"": [], ""speed_limit"": 46, ""engine_hours"": 1591, ""idc_triggers"": [], ""buzzer_active"": false, ""fuel_level_avg"": 6, ""lock_geo_alert"": false, ""operation_mode"": ""RENT"", ""battery_voltage"": 14.800000190734863, ""in_primary_zone"": true, ""lock_engine_alert"": false, ""in_restricted_zone"": false, ""onboard_geofencing"": false, ""speed_limit_active"": false}"
2023-07-17 12:37:47.920,5237,13,"359159972073523",20,"{""key"": false, ""flip"": false, ""zone"": false, ""speed"": 45.0, ""buzzer"": 0, ""engine"": true, ""in_zone"": true, ""ignition"": true, ""latitude"": 42.6535566, ""direction"": 240, ""longitude"": 18.05978, ""gsm_signal"": 29, ""sleep_mode"": false, ""staff_mode"": false, ""fault_codes"": [], ""speed_limit"": 46, ""engine_hours"": 1591, ""idc_triggers"": [], ""buzzer_active"": false, ""fuel_level_avg"": 6, ""lock_geo_alert"": false, ""operation_mode"": ""RENT"", ""battery_voltage"": 14.800000190734863, ""in_primary_zone"": true, ""lock_engine_alert"": false, ""in_restricted_zone"": false, ""onboard_geofencing"": false, ""speed_limit_active"": false}"
2023-07-17 12:37:46.418,5237,13,"359159972073523",20,"{""key"": false, ""flip"": false, ""zone"": false, ""speed"": 41.9, ""buzzer"": 0, ""engine"": true, ""in_zone"": true, ""ignition"": true, ""latitude"": 42.65361, ""direction"": 242, ""longitude"": 18.0599116, ""gsm_signal"": 29, ""sleep_mode"": false, ""staff_mode"": false, ""fault_codes"": [], ""speed_limit"": 46, ""engine_hours"": 1591, ""idc_triggers"": [], ""buzzer_active"": false, ""fuel_level_avg"": 6, ""lock_geo_alert"": false, ""operation_mode"": ""RENT"", ""battery_voltage"": 14.800000190734863, ""in_primary_zone"": true, ""lock_engine_alert"": false, ""in_restricted_zone"": false, ""onboard_geofencing"": false, ""speed_limit_active"": false}"
2023-07-17 12:37:45.432,5237,13,"359159972073523",20,"{""key"": false, ""flip"": false, ""zone"": false, ""speed"": 41.5, ""buzzer"": 0, ""engine"": true, ""in_zone"": true, ""ignition"": true, ""latitude"": 42.653658300000004, ""direction"": 245, ""longitude"": 18.0600382, ""gsm_signal"": 29, ""sleep_mode"": false, ""staff_mode"": false, ""fault_codes"": [], ""speed_limit"": 46, ""engine_hours"": 1591, ""idc_triggers"": [], ""buzzer_active"": false, ""fuel_level_avg"": 6, ""lock_geo_alert"": false, ""operation_mode"": ""RENT"", ""battery_voltage"": 14.800000190734863, ""in_primary_zone"": true, ""lock_engine_alert"": false, ""in_restricted_zone"": false, ""onboard_geofencing"": false, ""speed_limit_active"": false}"
2023-07-17 12:37:44.476,5237,13,"359159972073523",20,"{""key"": false, ""flip"": false, ""zone"": false, ""speed"": 36.1, ""buzzer"": 0, ""engine"": true, ""in_zone"": true, ""ignition"": true, ""latitude"": 42.6536983, ""direction"": 248, ""longitude"": 18.0601616, ""gsm_signal"": 31, ""sleep_mode"": false, ""staff_mode"": false, ""fault_codes"": [], ""speed_limit"": 46, ""engine_hours"": 1591, ""idc_triggers"": [], ""buzzer_active"": false, ""fuel_level_avg"": 6, ""lock_geo_alert"": false, ""operation_mode"": ""RENT"", ""battery_voltage"": 14.800000190734863, ""in_primary_zone"": true, ""lock_engine_alert"": false, ""in_restricted_zone"": false, ""onboard_geofencing"": false, ""speed_limit_active"": false}"
2023-07-17 12:37:43.836,5237,13,"359159972073523",20,"{""key"": false, ""flip"": false, ""zone"": false, ""speed"": 31.9, ""buzzer"": 0, ""engine"": true, ""in_zone"": true, ""ignition"": true, ""latitude"": 42.6537283, ""direction"": 250, ""longitude"": 18.0602732, ""gsm_signal"": 31, ""sleep_mode"": false, ""staff_mode"": false, ""fault_codes"": [], ""speed_limit"": 46, ""engine_hours"": 1591, ""idc_triggers"": [], ""buzzer_active"": false, ""fuel_level_avg"": 6, ""lock_geo_alert"": false, ""operation_mode"": ""RENT"", ""battery_voltage"": 14.800000190734863, ""in_primary_zone"": true, ""lock_engine_alert"": false, ""in_restricted_zone"": false, ""onboard_geofencing"": false, ""speed_limit_active"": false}"
2023-07-17 12:37:42.415,5237,13,"359159972073523",20,"{""key"": false, ""flip"": false, ""zone"": false, ""speed"": 27.0, ""buzzer"": 0, ""engine"": true, ""in_zone"": true, ""ignition"": true, ""latitude"": 42.6537533, ""direction"": 251, ""longitude"": 18.06037, ""gsm_signal"": 31, ""sleep_mode"": false, ""staff_mode"": false, ""fault_codes"": [], ""speed_limit"": 46, ""engine_hours"": 1591, ""idc_triggers"": [], ""buzzer_active"": false, ""fuel_level_avg"": 6, ""lock_geo_alert"": false, ""operation_mode"": ""RENT"", ""battery_voltage"": 14.800000190734863, ""in_primary_zone"": true, ""lock_engine_alert"": false, ""in_restricted_zone"": false, ""onboard_geofencing"": false, ""speed_limit_active"": false}"
2023-07-17 12:37:41.437,5237,13,"359159972073523",20,"{""key"": false, ""flip"": false, ""zone"": false, ""speed"": 25.5, ""buzzer"": 0, ""engine"": true, ""in_zone"": true, ""ignition"": true, ""latitude"": 42.653775, ""direction"": 252, ""longitude"": 18.060455, ""gsm_signal"": 31, ""sleep_mode"": false, ""staff_mode"": false, ""fault_codes"": [], ""speed_limit"": 46, ""engine_hours"": 1591, ""idc_triggers"": [], ""buzzer_active"": false, ""fuel_level_avg"": 6, ""lock_geo_alert"": false, ""operation_mode"": ""RENT"", ""battery_voltage"": 14.800000190734863, ""in_primary_zone"": true, ""lock_engine_alert"": false, ""in_restricted_zone"": false, ""onboard_geofencing"": false, ""speed_limit_active"": false}"
2023-07-17 12:37:40.437,5237,13,"359159972073523",20,"{""key"": false, ""flip"": false, ""zone"": false, ""speed"": 22.5, ""buzzer"": 0, ""engine"": true, ""in_zone"": true, ""ignition"": true, ""latitude"": 42.6537933, ""direction"": 252, ""longitude"": 18.060535, ""gsm_signal"": 31, ""sleep_mode"": false, ""staff_mode"": false, ""fault_codes"": [], ""speed_limit"": 46, ""engine_hours"": 1591, ""idc_triggers"": [], ""buzzer_active"": false, ""fuel_level_avg"": 6, ""lock_geo_alert"": false, ""operation_mode"": ""RENT"", ""battery_voltage"": 14.800000190734863, ""in_primary_zone"": true, ""lock_engine_alert"": false, ""in_restricted_zone"": false, ""onboard_geofencing"": false, ""speed_limit_active"": false}"
2023-07-17 12:37:39.854,5237,13,"359159972073523",20,"{""key"": false, ""flip"": false, ""zone"": false, ""speed"": 16.0, ""buzzer"": 0, ""engine"": true, ""in_zone"": true, ""ignition"": true, ""latitude"": 42.6538083, ""direction"": 253, ""longitude"": 18.0606016, ""gsm_signal"": 31, ""sleep_mode"": false, ""staff_mode"": false, ""fault_codes"": [], ""speed_limit"": 46, ""engine_hours"": 1591, ""idc_triggers"": [], ""buzzer_active"": false, ""fuel_level_avg"": 6, ""lock_geo_alert"": false, ""operation_mode"": ""RENT"", ""battery_voltage"": 14.800000190734863, ""in_primary_zone"": true, ""lock_engine_alert"": false, ""in_restricted_zone"": false, ""onboard_geofencing"": false, ""speed_limit_active"": false}"
2023-07-17 12:37:38.413,5237,13,"359159972073523",20,"{""key"": false, ""flip"": false, ""zone"": false, ""speed"": 14.5, ""buzzer"": 0, ""engine"": true, ""in_zone"": true, ""ignition"": true, ""latitude"": 42.65382, ""direction"": 253, ""longitude"": 18.0606516, ""gsm_signal"": 31, ""sleep_mode"": false, ""staff_mode"": false, ""fault_codes"": [], ""speed_limit"": 46, ""engine_hours"": 1591, ""idc_triggers"": [], ""buzzer_active"": false, ""fuel_level_avg"": 6, ""lock_geo_alert"": false, ""operation_mode"": ""RENT"", ""battery_voltage"": 14.800000190734863, ""in_primary_zone"": true, ""lock_engine_alert"": false, ""in_restricted_zone"": false, ""onboard_geofencing"": false, ""speed_limit_active"": false}"
2023-07-17 12:37:37.416,5237,13,"359159972073523",20,"{""key"": false, ""flip"": false, ""zone"": false, ""speed"": 13.0, ""buzzer"": 0, ""engine"": true, ""in_zone"": true, ""ignition"": true, ""latitude"": 42.65383, ""direction"": 251, ""longitude"": 18.0606966, ""gsm_signal"": 31, ""sleep_mode"": false, ""staff_mode"": false, ""fault_codes"": [], ""speed_limit"": 46, ""engine_hours"": 1591, ""idc_triggers"": [], ""buzzer_active"": false, ""fuel_level_avg"": 6, ""lock_geo_alert"": false, ""operation_mode"": ""RENT"", ""battery_voltage"": 14.800000190734863, ""in_primary_zone"": true, ""lock_engine_alert"": false, ""in_restricted_zone"": false, ""onboard_geofencing"": false, ""speed_limit_active"": false}"
2023-07-17 12:37:36.437,5237,13,"359159972073523",20,"{""key"": false, ""flip"": false, ""zone"": false, ""speed"": 11.6, ""buzzer"": 0, ""engine"": true, ""in_zone"": true, ""ignition"": true, ""latitude"": 42.65384, ""direction"": 253, ""longitude"": 18.0607382, ""gsm_signal"": 31, ""sleep_mode"": false, ""staff_mode"": false, ""fault_codes"": [], ""speed_limit"": 46, ""engine_hours"": 1591, ""idc_triggers"": [], ""buzzer_active"": false, ""fuel_level_avg"": 6, ""lock_geo_alert"": false, ""operation_mode"": ""RENT"", ""battery_voltage"": 14.800000190734863, ""in_primary_zone"": true, ""lock_engine_alert"": false, ""in_restricted_zone"": false, ""onboard_geofencing"": false, ""speed_limit_active"": false}"
2023-07-17 12:37:35.532,5237,13,"359159972073523",20,"{""key"": false, ""flip"": false, ""zone"": false, ""speed"": 14.9, ""buzzer"": 0, ""engine"": true, ""in_zone"": true, ""ignition"": true, ""latitude"": 42.6538483, ""direction"": 255, ""longitude"": 18.0607782, ""gsm_signal"": 31, ""sleep_mode"": false, ""staff_mode"": false, ""fault_codes"": [], ""speed_limit"": 46, ""engine_hours"": 1591, ""idc_triggers"": [], ""buzzer_active"": false, ""fuel_level_avg"": 6, ""lock_geo_alert"": false, ""operation_mode"": ""RENT"", ""battery_voltage"": 14.800000190734863, ""in_primary_zone"": true, ""lock_engine_alert"": false, ""in_restricted_zone"": false, ""onboard_geofencing"": false, ""speed_limit_active"": false}"
2023-07-17 12:37:34.836,5237,13,"359159972073523",20,"{""key"": false, ""flip"": false, ""zone"": false, ""speed"": 18.9, ""buzzer"": 0, ""engine"": true, ""in_zone"": true, ""ignition"": true, ""latitude"": 42.6538583, ""direction"": 257, ""longitude"": 18.06083, ""gsm_signal"": 31, ""sleep_mode"": false, ""staff_mode"": false, ""fault_codes"": [], ""speed_limit"": 46, ""engine_hours"": 1591, ""idc_triggers"": [], ""buzzer_active"": false, ""fuel_level_avg"": 6, ""lock_geo_alert"": false, ""operation_mode"": ""RENT"", ""battery_voltage"": 14.800000190734863, ""in_primary_zone"": true, ""lock_engine_alert"": false, ""in_restricted_zone"": false, ""onboard_geofencing"": false, ""speed_limit_active"": false}"
2023-07-17 12:37:33.415,5237,13,"359159972073523",20,"{""key"": false, ""flip"": false, ""zone"": false, ""speed"": 21.6, ""buzzer"": 0, ""engine"": true, ""in_zone"": true, ""ignition"": true, ""latitude"": 42.6538683, ""direction"": 259, ""longitude"": 18.0608966, ""gsm_signal"": 31, ""sleep_mode"": false, ""staff_mode"": false, ""fault_codes"": [], ""speed_limit"": 46, ""engine_hours"": 1591, ""idc_triggers"": [], ""buzzer_active"": false, ""fuel_level_avg"": 6, ""lock_geo_alert"": false, ""operation_mode"": ""RENT"", ""battery_voltage"": 14.800000190734863, ""in_primary_zone"": true, ""lock_engine_alert"": false, ""in_restricted_zone"": false, ""onboard_geofencing"": false, ""speed_limit_active"": false}"
2023-07-17 12:37:32.438,5237,13,"359159972073523",20,"{""key"": false, ""flip"": false, ""zone"": false, ""speed"": 23.2, ""buzzer"": 0, ""engine"": true, ""in_zone"": true, ""ignition"": true, ""latitude"": 42.6538783, ""direction"": 262, ""longitude"": 18.06097, ""gsm_signal"": 31, ""sleep_mode"": false, ""staff_mode"": false, ""fault_codes"": [], ""speed_limit"": 46, ""engine_hours"": 1591, ""idc_triggers"": [], ""buzzer_active"": false, ""fuel_level_avg"": 6, ""lock_geo_alert"": false, ""operation_mode"": ""RENT"", ""battery_voltage"": 14.800000190734863, ""in_primary_zone"": true, ""lock_engine_alert"": false, ""in_restricted_zone"": false, ""onboard_geofencing"": false, ""speed_limit_active"": false}"
2023-07-17 12:37:31.453,5237,13,"359159972073523",20,"{""key"": false, ""flip"": false, ""zone"": false, ""speed"": 21.2, ""buzzer"": 0, ""engine"": true, ""in_zone"": true, ""ignition"": true, ""latitude"": 42.6538866, ""direction"": 261, ""longitude"": 18.061045, ""gsm_signal"": 31, ""sleep_mode"": false, ""staff_mode"": false, ""fault_codes"": [], ""speed_limit"": 46, ""engine_hours"": 1591, ""idc_triggers"": [], ""buzzer_active"": false, ""fuel_level_avg"": 6, ""lock_geo_alert"": false, ""operation_mode"": ""RENT"", ""battery_voltage"": 14.800000190734863, ""in_primary_zone"": true, ""lock_engine_alert"": false, ""in_restricted_zone"": false, ""onboard_geofencing"": false, ""speed_limit_active"": false}"
2023-07-17 12:37:30.853,5237,13,"359159972073523",20,"{""key"": false, ""flip"": false, ""zone"": false, ""speed"": 18.5, ""buzzer"": 0, ""engine"": true, ""in_zone"": true, ""ignition"": true, ""latitude"": 42.6538933, ""direction"": 264, ""longitude"": 18.061115, ""gsm_signal"": 31, ""sleep_mode"": false, ""staff_mode"": false, ""fault_codes"": [], ""speed_limit"": 46, ""engine_hours"": 1591, ""idc_triggers"": [], ""buzzer_active"": false, ""fuel_level_avg"": 6, ""lock_geo_alert"": false, ""operation_mode"": ""RENT"", ""battery_voltage"": 14.800000190734863, ""in_primary_zone"": true, ""lock_engine_alert"": false, ""in_restricted_zone"": false, ""onboard_geofencing"": false, ""speed_limit_active"": false}"
2023-07-17 12:37:29.413,5237,13,"359159972073523",20,"{""key"": false, ""flip"": false, ""zone"": false, ""speed"": 17.2, ""buzzer"": 0, ""engine"": true, ""in_zone"": true, ""ignition"": true, ""latitude"": 42.6538966, ""direction"": 264, ""longitude"": 18.061175, ""gsm_signal"": 31, ""sleep_mode"": false, ""staff_mode"": false, ""fault_codes"": [], ""speed_limit"": 46, ""engine_hours"": 1591, ""idc_triggers"": [], ""buzzer_active"": false, ""fuel_level_avg"": 6, ""lock_geo_alert"": false, ""operation_mode"": ""RENT"", ""battery_voltage"": 14.800000190734863, ""in_primary_zone"": true, ""lock_engine_alert"": false, ""in_restricted_zone"": false, ""onboard_geofencing"": false, ""speed_limit_active"": false}"
2023-07-17 12:37:28.417,5237,13,"359159972073523",20,"{""key"": false, ""flip"": false, ""zone"": false, ""speed"": 15.1, ""buzzer"": 0, ""engine"": true, ""in_zone"": true, ""ignition"": true, ""latitude"": 42.6539016, ""direction"": 260, ""longitude"": 18.06123, ""gsm_signal"": 31, ""sleep_mode"": false, ""staff_mode"": false, ""fault_codes"": [], ""speed_limit"": 46, ""engine_hours"": 1591, ""idc_triggers"": [], ""buzzer_active"": false, ""fuel_level_avg"": 6, ""lock_geo_alert"": false, ""operation_mode"": ""RENT"", ""battery_voltage"": 14.800000190734863, ""in_primary_zone"": true, ""lock_engine_alert"": false, ""in_restricted_zone"": false, ""onboard_geofencing"": false, ""speed_limit_active"": false}"
2023-07-17 12:37:27.433,5237,13,"359159972073523",20,"{""key"": false, ""flip"": false, ""zone"": false, ""speed"": 13.1, ""buzzer"": 0, ""engine"": true, ""in_zone"": true, ""ignition"": true, ""latitude"": 42.6539083, ""direction"": 259, ""longitude"": 18.0612782, ""gsm_signal"": 31, ""sleep_mode"": false, ""staff_mode"": false, ""fault_codes"": [], ""speed_limit"": 46, ""engine_hours"": 1591, ""idc_triggers"": [], ""buzzer_active"": false, ""fuel_level_avg"": 6, ""lock_geo_alert"": false, ""operation_mode"": ""RENT"", ""battery_voltage"": 14.800000190734863, ""in_primary_zone"": true, ""lock_engine_alert"": false, ""in_restricted_zone"": false, ""onboard_geofencing"": false, ""speed_limit_active"": false}"
2023-07-17 12:37:26.436,5237,13,"359159972073523",20,"{""key"": false, ""flip"": false, ""zone"": false, ""speed"": 11.3, ""buzzer"": 0, ""engine"": true, ""in_zone"": true, ""ignition"": true, ""latitude"": 42.6539133, ""direction"": 257, ""longitude"": 18.06132, ""gsm_signal"": 31, ""sleep_mode"": false, ""staff_mode"": false, ""fault_codes"": [], ""speed_limit"": 46, ""engine_hours"": 1591, ""idc_triggers"": [], ""buzzer_active"": false, ""fuel_level_avg"": 6, ""lock_geo_alert"": false, ""operation_mode"": ""RENT"", ""battery_voltage"": 14.800000190734863, ""in_primary_zone"": true, ""lock_engine_alert"": false, ""in_restricted_zone"": false, ""onboard_geofencing"": false, ""speed_limit_active"": false}"
2023-07-17 12:37:25.813,5237,13,"359159972073523",20,"{""key"": false, ""flip"": false, ""zone"": false, ""speed"": 12.5, ""buzzer"": 0, ""engine"": true, ""in_zone"": true, ""ignition"": true, ""latitude"": 42.65392, ""direction"": 256, ""longitude"": 18.0613582, ""gsm_signal"": 31, ""sleep_mode"": false, ""staff_mode"": false, ""fault_codes"": [], ""speed_limit"": 46, ""engine_hours"": 1591, ""idc_triggers"": [], ""buzzer_active"": false, ""fuel_level_avg"": 6, ""lock_geo_alert"": false, ""operation_mode"": ""RENT"", ""battery_voltage"": 14.800000190734863, ""in_primary_zone"": true, ""lock_engine_alert"": false, ""in_restricted_zone"": false, ""onboard_geofencing"": false, ""speed_limit_active"": false}"
2023-07-17 12:37:24.417,5237,13,"359159972073523",20,"{""key"": false, ""flip"": false, ""zone"": false, ""speed"": 10.9, ""buzzer"": 0, ""engine"": true, ""in_zone"": true, ""ignition"": true, ""latitude"": 42.6539283, ""direction"": 256, ""longitude"": 18.0613982, ""gsm_signal"": 31, ""sleep_mode"": false, ""staff_mode"": false, ""fault_codes"": [], ""speed_limit"": 46, ""engine_hours"": 1591, ""idc_triggers"": [], ""buzzer_active"": false, ""fuel_level_avg"": 6, ""lock_geo_alert"": false, ""operation_mode"": ""RENT"", ""battery_voltage"": 14.800000190734863, ""in_primary_zone"": true, ""lock_engine_alert"": false, ""in_restricted_zone"": false, ""onboard_geofencing"": false, ""speed_limit_active"": false}"
2023-07-17 12:37:23.436,5237,13,"359159972073523",20,"{""key"": false, ""flip"": false, ""zone"": false, ""speed"": 10.3, ""buzzer"": 0, ""engine"": true, ""in_zone"": true, ""ignition"": true, ""latitude"": 42.6539333, ""direction"": 258, ""longitude"": 18.0614332, ""gsm_signal"": 31, ""sleep_mode"": false, ""staff_mode"": false, ""fault_codes"": [], ""speed_limit"": 46, ""engine_hours"": 1591, ""idc_triggers"": [], ""buzzer_active"": false, ""fuel_level_avg"": 6, ""lock_geo_alert"": false, ""operation_mode"": ""RENT"", ""battery_voltage"": 14.800000190734863, ""in_primary_zone"": true, ""lock_engine_alert"": false, ""in_restricted_zone"": false, ""onboard_geofencing"": false, ""speed_limit_active"": false}"
2023-07-17 12:37:22.475,5237,13,"359159972073523",20,"{""key"": false, ""flip"": false, ""zone"": false, ""speed"": 8.4, ""buzzer"": 0, ""engine"": true, ""in_zone"": true, ""ignition"": true, ""latitude"": 42.6539383, ""direction"": 258, ""longitude"": 18.0614666, ""gsm_signal"": 31, ""sleep_mode"": false, ""staff_mode"": false, ""fault_codes"": [], ""speed_limit"": 46, ""engine_hours"": 1591, ""idc_triggers"": [], ""buzzer_active"": false, ""fuel_level_avg"": 6, ""lock_geo_alert"": false, ""operation_mode"": ""RENT"", ""battery_voltage"": 14.800000190734863, ""in_primary_zone"": true, ""lock_engine_alert"": false, ""in_restricted_zone"": false, ""onboard_geofencing"": false, ""speed_limit_active"": false}"
2023-07-17 12:37:21.853,5237,13,"359159972073523",20,"{""key"": false, ""flip"": false, ""zone"": false, ""speed"": 6.4, ""buzzer"": 0, ""engine"": true, ""in_zone"": true, ""ignition"": true, ""latitude"": 42.6539416, ""direction"": 258, ""longitude"": 18.0614916, ""gsm_signal"": 31, ""sleep_mode"": false, ""staff_mode"": false, ""fault_codes"": [], ""speed_limit"": 46, ""engine_hours"": 1591, ""idc_triggers"": [], ""buzzer_active"": false, ""fuel_level_avg"": 6, ""lock_geo_alert"": false, ""operation_mode"": ""RENT"", ""battery_voltage"": 14.800000190734863, ""in_primary_zone"": true, ""lock_engine_alert"": false, ""in_restricted_zone"": false, ""onboard_geofencing"": false, ""speed_limit_active"": false}"
2023-07-17 12:37:20.459,5237,13,"359159972073523",20,"{""key"": false, ""flip"": false, ""zone"": false, ""speed"": 9.7, ""buzzer"": 0, ""engine"": true, ""in_zone"": true, ""ignition"": true, ""latitude"": 42.653945, ""direction"": 260, ""longitude"": 18.0615182, ""gsm_signal"": 31, ""sleep_mode"": false, ""staff_mode"": false, ""fault_codes"": [], ""speed_limit"": 46, ""engine_hours"": 1591, ""idc_triggers"": [], ""buzzer_active"": false, ""fuel_level_avg"": 6, ""lock_geo_alert"": false, ""operation_mode"": ""RENT"", ""battery_voltage"": 14.800000190734863, ""in_primary_zone"": true, ""lock_engine_alert"": false, ""in_restricted_zone"": false, ""onboard_geofencing"": false, ""speed_limit_active"": false}"
2023-07-17 12:37:19.837,5237,13,"359159972073523",20,"{""key"": false, ""flip"": false, ""zone"": false, ""speed"": 15.7, ""buzzer"": 0, ""engine"": true, ""in_zone"": true, ""ignition"": true, ""latitude"": 42.65395, ""direction"": 259, ""longitude"": 18.0615566, ""gsm_signal"": 31, ""sleep_mode"": false, ""staff_mode"": false, ""fault_codes"": [], ""speed_limit"": 46, ""engine_hours"": 1591, ""idc_triggers"": [], ""buzzer_active"": false, ""fuel_level_avg"": 6, ""lock_geo_alert"": false, ""operation_mode"": ""RENT"", ""battery_voltage"": 14.800000190734863, ""in_primary_zone"": true, ""lock_engine_alert"": false, ""in_restricted_zone"": false, ""onboard_geofencing"": false, ""speed_limit_active"": false}"
2023-07-17 12:37:18.415,5237,13,"359159972073523",20,"{""key"": false, ""flip"": false, ""zone"": false, ""speed"": 23.1, ""buzzer"": 0, ""engine"": true, ""in_zone"": true, ""ignition"": true, ""latitude"": 42.6539583, ""direction"": 258, ""longitude"": 18.0616166, ""gsm_signal"": 31, ""sleep_mode"": false, ""staff_mode"": false, ""fault_codes"": [], ""speed_limit"": 46, ""engine_hours"": 1591, ""idc_triggers"": [], ""buzzer_active"": false, ""fuel_level_avg"": 6, ""lock_geo_alert"": false, ""operation_mode"": ""RENT"", ""battery_voltage"": 14.800000190734863, ""in_primary_zone"": true, ""lock_engine_alert"": false, ""in_restricted_zone"": false, ""onboard_geofencing"": false, ""speed_limit_active"": false}"
2023-07-17 12:37:17.440,5237,13,"359159972073523",20,"{""key"": false, ""flip"": false, ""zone"": false, ""speed"": 26.1, ""buzzer"": 0, ""engine"": true, ""in_zone"": true, ""ignition"": true, ""latitude"": 42.6539716, ""direction"": 257, ""longitude"": 18.0616966, ""gsm_signal"": 31, ""sleep_mode"": false, ""staff_mode"": false, ""fault_codes"": [], ""speed_limit"": 46, ""engine_hours"": 1591, ""idc_triggers"": [], ""buzzer_active"": false, ""fuel_level_avg"": 6, ""lock_geo_alert"": false, ""operation_mode"": ""RENT"", ""battery_voltage"": 14.800000190734863, ""in_primary_zone"": true, ""lock_engine_alert"": false, ""in_restricted_zone"": false, ""onboard_geofencing"": false, ""speed_limit_active"": false}"
2023-07-17 12:37:16.436,5237,13,"359159972073523",20,"{""key"": false, ""flip"": false, ""zone"": false, ""speed"": 26.9, ""buzzer"": 0, ""engine"": true, ""in_zone"": true, ""ignition"": true, ""latitude"": 42.653985, ""direction"": 260, ""longitude"": 18.0617832, ""gsm_signal"": 31, ""sleep_mode"": false, ""staff_mode"": false, ""fault_codes"": [], ""speed_limit"": 46, ""engine_hours"": 1591, ""idc_triggers"": [], ""buzzer_active"": false, ""fuel_level_avg"": 6, ""lock_geo_alert"": false, ""operation_mode"": ""RENT"", ""battery_voltage"": 14.800000190734863, ""in_primary_zone"": true, ""lock_engine_alert"": false, ""in_restricted_zone"": false, ""onboard_geofencing"": false, ""speed_limit_active"": false}"
2023-07-17 12:37:15.854,5237,13,"359159972073523",20,"{""key"": false, ""flip"": false, ""zone"": false, ""speed"": 28.8, ""buzzer"": 0, ""engine"": true, ""in_zone"": true, ""ignition"": true, ""latitude"": 42.653995, ""direction"": 261, ""longitude"": 18.061875, ""gsm_signal"": 31, ""sleep_mode"": false, ""staff_mode"": false, ""fault_codes"": [], ""speed_limit"": 46, ""engine_hours"": 1591, ""idc_triggers"": [], ""buzzer_active"": false, ""fuel_level_avg"": 6, ""lock_geo_alert"": false, ""operation_mode"": ""RENT"", ""battery_voltage"": 14.800000190734863, ""in_primary_zone"": true, ""lock_engine_alert"": false, ""in_restricted_zone"": false, ""onboard_geofencing"": false, ""speed_limit_active"": false}"
2023-07-17 12:37:14.415,5237,13,"359159972073523",20,"{""key"": false, ""flip"": false, ""zone"": false, ""speed"": 33.1, ""buzzer"": 0, ""engine"": true, ""in_zone"": true, ""ignition"": true, ""latitude"": 42.6540083, ""direction"": 260, ""longitude"": 18.0619766, ""gsm_signal"": 31, ""sleep_mode"": false, ""staff_mode"": false, ""fault_codes"": [], ""speed_limit"": 46, ""engine_hours"": 1591, ""idc_triggers"": [], ""buzzer_active"": false, ""fuel_level_avg"": 6, ""lock_geo_alert"": false, ""operation_mode"": ""RENT"", ""battery_voltage"": 14.800000190734863, ""in_primary_zone"": true, ""lock_engine_alert"": false, ""in_restricted_zone"": false, ""onboard_geofencing"": false, ""speed_limit_active"": false}"
2023-07-17 12:37:13.477,5237,13,"359159972073523",20,"{""key"": false, ""flip"": false, ""zone"": false, ""speed"": 34.9, ""buzzer"": 0, ""engine"": true, ""in_zone"": true, ""ignition"": true, ""latitude"": 42.6540216, ""direction"": 260, ""longitude"": 18.0620882, ""gsm_signal"": 31, ""sleep_mode"": false, ""staff_mode"": false, ""fault_codes"": [], ""speed_limit"": 46, ""engine_hours"": 1591, ""idc_triggers"": [], ""buzzer_active"": false, ""fuel_level_avg"": 6, ""lock_geo_alert"": false, ""operation_mode"": ""RENT"", ""battery_voltage"": 14.800000190734863, ""in_primary_zone"": true, ""lock_engine_alert"": false, ""in_restricted_zone"": false, ""onboard_geofencing"": false, ""speed_limit_active"": false}"
2023-07-17 12:37:12.735,5237,13,"359159972073523",20,"{""key"": false, ""flip"": false, ""zone"": false, ""speed"": 34.1, ""buzzer"": 0, ""engine"": true, ""in_zone"": true, ""ignition"": true, ""latitude"": 42.6540366, ""direction"": 261, ""longitude"": 18.0622032, ""gsm_signal"": 31, ""sleep_mode"": false, ""staff_mode"": false, ""fault_codes"": [], ""speed_limit"": 46, ""engine_hours"": 1591, ""idc_triggers"": [], ""buzzer_active"": false, ""fuel_level_avg"": 6, ""lock_geo_alert"": false, ""operation_mode"": ""RENT"", ""battery_voltage"": 14.800000190734863, ""in_primary_zone"": true, ""lock_engine_alert"": false, ""in_restricted_zone"": false, ""onboard_geofencing"": false, ""speed_limit_active"": false}"
2023-07-17 12:37:11.755,5237,13,"359159972073523",20,"{""key"": false, ""flip"": false, ""zone"": false, ""speed"": 30.6, ""buzzer"": 0, ""engine"": true, ""in_zone"": true, ""ignition"": true, ""latitude"": 42.6540466, ""direction"": 266, ""longitude"": 18.062315, ""gsm_signal"": 31, ""sleep_mode"": false, ""staff_mode"": false, ""fault_codes"": [], ""speed_limit"": 51, ""engine_hours"": 1591, ""idc_triggers"": [], ""buzzer_active"": false, ""fuel_level_avg"": 6, ""lock_geo_alert"": false, ""operation_mode"": ""RENT"", ""battery_voltage"": 14.800000190734863, ""in_primary_zone"": true, ""lock_engine_alert"": false, ""in_restricted_zone"": false, ""onboard_geofencing"": false, ""speed_limit_active"": false}"
2023-07-17 12:37:11.039,5237,13,"359159972073523",20,"{""key"": false, ""flip"": false, ""zone"": false, ""speed"": 27.7, ""buzzer"": 0, ""engine"": true, ""in_zone"": true, ""ignition"": true, ""latitude"": 42.6540516, ""direction"": 268, ""longitude"": 18.062415, ""gsm_signal"": 31, ""sleep_mode"": false, ""staff_mode"": false, ""fault_codes"": [], ""speed_limit"": 51, ""engine_hours"": 1591, ""idc_triggers"": [], ""buzzer_active"": false, ""fuel_level_avg"": 6, ""lock_geo_alert"": false, ""operation_mode"": ""RENT"", ""battery_voltage"": 14.800000190734863, ""in_primary_zone"": true, ""lock_engine_alert"": false, ""in_restricted_zone"": false, ""onboard_geofencing"": false, ""speed_limit_active"": false}"
2023-07-17 12:37:09.855,5237,13,"359159972073523",20,"{""key"": false, ""flip"": false, ""zone"": false, ""speed"": 21.7, ""buzzer"": 0, ""engine"": true, ""in_zone"": false, ""ignition"": true, ""latitude"": 42.6540516, ""direction"": 272, ""longitude"": 18.0625032, ""gsm_signal"": 31, ""sleep_mode"": false, ""staff_mode"": false, ""fault_codes"": [], ""speed_limit"": 52, ""engine_hours"": 1591, ""idc_triggers"": [], ""buzzer_active"": false, ""lock_geo_alert"": false, ""operation_mode"": ""RENT"", ""battery_voltage"": 12.0, ""in_primary_zone"": false, ""lock_engine_alert"": false, ""in_restricted_zone"": false, ""onboard_geofencing"": false, ""speed_limit_active"": true}"
2023-07-17 12:37:08.415,5237,13,"359159972073523",20,"{""key"": false, ""flip"": false, ""zone"": false, ""speed"": 17.2, ""buzzer"": 0, ""engine"": true, ""in_zone"": false, ""ignition"": true, ""latitude"": 42.65405, ""direction"": 274, ""longitude"": 18.0625732, ""gsm_signal"": 31, ""sleep_mode"": false, ""staff_mode"": false, ""fault_codes"": [], ""speed_limit"": 52, ""engine_hours"": 1591, ""idc_triggers"": [], ""buzzer_active"": false, ""lock_geo_alert"": false, ""operation_mode"": ""RENT"", ""battery_voltage"": 12.0, ""in_primary_zone"": false, ""lock_engine_alert"": false, ""in_restricted_zone"": false, ""onboard_geofencing"": false, ""speed_limit_active"": true}"
2023-07-17 12:37:07.417,5237,13,"359159972073523",20,"{""key"": false, ""flip"": false, ""zone"": false, ""speed"": 16.4, ""buzzer"": 0, ""engine"": true, ""in_zone"": false, ""ignition"": true, ""latitude"": 42.6540466, ""direction"": 273, ""longitude"": 18.06263, ""gsm_signal"": 31, ""sleep_mode"": false, ""staff_mode"": false, ""fault_codes"": [], ""speed_limit"": 52, ""engine_hours"": 1591, ""idc_triggers"": [], ""buzzer_active"": false, ""lock_geo_alert"": false, ""operation_mode"": ""RENT"", ""battery_voltage"": 12.0, ""in_primary_zone"": false, ""lock_engine_alert"": false, ""in_restricted_zone"": false, ""onboard_geofencing"": false, ""speed_limit_active"": true}"
2023-07-17 12:37:06.434,5237,13,"359159972073523",20,"{""key"": false, ""flip"": false, ""zone"": false, ""speed"": 15.2, ""buzzer"": 0, ""engine"": true, ""in_zone"": false, ""ignition"": true, ""latitude"": 42.654044999999996, ""direction"": 272, ""longitude"": 18.062685, ""gsm_signal"": 31, ""sleep_mode"": false, ""staff_mode"": false, ""fault_codes"": [], ""speed_limit"": 52, ""engine_hours"": 1591, ""idc_triggers"": [], ""buzzer_active"": false, ""lock_geo_alert"": false, ""operation_mode"": ""RENT"", ""battery_voltage"": 12.0, ""in_primary_zone"": false, ""lock_engine_alert"": false, ""in_restricted_zone"": false, ""onboard_geofencing"": false, ""speed_limit_active"": true}"
2023-07-17 12:37:05.440,5237,13,"359159972073523",20,"{""key"": false, ""flip"": false, ""zone"": false, ""speed"": 15.2, ""buzzer"": 0, ""engine"": true, ""in_zone"": false, ""ignition"": true, ""latitude"": 42.6540433, ""direction"": 273, ""longitude"": 18.0627366, ""gsm_signal"": 31, ""sleep_mode"": false, ""staff_mode"": false, ""fault_codes"": [], ""speed_limit"": 53, ""engine_hours"": 1591, ""idc_triggers"": [], ""buzzer_active"": false, ""lock_geo_alert"": false, ""operation_mode"": ""RENT"", ""battery_voltage"": 12.0, ""in_primary_zone"": false, ""lock_engine_alert"": false, ""in_restricted_zone"": false, ""onboard_geofencing"": false, ""speed_limit_active"": true}"
2023-07-17 12:37:04.856,5237,13,"359159972073523",20,"{""key"": false, ""flip"": false, ""zone"": false, ""speed"": 15.4, ""buzzer"": 0, ""engine"": true, ""in_zone"": false, ""ignition"": true, ""latitude"": 42.6540416, ""direction"": 275, ""longitude"": 18.0627866, ""gsm_signal"": 31, ""sleep_mode"": false, ""staff_mode"": false, ""fault_codes"": [], ""speed_limit"": 53, ""engine_hours"": 1591, ""idc_triggers"": [], ""buzzer_active"": false, ""lock_geo_alert"": false, ""operation_mode"": ""RENT"", ""battery_voltage"": 12.0, ""in_primary_zone"": false, ""lock_engine_alert"": false, ""in_restricted_zone"": false, ""onboard_geofencing"": false, ""speed_limit_active"": true}"
2023-07-17 12:37:03.417,5237,13,"359159972073523",20,"{""key"": false, ""flip"": false, ""zone"": false, ""speed"": 14.8, ""buzzer"": 0, ""engine"": true, ""in_zone"": false, ""ignition"": true, ""latitude"": 42.6540383, ""direction"": 274, ""longitude"": 18.0628382, ""gsm_signal"": 31, ""sleep_mode"": false, ""staff_mode"": false, ""fault_codes"": [], ""speed_limit"": 53, ""engine_hours"": 1591, ""idc_triggers"": [], ""buzzer_active"": false, ""lock_geo_alert"": false, ""operation_mode"": ""RENT"", ""battery_voltage"": 12.0, ""in_primary_zone"": false, ""lock_engine_alert"": false, ""in_restricted_zone"": false, ""onboard_geofencing"": false, ""speed_limit_active"": true}"
2023-07-17 12:37:02.455,5237,13,"359159972073523",20,"{""key"": false, ""flip"": false, ""zone"": false, ""speed"": 13.6, ""buzzer"": 0, ""engine"": true, ""in_zone"": false, ""ignition"": true, ""latitude"": 42.654035, ""direction"": 273, ""longitude"": 18.0628866, ""gsm_signal"": 31, ""sleep_mode"": false, ""staff_mode"": false, ""fault_codes"": [], ""speed_limit"": 53, ""engine_hours"": 1591, ""idc_triggers"": [], ""buzzer_active"": false, ""lock_geo_alert"": false, ""operation_mode"": ""RENT"", ""battery_voltage"": 12.0, ""in_primary_zone"": false, ""lock_engine_alert"": false, ""in_restricted_zone"": false, ""onboard_geofencing"": false, ""speed_limit_active"": true}"
2023-07-17 12:37:01.481,5237,13,"359159972073523",20,"{""key"": false, ""flip"": false, ""zone"": false, ""speed"": 12.0, ""buzzer"": 0, ""engine"": true, ""in_zone"": false, ""ignition"": true, ""latitude"": 42.6540333, ""direction"": 274, ""longitude"": 18.0629316, ""gsm_signal"": 31, ""sleep_mode"": false, ""staff_mode"": false, ""fault_codes"": [], ""speed_limit"": 53, ""engine_hours"": 1591, ""idc_triggers"": [], ""buzzer_active"": false, ""lock_geo_alert"": false, ""operation_mode"": ""RENT"", ""battery_voltage"": 12.0, ""in_primary_zone"": false, ""lock_engine_alert"": false, ""in_restricted_zone"": false, ""onboard_geofencing"": false, ""speed_limit_active"": true}"
2023-07-17 12:37:00.461,5237,13,"359159972073523",20,"{""key"": false, ""flip"": false, ""zone"": false, ""speed"": 11.3, ""buzzer"": 0, ""engine"": true, ""in_zone"": false, ""ignition"": true, ""latitude"": 42.65403, ""direction"": 273, ""longitude"": 18.06297, ""gsm_signal"": 31, ""sleep_mode"": false, ""staff_mode"": false, ""fault_codes"": [], ""speed_limit"": 54, ""engine_hours"": 1591, ""idc_triggers"": [], ""buzzer_active"": false, ""lock_geo_alert"": false, ""operation_mode"": ""RENT"", ""battery_voltage"": 12.0, ""in_primary_zone"": false, ""lock_engine_alert"": false, ""in_restricted_zone"": false, ""onboard_geofencing"": false, ""speed_limit_active"": true}"
2023-07-17 12:36:59.438,5237,13,"359159972073523",20,"{""key"": false, ""flip"": false, ""zone"": false, ""speed"": 10.3, ""buzzer"": 0, ""engine"": true, ""in_zone"": false, ""ignition"": true, ""latitude"": 42.65403, ""direction"": 275, ""longitude"": 18.0630082, ""gsm_signal"": 31, ""sleep_mode"": false, ""staff_mode"": false, ""fault_codes"": [], ""speed_limit"": 54, ""engine_hours"": 1591, ""idc_triggers"": [], ""buzzer_active"": false, ""lock_geo_alert"": false, ""operation_mode"": ""RENT"", ""battery_voltage"": 12.0, ""in_primary_zone"": false, ""lock_engine_alert"": false, ""in_restricted_zone"": false, ""onboard_geofencing"": false, ""speed_limit_active"": true}"
2023-07-17 12:36:58.856,5237,13,"359159972073523",20,"{""key"": false, ""flip"": false, ""zone"": false, ""speed"": 10.6, ""buzzer"": 0, ""engine"": true, ""in_zone"": false, ""ignition"": true, ""latitude"": 42.6540266, ""direction"": 275, ""longitude"": 18.0630432, ""gsm_signal"": 31, ""sleep_mode"": false, ""staff_mode"": false, ""fault_codes"": [], ""speed_limit"": 54, ""engine_hours"": 1591, ""idc_triggers"": [], ""buzzer_active"": false, ""lock_geo_alert"": false, ""operation_mode"": ""RENT"", ""battery_voltage"": 12.0, ""in_primary_zone"": false, ""lock_engine_alert"": false, ""in_restricted_zone"": false, ""onboard_geofencing"": false, ""speed_limit_active"": true}"
2023-07-17 12:36:57.415,5237,13,"359159972073523",20,"{""key"": false, ""flip"": false, ""zone"": false, ""speed"": 9.5, ""buzzer"": 0, ""engine"": true, ""in_zone"": false, ""ignition"": true, ""latitude"": 42.654025, ""direction"": 276, ""longitude"": 18.0630766, ""gsm_signal"": 31, ""sleep_mode"": false, ""staff_mode"": false, ""fault_codes"": [], ""speed_limit"": 54, ""engine_hours"": 1591, ""idc_triggers"": [], ""buzzer_active"": false, ""lock_geo_alert"": false, ""operation_mode"": ""RENT"", ""battery_voltage"": 12.0, ""in_primary_zone"": false, ""lock_engine_alert"": false, ""in_restricted_zone"": false, ""onboard_geofencing"": false, ""speed_limit_active"": true}"
2023-07-17 12:36:56.475,5237,13,"359159972073523",20,"{""key"": false, ""flip"": false, ""zone"": false, ""speed"": 9.2, ""buzzer"": 0, ""engine"": true, ""in_zone"": false, ""ignition"": true, ""latitude"": 42.6540216, ""direction"": 278, ""longitude"": 18.06311, ""gsm_signal"": 31, ""sleep_mode"": false, ""staff_mode"": false, ""fault_codes"": [], ""speed_limit"": 54, ""engine_hours"": 1591, ""idc_triggers"": [], ""buzzer_active"": false, ""lock_geo_alert"": false, ""operation_mode"": ""RENT"", ""battery_voltage"": 12.0, ""in_primary_zone"": false, ""lock_engine_alert"": false, ""in_restricted_zone"": false, ""onboard_geofencing"": false, ""speed_limit_active"": true}"
2023-07-17 12:36:55.663,5237,13,"359159972073523",20,"{""key"": false, ""flip"": false, ""zone"": false, ""speed"": 10.3, ""buzzer"": 0, ""engine"": true, ""in_zone"": false, ""ignition"": true, ""latitude"": 42.6540183, ""direction"": 278, ""longitude"": 18.0631416, ""gsm_signal"": 31, ""sleep_mode"": false, ""staff_mode"": false, ""fault_codes"": [], ""speed_limit"": 54, ""engine_hours"": 1591, ""idc_triggers"": [], ""buzzer_active"": false, ""lock_geo_alert"": false, ""operation_mode"": ""RENT"", ""battery_voltage"": 12.0, ""in_primary_zone"": false, ""lock_engine_alert"": false, ""in_restricted_zone"": false, ""onboard_geofencing"": false, ""speed_limit_active"": true}"
2023-07-17 12:36:54.854,5237,13,"359159972073523",20,"{""key"": false, ""flip"": false, ""zone"": false, ""speed"": 10.6, ""buzzer"": 0, ""engine"": true, ""in_zone"": false, ""ignition"": true, ""latitude"": 42.654015, ""direction"": 279, ""longitude"": 18.0631766, ""gsm_signal"": 31, ""sleep_mode"": false, ""staff_mode"": false, ""fault_codes"": [], ""speed_limit"": 56, ""engine_hours"": 1591, ""idc_triggers"": [], ""buzzer_active"": false, ""lock_geo_alert"": false, ""operation_mode"": ""RENT"", ""battery_voltage"": 12.0, ""in_primary_zone"": false, ""lock_engine_alert"": false, ""in_restricted_zone"": false, ""onboard_geofencing"": false, ""speed_limit_active"": true}"
2023-07-17 12:36:53.414,5237,13,"359159972073523",20,"{""key"": false, ""flip"": false, ""zone"": false, ""speed"": 10.1, ""buzzer"": 0, ""engine"": true, ""in_zone"": false, ""ignition"": true, ""latitude"": 42.65401, ""direction"": 281, ""longitude"": 18.06321, ""gsm_signal"": 31, ""sleep_mode"": false, ""staff_mode"": false, ""fault_codes"": [], ""speed_limit"": 56, ""engine_hours"": 1591, ""idc_triggers"": [], ""buzzer_active"": false, ""lock_geo_alert"": false, ""operation_mode"": ""RENT"", ""battery_voltage"": 12.0, ""in_primary_zone"": false, ""lock_engine_alert"": false, ""in_restricted_zone"": false, ""onboard_geofencing"": false, ""speed_limit_active"": true}"
2023-07-17 12:36:52.417,5237,13,"359159972073523",20,"{""key"": false, ""flip"": false, ""zone"": false, ""speed"": 9.4, ""buzzer"": 0, ""engine"": true, ""in_zone"": false, ""ignition"": true, ""latitude"": 42.6540033, ""direction"": 281, ""longitude"": 18.0632416, ""gsm_signal"": 31, ""sleep_mode"": false, ""staff_mode"": false, ""fault_codes"": [], ""speed_limit"": 56, ""engine_hours"": 1591, ""idc_triggers"": [], ""buzzer_active"": false, ""lock_geo_alert"": false, ""operation_mode"": ""RENT"", ""battery_voltage"": 12.0, ""in_primary_zone"": false, ""lock_engine_alert"": false, ""in_restricted_zone"": false, ""onboard_geofencing"": false, ""speed_limit_active"": true}"
2023-07-17 12:36:51.416,5237,13,"359159972073523",20,"{""key"": false, ""flip"": false, ""zone"": false, ""speed"": 8.9, ""buzzer"": 0, ""engine"": true, ""in_zone"": false, ""ignition"": true, ""latitude"": 42.6539983, ""direction"": 283, ""longitude"": 18.0632716, ""gsm_signal"": 31, ""sleep_mode"": false, ""staff_mode"": false, ""fault_codes"": [], ""speed_limit"": 56, ""engine_hours"": 1591, ""idc_triggers"": [], ""buzzer_active"": false, ""lock_geo_alert"": false, ""operation_mode"": ""RENT"", ""battery_voltage"": 12.0, ""in_primary_zone"": false, ""lock_engine_alert"": false, ""in_restricted_zone"": false, ""onboard_geofencing"": false, ""speed_limit_active"": true}"
2023-07-17 12:36:50.455,5237,13,"359159972073523",20,"{""key"": false, ""flip"": false, ""zone"": false, ""speed"": 8.2, ""buzzer"": 0, ""engine"": true, ""in_zone"": false, ""ignition"": true, ""latitude"": 42.6539933, ""direction"": 284, ""longitude"": 18.0633016, ""gsm_signal"": 31, ""sleep_mode"": false, ""staff_mode"": false, ""fault_codes"": [], ""speed_limit"": 56, ""engine_hours"": 1591, ""idc_triggers"": [], ""buzzer_active"": false, ""lock_geo_alert"": false, ""operation_mode"": ""RENT"", ""battery_voltage"": 12.0, ""in_primary_zone"": false, ""lock_engine_alert"": false, ""in_restricted_zone"": false, ""onboard_geofencing"": false, ""speed_limit_active"": true}"
2023-07-17 12:36:49.573,5237,13,"359159972073523",20,"{""key"": false, ""flip"": false, ""zone"": false, ""speed"": 8.4, ""buzzer"": 0, ""engine"": true, ""in_zone"": false, ""ignition"": true, ""latitude"": 42.6539883, ""direction"": 284, ""longitude"": 18.0633282, ""gsm_signal"": 31, ""sleep_mode"": false, ""staff_mode"": false, ""fault_codes"": [], ""speed_limit"": 70, ""engine_hours"": 1591, ""idc_triggers"": [], ""buzzer_active"": false, ""lock_geo_alert"": false, ""operation_mode"": ""RENT"", ""battery_voltage"": 12.0, ""in_primary_zone"": false, ""lock_engine_alert"": false, ""in_restricted_zone"": false, ""onboard_geofencing"": false, ""speed_limit_active"": true}"
2023-07-17 12:36:48.913,5237,13,"359159972073523",20,"{""key"": false, ""flip"": false, ""zone"": false, ""speed"": 8.6, ""buzzer"": 0, ""engine"": true, ""in_zone"": false, ""ignition"": true, ""latitude"": 42.653985, ""direction"": 286, ""longitude"": 18.0633566, ""gsm_signal"": 31, ""sleep_mode"": false, ""staff_mode"": false, ""fault_codes"": [], ""speed_limit"": 70, ""engine_hours"": 1591, ""idc_triggers"": [], ""buzzer_active"": false, ""lock_geo_alert"": false, ""operation_mode"": ""RENT"", ""battery_voltage"": 12.0, ""in_primary_zone"": false, ""lock_engine_alert"": false, ""in_restricted_zone"": false, ""onboard_geofencing"": false, ""speed_limit_active"": true}"
2023-07-17 12:36:47.436,5237,13,"359159972073523",20,"{""key"": false, ""flip"": false, ""zone"": false, ""speed"": 8.4, ""buzzer"": 0, ""engine"": true, ""in_zone"": false, ""ignition"": true, ""latitude"": 42.6539783, ""direction"": 289, ""longitude"": 18.063385, ""gsm_signal"": 31, ""sleep_mode"": false, ""staff_mode"": false, ""fault_codes"": [], ""speed_limit"": 70, ""engine_hours"": 1591, ""idc_triggers"": [], ""buzzer_active"": false, ""lock_geo_alert"": false, ""operation_mode"": ""RENT"", ""battery_voltage"": 12.0, ""in_primary_zone"": false, ""lock_engine_alert"": false, ""in_restricted_zone"": false, ""onboard_geofencing"": false, ""speed_limit_active"": true}"
2023-07-17 12:36:46.436,5237,13,"359159972073523",20,"{""key"": false, ""flip"": false, ""zone"": false, ""speed"": 8.3, ""buzzer"": 0, ""engine"": true, ""in_zone"": false, ""ignition"": true, ""latitude"": 42.6539716, ""direction"": 290, ""longitude"": 18.0634116, ""gsm_signal"": 31, ""sleep_mode"": false, ""staff_mode"": false, ""fault_codes"": [], ""speed_limit"": 70, ""engine_hours"": 1591, ""idc_triggers"": [], ""buzzer_active"": false, ""lock_geo_alert"": false, ""operation_mode"": ""RENT"", ""battery_voltage"": 12.0, ""in_primary_zone"": false, ""lock_engine_alert"": false, ""in_restricted_zone"": false, ""onboard_geofencing"": false, ""speed_limit_active"": true}"
2023-07-17 12:36:45.852,5237,13,"359159972073523",20,"{""key"": false, ""flip"": false, ""zone"": false, ""speed"": 8.3, ""buzzer"": 0, ""engine"": true, ""in_zone"": false, ""ignition"": true, ""latitude"": 42.653965, ""direction"": 295, ""longitude"": 18.0634382, ""gsm_signal"": 31, ""sleep_mode"": false, ""staff_mode"": false, ""fault_codes"": [], ""speed_limit"": 70, ""engine_hours"": 1591, ""idc_triggers"": [], ""buzzer_active"": false, ""lock_geo_alert"": false, ""operation_mode"": ""RENT"", ""battery_voltage"": 12.0, ""in_primary_zone"": false, ""lock_engine_alert"": false, ""in_restricted_zone"": false, ""onboard_geofencing"": false, ""speed_limit_active"": true}"
2023-07-17 12:36:44.413,5237,13,"359159972073523",20,"{""key"": false, ""flip"": false, ""zone"": false, ""speed"": 8.3, ""buzzer"": 0, ""engine"": true, ""in_zone"": false, ""ignition"": true, ""latitude"": 42.6539566, ""direction"": 298, ""longitude"": 18.063465, ""gsm_signal"": 31, ""sleep_mode"": false, ""staff_mode"": false, ""fault_codes"": [], ""speed_limit"": 70, ""engine_hours"": 1591, ""idc_triggers"": [], ""buzzer_active"": false, ""lock_geo_alert"": false, ""operation_mode"": ""RENT"", ""battery_voltage"": 12.0, ""in_primary_zone"": false, ""lock_engine_alert"": false, ""in_restricted_zone"": false, ""onboard_geofencing"": false, ""speed_limit_active"": true}"
2023-07-17 12:36:43.418,5237,13,"359159972073523",20,"{""key"": false, ""flip"": false, ""zone"": false, ""speed"": 8.1, ""buzzer"": 0, ""engine"": true, ""in_zone"": false, ""ignition"": true, ""latitude"": 42.6539466, ""direction"": 300, ""longitude"": 18.0634916, ""gsm_signal"": 31, ""sleep_mode"": false, ""staff_mode"": false, ""fault_codes"": [], ""speed_limit"": 70, ""engine_hours"": 1591, ""idc_triggers"": [], ""buzzer_active"": false, ""lock_geo_alert"": false, ""operation_mode"": ""RENT"", ""battery_voltage"": 12.0, ""in_primary_zone"": false, ""lock_engine_alert"": false, ""in_restricted_zone"": false, ""onboard_geofencing"": false, ""speed_limit_active"": true}"
2023-07-17 12:36:42.437,5237,13,"359159972073523",20,"{""key"": false, ""flip"": false, ""zone"": false, ""speed"": 8.2, ""buzzer"": 0, ""engine"": true, ""in_zone"": false, ""ignition"": true, ""latitude"": 42.6539366, ""direction"": 300, ""longitude"": 18.063515, ""gsm_signal"": 31, ""sleep_mode"": false, ""staff_mode"": false, ""fault_codes"": [], ""speed_limit"": 70, ""engine_hours"": 1591, ""idc_triggers"": [], ""buzzer_active"": false, ""lock_geo_alert"": false, ""operation_mode"": ""RENT"", ""battery_voltage"": 12.0, ""in_primary_zone"": false, ""lock_engine_alert"": false, ""in_restricted_zone"": false, ""onboard_geofencing"": false, ""speed_limit_active"": true}"
2023-07-17 12:36:41.454,5237,13,"359159972073523",20,"{""key"": false, ""flip"": false, ""zone"": false, ""speed"": 8.0, ""buzzer"": 0, ""engine"": true, ""in_zone"": false, ""ignition"": true, ""latitude"": 42.653925, ""direction"": 300, ""longitude"": 18.0635382, ""gsm_signal"": 31, ""sleep_mode"": false, ""staff_mode"": false, ""fault_codes"": [], ""speed_limit"": 70, ""engine_hours"": 1591, ""idc_triggers"": [], ""buzzer_active"": false, ""lock_geo_alert"": false, ""operation_mode"": ""RENT"", ""battery_voltage"": 12.0, ""in_primary_zone"": false, ""lock_engine_alert"": false, ""in_restricted_zone"": false, ""onboard_geofencing"": false, ""speed_limit_active"": true}"
2023-07-17 12:36:40.855,5237,13,"359159972073523",20,"{""key"": false, ""flip"": false, ""zone"": false, ""speed"": 7.8, ""buzzer"": 0, ""engine"": true, ""in_zone"": false, ""ignition"": true, ""latitude"": 42.653915, ""direction"": 301, ""longitude"": 18.06355, ""gsm_signal"": 31, ""sleep_mode"": false, ""staff_mode"": false, ""fault_codes"": [], ""speed_limit"": 70, ""engine_hours"": 1591, ""idc_triggers"": [], ""buzzer_active"": false, ""lock_geo_alert"": false, ""operation_mode"": ""RENT"", ""battery_voltage"": 12.0, ""in_primary_zone"": false, ""lock_engine_alert"": false, ""in_restricted_zone"": false, ""onboard_geofencing"": false, ""speed_limit_active"": true}"
2023-07-17 12:36:39.415,5237,13,"359159972073523",20,"{""key"": false, ""flip"": false, ""zone"": false, ""speed"": 7.1, ""buzzer"": 0, ""engine"": true, ""in_zone"": false, ""ignition"": true, ""latitude"": 42.653905, ""direction"": 305, ""longitude"": 18.0635716, ""gsm_signal"": 31, ""sleep_mode"": false, ""staff_mode"": false, ""fault_codes"": [], ""speed_limit"": 70, ""engine_hours"": 1591, ""idc_triggers"": [], ""buzzer_active"": false, ""lock_geo_alert"": false, ""operation_mode"": ""RENT"", ""battery_voltage"": 12.0, ""in_primary_zone"": false, ""lock_engine_alert"": false, ""in_restricted_zone"": false, ""onboard_geofencing"": false, ""speed_limit_active"": true}"
2023-07-17 12:36:38.439,5237,13,"359159972073523",20,"{""key"": false, ""flip"": false, ""zone"": false, ""speed"": 7.5, ""buzzer"": 0, ""engine"": true, ""in_zone"": false, ""ignition"": true, ""latitude"": 42.653895, ""direction"": 308, ""longitude"": 18.0635916, ""gsm_signal"": 31, ""sleep_mode"": false, ""staff_mode"": false, ""fault_codes"": [], ""speed_limit"": 70, ""engine_hours"": 1591, ""idc_triggers"": [], ""buzzer_active"": false, ""lock_geo_alert"": false, ""operation_mode"": ""RENT"", ""battery_voltage"": 12.0, ""in_primary_zone"": false, ""lock_engine_alert"": false, ""in_restricted_zone"": false, ""onboard_geofencing"": false, ""speed_limit_active"": true}"
2023-07-17 12:36:37.435,5237,13,"359159972073523",20,"{""key"": false, ""flip"": false, ""zone"": false, ""speed"": 7.6, ""buzzer"": 0, ""engine"": true, ""in_zone"": false, ""ignition"": true, ""latitude"": 42.6538833, ""direction"": 311, ""longitude"": 18.0636132, ""gsm_signal"": 31, ""sleep_mode"": false, ""staff_mode"": false, ""fault_codes"": [], ""speed_limit"": 70, ""engine_hours"": 1591, ""idc_triggers"": [], ""buzzer_active"": false, ""lock_geo_alert"": false, ""operation_mode"": ""RENT"", ""battery_voltage"": 12.0, ""in_primary_zone"": false, ""lock_engine_alert"": false, ""in_restricted_zone"": false, ""onboard_geofencing"": false, ""speed_limit_active"": true}"
2023-07-17 12:36:36.858,5237,13,"359159972073523",20,"{""key"": false, ""flip"": false, ""zone"": false, ""speed"": 7.5, ""buzzer"": 0, ""engine"": true, ""in_zone"": false, ""ignition"": true, ""latitude"": 42.65387, ""direction"": 312, ""longitude"": 18.0636332, ""gsm_signal"": 31, ""sleep_mode"": false, ""staff_mode"": false, ""fault_codes"": [], ""speed_limit"": 70, ""engine_hours"": 1591, ""idc_triggers"": [], ""buzzer_active"": false, ""lock_geo_alert"": false, ""operation_mode"": ""RENT"", ""battery_voltage"": 12.0, ""in_primary_zone"": false, ""lock_engine_alert"": false, ""in_restricted_zone"": false, ""onboard_geofencing"": false, ""speed_limit_active"": true}"
2023-07-17 12:36:35.414,5237,13,"359159972073523",20,"{""key"": false, ""flip"": false, ""zone"": false, ""speed"": 7.2, ""buzzer"": 0, ""engine"": true, ""in_zone"": false, ""ignition"": true, ""latitude"": 42.6538566, ""direction"": 312, ""longitude"": 18.0636516, ""gsm_signal"": 31, ""sleep_mode"": false, ""staff_mode"": false, ""fault_codes"": [], ""speed_limit"": 70, ""engine_hours"": 1591, ""idc_triggers"": [], ""buzzer_active"": false, ""lock_geo_alert"": false, ""operation_mode"": ""RENT"", ""battery_voltage"": 12.0, ""in_primary_zone"": false, ""lock_engine_alert"": false, ""in_restricted_zone"": false, ""onboard_geofencing"": false, ""speed_limit_active"": true}"
2023-07-17 12:36:34.417,5237,13,"359159972073523",20,"{""key"": false, ""flip"": false, ""zone"": false, ""speed"": 7.5, ""buzzer"": 0, ""engine"": true, ""in_zone"": false, ""ignition"": true, ""latitude"": 42.6538433, ""direction"": 313, ""longitude"": 18.06367, ""gsm_signal"": 31, ""sleep_mode"": false, ""staff_mode"": false, ""fault_codes"": [], ""speed_limit"": 70, ""engine_hours"": 1591, ""idc_triggers"": [], ""buzzer_active"": false, ""lock_geo_alert"": false, ""operation_mode"": ""RENT"", ""battery_voltage"": 12.0, ""in_primary_zone"": false, ""lock_engine_alert"": false, ""in_restricted_zone"": false, ""onboard_geofencing"": false, ""speed_limit_active"": true}"
2023-07-17 12:36:33.434,5237,13,"359159972073523",20,"{""key"": false, ""flip"": false, ""zone"": false, ""speed"": 7.5, ""buzzer"": 0, ""engine"": true, ""in_zone"": false, ""ignition"": true, ""latitude"": 42.65383, ""direction"": 316, ""longitude"": 18.06369, ""gsm_signal"": 31, ""sleep_mode"": false, ""staff_mode"": false, ""fault_codes"": [], ""speed_limit"": 70, ""engine_hours"": 1591, ""idc_triggers"": [], ""buzzer_active"": false, ""lock_geo_alert"": false, ""operation_mode"": ""RENT"", ""battery_voltage"": 12.0, ""in_primary_zone"": false, ""lock_engine_alert"": false, ""in_restricted_zone"": false, ""onboard_geofencing"": false, ""speed_limit_active"": true}"
2023-07-17 12:36:32.437,5237,13,"359159972073523",20,"{""key"": false, ""flip"": false, ""zone"": false, ""speed"": 6.6, ""buzzer"": 0, ""engine"": true, ""in_zone"": false, ""ignition"": true, ""latitude"": 42.6538166, ""direction"": 318, ""longitude"": 18.0637066, ""gsm_signal"": 31, ""sleep_mode"": false, ""staff_mode"": false, ""fault_codes"": [], ""speed_limit"": 70, ""engine_hours"": 1591, ""idc_triggers"": [], ""buzzer_active"": false, ""lock_geo_alert"": false, ""operation_mode"": ""RENT"", ""battery_voltage"": 12.0, ""in_primary_zone"": false, ""lock_engine_alert"": false, ""in_restricted_zone"": false, ""onboard_geofencing"": false, ""speed_limit_active"": true}"
2023-07-17 12:36:31.855,5237,13,"359159972073523",20,"{""key"": false, ""flip"": false, ""zone"": false, ""speed"": 6.2, ""buzzer"": 0, ""engine"": true, ""in_zone"": false, ""ignition"": true, ""latitude"": 42.653805, ""direction"": 319, ""longitude"": 18.0637216, ""gsm_signal"": 31, ""sleep_mode"": false, ""staff_mode"": false, ""fault_codes"": [], ""speed_limit"": 70, ""engine_hours"": 1591, ""idc_triggers"": [], ""buzzer_active"": false, ""lock_geo_alert"": false, ""operation_mode"": ""RENT"", ""battery_voltage"": 12.0, ""in_primary_zone"": false, ""lock_engine_alert"": false, ""in_restricted_zone"": false, ""onboard_geofencing"": false, ""speed_limit_active"": true}"
2023-07-17 12:36:30.419,5237,13,"359159972073523",20,"{""key"": false, ""flip"": false, ""zone"": false, ""speed"": 5.6, ""buzzer"": 0, ""engine"": true, ""in_zone"": false, ""ignition"": true, ""latitude"": 42.6537933, ""direction"": 322, ""longitude"": 18.063735, ""gsm_signal"": 31, ""sleep_mode"": false, ""staff_mode"": false, ""fault_codes"": [], ""speed_limit"": 70, ""engine_hours"": 1591, ""idc_triggers"": [], ""buzzer_active"": false, ""lock_geo_alert"": false, ""operation_mode"": ""RENT"", ""battery_voltage"": 12.0, ""in_primary_zone"": false, ""lock_engine_alert"": false, ""in_restricted_zone"": false, ""onboard_geofencing"": false, ""speed_limit_active"": true}"
2023-07-17 12:36:29.436,5237,13,"359159972073523",20,"{""key"": false, ""flip"": false, ""zone"": false, ""speed"": 4.9, ""buzzer"": 0, ""engine"": true, ""in_zone"": false, ""ignition"": true, ""latitude"": 42.6537833, ""direction"": 326, ""longitude"": 18.0637482, ""gsm_signal"": 31, ""sleep_mode"": false, ""staff_mode"": false, ""fault_codes"": [], ""speed_limit"": 70, ""engine_hours"": 1591, ""idc_triggers"": [], ""buzzer_active"": false, ""lock_geo_alert"": false, ""operation_mode"": ""RENT"", ""battery_voltage"": 12.0, ""in_primary_zone"": false, ""lock_engine_alert"": false, ""in_restricted_zone"": false, ""onboard_geofencing"": false, ""speed_limit_active"": true}"
2023-07-17 12:36:28.436,5237,13,"359159972073523",20,"{""key"": false, ""flip"": false, ""zone"": false, ""speed"": 4.8, ""buzzer"": 0, ""engine"": true, ""in_zone"": false, ""ignition"": true, ""latitude"": 42.6537733, ""direction"": 329, ""longitude"": 18.0637582, ""gsm_signal"": 31, ""sleep_mode"": false, ""staff_mode"": false, ""fault_codes"": [], ""speed_limit"": 70, ""engine_hours"": 1591, ""idc_triggers"": [], ""buzzer_active"": false, ""lock_geo_alert"": false, ""operation_mode"": ""RENT"", ""battery_voltage"": 12.0, ""in_primary_zone"": false, ""lock_engine_alert"": false, ""in_restricted_zone"": false, ""onboard_geofencing"": false, ""speed_limit_active"": true}"
2023-07-17 12:36:27.855,5237,13,"359159972073523",20,"{""key"": false, ""flip"": false, ""zone"": false, ""speed"": 4.9, ""buzzer"": 0, ""engine"": true, ""in_zone"": false, ""ignition"": true, ""latitude"": 42.6537633, ""direction"": 335, ""longitude"": 18.0637666, ""gsm_signal"": 31, ""sleep_mode"": false, ""staff_mode"": false, ""fault_codes"": [], ""speed_limit"": 70, ""engine_hours"": 1591, ""idc_triggers"": [], ""buzzer_active"": false, ""lock_geo_alert"": false, ""operation_mode"": ""RENT"", ""battery_voltage"": 12.0, ""in_primary_zone"": false, ""lock_engine_alert"": false, ""in_restricted_zone"": false, ""onboard_geofencing"": false, ""speed_limit_active"": true}"
2023-07-17 12:36:26.427,5237,13,"359159972073523",20,"{""key"": false, ""flip"": false, ""zone"": false, ""speed"": 4.7, ""buzzer"": 0, ""engine"": true, ""in_zone"": false, ""ignition"": true, ""latitude"": 42.6537516, ""direction"": 339, ""longitude"": 18.063775, ""gsm_signal"": 31, ""sleep_mode"": false, ""staff_mode"": false, ""fault_codes"": [], ""speed_limit"": 70, ""engine_hours"": 1591, ""idc_triggers"": [], ""buzzer_active"": false, ""lock_geo_alert"": false, ""operation_mode"": ""RENT"", ""battery_voltage"": 12.0, ""in_primary_zone"": false, ""lock_engine_alert"": false, ""in_restricted_zone"": false, ""onboard_geofencing"": false, ""speed_limit_active"": true}"
2023-07-17 12:36:25.416,5237,13,"359159972073523",20,"{""key"": false, ""flip"": false, ""zone"": false, ""speed"": 5.3, ""buzzer"": 0, ""engine"": true, ""in_zone"": false, ""ignition"": true, ""latitude"": 42.65374, ""direction"": 337, ""longitude"": 18.06378, ""gsm_signal"": 31, ""sleep_mode"": false, ""staff_mode"": false, ""fault_codes"": [], ""speed_limit"": 70, ""engine_hours"": 1591, ""idc_triggers"": [], ""buzzer_active"": false, ""lock_geo_alert"": false, ""operation_mode"": ""RENT"", ""battery_voltage"": 12.0, ""in_primary_zone"": false, ""lock_engine_alert"": false, ""in_restricted_zone"": false, ""onboard_geofencing"": false, ""speed_limit_active"": true}"
2023-07-17 12:36:24.416,5237,13,"359159972073523",20,"{""key"": false, ""flip"": false, ""zone"": false, ""speed"": 5.0, ""buzzer"": 0, ""engine"": true, ""in_zone"": false, ""ignition"": true, ""latitude"": 42.6537266, ""direction"": 332, ""longitude"": 18.0637866, ""gsm_signal"": 31, ""sleep_mode"": false, ""staff_mode"": false, ""fault_codes"": [], ""speed_limit"": 70, ""engine_hours"": 1591, ""idc_triggers"": [], ""buzzer_active"": false, ""lock_geo_alert"": false, ""operation_mode"": ""RENT"", ""battery_voltage"": 12.0, ""in_primary_zone"": false, ""lock_engine_alert"": false, ""in_restricted_zone"": false, ""onboard_geofencing"": false, ""speed_limit_active"": true}"
2023-07-17 12:36:23.437,5237,13,"359159972073523",20,"{""key"": false, ""flip"": false, ""zone"": false, ""speed"": 5.4, ""buzzer"": 0, ""engine"": true, ""in_zone"": false, ""ignition"": true, ""latitude"": 42.653715, ""direction"": 328, ""longitude"": 18.0637932, ""gsm_signal"": 31, ""sleep_mode"": false, ""staff_mode"": false, ""fault_codes"": [], ""speed_limit"": 70, ""engine_hours"": 1591, ""idc_triggers"": [], ""buzzer_active"": false, ""lock_geo_alert"": false, ""operation_mode"": ""RENT"", ""battery_voltage"": 12.0, ""in_primary_zone"": false, ""lock_engine_alert"": false, ""in_restricted_zone"": false, ""onboard_geofencing"": false, ""speed_limit_active"": true}"
2023-07-17 12:36:22.435,5237,13,"359159972073523",20,"{""key"": false, ""flip"": false, ""zone"": false, ""speed"": 5.6, ""buzzer"": 0, ""engine"": true, ""in_zone"": false, ""ignition"": true, ""latitude"": 42.6537016, ""direction"": 323, ""longitude"": 18.0638016, ""gsm_signal"": 31, ""sleep_mode"": false, ""staff_mode"": false, ""fault_codes"": [], ""speed_limit"": 70, ""engine_hours"": 1591, ""idc_triggers"": [], ""buzzer_active"": false, ""lock_geo_alert"": false, ""operation_mode"": ""RENT"", ""battery_voltage"": 12.0, ""in_primary_zone"": false, ""lock_engine_alert"": false, ""in_restricted_zone"": false, ""onboard_geofencing"": false, ""speed_limit_active"": true}"
2023-07-17 12:36:21.853,5237,13,"359159972073523",20,"{""key"": false, ""flip"": false, ""zone"": false, ""speed"": 5.7, ""buzzer"": 0, ""engine"": true, ""in_zone"": false, ""ignition"": true, ""latitude"": 42.65369, ""direction"": 320, ""longitude"": 18.0638132, ""gsm_signal"": 31, ""sleep_mode"": false, ""staff_mode"": false, ""fault_codes"": [], ""speed_limit"": 70, ""engine_hours"": 1591, ""idc_triggers"": [], ""buzzer_active"": false, ""lock_geo_alert"": false, ""operation_mode"": ""RENT"", ""battery_voltage"": 12.0, ""in_primary_zone"": false, ""lock_engine_alert"": false, ""in_restricted_zone"": false, ""onboard_geofencing"": false, ""speed_limit_active"": true}"
2023-07-17 12:36:20.414,5237,13,"359159972073523",20,"{""key"": false, ""flip"": false, ""zone"": false, ""speed"": 5.4, ""buzzer"": 0, ""engine"": true, ""in_zone"": false, ""ignition"": true, ""latitude"": 42.6536783, ""direction"": 319, ""longitude"": 18.0638266, ""gsm_signal"": 31, ""sleep_mode"": false, ""staff_mode"": false, ""fault_codes"": [], ""speed_limit"": 70, ""engine_hours"": 1591, ""idc_triggers"": [], ""buzzer_active"": false, ""lock_geo_alert"": false, ""operation_mode"": ""RENT"", ""battery_voltage"": 12.0, ""in_primary_zone"": false, ""lock_engine_alert"": false, ""in_restricted_zone"": false, ""onboard_geofencing"": false, ""speed_limit_active"": true}"
2023-07-17 12:36:19.418,5237,13,"359159972073523",20,"{""key"": false, ""flip"": false, ""zone"": false, ""speed"": 5.8, ""buzzer"": 0, ""engine"": true, ""in_zone"": false, ""ignition"": true, ""latitude"": 42.6536683, ""direction"": 318, ""longitude"": 18.0638382, ""gsm_signal"": 31, ""sleep_mode"": false, ""staff_mode"": false, ""fault_codes"": [], ""speed_limit"": 70, ""engine_hours"": 1591, ""idc_triggers"": [], ""buzzer_active"": false, ""lock_geo_alert"": false, ""operation_mode"": ""RENT"", ""battery_voltage"": 12.0, ""in_primary_zone"": false, ""lock_engine_alert"": false, ""in_restricted_zone"": false, ""onboard_geofencing"": false, ""speed_limit_active"": true}"
2023-07-17 12:36:18.434,5237,13,"359159972073523",20,"{""key"": false, ""flip"": false, ""zone"": false, ""speed"": 5.9, ""buzzer"": 0, ""engine"": true, ""in_zone"": false, ""ignition"": true, ""latitude"": 42.6536566, ""direction"": 316, ""longitude"": 18.0638516, ""gsm_signal"": 31, ""sleep_mode"": false, ""staff_mode"": false, ""fault_codes"": [], ""speed_limit"": 70, ""engine_hours"": 1591, ""idc_triggers"": [], ""buzzer_active"": false, ""lock_geo_alert"": false, ""operation_mode"": ""RENT"", ""battery_voltage"": 12.0, ""in_primary_zone"": false, ""lock_engine_alert"": false, ""in_restricted_zone"": false, ""onboard_geofencing"": false, ""speed_limit_active"": true}"
2023-07-17 12:36:17.437,5237,13,"359159972073523",20,"{""key"": false, ""flip"": false, ""zone"": false, ""speed"": 5.8, ""buzzer"": 0, ""engine"": true, ""in_zone"": false, ""ignition"": true, ""latitude"": 42.6536466, ""direction"": 314, ""longitude"": 18.063865, ""gsm_signal"": 31, ""sleep_mode"": false, ""staff_mode"": false, ""fault_codes"": [], ""speed_limit"": 70, ""engine_hours"": 1591, ""idc_triggers"": [], ""buzzer_active"": false, ""lock_geo_alert"": false, ""operation_mode"": ""RENT"", ""battery_voltage"": 12.0, ""in_primary_zone"": false, ""lock_engine_alert"": false, ""in_restricted_zone"": false, ""onboard_geofencing"": false, ""speed_limit_active"": true}"
2023-07-17 12:36:16.855,5237,13,"359159972073523",20,"{""key"": false, ""flip"": false, ""zone"": false, ""speed"": 5.8, ""buzzer"": 0, ""engine"": true, ""in_zone"": false, ""ignition"": true, ""latitude"": 42.6536366, ""direction"": 312, ""longitude"": 18.06388, ""gsm_signal"": 31, ""sleep_mode"": false, ""staff_mode"": false, ""fault_codes"": [], ""speed_limit"": 70, ""engine_hours"": 1591, ""idc_triggers"": [], ""buzzer_active"": false, ""lock_geo_alert"": false, ""operation_mode"": ""RENT"", ""battery_voltage"": 12.0, ""in_primary_zone"": false, ""lock_engine_alert"": false, ""in_restricted_zone"": false, ""onboard_geofencing"": false, ""speed_limit_active"": true}"
2023-07-17 12:36:15.417,5237,13,"359159972073523",20,"{""key"": false, ""flip"": false, ""zone"": false, ""speed"": 5.5, ""buzzer"": 0, ""engine"": true, ""in_zone"": false, ""ignition"": true, ""latitude"": 42.6536283, ""direction"": 314, ""longitude"": 18.063895, ""gsm_signal"": 31, ""sleep_mode"": false, ""staff_mode"": false, ""fault_codes"": [], ""speed_limit"": 70, ""engine_hours"": 1591, ""idc_triggers"": [], ""buzzer_active"": false, ""lock_geo_alert"": false, ""operation_mode"": ""RENT"", ""battery_voltage"": 12.0, ""in_primary_zone"": false, ""lock_engine_alert"": false, ""in_restricted_zone"": false, ""onboard_geofencing"": false, ""speed_limit_active"": true}"
2023-07-17 12:36:14.436,5237,13,"359159972073523",20,"{""key"": false, ""flip"": false, ""zone"": false, ""speed"": 5.3, ""buzzer"": 0, ""engine"": true, ""in_zone"": false, ""ignition"": true, ""latitude"": 42.65362, ""direction"": 315, ""longitude"": 18.0639082, ""gsm_signal"": 31, ""sleep_mode"": false, ""staff_mode"": false, ""fault_codes"": [], ""speed_limit"": 70, ""engine_hours"": 1591, ""idc_triggers"": [], ""buzzer_active"": false, ""lock_geo_alert"": false, ""operation_mode"": ""RENT"", ""battery_voltage"": 12.0, ""in_primary_zone"": false, ""lock_engine_alert"": false, ""in_restricted_zone"": false, ""onboard_geofencing"": false, ""speed_limit_active"": true}"
2023-07-17 12:36:13.436,5237,13,"359159972073523",20,"{""key"": false, ""flip"": false, ""zone"": false, ""speed"": 4.4, ""buzzer"": 0, ""engine"": true, ""in_zone"": false, ""ignition"": true, ""latitude"": 42.6536116, ""direction"": 317, ""longitude"": 18.06392, ""gsm_signal"": 31, ""sleep_mode"": false, ""staff_mode"": false, ""fault_codes"": [], ""speed_limit"": 70, ""engine_hours"": 1591, ""idc_triggers"": [], ""buzzer_active"": false, ""lock_geo_alert"": false, ""operation_mode"": ""RENT"", ""battery_voltage"": 12.0, ""in_primary_zone"": false, ""lock_engine_alert"": false, ""in_restricted_zone"": false, ""onboard_geofencing"": false, ""speed_limit_active"": true}"
2023-07-17 12:36:12.857,5237,13,"359159972073523",20,"{""key"": false, ""flip"": false, ""zone"": false, ""speed"": 4.1, ""buzzer"": 0, ""engine"": true, ""in_zone"": false, ""ignition"": true, ""latitude"": 42.653605, ""direction"": 321, ""longitude"": 18.0639282, ""gsm_signal"": 31, ""sleep_mode"": false, ""staff_mode"": false, ""fault_codes"": [], ""speed_limit"": 70, ""engine_hours"": 1591, ""idc_triggers"": [], ""buzzer_active"": false, ""lock_geo_alert"": false, ""operation_mode"": ""RENT"", ""battery_voltage"": 12.0, ""in_primary_zone"": false, ""lock_engine_alert"": false, ""in_restricted_zone"": false, ""onboard_geofencing"": false, ""speed_limit_active"": true}"
2023-07-17 12:36:11.412,5237,13,"359159972073523",20,"{""key"": false, ""flip"": false, ""zone"": false, ""speed"": 2.5, ""buzzer"": 0, ""engine"": true, ""in_zone"": false, ""ignition"": true, ""latitude"": 42.6535983, ""direction"": 335, ""longitude"": 18.0639366, ""gsm_signal"": 31, ""sleep_mode"": false, ""staff_mode"": false, ""fault_codes"": [], ""speed_limit"": 70, ""engine_hours"": 1591, ""idc_triggers"": [], ""buzzer_active"": false, ""lock_geo_alert"": false, ""operation_mode"": ""RENT"", ""battery_voltage"": 12.0, ""in_primary_zone"": false, ""lock_engine_alert"": false, ""in_restricted_zone"": false, ""onboard_geofencing"": false, ""speed_limit_active"": true}"
2023-07-17 12:36:10.437,5237,13,"359159972073523",20,"{""key"": false, ""flip"": false, ""zone"": false, ""speed"": 1.7, ""buzzer"": 0, ""engine"": true, ""in_zone"": false, ""ignition"": true, ""latitude"": 42.6535916, ""direction"": 16, ""longitude"": 18.0639432, ""gsm_signal"": 31, ""sleep_mode"": false, ""staff_mode"": false, ""fault_codes"": [], ""speed_limit"": 70, ""engine_hours"": 1591, ""idc_triggers"": [], ""buzzer_active"": false, ""lock_geo_alert"": false, ""operation_mode"": ""RENT"", ""battery_voltage"": 12.0, ""in_primary_zone"": false, ""lock_engine_alert"": false, ""in_restricted_zone"": false, ""onboard_geofencing"": false, ""speed_limit_active"": true}"
2023-07-17 12:36:09.594,5237,13,"359159972073523",20,"{""key"": false, ""flip"": false, ""zone"": false, ""speed"": 0.0, ""buzzer"": 0, ""engine"": true, ""in_zone"": false, ""ignition"": true, ""latitude"": 42.6535733, ""direction"": 129, ""longitude"": 18.0639532, ""gsm_signal"": 31, ""sleep_mode"": false, ""staff_mode"": false, ""fault_codes"": [], ""speed_limit"": 70, ""engine_hours"": 1591, ""idc_triggers"": [], ""buzzer_active"": false, ""lock_geo_alert"": false, ""operation_mode"": ""RENT"", ""battery_voltage"": 12.0, ""in_primary_zone"": false, ""lock_engine_alert"": false, ""in_restricted_zone"": false, ""onboard_geofencing"": false, ""speed_limit_active"": true}"
2023-07-17 12:36:07.663,5237,13,"359159972073523",20,"{""key"": true, ""flip"": false, ""zone"": false, ""speed"": 0.0, ""buzzer"": 0, ""engine"": true, ""in_zone"": false, ""ignition"": true, ""latitude"": 42.653575000000004, ""direction"": 129, ""longitude"": 18.0639532, ""gsm_signal"": 31, ""sleep_mode"": false, ""staff_mode"": false, ""speed_limit"": 70, ""idc_triggers"": [], ""buzzer_active"": false, ""lock_geo_alert"": false, ""operation_mode"": ""RENT"", ""battery_voltage"": 14.0, ""in_primary_zone"": false, ""lock_engine_alert"": false, ""in_restricted_zone"": false, ""onboard_geofencing"": false, ""speed_limit_active"": true}"
