"time","asset_id","client_id","hardware_id","location_id","fields_key","fields_flip","fields_zone","fields_speed","fields_buzzer","fields_engine","fields_in_zone","fields_ignition","fields_latitude","fields_direction","fields_longitude","fields_gsm_signal","fields_sleep_mode","fields_staff_mode","fields_fault_codes","fields_speed_limit","fields_engine_hours","fields_idc_triggers","fields_buzzer_active","fields_fuel_level_avg","fields_lock_geo_alert","fields_operation_mode","fields_battery_voltage","fields_in_primary_zone","fields_lock_engine_alert","fields_in_restricted_zone","fields_onboard_geofencing","fields_speed_limit_active","fields_lock_geo_alert_distance"
"2023-07-25 12:04:55.616","6178","1038","359159972160221","1868","False","False","False","2.3","0","True","True","True","37.0761633","89","-8.2565416","20","False","True","","0","","[]","False","","False","MASTER","12.399999618530273","False","False","False","False","False","0"
"2023-07-25 12:04:56.577","6178","1038","359159972160221","1868","False","False","False","1.4","0","True","True","True","37.0761616","96","-8.2565366","25","False","True","[]","0","555","[]","False","94","False","MASTER","11.5","False","False","False","False","False","0"
"2023-07-25 12:04:57.436","6178","1038","359159972160221","1868","False","False","False","0.0","0","True","True","True","37.0761616","108","-8.2565332","25","False","True","[]","0","555","[]","False","94","False","MASTER","11.5","False","False","False","False","False","0"
"2023-07-25 12:04:58.875","6178","1038","359159972160221","1868","False","False","False","1.4","0","True","True","True","37.0761583","118","-8.25653","25","False","True","[]","0","555","[]","False","94","False","MASTER","11.5","False","False","False","False","False","0"
"2023-07-25 12:04:59.456","6178","1038","359159972160221","1868","False","False","False","2.1","0","True","True","True","37.076155","142","-8.2565266","24","False","True","[]","0","555","[]","False","94","False","MASTER","11.5","False","False","False","False","False","0"
"2023-07-25 12:05:00.458","6178","1038","359159972160221","1868","False","False","False","1.2","0","True","True","True","37.07615","149","-8.2565232","24","False","True","[]","0","555","[]","False","94","False","MASTER","11.5","False","False","False","False","False","0"
"2023-07-25 12:05:01.437","6178","1038","359159972160221","1868","False","False","False","1.6","0","True","True","True","37.076145","164","-8.2565216","24","False","True","[]","0","555","[]","False","94","False","MASTER","11.5","False","False","False","False","False","0"
"2023-07-25 12:05:02.877","6178","1038","359159972160221","1868","False","False","False","2.0","0","True","True","True","37.0761416","189","-8.2565232","24","False","True","[]","0","555","[]","False","94","False","MASTER","11.5","False","False","False","False","False","0"
"2023-07-25 12:05:03.458","6178","1038","359159972160221","1868","False","False","False","2.0","0","True","True","True","37.076135","187","-8.256525","24","False","True","[]","0","555","[]","False","94","False","MASTER","11.5","False","False","False","False","False","0"
"2023-07-25 12:05:04.456","6178","1038","359159972160221","1868","False","False","False","2.9","0","True","True","True","37.07613","195","-8.2565282","24","False","True","[]","0","555","[]","False","94","False","MASTER","11.5","False","False","False","False","False","0"
"2023-07-25 12:05:05.438","6178","1038","359159972160221","1868","False","False","False","2.9","0","True","True","True","37.0761233","203","-8.2565332","21","False","True","[]","0","555","[]","False","94","False","MASTER","11.5","False","False","False","False","False","0"
"2023-07-25 12:05:06.435","6178","1038","359159972160221","1868","False","False","False","6.0","0","True","True","True","37.0761116","208","-8.25654","21","False","True","[]","0","555","[]","False","94","False","MASTER","11.5","False","False","False","False","False","0"
"2023-07-25 12:05:07.875","6178","1038","359159972160221","1868","False","False","False","6.6","0","True","True","True","37.0760983","209","-8.25655","21","False","True","[]","0","555","[]","False","94","False","MASTER","11.5","False","False","False","False","False","0"
"2023-07-25 12:05:08.457","6178","1038","359159972160221","1868","False","False","False","6.7","0","True","True","True","37.076085","213","-8.2565632","18","False","True","[]","0","555","[]","False","94","False","MASTER","11.5","False","False","False","False","False","0"
"2023-07-25 12:05:09.473","6178","1038","359159972160221","1868","False","False","False","5.5","0","True","True","True","37.0760716","216","-8.2565732","18","False","True","[]","0","555","[]","False","94","False","MASTER","11.5","False","False","False","False","False","0"
"2023-07-25 12:05:10.623","6178","1038","359159972160221","1868","False","False","False","5.9","0","True","True","True","37.07606","214","-8.256585","18","False","True","[]","0","555","[]","False","94","False","MASTER","11.5","False","False","False","False","False","0"
"2023-07-25 12:05:11.453","6178","1038","359159972160221","1868","False","False","False","5.2","0","True","True","True","37.0760483","211","-8.2565916","19","False","True","[]","0","555","[]","False","94","False","MASTER","11.5","False","False","False","False","False","0"
"2023-07-25 12:05:12.454","6178","1038","359159972160221","1868","False","False","False","5.0","0","True","True","True","37.0760366","208","-8.256598199999999","19","False","True","[]","0","555","[]","False","94","False","MASTER","11.5","False","False","False","False","False","0"
"2023-07-25 12:05:13.432","6178","1038","359159972160221","1868","False","False","False","3.6","0","True","True","True","37.0760266","208","-8.2566032","19","False","True","[]","0","555","[]","False","94","False","MASTER","11.5","False","False","False","False","False","0"
"2023-07-25 12:05:14.853","6178","1038","359159972160221","1868","False","False","False","3.2","0","True","True","True","37.0760183","206","-8.2566082","18","False","True","[]","0","555","[]","False","94","False","MASTER","11.5","False","False","False","False","False","0"
"2023-07-25 12:05:15.455","6178","1038","359159972160221","1868","False","False","False","2.9","0","True","True","True","37.0760116","210","-8.2566132","18","False","True","[]","0","555","[]","False","94","False","MASTER","11.5","False","False","False","False","False","0"
"2023-07-25 12:05:16.455","6178","1038","359159972160221","1868","False","False","False","1.8","0","True","True","True","37.0760083","213","-8.2566182","18","False","True","[]","0","555","[]","False","94","False","MASTER","11.5","False","False","False","False","False","0"
"2023-07-25 12:05:17.435","6178","1038","359159972160221","1868","False","False","False","2.5","0","True","True","True","37.076003299999996","198","-8.25662","17","False","True","[]","0","555","[]","False","94","False","MASTER","11.5","False","False","False","False","False","0"
"2023-07-25 12:05:18.856","6178","1038","359159972160221","1868","False","False","False","1.8","0","True","True","True","37.0759983","209","-8.2566232","17","False","True","[]","0","555","[]","False","94","False","MASTER","11.5","False","False","False","False","False","0"
"2023-07-25 12:05:19.474","6178","1038","359159972160221","1868","False","False","False","2.0","0","True","True","True","37.0759933","204","-8.2566266","17","False","True","[]","0","555","[]","False","94","False","MASTER","11.5","False","False","False","False","False","0"
"2023-07-25 12:05:20.461","6178","1038","359159972160221","1868","False","False","False","1.1","0","True","True","True","37.07599","201","-8.2566282","18","False","True","[]","0","555","[]","False","94","False","MASTER","11.5","False","False","False","False","False","0"
"2023-07-25 12:05:21.435","6178","1038","359159972160221","1868","False","False","False","1.6","0","True","True","True","37.0759866","163","-8.2566266","18","False","True","[]","0","555","[]","False","94","False","MASTER","11.5","False","False","False","False","False","0"
"2023-07-25 12:05:22.433","6178","1038","359159972160221","1868","False","False","False","1.8","0","True","True","True","37.0759833","202","-8.2566266","18","False","True","[]","0","555","[]","False","94","False","MASTER","11.5","False","False","False","False","False","0"
"2023-07-25 12:05:23.856","6178","1038","359159972160221","1868","False","False","False","1.6","0","True","True","True","37.07598","183","-8.2566266","18","False","True","[]","0","555","[]","False","94","False","MASTER","11.5","False","False","False","False","False","0"
"2023-07-25 12:05:24.455","6178","1038","359159972160221","1868","False","False","False","1.4","0","True","True","True","37.0759766","172","-8.256625","18","False","True","[]","0","555","[]","False","94","False","MASTER","11.5","False","False","False","False","False","0"
"2023-07-25 12:05:25.456","6178","1038","359159972160221","1868","False","False","False","0.0","0","True","True","True","37.0759733","187","-8.256625","18","False","True","[]","0","555","[]","False","94","False","MASTER","11.5","False","False","False","False","False","0"
"2023-07-25 12:05:26.440","6178","1038","359159972160221","1868","False","False","False","4.6","0","True","True","True","37.075965","186","-8.2566266","18","False","True","[]","0","555","[]","False","94","False","MASTER","11.5","False","False","False","False","False","0"
"2023-07-25 12:05:27.856","6178","1038","359159972160221","1868","False","False","False","9.2","0","True","True","True","37.075945","179","-8.2566282","18","False","True","[]","0","555","[]","False","94","False","MASTER","11.5","False","False","False","False","False","0"
"2023-07-25 12:05:28.457","6178","1038","359159972160221","1868","False","False","False","14.5","0","True","True","True","37.0759116","196","-8.2566366","18","False","True","[]","0","555","[]","False","94","False","MASTER","11.5","False","False","False","False","False","0"
"2023-07-25 12:05:29.498","6178","1038","359159972160221","1868","False","False","False","11.9","0","True","True","True","37.0758833","202","-8.2566532","18","False","True","[]","0","555","[]","False","94","False","MASTER","11.5","False","False","False","False","False","0"
"2023-07-25 12:05:30.777","6178","1038","359159972160221","1868","False","False","False","13.4","0","True","True","True","37.0758516","177","-8.256655","18","False","True","[]","0","555","[]","False","94","False","MASTER","11.5","False","False","False","False","False","0"
"2023-07-25 12:05:31.455","6178","1038","359159972160221","1868","False","False","False","15.7","0","True","True","True","37.075815","182","-8.2566532","18","False","True","[]","0","555","[]","False","94","False","MASTER","11.5","False","False","False","False","False","0"
"2023-07-25 12:05:32.458","6178","1038","359159972160221","1868","False","False","False","11.4","0","True","True","True","37.075785","205","-8.2566682","18","False","True","[]","0","555","[]","False","94","False","MASTER","11.5","False","False","False","False","False","0"
"2023-07-25 12:05:33.435","6178","1038","359159972160221","1868","False","False","False","9.9","0","True","True","True","37.0757616","200","-8.25668","18","False","True","[]","0","555","[]","False","94","False","MASTER","11.5","False","False","False","False","False","0"
"2023-07-25 12:05:34.875","6178","1038","359159972160221","1868","False","False","False","10.3","0","True","True","True","37.0757383","202","-8.2566916","18","False","True","[]","0","555","[]","False","94","False","MASTER","11.5","False","False","False","False","False","0"
"2023-07-25 12:05:35.458","6178","1038","359159972160221","1868","False","False","False","9.1","0","True","True","True","37.07572","209","-8.2567066","23","False","True","[]","0","555","[]","False","94","False","MASTER","11.5","False","False","False","False","False","0"
"2023-07-25 12:05:36.458","6178","1038","359159972160221","1868","False","False","False","9.0","0","True","True","True","37.0757","198","-8.2567166","23","False","True","[]","0","555","[]","False","94","False","MASTER","11.5","False","False","False","False","False","0"
"2023-07-25 12:05:37.438","6178","1038","359159972160221","1868","False","False","False","11.0","0","True","True","True","37.0756733","196","-8.2567232","23","False","True","[]","0","555","[]","False","94","False","MASTER","11.5","False","False","False","False","False","0"
"2023-07-25 12:05:39.297","6178","1038","359159972160221","1868","False","False","False","10.9","0","True","True","True","37.0756483","202","-8.2567366","21","False","True","[]","0","555","[]","False","94","False","MASTER","11.5","False","False","False","False","False","0"
"2023-07-25 12:05:39.838","6178","1038","359159972160221","1868","False","False","False","9.6","0","True","True","True","37.0756266","200","-8.2567482","21","False","True","[]","0","555","[]","False","94","False","MASTER","11.5","False","False","False","False","False","0"
"2023-07-25 12:05:40.478","6178","1038","359159972160221","1868","False","False","False","11.4","0","True","True","True","37.0756","195","-8.2567566","21","False","True","[]","0","555","[]","False","94","False","MASTER","11.5","False","False","False","False","False","0"
"2023-07-25 12:05:41.439","6178","1038","359159972160221","1868","False","False","False","11.5","0","True","True","True","37.0755733","196","-8.2567666","18","False","True","[]","0","555","[]","False","94","False","MASTER","11.5","False","False","False","False","False","0"
"2023-07-25 12:05:42.437","6178","1038","359159972160221","1868","False","False","False","10.3","0","True","True","True","37.07555","199","-8.2567832","18","False","True","[]","0","555","[]","False","94","False","MASTER","11.5","False","False","False","False","False","0"
"2023-07-25 12:05:43.876","6178","1038","359159972160221","1868","False","False","False","10.3","0","True","True","True","37.0755233","190","-8.2567916","18","False","True","[]","0","555","[]","False","94","False","MASTER","11.5","False","False","False","False","False","0"
"2023-07-25 12:05:44.457","6178","1038","359159972160221","1868","False","False","False","10.1","0","True","True","True","37.0754983","192","-8.2568","18","False","True","[]","0","555","[]","False","94","False","MASTER","11.5","False","False","False","False","False","0"
"2023-07-25 12:05:45.458","6178","1038","359159972160221","1868","False","False","False","7.4","0","True","True","True","37.0754783","198","-8.2568082","18","False","True","[]","0","555","[]","False","94","False","MASTER","11.5","False","False","False","False","False","0"
"2023-07-25 12:05:46.419","6178","1038","359159972160221","1868","False","False","False","7.8","0","True","True","True","37.07546","200","-8.2568166","18","False","True","[]","0","555","[]","False","94","False","MASTER","11.5","False","False","False","False","False","0"
"2023-07-25 12:05:47.834","6178","1038","359159972160221","1868","False","False","False","8.3","0","True","True","True","37.0754416","205","-8.2568282","18","False","True","[]","0","555","[]","False","94","False","MASTER","11.5","False","False","False","False","False","0"
"2023-07-25 12:05:48.459","6178","1038","359159972160221","1868","False","False","False","9.3","0","True","True","True","37.07542","201","-8.2568382","18","False","True","[]","0","555","[]","False","94","False","MASTER","11.5","False","False","False","False","False","0"
"2023-07-25 12:05:49.455","6178","1038","359159972160221","1868","False","False","False","9.2","0","True","True","True","37.0753966","195","-8.2568466","18","False","True","[]","0","555","[]","False","94","False","MASTER","11.5","False","False","False","False","False","0"
"2023-07-25 12:05:50.438","6178","1038","359159972160221","1868","False","False","False","7.7","0","True","True","True","37.0753766","195","-8.2568532","18","False","True","[]","0","555","[]","False","94","False","MASTER","11.5","False","False","False","False","False","0"
"2023-07-25 12:05:51.436","6178","1038","359159972160221","1868","False","False","False","8.9","0","True","True","True","37.0753566","202","-8.2568632","18","False","True","[]","0","555","[]","False","94","False","MASTER","11.5","False","False","False","False","False","0"
"2023-07-25 12:05:52.875","6178","1038","359159972160221","1868","False","False","False","9.5","0","True","True","True","37.075335","201","-8.256875","18","False","True","[]","0","555","[]","False","94","False","MASTER","11.5","False","False","False","False","False","0"
"2023-07-25 12:05:53.457","6178","1038","359159972160221","1868","False","False","False","9.8","0","True","True","True","37.0753133","201","-8.256885","18","False","True","[]","0","555","[]","False","94","False","MASTER","11.5","False","False","False","False","False","0"
"2023-07-25 12:05:54.458","6178","1038","359159972160221","1868","False","False","False","7.2","0","True","True","True","37.075295","207","-8.256895","18","False","True","[]","0","555","[]","False","94","False","MASTER","11.5","False","False","False","False","False","0"
"2023-07-25 12:05:55.437","6178","1038","359159972160221","1868","False","False","False","7.8","0","True","True","True","37.07528","204","-8.2568882","18","False","True","[]","0","555","[]","False","94","False","MASTER","11.5","False","False","False","False","False","0"
"2023-07-25 12:05:56.979","6178","1038","359159972160221","1868","False","False","False","8.5","0","True","True","True","37.0752566","205","-8.2568982","18","False","True","[]","0","555","[]","False","94","False","MASTER","11.5","False","False","False","False","False","0"
"2023-07-25 12:05:57.458","6178","1038","359159972160221","1868","False","False","False","8.0","0","True","True","True","37.0752383","202","-8.2569082","18","False","True","[]","0","555","[]","False","94","False","MASTER","11.5","False","False","False","False","False","0"
"2023-07-25 12:05:58.438","6178","1038","359159972160221","1868","False","False","False","9.1","0","True","True","True","37.075215","197","-8.2569166","18","False","True","[]","0","555","[]","False","79","False","MASTER","14.5","False","False","False","False","False","0"
"2023-07-25 12:05:59.876","6178","1038","359159972160221","1868","False","False","False","9.5","0","True","True","True","37.0751933","202","-8.2569266","18","False","True","[]","0","555","[]","False","79","False","MASTER","14.5","False","False","False","False","False","0"
"2023-07-25 12:06:00.459","6178","1038","359159972160221","1868","False","False","False","7.8","0","True","True","True","37.0751733","199","-8.2569366","18","False","True","[]","0","555","[]","False","79","False","MASTER","14.5","False","False","False","False","False","0"
"2023-07-25 12:06:01.875","6178","1038","359159972160221","1868","False","False","False","9.3","0","True","True","True","37.0751516","197","-8.2569466","18","False","True","[]","0","555","[]","False","79","False","MASTER","14.5","False","False","False","False","False","0"
"2023-07-25 12:06:02.456","6178","1038","359159972160221","1868","False","False","False","9.2","0","True","True","True","37.07513","202","-8.2569566","17","False","True","[]","0","555","[]","False","79","False","MASTER","14.5","False","False","False","False","False","0"
"2023-07-25 12:06:03.458","6178","1038","359159972160221","1868","False","False","False","9.8","0","True","True","True","37.0751083","208","-8.2569716","17","False","True","[]","0","555","[]","False","79","False","MASTER","14.5","False","False","False","False","False","0"
"2023-07-25 12:06:04.438","6178","1038","359159972160221","1868","False","False","False","9.3","0","True","True","True","37.0750866","204","-8.2569832","17","False","True","[]","0","555","[]","False","79","False","MASTER","14.5","False","False","False","False","False","0"
"2023-07-25 12:06:05.878","6178","1038","359159972160221","1868","False","False","False","7.0","0","True","True","True","37.0750683","200","-8.2569932","17","False","True","[]","0","555","[]","False","79","False","MASTER","14.5","False","False","False","False","False","0"
"2023-07-25 12:06:06.457","6178","1038","359159972160221","1868","False","False","False","8.1","0","True","True","True","37.07505","201","-8.2570016","17","False","True","[]","0","555","[]","False","79","False","MASTER","14.5","False","False","False","False","False","0"
"2023-07-25 12:06:07.455","6178","1038","359159972160221","1868","False","False","False","8.7","0","True","True","True","37.07503","200","-8.25701","17","False","True","[]","0","555","[]","False","79","False","MASTER","14.5","False","False","False","False","False","0"
"2023-07-25 12:06:08.439","6178","1038","359159972160221","1868","False","False","False","8.3","0","True","True","True","37.0750116","203","-8.25702","18","False","True","[]","0","555","[]","False","79","False","MASTER","14.5","False","False","False","False","False","0"
"2023-07-25 12:06:09.435","6178","1038","359159972160221","1868","False","False","False","8.9","0","True","True","True","37.0749916","204","-8.2570316","18","False","True","[]","0","555","[]","False","79","False","MASTER","14.5","False","False","False","False","False","0"
"2023-07-25 12:06:10.875","6178","1038","359159972160221","1868","False","False","False","9.7","0","True","True","True","37.07497","205","-8.257045","18","False","True","[]","0","555","[]","False","79","False","MASTER","14.5","False","False","False","False","False","0"
"2023-07-25 12:06:11.457","6178","1038","359159972160221","1868","False","False","False","9.6","0","True","True","True","37.0749483","212","-8.2570616","18","False","True","[]","0","555","[]","False","79","False","MASTER","14.5","False","False","False","False","False","0"
"2023-07-25 12:06:12.462","6178","1038","359159972160221","1868","False","False","False","9.4","0","True","True","True","37.07493","213","-8.2570782","18","False","True","[]","0","555","[]","False","79","False","MASTER","14.5","False","False","False","False","False","0"
"2023-07-25 12:06:13.442","6178","1038","359159972160221","1868","False","False","False","10.2","0","True","True","True","37.07491","217","-8.2570966","18","False","True","[]","0","555","[]","False","79","False","MASTER","14.5","False","False","False","False","False","0"
"2023-07-25 12:06:14.877","6178","1038","359159972160221","1868","False","False","False","9.9","0","True","True","True","37.0748916","218","-8.2571182","19","False","True","[]","0","555","[]","False","79","False","MASTER","14.5","False","False","False","False","False","0"
"2023-07-25 12:06:15.459","6178","1038","359159972160221","1868","False","False","False","10.6","0","True","True","True","37.0748716","222","-8.25714","19","False","True","[]","0","555","[]","False","79","False","MASTER","14.5","False","False","False","False","False","0"
"2023-07-25 12:06:16.456","6178","1038","359159972160221","1868","False","False","False","9.9","0","True","True","True","37.074855","229","-8.257165","19","False","True","[]","0","555","[]","False","79","False","MASTER","14.5","False","False","False","False","False","0"
"2023-07-25 12:06:17.438","6178","1038","359159972160221","1868","False","False","False","10.1","0","True","True","True","37.07484","235","-8.2571916","21","False","True","[]","0","555","[]","False","79","False","MASTER","14.5","False","False","False","False","False","0"
"2023-07-25 12:06:18.436","6178","1038","359159972160221","1868","False","False","False","8.8","0","True","True","True","37.0748283","239","-8.2572182","21","False","True","[]","0","555","[]","False","79","False","MASTER","14.5","False","False","False","False","False","0"
"2023-07-25 12:06:19.418","6178","1038","359159972160221","1868","False","False","False","9.1","0","True","True","True","37.07482","250","-8.257245","21","False","True","[]","0","555","[]","False","79","False","MASTER","14.5","False","False","False","False","False","0"
"2023-07-25 12:06:20.818","6178","1038","359159972160221","1868","False","False","False","8.0","0","True","True","True","37.0748166","260","-8.25727","19","False","True","[]","0","555","[]","False","79","False","MASTER","14.5","False","False","False","False","False","0"
"2023-07-25 12:06:21.458","6178","1038","359159972160221","1868","False","False","False","8.3","0","True","True","True","37.0748166","268","-8.2572966","19","False","True","[]","0","555","[]","False","79","False","MASTER","14.5","False","False","False","False","False","0"
"2023-07-25 12:06:22.456","6178","1038","359159972160221","1868","False","False","False","8.3","0","True","True","True","37.07482","276","-8.2573232","19","False","True","[]","0","555","[]","False","79","False","MASTER","14.5","False","False","False","False","False","0"
"2023-07-25 12:06:23.439","6178","1038","359159972160221","1868","False","False","False","10.1","0","True","True","True","37.0748233","277","-8.2573532","17","False","True","[]","0","555","[]","False","79","False","MASTER","14.5","False","False","False","False","False","0"
"2023-07-25 12:06:24.435","6178","1038","359159972160221","1868","False","False","False","10.8","0","True","True","True","37.07483","282","-8.257385","17","False","True","[]","0","555","[]","False","79","False","MASTER","14.5","False","False","False","False","False","0"
"2023-07-25 12:06:25.838","6178","1038","359159972160221","1868","False","False","False","11.4","0","True","True","True","37.07484","291","-8.2574182","17","False","True","[]","0","555","[]","False","79","False","MASTER","14.5","False","False","False","False","False","0"
"2023-07-25 12:06:26.457","6178","1038","359159972160221","1868","False","False","False","13.1","0","True","True","True","37.0748516","293","-8.257455","23","False","True","[]","0","555","[]","False","79","False","MASTER","14.5","False","False","False","False","False","0"
"2023-07-25 12:06:27.459","6178","1038","359159972160221","1868","False","False","False","14.3","0","True","True","True","37.0748666","295","-8.2574966","23","False","True","[]","0","555","[]","False","79","False","MASTER","14.5","False","False","False","False","False","0"
"2023-07-25 12:06:28.438","6178","1038","359159972160221","1868","False","False","False","14.1","0","True","True","True","37.0748833","297","-8.257535","23","False","True","[]","0","555","[]","False","79","False","MASTER","14.5","False","False","False","False","False","0"
"2023-07-25 12:06:29.937","6178","1038","359159972160221","1868","False","False","False","14.8","0","True","True","True","37.0749016","297","-8.2575766","24","False","True","[]","0","555","[]","False","79","False","MASTER","14.5","False","False","False","False","False","0"
"2023-07-25 12:06:30.457","6178","1038","359159972160221","1868","False","False","False","17.1","0","True","True","True","37.0749216","299","-8.2576216","24","False","True","[]","0","555","[]","False","79","False","MASTER","14.5","False","False","False","False","False","0"
"2023-07-25 12:06:31.454","6178","1038","359159972160221","1868","False","False","False","13.6","0","True","True","True","37.0749383","297","-8.2576632","24","False","True","[]","0","555","[]","False","79","False","MASTER","14.5","False","False","False","False","False","0"
"2023-07-25 12:06:32.439","6178","1038","359159972160221","1868","False","False","False","16.6","0","True","True","True","37.0749566","296","-8.2577082","20","False","True","[]","0","555","[]","False","79","False","MASTER","14.5","False","False","False","False","False","0"
"2023-07-25 12:06:33.435","6178","1038","359159972160221","1868","False","False","False","16.9","0","True","True","True","37.074975","296","-8.2577566","20","False","True","[]","0","555","[]","False","79","False","MASTER","14.5","False","False","False","False","False","0"
"2023-07-25 12:06:35.954","6178","1038","359159972160221","1868","False","False","False","17.5","0","True","True","True","37.0749966","301","-8.2578032","20","False","True","[]","0","555","[]","False","79","False","MASTER","14.5","False","False","False","False","False","0"
"2023-07-25 12:06:36.012","6178","1038","359159972160221","1868","False","False","False","18.3","0","True","True","True","37.0750216","303","-8.2578516","19","False","True","[]","0","555","[]","False","79","False","MASTER","14.5","False","False","False","False","False","0"
"2023-07-25 12:06:36.450","6178","1038","359159972160221","1868","False","False","False","18.2","0","True","True","True","37.075045","300","-8.2579016","19","False","True","[]","0","555","[]","False","79","False","MASTER","14.5","False","False","False","False","False","0"
"2023-07-25 12:06:37.435","6178","1038","359159972160221","1868","False","False","False","18.9","0","True","True","True","37.07507","300","-8.2579532","19","False","True","[]","0","555","[]","False","79","False","MASTER","14.5","False","False","False","False","False","0"
"2023-07-25 12:06:38.430","6178","1038","359159972160221","1868","False","False","False","17.7","0","True","True","True","37.0750916","298","-8.2580032","19","False","True","[]","0","555","[]","False","79","False","MASTER","14.5","False","False","False","False","False","0"
"2023-07-25 12:06:39.887","6178","1038","359159972160221","1868","False","False","False","17.4","0","True","True","True","37.0751133","299","-8.2580516","19","False","True","[]","0","555","[]","False","79","False","MASTER","14.5","False","False","False","False","False","0"
"2023-07-25 12:06:40.453","6178","1038","359159972160221","1868","False","False","False","17.5","0","True","True","True","37.0751383","305","-8.2580966","19","False","True","[]","0","555","[]","False","79","False","MASTER","14.5","False","False","False","False","False","0"
"2023-07-25 12:06:41.454","6178","1038","359159972160221","1868","False","False","False","16.4","0","True","True","True","37.0751566","291","-8.2581432","23","False","True","[]","0","555","[]","False","79","False","MASTER","14.5","False","False","False","False","False","0"
"2023-07-25 12:06:42.432","6178","1038","359159972160221","1868","False","False","False","14.7","0","True","True","True","37.0751666","284","-8.2581882","23","False","True","[]","0","555","[]","False","79","False","MASTER","14.5","False","False","False","False","False","0"
"2023-07-25 12:06:43.872","6178","1038","359159972160221","1868","False","False","False","14.0","0","True","True","True","37.0751816","295","-8.25823","23","False","True","[]","0","555","[]","False","79","False","MASTER","14.5","False","False","False","False","False","0"
"2023-07-25 12:06:44.454","6178","1038","359159972160221","1868","False","False","False","15.1","0","True","True","True","37.0752","300","-8.2582716","23","False","True","[]","0","555","[]","False","79","False","MASTER","14.5","False","False","False","False","False","0"
"2023-07-25 12:06:45.451","6178","1038","359159972160221","1868","False","False","False","13.2","0","True","True","True","37.0752166","299","-8.2583082","23","False","True","[]","0","555","[]","False","79","False","MASTER","14.5","False","False","False","False","False","0"
"2023-07-25 12:06:46.435","6178","1038","359159972160221","1868","False","False","False","14.4","0","True","True","True","37.0752333","298","-8.2583466","23","False","True","[]","0","555","[]","False","79","False","MASTER","14.5","False","False","False","False","False","0"
"2023-07-25 12:06:47.430","6178","1038","359159972160221","1868","False","False","False","16.1","0","True","True","True","37.0752533","302","-8.2583882","23","False","True","[]","0","555","[]","False","79","False","MASTER","14.5","False","False","False","False","False","0"
"2023-07-25 12:06:48.873","6178","1038","359159972160221","1868","False","False","False","13.7","0","True","True","True","37.0752733","301","-8.2584266","23","False","True","[]","0","555","[]","False","79","False","MASTER","14.5","False","False","False","False","False","0"
"2023-07-25 12:06:49.464","6178","1038","359159972160221","1868","False","False","False","13.4","0","True","True","True","37.0752883","295","-8.258465","23","False","True","[]","0","555","[]","False","79","False","MASTER","14.5","False","False","False","False","False","0"
"2023-07-25 12:06:50.455","6178","1038","359159972160221","1868","False","False","False","14.9","0","True","True","True","37.0753033","296","-8.258505","22","False","True","[]","0","555","[]","False","79","False","MASTER","14.5","False","False","False","False","False","0"
"2023-07-25 12:06:51.432","6178","1038","359159972160221","1868","False","False","False","15.9","0","True","True","True","37.0753233","301","-8.2585482","22","False","True","[]","0","555","[]","False","79","False","MASTER","14.5","False","False","False","False","False","0"
"2023-07-25 12:06:52.872","6178","1038","359159972160221","1868","False","False","False","16.8","0","True","True","True","37.075345","299","-8.2585932","22","False","True","[]","0","555","[]","False","79","False","MASTER","14.5","False","False","False","False","False","0"
"2023-07-25 12:06:53.456","6178","1038","359159972160221","1868","False","False","False","17.3","0","True","True","True","37.0753666","300","-8.25864","22","False","True","[]","0","555","[]","False","79","False","MASTER","14.5","False","False","False","False","False","0"
"2023-07-25 12:06:54.450","6178","1038","359159972160221","1868","False","False","False","15.5","0","True","True","True","37.0753883","305","-8.2586816","22","False","True","[]","0","555","[]","False","79","False","MASTER","14.5","False","False","False","False","False","0"
"2023-07-25 12:06:55.435","6178","1038","359159972160221","1868","False","False","False","16.2","0","True","True","True","37.07541","299","-8.258725","22","False","True","[]","0","555","[]","False","79","False","MASTER","14.5","False","False","False","False","False","0"
"2023-07-25 12:06:56.438","6178","1038","359159972160221","1868","False","False","False","16.3","0","True","True","True","37.0754333","308","-8.2587666","22","False","True","[]","0","555","[]","False","79","False","MASTER","14.5","False","False","False","False","False","0"
"2023-07-25 12:06:57.872","6178","1038","359159972160221","1868","False","False","False","8.9","0","True","True","True","37.0754533","314","-8.2587932","22","False","True","[]","0","555","[]","False","79","False","MASTER","14.5","False","False","False","False","False","0"
"2023-07-25 12:06:58.812","6178","1038","359159972160221","1868","False","False","False","11.0","0","True","True","True","37.07547","312","-8.2588166","22","False","True","[]","0","555","[]","False","65","False","MASTER","14.399999618530273","False","False","False","False","False","0"
"2023-07-25 12:06:59.431","6178","1038","359159972160221","1868","False","False","False","12.2","0","True","True","True","37.0754883","305","-8.258845","22","False","True","[]","0","555","[]","False","65","False","MASTER","14.399999618530273","False","False","False","False","False","0"
"2023-07-25 12:07:00.873","6178","1038","359159972160221","1868","False","False","False","12.4","0","True","True","True","37.0755083","312","-8.2588732","22","False","True","[]","0","555","[]","False","65","False","MASTER","14.399999618530273","False","False","False","False","False","0"
"2023-07-25 12:07:01.452","6178","1038","359159972160221","1868","False","False","False","15.4","0","True","True","True","37.07553","305","-8.25891","22","False","True","[]","0","555","[]","False","65","False","MASTER","14.399999618530273","False","False","False","False","False","0"
"2023-07-25 12:07:02.454","6178","1038","359159972160221","1868","False","False","False","13.2","0","True","True","True","37.0755516","310","-8.258945","22","False","True","[]","0","555","[]","False","65","False","MASTER","14.399999618530273","False","False","False","False","False","0"
"2023-07-25 12:07:03.432","6178","1038","359159972160221","1868","False","False","False","12.2","0","True","True","True","37.0755733","311","-8.258975","22","False","True","[]","0","555","[]","False","65","False","MASTER","14.399999618530273","False","False","False","False","False","0"
"2023-07-25 12:07:04.872","6178","1038","359159972160221","1868","False","False","False","15.3","0","True","True","True","37.075595","307","-8.25901","22","False","True","[]","0","555","[]","False","65","False","MASTER","14.399999618530273","False","False","False","False","False","0"
"2023-07-25 12:07:05.453","6178","1038","359159972160221","1868","False","False","False","16.5","0","True","True","True","37.075625","319","-8.259045","22","False","True","[]","0","555","[]","False","65","False","MASTER","14.399999618530273","False","False","False","False","False","0"
"2023-07-25 12:07:06.450","6178","1038","359159972160221","1868","False","False","False","15.4","0","True","True","True","37.0756566","324","-8.259075","22","False","True","[]","0","555","[]","False","65","False","MASTER","14.399999618530273","False","False","False","False","False","0"
"2023-07-25 12:07:07.434","6178","1038","359159972160221","1868","False","False","False","17.0","0","True","True","True","37.0756933","336","-8.2590966","22","False","True","[]","0","555","[]","False","65","False","MASTER","14.399999618530273","False","False","False","False","False","0"
"2023-07-25 12:07:08.432","6178","1038","359159972160221","1868","False","False","False","15.5","0","True","True","True","37.0757333","3","-8.2590982","22","False","True","[]","0","555","[]","False","65","False","MASTER","14.399999618530273","False","False","False","False","False","0"
"2023-07-25 12:07:09.872","6178","1038","359159972160221","1868","False","False","False","11.3","0","True","True","True","37.0757633","10","-8.2590916","22","False","True","[]","0","555","[]","False","65","False","MASTER","14.399999618530273","False","False","False","False","False","0"
"2023-07-25 12:07:10.467","6178","1038","359159972160221","1868","False","False","False","14.4","0","True","True","True","37.0757883","42","-8.2590666","22","False","True","[]","0","555","[]","False","65","False","MASTER","14.399999618530273","False","False","False","False","False","0"
"2023-07-25 12:07:11.454","6178","1038","359159972160221","1868","False","False","False","8.9","0","True","True","True","37.0758","69","-8.259038199999999","19","False","True","[]","0","555","[]","False","65","False","MASTER","14.399999618530273","False","False","False","False","False","0"
"2023-07-25 12:07:12.432","6178","1038","359159972160221","1868","False","False","False","6.4","0","True","True","True","37.075805","65","-8.2590166","19","False","True","[]","0","555","[]","False","65","False","MASTER","14.399999618530273","False","False","False","False","False","0"
"2023-07-25 12:07:13.482","6178","1038","359159972160221","1868","False","False","False","9.1","0","True","True","True","37.0758116","70","-8.25899","19","False","True","[]","0","555","[]","False","65","False","MASTER","14.399999618530273","False","False","False","False","False","0"
"2023-07-25 12:07:14.453","6178","1038","359159972160221","1868","False","False","False","11.8","0","True","True","True","37.0758183","76","-8.2589566","19","False","True","[]","0","555","[]","False","65","False","MASTER","14.399999618530273","False","False","False","False","False","0"
"2023-07-25 12:07:15.436","6178","1038","359159972160221","1868","False","False","False","14.6","0","True","True","True","37.0758283","70","-8.2589166","19","False","True","[]","0","555","[]","False","65","False","MASTER","14.399999618530273","False","False","False","False","False","0"
"2023-07-25 12:07:16.433","6178","1038","359159972160221","1868","False","False","False","12.3","0","True","True","True","37.0758333","84","-8.2588766","19","False","True","[]","0","555","[]","False","65","False","MASTER","14.399999618530273","False","False","False","False","False","0"
"2023-07-25 12:07:17.854","6178","1038","359159972160221","1868","False","False","False","13.4","0","True","True","True","37.0758433","64","-8.2588382","19","False","True","[]","0","555","[]","False","65","False","MASTER","14.399999618530273","False","False","False","False","False","0"
"2023-07-25 12:07:18.454","6178","1038","359159972160221","1868","False","False","False","11.4","0","True","True","True","37.0758516","72","-8.2588016","19","False","True","[]","0","555","[]","False","65","False","MASTER","14.399999618530273","False","False","False","False","False","0"
"2023-07-25 12:07:19.457","6178","1038","359159972160221","1868","False","False","False","18.1","0","True","True","True","37.07587","59","-8.2587532","19","False","True","[]","0","555","[]","False","65","False","MASTER","14.399999618530273","False","False","False","False","False","0"
"2023-07-25 12:07:20.435","6178","1038","359159972160221","1868","False","False","False","22.9","0","True","True","True","37.0758916","69","-8.2586916","21","False","True","[]","0","555","[]","False","65","False","MASTER","14.399999618530273","False","False","False","False","False","0"
"2023-07-25 12:07:21.856","6178","1038","359159972160221","1868","False","False","False","19.7","0","True","True","True","37.0758933","96","-8.2586266","21","False","True","[]","0","555","[]","False","65","False","MASTER","14.399999618530273","False","False","False","False","False","0"
"2023-07-25 12:07:22.457","6178","1038","359159972160221","1868","False","False","False","18.7","0","True","True","True","37.0758966","81","-8.2585682","21","False","True","[]","0","555","[]","False","65","False","MASTER","14.399999618530273","False","False","False","False","False","0"
"2023-07-25 12:07:23.454","6178","1038","359159972160221","1868","False","False","False","18.4","0","True","True","True","37.075905","77","-8.2585116","21","False","True","[]","0","555","[]","False","65","False","MASTER","14.399999618530273","False","False","False","False","False","0"
"2023-07-25 12:07:24.437","6178","1038","359159972160221","1868","False","False","False","21.9","0","True","True","True","37.07592","75","-8.2584466","21","False","True","[]","0","555","[]","False","65","False","MASTER","14.399999618530273","False","False","False","False","False","0"
"2023-07-25 12:07:25.433","6178","1038","359159972160221","1868","False","False","False","28.2","0","True","True","True","37.0759416","69","-8.2583682","21","False","True","[]","0","555","[]","False","65","False","MASTER","14.399999618530273","False","False","False","False","False","0"
"2023-07-25 12:07:26.854","6178","1038","359159972160221","1868","False","False","False","26.7","0","True","True","True","37.0759633","70","-8.2582882","21","False","True","[]","0","555","[]","False","65","False","MASTER","14.399999618530273","False","False","False","False","False","0"
"2023-07-25 12:07:27.456","6178","1038","359159972160221","1868","False","False","False","32.0","0","True","True","True","37.0759883","71","-8.2581982","21","False","True","[]","0","555","[]","False","65","False","MASTER","14.399999618530273","False","False","False","False","False","0"
"2023-07-25 12:07:28.456","6178","1038","359159972160221","1868","False","False","False","35.6","0","True","True","True","37.0760166","72","-8.258095","21","False","True","[]","0","555","[]","False","65","False","MASTER","14.399999618530273","False","False","False","False","False","0"
"2023-07-25 12:07:29.434","6178","1038","359159972160221","1868","False","False","False","30.4","0","True","True","True","37.0760366","77","-8.2579982","20","False","True","[]","0","555","[]","False","65","False","MASTER","14.399999618530273","False","False","False","False","False","0"
"2023-07-25 12:07:30.856","6178","1038","359159972160221","1868","False","False","False","23.4","0","True","True","True","37.07605","78","-8.25792","20","False","True","[]","0","555","[]","False","65","False","MASTER","14.399999618530273","False","False","False","False","False","0"
"2023-07-25 12:07:31.473","6178","1038","359159972160221","1868","False","False","False","24.6","0","True","True","True","37.0760683","71","-8.2578466","20","False","True","[]","0","555","[]","False","65","False","MASTER","14.399999618530273","False","False","False","False","False","0"
"2023-07-25 12:07:32.453","6178","1038","359159972160221","1868","False","False","False","27.2","0","True","True","True","37.0760933","67","-8.25777","20","False","True","[]","0","555","[]","False","65","False","MASTER","14.399999618530273","False","False","False","False","False","0"
"2023-07-25 12:07:33.436","6178","1038","359159972160221","1868","False","False","False","20.9","0","True","True","True","37.07611","73","-8.2577016","20","False","True","[]","0","555","[]","False","65","False","MASTER","14.399999618530273","False","False","False","False","False","0"
"2023-07-25 12:07:34.433","6178","1038","359159972160221","1868","False","False","False","24.5","0","True","True","True","37.0761333","68","-8.2576316","20","False","True","[]","0","555","[]","False","65","False","MASTER","14.399999618530273","False","False","False","False","False","0"
"2023-07-25 12:07:35.854","6178","1038","359159972160221","1868","False","False","False","25.9","0","True","True","True","37.07617","54","-8.257565","20","False","True","[]","0","555","[]","False","65","False","MASTER","14.399999618530273","False","False","False","False","False","0"
"2023-07-25 12:07:36.456","6178","1038","359159972160221","1868","False","False","False","19.1","0","True","True","True","37.076195","62","-8.2575082","20","False","True","[]","0","555","[]","False","65","False","MASTER","14.399999618530273","False","False","False","False","False","0"
"2023-07-25 12:07:37.462","6178","1038","359159972160221","1868","False","False","False","17.2","0","True","True","True","37.0762116","64","-8.2574582","20","False","True","[]","0","555","[]","False","65","False","MASTER","14.399999618530273","False","False","False","False","False","0"
"2023-07-25 12:07:38.434","6178","1038","359159972160221","1868","False","False","False","20.9","0","True","True","True","37.0762316","67","-8.2574016","20","False","True","[]","0","555","[]","False","65","False","MASTER","14.399999618530273","False","False","False","False","False","0"
"2023-07-25 12:07:39.856","6178","1038","359159972160221","1868","False","False","False","15.8","0","True","True","True","37.076245","74","-8.25735","20","False","True","[]","0","555","[]","False","65","False","MASTER","14.399999618530273","False","False","False","False","False","0"
"2023-07-25 12:07:40.456","6178","1038","359159972160221","1868","False","False","False","16.8","0","True","True","True","37.0762566","74","-8.2573","20","False","True","[]","0","555","[]","False","65","False","MASTER","14.399999618530273","False","False","False","False","False","0"
"2023-07-25 12:07:41.478","6178","1038","359159972160221","1868","False","False","False","23.7","0","True","True","True","37.076275","70","-8.257235","20","False","True","[]","0","555","[]","False","65","False","MASTER","14.399999618530273","False","False","False","False","False","0"
"2023-07-25 12:07:42.717","6178","1038","359159972160221","1868","False","False","False","18.3","0","True","True","True","37.0762883","73","-8.2571732","20","False","True","[]","0","555","[]","False","65","False","MASTER","14.399999618530273","False","False","False","False","False","0"
"2023-07-25 12:07:43.437","6178","1038","359159972160221","1868","False","False","False","18.0","0","True","True","True","37.0762983","81","-8.2571166","20","False","True","[]","0","555","[]","False","65","False","MASTER","14.399999618530273","False","False","False","False","False","0"
"2023-07-25 12:07:44.877","6178","1038","359159972160221","1868","False","False","False","15.2","0","True","True","True","37.0763033","83","-8.2570682","19","False","True","[]","0","555","[]","False","65","False","MASTER","14.399999618530273","False","False","False","False","False","0"
"2023-07-25 12:07:45.459","6178","1038","359159972160221","1868","False","False","False","17.5","0","True","True","True","37.0763183","65","-8.2570182","19","False","True","[]","0","555","[]","False","65","False","MASTER","14.399999618530273","False","False","False","False","False","0"
"2023-07-25 12:07:46.457","6178","1038","359159972160221","1868","False","False","False","13.7","0","True","True","True","37.0763366","56","-8.2569816","19","False","True","[]","0","555","[]","False","65","False","MASTER","14.399999618530273","False","False","False","False","False","0"
"2023-07-25 12:07:47.440","6178","1038","359159972160221","1868","False","False","False","14.1","0","True","True","True","37.0763516","69","-8.2569432","22","False","True","[]","0","555","[]","False","65","False","MASTER","14.399999618530273","False","False","False","False","False","0"
"2023-07-25 12:07:48.437","6178","1038","359159972160221","1868","False","False","False","19.7","0","True","True","True","37.076365","71","-8.25689","22","False","True","[]","0","555","[]","False","65","False","MASTER","14.399999618530273","False","False","False","False","False","0"
"2023-07-25 12:07:49.875","6178","1038","359159972160221","1868","False","False","False","19.0","0","True","True","True","37.0763733","83","-8.25683","22","False","True","[]","0","555","[]","False","65","False","MASTER","14.399999618530273","False","False","False","False","False","0"
"2023-07-25 12:07:50.458","6178","1038","359159972160221","1868","False","False","False","21.7","0","True","True","True","37.076385","76","-8.2567682","22","False","True","[]","0","555","[]","False","65","False","MASTER","14.399999618530273","False","False","False","False","False","0"
"2023-07-25 12:07:51.459","6178","1038","359159972160221","1868","False","False","False","25.4","0","True","True","True","37.0763833","95","-8.2566932","22","False","True","[]","0","555","[]","False","65","False","MASTER","14.399999618530273","False","False","False","False","False","0"
"2023-07-25 12:07:52.444","6178","1038","359159972160221","1868","False","False","False","20.7","0","True","True","True","37.076365","108","-8.2566332","22","False","True","[]","0","555","[]","False","65","False","MASTER","14.399999618530273","False","False","False","False","False","0"
"2023-07-25 12:07:53.878","6178","1038","359159972160221","1868","False","False","False","25.5","0","True","True","True","37.0763466","114","-8.2565616","22","False","True","[]","0","555","[]","False","65","False","MASTER","14.399999618530273","False","False","False","False","False","0"
"2023-07-25 12:07:54.459","6178","1038","359159972160221","1868","False","False","False","20.9","0","True","True","True","37.0763116","139","-8.2565116","22","False","True","[]","0","555","[]","False","65","False","MASTER","14.399999618530273","False","False","False","False","False","0"
"2023-07-25 12:07:55.437","6178","1038","359159972160221","1868","False","False","False","18.2","0","True","True","True","37.0762716","151","-8.25648","22","False","True","[]","0","555","[]","False","65","False","MASTER","14.399999618530273","False","False","False","False","False","0"
"2023-07-25 12:07:56.836","6178","1038","359159972160221","1868","False","False","False","21.0","0","True","True","True","37.0762233","166","-8.2564582","23","False","True","[]","0","555","[]","False","65","False","MASTER","14.399999618530273","False","False","False","False","False","0"
"2023-07-25 12:07:57.459","6178","1038","359159972160221","1868","False","False","False","21.3","0","True","True","True","37.07617","181","-8.2564532","23","False","True","[]","0","555","[]","False","65","False","MASTER","14.399999618530273","False","False","False","False","False","0"
"2023-07-25 12:07:58.455","6178","1038","359159972160221","1868","False","False","False","15.6","0","True","True","True","37.0761266","184","-8.25646","23","False","True","[]","0","555","[]","False","65","False","MASTER","14.399999618530273","False","False","False","False","False","0"
"2023-07-25 12:07:59.439","6178","1038","359159972160221","1868","False","False","False","7.2","0","True","True","True","37.076105","187","-8.256465","23","False","True","[]","0","555","[]","False","65","False","MASTER","14.399999618530273","False","False","False","False","False","0"
"2023-07-25 12:08:00.436","6178","1038","359159972160221","1868","False","False","False","6.6","0","True","True","True","37.076085","189","-8.256465","23","False","True","[]","0","555","[]","False","66","False","MASTER","14.399999618530273","False","False","False","False","False","0"
"2023-07-25 12:08:01.876","6178","1038","359159972160221","1868","False","False","False","16.3","0","True","True","True","37.076055","203","-8.2564816","23","False","True","[]","0","555","[]","False","66","False","MASTER","14.399999618530273","False","False","False","False","False","0"
"2023-07-25 12:08:02.456","6178","1038","359159972160221","1868","False","False","False","26.0","0","True","True","True","37.076003299999996","205","-8.2565116","22","False","True","[]","0","555","[]","False","66","False","MASTER","14.399999618530273","False","False","False","False","False","0"
"2023-07-25 12:08:03.458","6178","1038","359159972160221","1868","False","False","False","18.1","0","True","True","True","37.075955","199","-8.256535","22","False","True","[]","0","555","[]","False","66","False","MASTER","14.399999618530273","False","False","False","False","False","0"
"2023-07-25 12:08:04.418","6178","1038","359159972160221","1868","False","False","False","15.4","0","True","True","True","37.0759166","198","-8.2565516","22","False","True","[]","0","555","[]","False","66","False","MASTER","14.399999618530273","False","False","False","False","False","0"
"2023-07-25 12:08:05.859","6178","1038","359159972160221","1868","False","False","False","17.5","0","True","True","True","37.0758783","204","-8.2565732","18","False","True","[]","0","555","[]","False","66","False","MASTER","14.399999618530273","False","False","False","False","False","0"
"2023-07-25 12:08:06.459","6178","1038","359159972160221","1868","False","False","False","21.4","0","True","True","True","37.07583","201","-8.2565966","18","False","True","[]","0","555","[]","False","66","False","MASTER","14.399999618530273","False","False","False","False","False","0"
"2023-07-25 12:08:07.457","6178","1038","359159972160221","1868","False","False","False","18.8","0","True","True","True","37.075785","200","-8.2566166","18","False","True","[]","0","555","[]","False","66","False","MASTER","14.399999618530273","False","False","False","False","False","0"
"2023-07-25 12:08:08.443","6178","1038","359159972160221","1868","False","False","False","20.6","0","True","True","True","37.0757366","200","-8.2566382","18","False","True","[]","0","555","[]","False","66","False","MASTER","14.399999618530273","False","False","False","False","False","0"
"2023-07-25 12:08:09.437","6178","1038","359159972160221","1868","False","False","False","15.0","0","True","True","True","37.0756983","197","-8.256655","18","False","True","[]","0","555","[]","False","66","False","MASTER","14.399999618530273","False","False","False","False","False","0"
"2023-07-25 12:08:10.876","6178","1038","359159972160221","1868","False","False","False","21.5","0","True","True","True","37.07565","193","-8.25667","18","False","True","[]","0","555","[]","False","66","False","MASTER","14.399999618530273","False","False","False","False","False","0"
"2023-07-25 12:08:11.457","6178","1038","359159972160221","1868","False","False","False","20.1","0","True","True","True","37.0756016","183","-8.2566766","20","False","True","[]","0","555","[]","False","66","False","MASTER","14.399999618530273","False","False","False","False","False","0"
"2023-07-25 12:08:12.459","6178","1038","359159972160221","1868","False","False","False","19.9","0","True","True","True","37.07555","186","-8.2566832","20","False","True","[]","0","555","[]","False","66","False","MASTER","14.399999618530273","False","False","False","False","False","0"
"2023-07-25 12:08:13.437","6178","1038","359159972160221","1868","False","False","False","19.6","0","True","True","True","37.075505","202","-8.2567016","20","False","True","[]","0","555","[]","False","66","False","MASTER","14.399999618530273","False","False","False","False","False","0"
"2023-07-25 12:08:14.877","6178","1038","359159972160221","1868","False","False","False","14.7","0","True","True","True","37.0754683","202","-8.2567216","19","False","True","[]","0","555","[]","False","66","False","MASTER","14.399999618530273","False","False","False","False","False","0"
"2023-07-25 12:08:15.476","6178","1038","359159972160221","1868","False","False","False","15.1","0","True","True","True","37.0754316","200","-8.256738200000001","19","False","True","[]","0","555","[]","False","66","False","MASTER","14.399999618530273","False","False","False","False","False","0"
"2023-07-25 12:08:16.456","6178","1038","359159972160221","1868","False","False","False","17.4","0","True","True","True","37.075395","205","-8.2567582","19","False","True","[]","0","555","[]","False","66","False","MASTER","14.399999618530273","False","False","False","False","False","0"
"2023-07-25 12:08:17.440","6178","1038","359159972160221","1868","False","False","False","20.0","0","True","True","True","37.0753533","210","-8.2567882","21","False","True","[]","0","555","[]","False","66","False","MASTER","14.399999618530273","False","False","False","False","False","0"
"2023-07-25 12:08:18.879","6178","1038","359159972160221","1868","False","False","False","20.7","0","True","True","True","37.07531","210","-8.2568232","21","False","True","[]","0","555","[]","False","66","False","MASTER","14.399999618530273","False","False","False","False","False","0"
"2023-07-25 12:08:19.464","6178","1038","359159972160221","1868","False","False","False","28.2","0","True","True","True","37.075255","210","-8.256865","21","False","True","[]","0","555","[]","False","66","False","MASTER","14.399999618530273","False","False","False","False","False","0"
"2023-07-25 12:08:20.461","6178","1038","359159972160221","1868","False","False","False","29.8","0","True","True","True","37.0751933","209","-8.25691","21","False","True","[]","0","555","[]","False","66","False","MASTER","14.399999618530273","False","False","False","False","False","0"
"2023-07-25 12:08:21.436","6178","1038","359159972160221","1868","False","False","False","21.2","0","True","True","True","37.07514","206","-8.256945","21","False","True","[]","0","555","[]","False","66","False","MASTER","14.399999618530273","False","False","False","False","False","0"
"2023-07-25 12:08:22.875","6178","1038","359159972160221","1868","False","False","False","17.4","0","True","True","True","37.0750983","206","-8.25697","21","False","True","[]","0","555","[]","False","66","False","MASTER","14.399999618530273","False","False","False","False","False","0"
"2023-07-25 12:08:23.457","6178","1038","359159972160221","1868","False","False","False","25.7","0","True","True","True","37.0750516","220","-8.257014999999999","22","False","True","[]","0","555","[]","False","66","False","MASTER","14.399999618530273","False","False","False","False","False","0"
"2023-07-25 12:08:24.460","6178","1038","359159972160221","1868","False","False","False","30.8","0","True","True","True","37.075005","233","-8.257085","22","False","True","[]","0","555","[]","False","66","False","MASTER","14.399999618530273","False","False","False","False","False","0"
"2023-07-25 12:08:25.441","6178","1038","359159972160221","1868","False","False","False","22.7","0","True","True","True","37.07497","238","-8.2571516","22","False","True","[]","0","555","[]","False","66","False","MASTER","14.399999618530273","False","False","False","False","False","0"
"2023-07-25 12:08:26.897","6178","1038","359159972160221","1868","False","False","False","21.9","0","True","True","True","37.0749433","242","-8.2572132","21","False","True","[]","0","555","[]","False","66","False","MASTER","14.399999618530273","False","False","False","False","False","0"
"2023-07-25 12:08:27.477","6178","1038","359159972160221","1868","False","False","False","22.6","0","True","True","True","37.0749266","252","-8.25728","21","False","True","[]","0","555","[]","False","66","False","MASTER","14.399999618530273","False","False","False","False","False","0"
"2023-07-25 12:08:28.456","6178","1038","359159972160221","1868","False","False","False","17.2","0","True","True","True","37.0749166","253","-8.25733","21","False","True","[]","0","555","[]","False","66","False","MASTER","14.399999618530273","False","False","False","False","False","0"
"2023-07-25 12:08:29.439","6178","1038","359159972160221","1868","False","False","False","14.4","0","True","True","True","37.0748966","232","-8.2573716","19","False","True","[]","0","555","[]","False","66","False","MASTER","14.399999618530273","False","False","False","False","False","0"
"2023-07-25 12:08:30.435","6178","1038","359159972160221","1868","False","False","False","13.1","0","True","True","True","37.074875","239","-8.2574116","19","False","True","[]","0","555","[]","False","66","False","MASTER","14.399999618530273","False","False","False","False","False","0"
"2023-07-25 12:08:31.875","6178","1038","359159972160221","1868","False","False","False","6.8","0","True","True","True","37.07487","257","-8.2574382","19","False","True","[]","0","555","[]","False","66","False","MASTER","14.399999618530273","False","False","False","False","False","0"
"2023-07-25 12:08:32.459","6178","1038","359159972160221","1868","False","False","False","8.2","0","True","True","True","37.0748733","273","-8.2574632","18","False","True","[]","0","555","[]","False","66","False","MASTER","14.399999618530273","False","False","False","False","False","0"
"2023-07-25 12:08:33.459","6178","1038","359159972160221","1868","False","False","False","7.9","0","True","True","True","37.07488","286","-8.257485","18","False","True","[]","0","555","[]","False","66","False","MASTER","14.399999618530273","False","False","False","False","False","0"
"2023-07-25 12:08:34.438","6178","1038","359159972160221","1868","False","False","False","12.4","0","True","True","True","37.0748933","290","-8.2575182","18","False","True","[]","0","555","[]","False","66","False","MASTER","14.399999618530273","False","False","False","False","False","0"
"2023-07-25 12:08:35.877","6178","1038","359159972160221","1868","False","False","False","22.8","0","True","True","True","37.0749133","297","-8.257575","20","False","True","[]","0","555","[]","False","66","False","MASTER","14.399999618530273","False","False","False","False","False","0"
"2023-07-25 12:08:36.477","6178","1038","359159972160221","1868","False","False","False","21.5","0","True","True","True","37.0749383","296","-8.2576366","20","False","True","[]","0","555","[]","False","66","False","MASTER","14.399999618530273","False","False","False","False","False","0"
"2023-07-25 12:08:37.457","6178","1038","359159972160221","1868","False","False","False","14.1","0","True","True","True","37.0749516","287","-8.257685","20","False","True","[]","0","555","[]","False","66","False","MASTER","14.399999618530273","False","False","False","False","False","0"
"2023-07-25 12:08:38.443","6178","1038","359159972160221","1868","False","False","False","9.2","0","True","True","True","37.0749616","290","-8.2577166","21","False","True","[]","0","555","[]","False","66","False","MASTER","14.399999618530273","False","False","False","False","False","0"
"2023-07-25 12:08:39.438","6178","1038","359159972160221","1868","False","False","False","18.6","0","True","True","True","37.0749666","276","-8.2577666","21","False","True","[]","0","555","[]","False","66","False","MASTER","14.399999618530273","False","False","False","False","False","0"
"2023-07-25 12:08:40.419","6178","1038","359159972160221","1868","False","False","False","19.8","0","True","True","True","37.0749533","248","-8.257825","21","False","True","[]","0","555","[]","False","66","False","MASTER","14.399999618530273","False","False","False","False","False","0"
"2023-07-25 12:08:41.836","6178","1038","359159972160221","1868","False","False","False","15.1","0","True","True","True","37.0749316","238","-8.2578682","20","False","True","[]","0","555","[]","False","66","False","MASTER","14.399999618530273","False","False","False","False","False","0"
"2023-07-25 12:08:42.460","6178","1038","359159972160221","1868","False","False","False","17.4","0","True","True","True","37.0749316","276","-8.25792","20","False","True","[]","0","555","[]","False","66","False","MASTER","14.399999618530273","False","False","False","False","False","0"
"2023-07-25 12:08:43.455","6178","1038","359159972160221","1868","False","False","False","11.1","0","True","True","True","37.074945","299","-8.2579532","20","False","True","[]","0","555","[]","False","66","False","MASTER","14.399999618530273","False","False","False","False","False","0"
"2023-07-25 12:08:44.440","6178","1038","359159972160221","1868","False","False","False","17.8","0","True","True","True","37.0749666","302","-8.257995","19","False","True","[]","0","555","[]","False","66","False","MASTER","14.399999618530273","False","False","False","False","False","0"
"2023-07-25 12:08:45.435","6178","1038","359159972160221","1868","False","False","False","21.9","0","True","True","True","37.0749983","310","-8.2580482","19","False","True","[]","0","555","[]","False","66","False","MASTER","14.399999618530273","False","False","False","False","False","0"
"2023-07-25 12:08:46.875","6178","1038","359159972160221","1868","False","False","False","15.2","0","True","True","True","37.07503","315","-8.2580816","19","False","True","[]","0","555","[]","False","66","False","MASTER","14.399999618530273","False","False","False","False","False","0"
"2023-07-25 12:08:47.457","6178","1038","359159972160221","1868","False","False","False","11.9","0","True","True","True","37.0750466","315","-8.2581116","19","False","True","[]","0","555","[]","False","66","False","MASTER","14.399999618530273","False","False","False","False","False","0"
"2023-07-25 12:08:48.459","6178","1038","359159972160221","1868","False","False","False","14.6","0","True","True","True","37.075065","298","-8.2581516","19","False","True","[]","0","555","[]","False","66","False","MASTER","14.399999618530273","False","False","False","False","False","0"
"2023-07-25 12:08:49.438","6178","1038","359159972160221","1868","False","False","False","16.9","0","True","True","True","37.0750816","290","-8.2582016","19","False","True","[]","0","555","[]","False","66","False","MASTER","14.399999618530273","False","False","False","False","False","0"
"2023-07-25 12:08:50.835","6178","1038","359159972160221","1868","False","False","False","9.8","0","True","True","True","37.0750966","309","-8.2582232","21","False","True","[]","0","555","[]","False","66","False","MASTER","14.399999618530273","False","False","False","False","False","0"
"2023-07-25 12:08:51.458","6178","1038","359159972160221","1868","False","False","False","7.0","0","True","True","True","37.0751116","315","-8.2582416","21","False","True","[]","0","555","[]","False","66","False","MASTER","14.399999618530273","False","False","False","False","False","0"
"2023-07-25 12:08:52.456","6178","1038","359159972160221","1868","False","False","False","7.7","0","True","True","True","37.07513","348","-8.2582466","21","False","True","[]","0","555","[]","False","66","False","MASTER","14.399999618530273","False","False","False","False","False","0"
"2023-07-25 12:08:53.439","6178","1038","359159972160221","1868","False","False","False","10.1","0","True","True","True","37.075155","353","-8.2582482","21","False","True","[]","0","555","[]","False","66","False","MASTER","14.399999618530273","False","False","False","False","False","0"
"2023-07-25 12:08:54.436","6178","1038","359159972160221","1868","False","False","False","17.6","0","True","True","True","37.0751933","349","-8.2582566","21","False","True","[]","0","555","[]","False","66","False","MASTER","14.399999618530273","False","False","False","False","False","0"
"2023-07-25 12:08:55.876","6178","1038","359159972160221","1868","False","False","False","13.8","0","True","True","True","37.07523","354","-8.2582632","21","False","True","[]","0","555","[]","False","66","False","MASTER","14.399999618530273","False","False","False","False","False","0"
"2023-07-25 12:08:56.457","6178","1038","359159972160221","1868","False","False","False","17.4","0","True","True","True","37.07526","315","-8.2582932","21","False","True","[]","0","555","[]","False","66","False","MASTER","14.399999618530273","False","False","False","False","False","0"
"2023-07-25 12:08:57.458","6178","1038","359159972160221","1868","False","False","False","18.6","0","True","True","True","37.0752883","306","-8.2583366","21","False","True","[]","0","555","[]","False","66","False","MASTER","14.399999618530273","False","False","False","False","False","0"
"2023-07-25 12:08:58.437","6178","1038","359159972160221","1868","False","False","False","15.1","0","True","True","True","37.0753066","294","-8.2583816","21","False","True","[]","0","555","[]","False","66","False","MASTER","14.399999618530273","False","False","False","False","False","0"
"2023-07-25 12:08:59.897","6178","1038","359159972160221","1868","False","False","False","11.3","0","True","True","True","37.0753166","288","-8.25842","21","False","True","[]","0","555","[]","False","66","False","MASTER","14.399999618530273","False","False","False","False","False","0"
"2023-07-25 12:09:00.477","6178","1038","359159972160221","1868","False","False","False","10.0","0","True","True","True","37.0753283","297","-8.2584482","21","False","True","[]","0","555","[]","False","66","False","MASTER","14.399999618530273","False","False","False","False","False","0"
"2023-07-25 12:09:01.437","6178","1038","359159972160221","1868","False","False","False","10.4","0","True","True","True","37.0753383","292","-8.2584782","21","False","True","[]","0","555","[]","False","70","False","MASTER","14.5","False","False","False","False","False","0"
"2023-07-25 12:09:02.877","6178","1038","359159972160221","1868","False","False","False","14.8","0","True","True","True","37.0753566","303","-8.2585132","21","False","True","[]","0","555","[]","False","70","False","MASTER","14.5","False","False","False","False","False","0"
"2023-07-25 12:09:03.458","6178","1038","359159972160221","1868","False","False","False","13.2","0","True","True","True","37.075365","280","-8.2585532","21","False","True","[]","0","555","[]","False","70","False","MASTER","14.5","False","False","False","False","False","0"
"2023-07-25 12:09:04.455","6178","1038","359159972160221","1868","False","False","False","9.5","0","True","True","True","37.0753716","282","-8.2585866","21","False","True","[]","0","555","[]","False","70","False","MASTER","14.5","False","False","False","False","False","0"
"2023-07-25 12:09:05.438","6178","1038","359159972160221","1868","False","False","False","19.2","0","True","True","True","37.07538","284","-8.258635","21","False","True","[]","0","555","[]","False","70","False","MASTER","14.5","False","False","False","False","False","0"
"2023-07-25 12:09:06.436","6178","1038","359159972160221","1868","False","False","False","16.2","0","True","True","True","37.0753816","269","-8.2586866","21","False","True","[]","0","555","[]","False","70","False","MASTER","14.5","False","False","False","False","False","0"
"2023-07-25 12:09:07.876","6178","1038","359159972160221","1868","False","False","False","16.5","0","True","True","True","37.0753883","284","-8.2587382","21","False","True","[]","0","555","[]","False","70","False","MASTER","14.5","False","False","False","False","False","0"
"2023-07-25 12:09:08.457","6178","1038","359159972160221","1868","False","False","False","12.0","0","True","True","True","37.0754116","323","-8.258765","21","False","True","[]","0","555","[]","False","70","False","MASTER","14.5","False","False","False","False","False","0"
"2023-07-25 12:09:09.461","6178","1038","359159972160221","1868","False","False","False","10.0","0","True","True","True","37.0754333","323","-8.258785","21","False","True","[]","0","555","[]","False","70","False","MASTER","14.5","False","False","False","False","False","0"
"2023-07-25 12:09:10.439","6178","1038","359159972160221","1868","False","False","False","13.2","0","True","True","True","37.07546","326","-8.2588066","21","False","True","[]","0","555","[]","False","70","False","MASTER","14.5","False","False","False","False","False","0"
"2023-07-25 12:09:11.878","6178","1038","359159972160221","1868","False","False","False","14.4","0","True","True","True","37.0754883","321","-8.2588332","21","False","True","[]","0","555","[]","False","70","False","MASTER","14.5","False","False","False","False","False","0"
"2023-07-25 12:09:12.459","6178","1038","359159972160221","1868","False","False","False","12.8","0","True","True","True","37.07551","312","-8.2588616","21","False","True","[]","0","555","[]","False","70","False","MASTER","14.5","False","False","False","False","False","0"
"2023-07-25 12:09:14.157","6178","1038","359159972160221","1868","False","False","False","14.5","0","True","True","True","37.075535","317","-8.2588916","21","False","True","[]","0","555","[]","False","70","False","MASTER","14.5","False","False","False","False","False","0"
"2023-07-25 12:09:14.457","6178","1038","359159972160221","1868","False","False","False","13.8","0","True","True","True","37.0755616","321","-8.2589232","20","False","True","[]","0","555","[]","False","70","False","MASTER","14.5","False","False","False","False","False","0"
"2023-07-25 12:09:15.458","6178","1038","359159972160221","1868","False","False","False","14.4","0","True","True","True","37.0755866","311","-8.2589566","20","False","True","[]","0","555","[]","False","70","False","MASTER","14.5","False","False","False","False","False","0"
"2023-07-25 12:09:16.437","6178","1038","359159972160221","1868","False","False","False","13.5","0","True","True","True","37.07561","315","-8.2589866","20","False","True","[]","0","555","[]","False","70","False","MASTER","14.5","False","False","False","False","False","0"
"2023-07-25 12:09:17.877","6178","1038","359159972160221","1868","False","False","False","14.3","0","True","True","True","37.075635","316","-8.2590182","20","False","True","[]","0","555","[]","False","70","False","MASTER","14.5","False","False","False","False","False","0"
"2023-07-25 12:09:18.459","6178","1038","359159972160221","1868","False","False","False","12.7","0","True","True","True","37.0756566","310","-8.25905","20","False","True","[]","0","555","[]","False","70","False","MASTER","14.5","False","False","False","False","False","0"
"2023-07-25 12:09:19.454","6178","1038","359159972160221","1868","False","False","False","14.5","0","True","True","True","37.0756833","322","-8.2590782","20","False","True","[]","0","555","[]","False","70","False","MASTER","14.5","False","False","False","False","False","0"
"2023-07-25 12:09:20.439","6178","1038","359159972160221","1868","False","False","False","13.5","0","True","True","True","37.0757116","327","-8.2591016","20","False","True","[]","0","555","[]","False","70","False","MASTER","14.5","False","False","False","False","False","0"
"2023-07-25 12:09:21.450","6178","1038","359159972160221","1868","False","False","False","12.6","0","True","True","True","37.0757416","337","-8.2591166","20","False","True","[]","0","555","[]","False","70","False","MASTER","14.5","False","False","False","False","False","0"
"2023-07-25 12:09:22.875","6178","1038","359159972160221","1868","False","False","False","7.6","0","True","True","True","37.0757616","1","-8.259115","20","False","True","[]","0","555","[]","False","70","False","MASTER","14.5","False","False","False","False","False","0"
"2023-07-25 12:09:23.457","6178","1038","359159972160221","1868","False","False","False","7.8","0","True","True","True","37.0757783","23","-8.2591016","21","False","True","[]","0","555","[]","False","70","False","MASTER","14.5","False","False","False","False","False","0"
"2023-07-25 12:09:24.459","6178","1038","359159972160221","1868","False","False","False","10.7","0","True","True","True","37.0758","37","-8.2590816","21","False","True","[]","0","555","[]","False","70","False","MASTER","14.5","False","False","False","False","False","0"
"2023-07-25 12:09:25.437","6178","1038","359159972160221","1868","False","False","False","14.5","0","True","True","True","37.075815","65","-8.259045","21","False","True","[]","0","555","[]","False","70","False","MASTER","14.5","False","False","False","False","False","0"
"2023-07-25 12:09:26.877","6178","1038","359159972160221","1868","False","False","False","12.4","0","True","True","True","37.0758316","57","-8.25901","20","False","True","[]","0","555","[]","False","70","False","MASTER","14.5","False","False","False","False","False","0"
"2023-07-25 12:09:27.458","6178","1038","359159972160221","1868","False","False","False","14.4","0","True","True","True","37.07585","63","-8.2589716","20","False","True","[]","0","555","[]","False","70","False","MASTER","14.5","False","False","False","False","False","0"
"2023-07-25 12:09:28.459","6178","1038","359159972160221","1868","False","False","False","22.5","0","True","True","True","37.0758666","70","-8.2589116","20","False","True","[]","0","555","[]","False","70","False","MASTER","14.5","False","False","False","False","False","0"
"2023-07-25 12:09:29.439","6178","1038","359159972160221","1868","False","False","False","24.3","0","True","True","True","37.075895","59","-8.258845","21","False","True","[]","0","555","[]","False","70","False","MASTER","14.5","False","False","False","False","False","0"
"2023-07-25 12:09:30.440","6178","1038","359159972160221","1868","False","False","False","20.2","0","True","True","True","37.0759166","70","-8.258785","21","False","True","[]","0","555","[]","False","70","False","MASTER","14.5","False","False","False","False","False","0"
"2023-07-25 12:09:31.876","6178","1038","359159972160221","1868","False","False","False","27.9","0","True","True","True","37.07594","67","-8.25871","21","False","True","[]","0","555","[]","False","70","False","MASTER","14.5","False","False","False","False","False","0"
"2023-07-25 12:09:32.457","6178","1038","359159972160221","1868","False","False","False","32.2","0","True","True","True","37.0759666","70","-8.2586166","24","False","True","[]","0","555","[]","False","70","False","MASTER","14.5","False","False","False","False","False","0"
"2023-07-25 12:09:33.459","6178","1038","359159972160221","1868","False","False","False","24.4","0","True","True","True","37.0759833","79","-8.258535","24","False","True","[]","0","555","[]","False","70","False","MASTER","14.5","False","False","False","False","False","0"
"2023-07-25 12:09:34.437","6178","1038","359159972160221","1868","False","False","False","32.5","0","True","True","True","37.076","76","-8.2584432","24","False","True","[]","0","555","[]","False","70","False","MASTER","14.5","False","False","False","False","False","0"
"2023-07-25 12:09:35.877","6178","1038","359159972160221","1868","False","False","False","36.8","0","True","True","True","37.07602","77","-8.258335","24","False","True","[]","0","555","[]","False","70","False","MASTER","14.5","False","False","False","False","False","0"
"2023-07-25 12:09:36.458","6178","1038","359159972160221","1868","False","False","False","28.0","0","True","True","True","37.076035","80","-8.25824","24","False","True","[]","0","555","[]","False","70","False","MASTER","14.5","False","False","False","False","False","0"
"2023-07-25 12:09:37.455","6178","1038","359159972160221","1868","False","False","False","27.8","0","True","True","True","37.076045","80","-8.2581566","24","False","True","[]","0","555","[]","False","70","False","MASTER","14.5","False","False","False","False","False","0"
"2023-07-25 12:09:38.877","6178","1038","359159972160221","1868","False","False","False","34.2","0","True","True","True","37.0760666","74","-8.258055","24","False","True","[]","0","555","[]","False","70","False","MASTER","14.5","False","False","False","False","False","0"
"2023-07-25 12:09:39.458","6178","1038","359159972160221","1868","False","False","False","26.5","0","True","True","True","37.076095","63","-8.257975","24","False","True","[]","0","555","[]","False","70","False","MASTER","14.5","False","False","False","False","False","0"
"2023-07-25 12:09:40.456","6178","1038","359159972160221","1868","False","False","False","27.0","0","True","True","True","37.076125","63","-8.2578982","24","False","True","[]","0","555","[]","False","70","False","MASTER","14.5","False","False","False","False","False","0"
"2023-07-25 12:09:41.442","6178","1038","359159972160221","1868","False","False","False","34.8","0","True","True","True","37.0761516","73","-8.2578032","24","False","True","[]","0","555","[]","False","70","False","MASTER","14.5","False","False","False","False","False","0"
"2023-07-25 12:09:42.437","6178","1038","359159972160221","1868","False","False","False","41.3","0","True","True","True","37.076175","77","-8.2576832","24","False","True","[]","0","555","[]","False","70","False","MASTER","14.5","False","False","False","False","False","0"
"2023-07-25 12:09:43.875","6178","1038","359159972160221","1868","False","False","False","38.8","0","True","True","True","37.07619","83","-8.25756","24","False","True","[]","0","555","[]","False","70","False","MASTER","14.5","False","False","False","False","False","0"
"2023-07-25 12:09:44.458","6178","1038","359159972160221","1868","False","False","False","30.6","0","True","True","True","37.0761983","85","-8.2574566","24","False","True","[]","0","555","[]","False","70","False","MASTER","14.5","False","False","False","False","False","0"
"2023-07-25 12:09:45.460","6178","1038","359159972160221","1868","False","False","False","23.7","0","True","True","True","37.07621","81","-8.2573766","24","False","True","[]","0","555","[]","False","70","False","MASTER","14.5","False","False","False","False","False","0"
"2023-07-25 12:09:46.439","6178","1038","359159972160221","1868","False","False","False","21.2","0","True","True","True","37.0762233","74","-8.2573116","24","False","True","[]","0","555","[]","False","70","False","MASTER","14.5","False","False","False","False","False","0"
"2023-07-25 12:09:47.938","6178","1038","359159972160221","1868","False","False","False","20.3","0","True","True","True","37.07624","69","-8.2572516","24","False","True","[]","0","555","[]","False","70","False","MASTER","14.5","False","False","False","False","False","0"
"2023-07-25 12:09:48.459","6178","1038","359159972160221","1868","False","False","False","20.6","0","True","True","True","37.0762566","72","-8.25719","24","False","True","[]","0","555","[]","False","70","False","MASTER","14.5","False","False","False","False","False","0"
"2023-07-25 12:09:49.457","6178","1038","359159972160221","1868","False","False","False","15.3","0","True","True","True","37.07627","73","-8.25714","24","False","True","[]","0","555","[]","False","70","False","MASTER","14.5","False","False","False","False","False","0"
"2023-07-25 12:09:50.440","6178","1038","359159972160221","1868","False","False","False","16.0","0","True","True","True","37.07628","75","-8.2570916","24","False","True","[]","0","555","[]","False","70","False","MASTER","14.5","False","False","False","False","False","0"
"2023-07-25 12:09:51.436","6178","1038","359159972160221","1868","False","False","False","13.5","0","True","True","True","37.0762866","80","-8.2570482","24","False","True","[]","0","555","[]","False","70","False","MASTER","14.5","False","False","False","False","False","0"
"2023-07-25 12:09:52.875","6178","1038","359159972160221","1868","False","False","False","11.5","0","True","True","True","37.07629","85","-8.25701","24","False","True","[]","0","555","[]","False","70","False","MASTER","14.5","False","False","False","False","False","0"
"2023-07-25 12:09:53.458","6178","1038","359159972160221","1868","False","False","False","10.8","0","True","True","True","37.07629","91","-8.256975","23","False","True","[]","0","555","[]","False","70","False","MASTER","14.5","False","False","False","False","False","0"
"2023-07-25 12:09:54.459","6178","1038","359159972160221","1868","False","False","False","19.0","0","True","True","True","37.076295","82","-8.2569232","23","False","True","[]","0","555","[]","False","70","False","MASTER","14.5","False","False","False","False","False","0"
"2023-07-25 12:09:55.439","6178","1038","359159972160221","1868","False","False","False","18.9","0","True","True","True","37.0763033","76","-8.256865","23","False","True","[]","0","555","[]","False","70","False","MASTER","14.5","False","False","False","False","False","0"
"2023-07-25 12:09:56.877","6178","1038","359159972160221","1868","False","False","False","20.9","0","True","True","True","37.076315","79","-8.2568032","23","False","True","[]","0","555","[]","False","70","False","MASTER","14.5","False","False","False","False","False","0"
"2023-07-25 12:09:57.459","6178","1038","359159972160221","1868","False","False","False","27.5","0","True","True","True","37.0763183","88","-8.2567232","23","False","True","[]","0","555","[]","False","70","False","MASTER","14.5","False","False","False","False","False","0"
"2023-07-25 12:09:58.456","6178","1038","359159972160221","1868","False","False","False","20.2","0","True","True","True","37.0763166","92","-8.2566516","23","False","True","[]","0","555","[]","False","70","False","MASTER","14.5","False","False","False","False","False","0"
"2023-07-25 12:09:59.439","6178","1038","359159972160221","1868","False","False","False","16.3","0","True","True","True","37.0763133","95","-8.256598199999999","23","False","True","[]","0","555","[]","False","70","False","MASTER","14.5","False","False","False","False","False","0"
"2023-07-25 12:10:00.436","6178","1038","359159972160221","1868","False","False","False","12.4","0","True","True","True","37.07631","99","-8.256555","23","False","True","[]","0","555","[]","False","70","False","MASTER","14.5","False","False","False","False","False","0"
"2023-07-25 12:10:01.875","6178","1038","359159972160221","1868","False","False","False","16.4","0","True","True","True","37.0762933","118","-8.2565116","23","False","True","[]","0","555","[]","False","70","False","MASTER","14.5","False","False","False","False","False","0"
"2023-07-25 12:10:02.936","6178","1038","359159972160221","1868","False","False","False","11.3","0","True","True","True","37.0762683","150","-8.2564916","25","False","True","[]","0","555","[]","False","64","False","MASTER","14.600000381469727","False","False","False","False","False","0"
"2023-07-25 12:10:03.496","6178","1038","359159972160221","1868","False","False","False","7.5","0","True","True","True","37.0762466","168","-8.2564882","25","False","True","[]","0","555","[]","False","64","False","MASTER","14.600000381469727","False","False","False","False","False","0"
"2023-07-25 12:10:04.959","6178","1038","359159972160221","1868","False","False","False","6.2","0","True","True","True","37.07623","167","-8.256485","25","False","True","[]","0","555","[]","False","64","False","MASTER","14.600000381469727","False","False","False","False","False","0"
"2023-07-25 12:10:05.475","6178","1038","359159972160221","1868","False","False","False","6.8","0","True","True","True","37.076215","159","-8.256475","23","False","True","[]","0","555","[]","False","64","False","MASTER","14.600000381469727","False","False","False","False","False","0"
"2023-07-25 12:10:06.459","6178","1038","359159972160221","1868","False","False","False","5.0","0","True","True","True","37.0762016","156","-8.2564682","23","False","True","[]","0","555","[]","False","64","False","MASTER","14.600000381469727","False","False","False","False","False","0"
"2023-07-25 12:10:07.439","6178","1038","359159972160221","1868","False","False","False","4.7","0","True","True","True","37.0761916","154","-8.2564616","23","False","True","[]","0","555","[]","False","64","False","MASTER","14.600000381469727","False","False","False","False","False","0"
"2023-07-25 12:10:08.835","6178","1038","359159972160221","1868","False","False","False","5.3","0","True","True","True","37.07618","155","-8.256455","23","False","True","[]","0","555","[]","False","64","False","MASTER","14.600000381469727","False","False","False","False","False","0"
"2023-07-25 12:10:09.458","6178","1038","359159972160221","1868","False","False","False","4.3","0","True","True","True","37.07617","155","-8.2564482","23","False","True","[]","0","555","[]","False","64","False","MASTER","14.600000381469727","False","False","False","False","False","0"
"2023-07-25 12:10:10.876","6178","1038","359159972160221","1868","False","False","False","3.1","0","True","True","True","37.07616","158","-8.2564466","23","False","True","[]","0","555","[]","False","64","False","MASTER","14.600000381469727","False","False","False","False","False","0"
"2023-07-25 12:10:11.457","6178","1038","359159972160221","1868","False","False","False","2.5","0","True","True","True","37.0761533","160","-8.2564416","23","False","True","[]","0","555","[]","False","64","False","MASTER","14.600000381469727","False","False","False","False","False","0"
"2023-07-25 12:10:12.471","6178","1038","359159972160221","1868","False","False","False","2.6","0","True","True","True","37.0761466","167","-8.25644","23","False","True","[]","0","555","[]","False","64","False","MASTER","14.600000381469727","False","False","False","False","False","0"
"2023-07-25 12:10:13.875","6178","1038","359159972160221","1868","False","False","False","6.5","0","True","True","True","37.0761333","186","-8.2564416","23","False","True","[]","0","555","[]","False","64","False","MASTER","14.600000381469727","False","False","False","False","False","0"
"2023-07-25 12:10:14.518","6178","1038","359159972160221","1868","False","False","False","18.7","0","True","True","True","37.0760983","205","-8.25646","24","False","True","[]","0","555","[]","False","64","False","MASTER","14.600000381469727","False","False","False","False","False","0"
"2023-07-25 12:10:15.460","6178","1038","359159972160221","1868","False","False","False","19.4","0","True","True","True","37.0760616","224","-8.2564982","24","False","True","[]","0","555","[]","False","64","False","MASTER","14.600000381469727","False","False","False","False","False","0"
"2023-07-25 12:10:16.437","6178","1038","359159972160221","1868","False","False","False","18.2","0","True","True","True","37.0760266","216","-8.256535","24","False","True","[]","0","555","[]","False","64","False","MASTER","14.600000381469727","False","False","False","False","False","0"
"2023-07-25 12:10:17.878","6178","1038","359159972160221","1868","False","False","False","20.9","0","True","True","True","37.0759833","201","-8.2565616","22","False","True","[]","0","555","[]","False","64","False","MASTER","14.600000381469727","False","False","False","False","False","0"
"2023-07-25 12:10:18.459","6178","1038","359159972160221","1868","False","False","False","18.2","0","True","True","True","37.0759416","212","-8.2565882","22","False","True","[]","0","555","[]","False","64","False","MASTER","14.600000381469727","False","False","False","False","False","0"
"2023-07-25 12:10:19.456","6178","1038","359159972160221","1868","False","False","False","24.8","0","True","True","True","37.07589","205","-8.25662","22","False","True","[]","0","555","[]","False","64","False","MASTER","14.600000381469727","False","False","False","False","False","0"
"2023-07-25 12:10:20.438","6178","1038","359159972160221","1868","False","False","False","24.1","0","True","True","True","37.0758383","211","-8.2566566","20","False","True","[]","0","555","[]","False","64","False","MASTER","14.600000381469727","False","False","False","False","False","0"
"2023-07-25 12:10:21.435","6178","1038","359159972160221","1868","False","False","False","25.0","0","True","True","True","37.075785","211","-8.2566982","20","False","True","[]","0","555","[]","False","64","False","MASTER","14.600000381469727","False","False","False","False","False","0"
"2023-07-25 12:10:22.876","6178","1038","359159972160221","1868","False","False","False","31.4","0","True","True","True","37.0757233","213","-8.2567482","20","False","True","[]","0","555","[]","False","64","False","MASTER","14.600000381469727","False","False","False","False","False","0"
"2023-07-25 12:10:23.458","6178","1038","359159972160221","1868","False","False","False","23.5","0","True","True","True","37.0756716","220","-8.2567982","20","False","True","[]","0","555","[]","False","64","False","MASTER","14.600000381469727","False","False","False","False","False","0"
"2023-07-25 12:10:24.460","6178","1038","359159972160221","1868","False","False","False","23.3","0","True","True","True","37.0756283","220","-8.256845","20","False","True","[]","0","555","[]","False","64","False","MASTER","14.600000381469727","False","False","False","False","False","0"
"2023-07-25 12:10:25.438","6178","1038","359159972160221","1868","False","False","False","31.3","0","True","True","True","37.0755683","210","-8.256895","20","False","True","[]","0","555","[]","False","64","False","MASTER","14.600000381469727","False","False","False","False","False","0"
"2023-07-25 12:10:26.438","6178","1038","359159972160221","1868","False","False","False","25.1","0","True","True","True","37.0755133","216","-8.2569432","21","False","True","[]","0","555","[]","False","64","False","MASTER","14.600000381469727","False","False","False","False","False","0"
"2023-07-25 12:10:27.435","6178","1038","359159972160221","1868","False","False","False","17.5","0","True","True","True","37.075475","223","-8.256985","21","False","True","[]","0","555","[]","False","64","False","MASTER","14.600000381469727","False","False","False","False","False","0"
"2023-07-25 12:10:28.875","6178","1038","359159972160221","1868","False","False","False","17.4","0","True","True","True","37.0754383","209","-8.2570132","21","False","True","[]","0","555","[]","False","64","False","MASTER","14.600000381469727","False","False","False","False","False","0"
"2023-07-25 12:10:29.458","6178","1038","359159972160221","1868","False","False","False","15.7","0","True","True","True","37.0754","192","-8.257025","20","False","True","[]","0","555","[]","False","64","False","MASTER","14.600000381469727","False","False","False","False","False","0"
"2023-07-25 12:10:30.469","6178","1038","359159972160221","1868","False","False","False","16.0","0","True","True","True","37.0753633","200","-8.25704","20","False","True","[]","0","555","[]","False","64","False","MASTER","14.600000381469727","False","False","False","False","False","0"
"2023-07-25 12:10:31.438","6178","1038","359159972160221","1868","False","False","False","16.9","0","True","True","True","37.0753233","195","-8.257055","20","False","True","[]","0","555","[]","False","64","False","MASTER","14.600000381469727","False","False","False","False","False","0"
"2023-07-25 12:10:32.877","6178","1038","359159972160221","1868","False","False","False","15.4","0","True","True","True","37.0752866","201","-8.2570716","18","False","True","[]","0","555","[]","False","64","False","MASTER","14.600000381469727","False","False","False","False","False","0"
"2023-07-25 12:10:33.459","6178","1038","359159972160221","1868","False","False","False","24.8","0","True","True","True","37.0752333","198","-8.2570916","18","False","True","[]","0","555","[]","False","64","False","MASTER","14.600000381469727","False","False","False","False","False","0"
"2023-07-25 12:10:34.456","6178","1038","359159972160221","1868","False","False","False","28.5","0","True","True","True","37.0751716","205","-8.257125","18","False","True","[]","0","555","[]","False","64","False","MASTER","14.600000381469727","False","False","False","False","False","0"
"2023-07-25 12:10:35.438","6178","1038","359159972160221","1868","False","False","False","20.5","0","True","True","True","37.0751216","209","-8.25716","19","False","True","[]","0","555","[]","False","64","False","MASTER","14.600000381469727","False","False","False","False","False","0"
"2023-07-25 12:10:36.442","6178","1038","359159972160221","1868","False","False","False","14.9","0","True","True","True","37.075085","213","-8.2571882","19","False","True","[]","0","555","[]","False","64","False","MASTER","14.600000381469727","False","False","False","False","False","0"
"2023-07-25 12:10:37.876","6178","1038","359159972160221","1868","False","False","False","16.7","0","True","True","True","37.07505","206","-8.2572116","19","False","True","[]","0","555","[]","False","64","False","MASTER","14.600000381469727","False","False","False","False","False","0"
"2023-07-25 12:10:38.458","6178","1038","359159972160221","1868","False","False","False","24.0","0","True","True","True","37.075","202","-8.2572382","20","False","True","[]","0","555","[]","False","64","False","MASTER","14.600000381469727","False","False","False","False","False","0"
"2023-07-25 12:10:39.459","6178","1038","359159972160221","1868","False","False","False","20.0","0","True","True","True","37.0749516","206","-8.2572666","20","False","True","[]","0","555","[]","False","64","False","MASTER","14.600000381469727","False","False","False","False","False","0"
"2023-07-25 12:10:40.437","6178","1038","359159972160221","1868","False","False","False","17.2","0","True","True","True","37.0749133","212","-8.2572966","20","False","True","[]","0","555","[]","False","64","False","MASTER","14.600000381469727","False","False","False","False","False","0"
"2023-07-25 12:10:41.877","6178","1038","359159972160221","1868","False","False","False","13.5","0","True","True","True","37.0748866","224","-8.2573282","21","False","True","[]","0","555","[]","False","64","False","MASTER","14.600000381469727","False","False","False","False","False","0"
"2023-07-25 12:10:42.478","6178","1038","359159972160221","1868","False","False","False","12.8","0","True","True","True","37.0748666","236","-8.2573616","21","False","True","[]","0","555","[]","False","64","False","MASTER","14.600000381469727","False","False","False","False","False","0"
"2023-07-25 12:10:43.456","6178","1038","359159972160221","1868","False","False","False","12.5","0","True","True","True","37.074855","253","-8.2573966","21","False","True","[]","0","555","[]","False","64","False","MASTER","14.600000381469727","False","False","False","False","False","0"
"2023-07-25 12:10:44.439","6178","1038","359159972160221","1868","False","False","False","10.3","0","True","True","True","37.07486","281","-8.2574316","21","False","True","[]","0","555","[]","False","64","False","MASTER","14.600000381469727","False","False","False","False","False","0"
"2023-07-25 12:10:45.436","6178","1038","359159972160221","1868","False","False","False","15.7","0","True","True","True","37.074875","293","-8.2574716","21","False","True","[]","0","555","[]","False","64","False","MASTER","14.600000381469727","False","False","False","False","False","0"
"2023-07-25 12:10:46.876","6178","1038","359159972160221","1868","False","False","False","19.0","0","True","True","True","37.0748916","291","-8.257525","21","False","True","[]","0","555","[]","False","64","False","MASTER","14.600000381469727","False","False","False","False","False","0"
"2023-07-25 12:10:47.456","6178","1038","359159972160221","1868","False","False","False","24.0","0","True","True","True","37.0749216","301","-8.2575882","21","False","True","[]","0","555","[]","False","64","False","MASTER","14.600000381469727","False","False","False","False","False","0"
"2023-07-25 12:10:48.459","6178","1038","359159972160221","1868","False","False","False","32.9","0","True","True","True","37.074965","303","-8.25767","21","False","True","[]","0","555","[]","False","64","False","MASTER","14.600000381469727","False","False","False","False","False","0"
"2023-07-25 12:10:49.437","6178","1038","359159972160221","1868","False","False","False","33.4","0","True","True","True","37.075015","308","-8.2577532","21","False","True","[]","0","555","[]","False","64","False","MASTER","14.600000381469727","False","False","False","False","False","0"
"2023-07-25 12:10:50.877","6178","1038","359159972160221","1868","False","False","False","26.0","0","True","True","True","37.0750583","306","-8.257825","21","False","True","[]","0","555","[]","False","64","False","MASTER","14.600000381469727","False","False","False","False","False","0"
"2023-07-25 12:10:51.459","6178","1038","359159972160221","1868","False","False","False","24.9","0","True","True","True","37.075095","304","-8.25789","21","False","True","[]","0","555","[]","False","64","False","MASTER","14.600000381469727","False","False","False","False","False","0"
"2023-07-25 12:10:52.456","6178","1038","359159972160221","1868","False","False","False","29.8","0","True","True","True","37.075135","302","-8.257965","21","False","True","[]","0","555","[]","False","64","False","MASTER","14.600000381469727","False","False","False","False","False","0"
"2023-07-25 12:10:53.442","6178","1038","359159972160221","1868","False","False","False","38.4","0","True","True","True","37.0751816","301","-8.2580616","24","False","True","[]","0","555","[]","False","64","False","MASTER","14.600000381469727","False","False","False","False","False","0"
"2023-07-25 12:10:54.436","6178","1038","359159972160221","1868","False","False","False","38.5","0","True","True","True","37.0752366","304","-8.2581616","24","False","True","[]","0","555","[]","False","64","False","MASTER","14.600000381469727","False","False","False","False","False","0"
"2023-07-25 12:10:55.875","6178","1038","359159972160221","1868","False","False","False","29.2","0","True","True","True","37.0752833","306","-8.258245","24","False","True","[]","0","555","[]","False","64","False","MASTER","14.600000381469727","False","False","False","False","False","0"
"2023-07-25 12:10:56.457","6178","1038","359159972160221","1868","False","False","False","20.2","0","True","True","True","37.07532","309","-8.2583","24","False","True","[]","0","555","[]","False","64","False","MASTER","14.600000381469727","False","False","False","False","False","0"
"2023-07-25 12:10:57.459","6178","1038","359159972160221","1868","False","False","False","17.6","0","True","True","True","37.0753466","301","-8.2583482","24","False","True","[]","0","555","[]","False","64","False","MASTER","14.600000381469727","False","False","False","False","False","0"
"2023-07-25 12:10:58.437","6178","1038","359159972160221","1868","False","False","False","12.9","0","True","True","True","37.0753583","287","-8.2583916","24","False","True","[]","0","555","[]","False","64","False","MASTER","14.600000381469727","False","False","False","False","False","0"
"2023-07-25 12:10:59.878","6178","1038","359159972160221","1868","False","False","False","12.8","0","True","True","True","37.07537","289","-8.2584282","24","False","True","[]","0","555","[]","False","64","False","MASTER","14.600000381469727","False","False","False","False","False","0"
"2023-07-25 12:11:00.478","6178","1038","359159972160221","1868","False","False","False","15.3","0","True","True","True","37.0753833","289","-8.2584716","24","False","True","[]","0","555","[]","False","64","False","MASTER","14.600000381469727","False","False","False","False","False","0"
"2023-07-25 12:11:01.455","6178","1038","359159972160221","1868","False","False","False","16.0","0","True","True","True","37.0753983","290","-8.2585166","24","False","True","[]","0","555","[]","False","64","False","MASTER","14.600000381469727","False","False","False","False","False","0"
"2023-07-25 12:11:02.439","6178","1038","359159972160221","1868","False","False","False","19.0","0","True","True","True","37.0754166","293","-8.25857","22","False","True","[]","0","555","[]","False","64","False","MASTER","14.600000381469727","False","False","False","False","False","0"
"2023-07-25 12:11:03.436","6178","1038","359159972160221","1868","False","False","False","16.7","0","True","True","True","37.075435","296","-8.25862","22","False","True","[]","0","555","[]","False","64","False","MASTER","14.600000381469727","False","False","False","False","False","0"
"2023-07-25 12:11:04.437","6178","1038","359159972160221","1868","False","False","False","15.3","0","True","True","True","37.075455","303","-8.2586616","22","False","True","[]","0","555","[]","False","73","False","MASTER","14.600000381469727","False","False","False","False","False","0"
"2023-07-25 12:11:05.877","6178","1038","359159972160221","1868","False","False","False","19.4","0","True","True","True","37.0754766","298","-8.2587116","20","False","True","[]","0","555","[]","False","73","False","MASTER","14.600000381469727","False","False","False","False","False","0"
"2023-07-25 12:11:06.459","6178","1038","359159972160221","1868","False","False","False","21.8","0","True","True","True","37.0755016","299","-8.25877","20","False","True","[]","0","555","[]","False","73","False","MASTER","14.600000381469727","False","False","False","False","False","0"
"2023-07-25 12:11:07.456","6178","1038","359159972160221","1868","False","False","False","24.7","0","True","True","True","37.0755316","300","-8.258835","20","False","True","[]","0","555","[]","False","73","False","MASTER","14.600000381469727","False","False","False","False","False","0"
"2023-07-25 12:11:08.439","6178","1038","359159972160221","1868","False","False","False","25.5","0","True","True","True","37.07557","310","-8.2588982","21","False","True","[]","0","555","[]","False","73","False","MASTER","14.600000381469727","False","False","False","False","False","0"
"2023-07-25 12:11:09.437","6178","1038","359159972160221","1868","False","False","False","22.4","0","True","True","True","37.0756116","316","-8.25895","21","False","True","[]","0","555","[]","False","73","False","MASTER","14.600000381469727","False","False","False","False","False","0"
"2023-07-25 12:11:10.876","6178","1038","359159972160221","1868","False","False","False","22.6","0","True","True","True","37.0756516","314","-8.2589982","21","False","True","[]","0","555","[]","False","73","False","MASTER","14.600000381469727","False","False","False","False","False","0"
"2023-07-25 12:11:11.458","6178","1038","359159972160221","1868","False","False","False","15.2","0","True","True","True","37.0756833","317","-8.259035","23","False","True","[]","0","555","[]","False","73","False","MASTER","14.600000381469727","False","False","False","False","False","0"
"2023-07-25 12:11:12.460","6178","1038","359159972160221","1868","False","False","False","8.9","0","True","True","True","37.075705","322","-8.2590582","23","False","True","[]","0","555","[]","False","73","False","MASTER","14.600000381469727","False","False","False","False","False","0"
"2023-07-25 12:11:13.420","6178","1038","359159972160221","1868","False","False","False","10.0","0","True","True","True","37.0757283","340","-8.2590666","23","False","True","[]","0","555","[]","False","73","False","MASTER","14.600000381469727","False","False","False","False","False","0"
"2023-07-25 12:11:14.836","6178","1038","359159972160221","1868","False","False","False","10.3","0","True","True","True","37.0757516","16","-8.2590582","23","False","True","[]","0","555","[]","False","73","False","MASTER","14.600000381469727","False","False","False","False","False","0"
"2023-07-25 12:11:15.460","6178","1038","359159972160221","1868","False","False","False","9.1","0","True","True","True","37.0757733","22","-8.259045","23","False","True","[]","0","555","[]","False","73","False","MASTER","14.600000381469727","False","False","False","False","False","0"
"2023-07-25 12:11:16.455","6178","1038","359159972160221","1868","False","False","False","9.1","0","True","True","True","37.0757916","36","-8.2590282","23","False","True","[]","0","555","[]","False","73","False","MASTER","14.600000381469727","False","False","False","False","False","0"
"2023-07-25 12:11:17.442","6178","1038","359159972160221","1868","False","False","False","10.3","0","True","True","True","37.0758066","55","-8.2590016","21","False","True","[]","0","555","[]","False","73","False","MASTER","14.600000381469727","False","False","False","False","False","0"
"2023-07-25 12:11:18.436","6178","1038","359159972160221","1868","False","False","False","11.1","0","True","True","True","37.07582","60","-8.2589716","21","False","True","[]","0","555","[]","False","73","False","MASTER","14.600000381469727","False","False","False","False","False","0"
"2023-07-25 12:11:19.876","6178","1038","359159972160221","1868","False","False","False","13.7","0","True","True","True","37.0758316","68","-8.258935","21","False","True","[]","0","555","[]","False","73","False","MASTER","14.600000381469727","False","False","False","False","False","0"
"2023-07-25 12:11:20.466","6178","1038","359159972160221","1868","False","False","False","22.8","0","True","True","True","37.0758483","72","-8.258875","22","False","True","[]","0","555","[]","False","73","False","MASTER","14.600000381469727","False","False","False","False","False","0"
"2023-07-25 12:11:21.459","6178","1038","359159972160221","1868","False","False","False","31.7","0","True","True","True","37.07587","72","-8.2587866","22","False","True","[]","0","555","[]","False","73","False","MASTER","14.600000381469727","False","False","False","False","False","0"
"2023-07-25 12:11:22.439","6178","1038","359159972160221","1868","False","False","False","40.0","0","True","True","True","37.075895","75","-8.2586732","22","False","True","[]","0","555","[]","False","73","False","MASTER","14.600000381469727","False","False","False","False","False","0"
"2023-07-25 12:11:23.877","6178","1038","359159972160221","1868","False","False","False","36.0","0","True","True","True","37.0759083","84","-8.2585566","23","False","True","[]","0","555","[]","False","73","False","MASTER","14.600000381469727","False","False","False","False","False","0"
"2023-07-25 12:11:24.459","6178","1038","359159972160221","1868","False","False","False","25.9","0","True","True","True","37.0759116","90","-8.2584666","23","False","True","[]","0","555","[]","False","73","False","MASTER","14.600000381469727","False","False","False","False","False","0"
"2023-07-25 12:11:25.458","6178","1038","359159972160221","1868","False","False","False","28.7","0","True","True","True","37.07592","80","-8.25838","23","False","True","[]","0","555","[]","False","73","False","MASTER","14.600000381469727","False","False","False","False","False","0"
"2023-07-25 12:11:26.440","6178","1038","359159972160221","1868","False","False","False","35.8","0","True","True","True","37.0759416","73","-8.2582782","23","False","True","[]","0","555","[]","False","73","False","MASTER","14.600000381469727","False","False","False","False","False","0"
"2023-07-25 12:11:27.436","6178","1038","359159972160221","1868","False","False","False","26.6","0","True","True","True","37.0759583","78","-8.2581882","23","False","True","[]","0","555","[]","False","73","False","MASTER","14.600000381469727","False","False","False","False","False","0"
"2023-07-25 12:11:28.876","6178","1038","359159972160221","1868","False","False","False","28.8","0","True","True","True","37.07597","80","-8.2581032","23","False","True","[]","0","555","[]","False","73","False","MASTER","14.600000381469727","False","False","False","False","False","0"
"2023-07-25 12:11:29.457","6178","1038","359159972160221","1868","False","False","False","37.4","0","True","True","True","37.0759916","74","-8.2579966","23","False","True","[]","0","555","[]","False","73","False","MASTER","14.600000381469727","False","False","False","False","False","0"
"2023-07-25 12:11:30.461","6178","1038","359159972160221","1868","False","False","False","36.1","0","True","True","True","37.07601","80","-8.257885","23","False","True","[]","0","555","[]","False","73","False","MASTER","14.600000381469727","False","False","False","False","False","0"
"2023-07-25 12:11:31.419","6178","1038","359159972160221","1868","False","False","False","26.0","0","True","True","True","37.0760116","93","-8.2577932","23","False","True","[]","0","555","[]","False","73","False","MASTER","14.600000381469727","False","False","False","False","False","0"
"2023-07-25 12:11:32.836","6178","1038","359159972160221","1868","False","False","False","20.9","0","True","True","True","37.0760133","83","-8.257725","23","False","True","[]","0","555","[]","False","73","False","MASTER","14.600000381469727","False","False","False","False","False","0"
"2023-07-25 12:11:33.459","6178","1038","359159972160221","1868","False","False","False","18.0","0","True","True","True","37.0760266","69","-8.2576682","23","False","True","[]","0","555","[]","False","73","False","MASTER","14.600000381469727","False","False","False","False","False","0"
"2023-07-25 12:11:34.456","6178","1038","359159972160221","1868","False","False","False","17.7","0","True","True","True","37.07605","57","-8.2576216","23","False","True","[]","0","555","[]","False","73","False","MASTER","14.600000381469727","False","False","False","False","False","0"
"2023-07-25 12:11:35.439","6178","1038","359159972160221","1868","False","False","False","19.5","0","True","True","True","37.0760766","54","-8.2575732","24","False","True","[]","0","555","[]","False","73","False","MASTER","14.600000381469727","False","False","False","False","False","0"
"2023-07-25 12:11:36.437","6178","1038","359159972160221","1868","False","False","False","21.6","0","True","True","True","37.076105","58","-8.2575182","24","False","True","[]","0","555","[]","False","73","False","MASTER","14.600000381469727","False","False","False","False","False","0"
"2023-07-25 12:11:37.876","6178","1038","359159972160221","1868","False","False","False","22.5","0","True","True","True","37.0761333","60","-8.2574582","24","False","True","[]","0","555","[]","False","73","False","MASTER","14.600000381469727","False","False","False","False","False","0"
"2023-07-25 12:11:38.457","6178","1038","359159972160221","1868","False","False","False","25.5","0","True","True","True","37.0761633","62","-8.257390000000001","24","False","True","[]","0","555","[]","False","73","False","MASTER","14.600000381469727","False","False","False","False","False","0"
"2023-07-25 12:11:39.463","6178","1038","359159972160221","1868","False","False","False","29.1","0","True","True","True","37.076195","62","-8.2573116","24","False","True","[]","0","555","[]","False","73","False","MASTER","14.600000381469727","False","False","False","False","False","0"
"2023-07-25 12:11:40.437","6178","1038","359159972160221","1868","False","False","False","22.4","0","True","True","True","37.0762233","63","-8.257245","24","False","True","[]","0","555","[]","False","73","False","MASTER","14.600000381469727","False","False","False","False","False","0"
"2023-07-25 12:11:41.877","6178","1038","359159972160221","1868","False","False","False","15.6","0","True","True","True","37.076245","61","-8.2571982","24","False","True","[]","0","555","[]","False","73","False","MASTER","14.600000381469727","False","False","False","False","False","0"
"2023-07-25 12:11:42.459","6178","1038","359159972160221","1868","False","False","False","15.1","0","True","True","True","37.0762583","71","-8.2571532","24","False","True","[]","0","555","[]","False","73","False","MASTER","14.600000381469727","False","False","False","False","False","0"
"2023-07-25 12:11:43.457","6178","1038","359159972160221","1868","False","False","False","14.8","0","True","True","True","37.0762666","80","-8.2571066","24","False","True","[]","0","555","[]","False","73","False","MASTER","14.600000381469727","False","False","False","False","False","0"
"2023-07-25 12:11:44.439","6178","1038","359159972160221","1868","False","False","False","24.3","0","True","True","True","37.0762733","81","-8.2570416","24","False","True","[]","0","555","[]","False","73","False","MASTER","14.600000381469727","False","False","False","False","False","0"
"2023-07-25 12:11:45.436","6178","1038","359159972160221","1868","False","False","False","26.4","0","True","True","True","37.0762816","82","-8.2569632","24","False","True","[]","0","555","[]","False","73","False","MASTER","14.600000381469727","False","False","False","False","False","0"
"2023-07-25 12:11:46.876","6178","1038","359159972160221","1868","False","False","False","22.9","0","True","True","True","37.0762866","86","-8.2568882","24","False","True","[]","0","555","[]","False","73","False","MASTER","14.600000381469727","False","False","False","False","False","0"
"2023-07-25 12:11:47.476","6178","1038","359159972160221","1868","False","False","False","29.0","0","True","True","True","37.0763","76","-8.2568032","24","False","True","[]","0","555","[]","False","73","False","MASTER","14.600000381469727","False","False","False","False","False","0"
"2023-07-25 12:11:48.879","6178","1038","359159972160221","1868","False","False","False","21.9","0","True","True","True","37.0763216","64","-8.2567332","24","False","True","[]","0","555","[]","False","73","False","MASTER","14.600000381469727","False","False","False","False","False","0"
"2023-07-25 12:11:49.455","6178","1038","359159972160221","1868","False","False","False","18.3","0","True","True","True","37.07634","70","-8.2566782","24","False","True","[]","0","555","[]","False","73","False","MASTER","14.600000381469727","False","False","False","False","False","0"
"2023-07-25 12:11:50.457","6178","1038","359159972160221","1868","False","False","False","21.6","0","True","True","True","37.0763383","97","-8.2566166","25","False","True","[]","0","555","[]","False","73","False","MASTER","14.600000381469727","False","False","False","False","False","0"
"2023-07-25 12:11:51.435","6178","1038","359159972160221","1868","False","False","False","16.4","0","True","True","True","37.076325","109","-8.25656","25","False","True","[]","0","555","[]","False","73","False","MASTER","14.600000381469727","False","False","False","False","False","0"
"2023-07-25 12:11:52.876","6178","1038","359159972160221","1868","False","False","False","10.0","0","True","True","True","37.076315","110","-8.256525","25","False","True","[]","0","555","[]","False","73","False","MASTER","14.600000381469727","False","False","False","False","False","0"
"2023-07-25 12:11:53.458","6178","1038","359159972160221","1868","False","False","False","7.2","0","True","True","True","37.0763066","114","-8.2565016","25","False","True","[]","0","555","[]","False","73","False","MASTER","14.600000381469727","False","False","False","False","False","0"
"2023-07-25 12:11:54.459","6178","1038","359159972160221","1868","False","False","False","10.7","0","True","True","True","37.0762966","116","-8.2564766","25","False","True","[]","0","555","[]","False","73","False","MASTER","14.600000381469727","False","False","False","False","False","0"
"2023-07-25 12:11:55.438","6178","1038","359159972160221","1868","False","False","False","12.0","0","True","True","True","37.0762766","133","-8.25645","25","False","True","[]","0","555","[]","False","73","False","MASTER","14.600000381469727","False","False","False","False","False","0"
"2023-07-25 12:11:56.438","6178","1038","359159972160221","1868","False","False","False","13.3","0","True","True","True","37.0762516","142","-8.2564266","22","False","True","[]","0","555","[]","False","73","False","MASTER","14.600000381469727","False","False","False","False","False","0"
"2023-07-25 12:11:57.436","6178","1038","359159972160221","1868","False","False","False","15.4","0","True","True","True","37.0762183","158","-8.2564066","22","False","True","[]","0","555","[]","False","73","False","MASTER","14.600000381469727","False","False","False","False","False","0"
"2023-07-25 12:11:58.899","6178","1038","359159972160221","1868","False","False","False","11.8","0","True","True","True","37.0761883","187","-8.25641","22","False","True","[]","0","555","[]","False","73","False","MASTER","14.600000381469727","False","False","False","False","False","0"
"2023-07-25 12:11:59.457","6178","1038","359159972160221","1868","False","False","False","17.0","0","True","True","True","37.0761516","196","-8.256425","22","False","True","[]","0","555","[]","False","73","False","MASTER","14.600000381469727","False","False","False","False","False","0"
"2023-07-25 12:12:00.459","6178","1038","359159972160221","1868","False","False","False","22.7","0","True","True","True","37.076105","208","-8.256455","22","False","True","[]","0","555","[]","False","73","False","MASTER","14.600000381469727","False","False","False","False","False","0"
"2023-07-25 12:12:01.437","6178","1038","359159972160221","1868","False","False","False","23.5","0","True","True","True","37.076055","210","-8.2564916","22","False","True","[]","0","555","[]","False","73","False","MASTER","14.600000381469727","False","False","False","False","False","0"
"2023-07-25 12:12:02.877","6178","1038","359159972160221","1868","False","False","False","31.5","0","True","True","True","37.0759866","201","-8.2565266","22","False","True","[]","0","555","[]","False","73","False","MASTER","14.600000381469727","False","False","False","False","False","0"
"2023-07-25 12:12:03.460","6178","1038","359159972160221","1868","False","False","False","30.3","0","True","True","True","37.0759166","204","-8.2565632","22","False","True","[]","0","555","[]","False","73","False","MASTER","14.600000381469727","False","False","False","False","False","0"
"2023-07-25 12:12:04.456","6178","1038","359159972160221","1868","False","False","False","22.3","0","True","True","True","37.0758616","206","-8.2565966","22","False","True","[]","0","555","[]","False","73","False","MASTER","14.600000381469727","False","False","False","False","False","0"
"2023-07-25 12:12:05.439","6178","1038","359159972160221","1868","False","False","False","24.5","0","True","True","True","37.07581","210","-8.2566332","22","False","True","[]","0","555","[]","False","72","False","MASTER","14.5","False","False","False","False","False","0"
"2023-07-25 12:12:06.436","6178","1038","359159972160221","1868","False","False","False","25.5","0","True","True","True","37.0757533","209","-8.25667","22","False","True","[]","0","555","[]","False","72","False","MASTER","14.5","False","False","False","False","False","0"
"2023-07-25 12:12:07.875","6178","1038","359159972160221","1868","False","False","False","33.0","0","True","True","True","37.0756816","200","-8.2567066","22","False","True","[]","0","555","[]","False","72","False","MASTER","14.5","False","False","False","False","False","0"
"2023-07-25 12:12:08.458","6178","1038","359159972160221","1868","False","False","False","25.2","0","True","True","True","37.0756166","198","-8.2567316","22","False","True","[]","0","555","[]","False","72","False","MASTER","14.5","False","False","False","False","False","0"
"2023-07-25 12:12:09.459","6178","1038","359159972160221","1868","False","False","False","17.5","0","True","True","True","37.0755683","200","-8.2567532","22","False","True","[]","0","555","[]","False","72","False","MASTER","14.5","False","False","False","False","False","0"
"2023-07-25 12:12:10.438","6178","1038","359159972160221","1868","False","False","False","22.9","0","True","True","True","37.0755216","207","-8.2567816","22","False","True","[]","0","555","[]","False","72","False","MASTER","14.5","False","False","False","False","False","0"
"2023-07-25 12:12:11.877","6178","1038","359159972160221","1868","False","False","False","27.7","0","True","True","True","37.0754633","207","-8.2568182","23","False","True","[]","0","555","[]","False","72","False","MASTER","14.5","False","False","False","False","False","0"
"2023-07-25 12:12:12.459","6178","1038","359159972160221","1868","False","False","False","25.8","0","True","True","True","37.0754033","203","-8.2568532","23","False","True","[]","0","555","[]","False","72","False","MASTER","14.5","False","False","False","False","False","0"
"2023-07-25 12:12:13.456","6178","1038","359159972160221","1868","False","False","False","32.0","0","True","True","True","37.075335","206","-8.2568932","23","False","True","[]","0","555","[]","False","72","False","MASTER","14.5","False","False","False","False","False","0"
"2023-07-25 12:12:14.443","6178","1038","359159972160221","1868","False","False","False","26.4","0","True","True","True","37.0752766","213","-8.25694","23","False","True","[]","0","555","[]","False","72","False","MASTER","14.5","False","False","False","False","False","0"
"2023-07-25 12:12:15.479","6178","1038","359159972160221","1868","False","False","False","18.2","0","True","True","True","37.075235","217","-8.2569782","23","False","True","[]","0","555","[]","False","72","False","MASTER","14.5","False","False","False","False","False","0"
"2023-07-25 12:12:16.437","6178","1038","359159972160221","1868","False","False","False","17.8","0","True","True","True","37.0752","218","-8.2570132","23","False","True","[]","0","555","[]","False","72","False","MASTER","14.5","False","False","False","False","False","0"
"2023-07-25 12:12:17.877","6178","1038","359159972160221","1868","False","False","False","19.7","0","True","True","True","37.0751583","206","-8.2570432","22","False","True","[]","0","555","[]","False","72","False","MASTER","14.5","False","False","False","False","False","0"
"2023-07-25 12:12:18.459","6178","1038","359159972160221","1868","False","False","False","15.4","0","True","True","True","37.07512","197","-8.25706","22","False","True","[]","0","555","[]","False","72","False","MASTER","14.5","False","False","False","False","False","0"
"2023-07-25 12:12:19.455","6178","1038","359159972160221","1868","False","False","False","13.6","0","True","True","True","37.07509","214","-8.2570816","22","False","True","[]","0","555","[]","False","72","False","MASTER","14.5","False","False","False","False","False","0"
"2023-07-25 12:12:20.439","6178","1038","359159972160221","1868","False","False","False","14.4","0","True","True","True","37.0750583","206","-8.2571032","22","False","True","[]","0","555","[]","False","72","False","MASTER","14.5","False","False","False","False","False","0"
"2023-07-25 12:12:21.448","6178","1038","359159972160221","1868","False","False","False","22.1","0","True","True","True","37.07502","222","-8.2571416","22","False","True","[]","0","555","[]","False","72","False","MASTER","14.5","False","False","False","False","False","0"
"2023-07-25 12:12:22.876","6178","1038","359159972160221","1868","False","False","False","20.4","0","True","True","True","37.074985","229","-8.25719","22","False","True","[]","0","555","[]","False","72","False","MASTER","14.5","False","False","False","False","False","0"
"2023-07-25 12:12:23.458","6178","1038","359159972160221","1868","False","False","False","29.2","0","True","True","True","37.0749383","225","-8.2572482","21","False","True","[]","0","555","[]","False","72","False","MASTER","14.5","False","False","False","False","False","0"
"2023-07-25 12:12:24.459","6178","1038","359159972160221","1868","False","False","False","27.5","0","True","True","True","37.07489","229","-8.2573132","21","False","True","[]","0","555","[]","False","72","False","MASTER","14.5","False","False","False","False","False","0"
"2023-07-25 12:12:25.438","6178","1038","359159972160221","1868","False","False","False","19.2","0","True","True","True","37.074855","228","-8.257365","21","False","True","[]","0","555","[]","False","72","False","MASTER","14.5","False","False","False","False","False","0"
"2023-07-25 12:12:26.877","6178","1038","359159972160221","1868","False","False","False","14.7","0","True","True","True","37.0748333","240","-8.2574066","20","False","True","[]","0","555","[]","False","72","False","MASTER","14.5","False","False","False","False","False","0"
"2023-07-25 12:12:27.459","6178","1038","359159972160221","1868","False","False","False","9.0","0","True","True","True","37.0748316","271","-8.2574382","20","False","True","[]","0","555","[]","False","72","False","MASTER","14.5","False","False","False","False","False","0"
"2023-07-25 12:12:28.455","6178","1038","359159972160221","1868","False","False","False","6.2","0","True","True","True","37.0748366","284","-8.2574582","20","False","True","[]","0","555","[]","False","72","False","MASTER","14.5","False","False","False","False","False","0"
"2023-07-25 12:12:29.439","6178","1038","359159972160221","1868","False","False","False","9.1","0","True","True","True","37.0748466","297","-8.2574816","17","False","True","[]","0","555","[]","False","72","False","MASTER","14.5","False","False","False","False","False","0"
"2023-07-25 12:12:30.436","6178","1038","359159972160221","1868","False","False","False","15.9","0","True","True","True","37.0748633","297","-8.25752","17","False","True","[]","0","555","[]","False","72","False","MASTER","14.5","False","False","False","False","False","0"
"2023-07-25 12:12:31.876","6178","1038","359159972160221","1868","False","False","False","22.7","0","True","True","True","37.0748883","298","-8.2575766","17","False","True","[]","0","555","[]","False","72","False","MASTER","14.5","False","False","False","False","False","0"
"2023-07-25 12:12:32.457","6178","1038","359159972160221","1868","False","False","False","18.4","0","True","True","True","37.0749166","309","-8.2576266","21","False","True","[]","0","555","[]","False","72","False","MASTER","14.5","False","False","False","False","False","0"
"2023-07-25 12:12:33.459","6178","1038","359159972160221","1868","False","False","False","22.9","0","True","True","True","37.0749466","300","-8.2576832","21","False","True","[]","0","555","[]","False","72","False","MASTER","14.5","False","False","False","False","False","0"
"2023-07-25 12:12:34.456","6178","1038","359159972160221","1868","False","False","False","32.6","0","True","True","True","37.0749816","295","-8.2577666","21","False","True","[]","0","555","[]","False","72","False","MASTER","14.5","False","False","False","False","False","0"
"2023-07-25 12:12:35.877","6178","1038","359159972160221","1868","False","False","False","28.6","0","True","True","True","37.0750183","301","-8.2578482","22","False","True","[]","0","555","[]","False","72","False","MASTER","14.5","False","False","False","False","False","0"
"2023-07-25 12:12:36.459","6178","1038","359159972160221","1868","False","False","False","28.4","0","True","True","True","37.0750583","304","-8.2579216","22","False","True","[]","0","555","[]","False","72","False","MASTER","14.5","False","False","False","False","False","0"
"2023-07-25 12:12:37.456","6178","1038","359159972160221","1868","False","False","False","38.2","0","True","True","True","37.07511","306","-8.2580132","22","False","True","[]","0","555","[]","False","72","False","MASTER","14.5","False","False","False","False","False","0"
"2023-07-25 12:12:38.439","6178","1038","359159972160221","1868","False","False","False","42.9","0","True","True","True","37.075175","310","-8.2581132","22","False","True","[]","0","555","[]","False","72","False","MASTER","14.5","False","False","False","False","False","0"
"2023-07-25 12:12:39.437","6178","1038","359159972160221","1868","False","False","False","32.7","0","True","True","True","37.075235","312","-8.2581966","22","False","True","[]","0","555","[]","False","72","False","MASTER","14.5","False","False","False","False","False","0"
"2023-07-25 12:12:40.876","6178","1038","359159972160221","1868","False","False","False","24.1","0","True","True","True","37.0752816","315","-8.2582566","22","False","True","[]","0","555","[]","False","72","False","MASTER","14.5","False","False","False","False","False","0"
"2023-07-25 12:12:41.458","6178","1038","359159972160221","1868","False","False","False","22.7","0","True","True","True","37.0753166","299","-8.2583132","24","False","True","[]","0","555","[]","False","72","False","MASTER","14.5","False","False","False","False","False","0"
"2023-07-25 12:12:42.460","6178","1038","359159972160221","1868","False","False","False","15.7","0","True","True","True","37.07533","283","-8.2583666","24","False","True","[]","0","555","[]","False","72","False","MASTER","14.5","False","False","False","False","False","0"
"2023-07-25 12:12:43.437","6178","1038","359159972160221","1868","False","False","False","12.3","0","True","True","True","37.07534","291","-8.2584066","24","False","True","[]","0","555","[]","False","72","False","MASTER","14.5","False","False","False","False","False","0"
"2023-07-25 12:12:44.877","6178","1038","359159972160221","1868","False","False","False","23.4","0","True","True","True","37.0753616","296","-8.258465","23","False","True","[]","0","555","[]","False","72","False","MASTER","14.5","False","False","False","False","False","0"
"2023-07-25 12:12:45.461","6178","1038","359159972160221","1868","False","False","False","33.7","0","True","True","True","37.0754016","302","-8.2585466","23","False","True","[]","0","555","[]","False","72","False","MASTER","14.5","False","False","False","False","False","0"
"2023-07-25 12:12:46.457","6178","1038","359159972160221","1868","False","False","False","29.4","0","True","True","True","37.075445","304","-8.2586266","23","False","True","[]","0","555","[]","False","72","False","MASTER","14.5","False","False","False","False","False","0"
"2023-07-25 12:12:47.445","6178","1038","359159972160221","1868","False","False","False","35.9","0","True","True","True","37.0754883","298","-8.2587182","21","False","True","[]","0","555","[]","False","72","False","MASTER","14.5","False","False","False","False","False","0"
"2023-07-25 12:12:48.439","6178","1038","359159972160221","1868","False","False","False","29.4","0","True","True","True","37.0755283","302","-8.2588016","21","False","True","[]","0","555","[]","False","72","False","MASTER","14.5","False","False","False","False","False","0"
"2023-07-25 12:12:49.876","6178","1038","359159972160221","1868","False","False","False","30.7","0","True","True","True","37.0755666","298","-8.2588832","21","False","True","[]","0","555","[]","False","72","False","MASTER","14.5","False","False","False","False","False","0"
"2023-07-25 12:12:50.458","6178","1038","359159972160221","1868","False","False","False","23.3","0","True","True","True","37.075585","280","-8.2589582","22","False","True","[]","0","555","[]","False","72","False","MASTER","14.5","False","False","False","False","False","0"
"2023-07-25 12:12:51.459","6178","1038","359159972160221","1868","False","False","False","22.0","0","True","True","True","37.0755983","287","-8.2590266","22","False","True","[]","0","555","[]","False","72","False","MASTER","14.5","False","False","False","False","False","0"
"2023-07-25 12:12:52.438","6178","1038","359159972160221","1868","False","False","False","15.6","0","True","True","True","37.0756216","309","-8.25907","22","False","True","[]","0","555","[]","False","72","False","MASTER","14.5","False","False","False","False","False","0"
"2023-07-25 12:12:53.877","6178","1038","359159972160221","1868","False","False","False","12.2","0","True","True","True","37.075645","319","-8.2590966","23","False","True","[]","0","555","[]","False","72","False","MASTER","14.5","False","False","False","False","False","0"
"2023-07-25 12:12:54.460","6178","1038","359159972160221","1868","False","False","False","13.7","0","True","True","True","37.0756766","341","-8.2591116","23","False","True","[]","0","555","[]","False","72","False","MASTER","14.5","False","False","False","False","False","0"
"2023-07-25 12:12:55.457","6178","1038","359159972160221","1868","False","False","False","17.1","0","True","True","True","37.0757166","6","-8.2591066","23","False","True","[]","0","555","[]","False","72","False","MASTER","14.5","False","False","False","False","False","0"
"2023-07-25 12:12:56.439","6178","1038","359159972160221","1868","False","False","False","20.1","0","True","True","True","37.0757633","9","-8.2590982","22","False","True","[]","0","555","[]","False","72","False","MASTER","14.5","False","False","False","False","False","0"
"2023-07-25 12:12:57.435","6178","1038","359159972160221","1868","False","False","False","19.2","0","True","True","True","37.07581","25","-8.2590732","22","False","True","[]","0","555","[]","False","72","False","MASTER","14.5","False","False","False","False","False","0"
"2023-07-25 12:12:58.876","6178","1038","359159972160221","1868","False","False","False","16.8","0","True","True","True","37.0758416","48","-8.2590366","22","False","True","[]","0","555","[]","False","72","False","MASTER","14.5","False","False","False","False","False","0"
"2023-07-25 12:12:59.457","6178","1038","359159972160221","1868","False","False","False","12.8","0","True","True","True","37.075865","48","-8.2590032","22","False","True","[]","0","555","[]","False","72","False","MASTER","14.5","False","False","False","False","False","0"
"2023-07-25 12:13:00.460","6178","1038","359159972160221","1868","False","False","False","14.1","0","True","True","True","37.0758833","55","-8.2589666","22","False","True","[]","0","555","[]","False","72","False","MASTER","14.5","False","False","False","False","False","0"
"2023-07-25 12:13:01.438","6178","1038","359159972160221","1868","False","False","False","14.2","0","True","True","True","37.0759033","55","-8.2589282","22","False","True","[]","0","555","[]","False","72","False","MASTER","14.5","False","False","False","False","False","0"
"2023-07-25 12:13:02.877","6178","1038","359159972160221","1868","False","False","False","17.8","0","True","True","True","37.0759233","62","-8.2588832","22","False","True","[]","0","555","[]","False","72","False","MASTER","14.5","False","False","False","False","False","0"
"2023-07-25 12:13:03.458","6178","1038","359159972160221","1868","False","False","False","26.3","0","True","True","True","37.07595","63","-8.258815","22","False","True","[]","0","555","[]","False","72","False","MASTER","14.5","False","False","False","False","False","0"
"2023-07-25 12:13:04.456","6178","1038","359159972160221","1868","False","False","False","35.6","0","True","True","True","37.0759866","64","-8.2587216","22","False","True","[]","0","555","[]","False","72","False","MASTER","14.5","False","False","False","False","False","0"
"2023-07-25 12:13:05.439","6178","1038","359159972160221","1868","False","False","False","43.2","0","True","True","True","37.0760233","69","-8.2586032","24","False","True","[]","0","555","[]","False","72","False","MASTER","14.5","False","False","False","False","False","0"
"2023-07-25 12:13:06.438","6178","1038","359159972160221","1868","False","False","False","47.8","0","True","True","True","37.076065","69","-8.258465","24","False","True","[]","0","555","[]","False","67","False","MASTER","14.600000381469727","False","False","False","False","False","0"
"2023-07-25 12:13:07.875","6178","1038","359159972160221","1868","False","False","False","39.5","0","True","True","True","37.0761033","68","-8.2583416","24","False","True","[]","0","555","[]","False","67","False","MASTER","14.600000381469727","False","False","False","False","False","0"
"2023-07-25 12:13:08.459","6178","1038","359159972160221","1868","False","False","False","45.7","0","True","True","True","37.0761366","73","-8.2582116","25","False","True","[]","0","555","[]","False","67","False","MASTER","14.600000381469727","False","False","False","False","False","0"
"2023-07-25 12:13:09.435","6178","1038","359159972160221","1868","False","False","False","51.0","0","True","True","True","37.0761633","79","-8.25806","25","False","True","[]","0","555","[]","False","67","False","MASTER","14.600000381469727","False","False","False","False","False","0"
"2023-07-25 12:13:10.419","6178","1038","359159972160221","1868","False","False","False","48.6","0","True","True","True","37.076185","80","-8.2579082","25","False","True","[]","0","555","[]","False","67","False","MASTER","14.600000381469727","False","False","False","False","False","0"
"2023-07-25 12:13:11.835","6178","1038","359159972160221","1868","False","False","False","37.4","0","True","True","True","37.0762016","80","-8.2577816","23","False","True","[]","0","555","[]","False","67","False","MASTER","14.600000381469727","False","False","False","False","False","0"
"2023-07-25 12:13:12.458","6178","1038","359159972160221","1868","False","False","False","42.8","0","True","True","True","37.076225","77","-8.2576566","23","False","True","[]","0","555","[]","False","67","False","MASTER","14.600000381469727","False","False","False","False","False","0"
"2023-07-25 12:13:13.437","6178","1038","359159972160221","1868","False","False","False","48.5","0","True","True","True","37.0762516","76","-8.257515","23","False","True","[]","0","555","[]","False","67","False","MASTER","14.600000381469727","False","False","False","False","False","0"
"2023-07-25 12:13:14.877","6178","1038","359159972160221","1868","False","False","False","45.8","0","True","True","True","37.076275","80","-8.25737","24","False","True","[]","0","555","[]","False","67","False","MASTER","14.600000381469727","False","False","False","False","False","0"
"2023-07-25 12:13:15.459","6178","1038","359159972160221","1868","False","False","False","34.9","0","True","True","True","37.076285","83","-8.2572516","24","False","True","[]","0","555","[]","False","67","False","MASTER","14.600000381469727","False","False","False","False","False","0"
"2023-07-25 12:13:16.457","6178","1038","359159972160221","1868","False","False","False","32.7","0","True","True","True","37.0762983","81","-8.25715","24","False","True","[]","0","555","[]","False","67","False","MASTER","14.600000381469727","False","False","False","False","False","0"
"2023-07-25 12:13:17.443","6178","1038","359159972160221","1868","False","False","False","39.5","0","True","True","True","37.076315","78","-8.257035","25","False","True","[]","0","555","[]","False","67","False","MASTER","14.600000381469727","False","False","False","False","False","0"
"2023-07-25 12:13:18.436","6178","1038","359159972160221","1868","False","False","False","39.7","0","True","True","True","37.076335","78","-8.2569132","25","False","True","[]","0","555","[]","False","67","False","MASTER","14.600000381469727","False","False","False","False","False","0"
"2023-07-25 12:13:19.875","6178","1038","359159972160221","1868","False","False","False","35.2","0","True","True","True","37.0763516","80","-8.2568","25","False","True","[]","0","555","[]","False","67","False","MASTER","14.600000381469727","False","False","False","False","False","0"
"2023-07-25 12:13:20.458","6178","1038","359159972160221","1868","False","False","False","31.8","0","True","True","True","37.0763683","77","-8.2566982","25","False","True","[]","0","555","[]","False","67","False","MASTER","14.600000381469727","False","False","False","False","False","0"
"2023-07-25 12:13:21.459","6178","1038","359159972160221","1868","False","False","False","30.8","0","True","True","True","37.0763666","97","-8.2566016","25","False","True","[]","0","555","[]","False","67","False","MASTER","14.600000381469727","False","False","False","False","False","0"
"2023-07-25 12:13:22.439","6178","1038","359159972160221","1868","False","False","False","21.1","0","True","True","True","37.0763466","118","-8.2565366","25","False","True","[]","0","555","[]","False","67","False","MASTER","14.600000381469727","False","False","False","False","False","0"
"2023-07-25 12:13:23.878","6178","1038","359159972160221","1868","False","False","False","28.0","0","True","True","True","37.0763083","125","-8.2564716","25","False","True","[]","0","555","[]","False","67","False","MASTER","14.600000381469727","False","False","False","False","False","0"
"2023-07-25 12:13:24.460","6178","1038","359159972160221","1868","False","False","False","34.8","0","True","True","True","37.0762483","142","-8.2564032","25","False","True","[]","0","555","[]","False","67","False","MASTER","14.600000381469727","False","False","False","False","False","0"
"2023-07-25 12:13:25.457","6178","1038","359159972160221","1868","False","False","False","29.1","0","True","True","True","37.0761816","155","-8.2563566","25","False","True","[]","0","555","[]","False","67","False","MASTER","14.600000381469727","False","False","False","False","False","0"
"2023-07-25 12:13:26.442","6178","1038","359159972160221","1868","False","False","False","25.9","0","True","True","True","37.0761166","169","-8.256336600000001","24","False","True","[]","0","555","[]","False","67","False","MASTER","14.600000381469727","False","False","False","False","False","0"
"2023-07-25 12:13:27.435","6178","1038","359159972160221","1868","False","False","False","18.0","0","True","True","True","37.07607","208","-8.2563516","24","False","True","[]","0","555","[]","False","67","False","MASTER","14.600000381469727","False","False","False","False","False","0"
"2023-07-25 12:13:28.876","6178","1038","359159972160221","1868","False","False","False","14.6","0","True","True","True","37.0760383","223","-8.2563832","24","False","True","[]","0","555","[]","False","67","False","MASTER","14.600000381469727","False","False","False","False","False","0"
"2023-07-25 12:13:29.457","6178","1038","359159972160221","1868","False","False","False","23.2","0","True","True","True","37.0759966","212","-8.2564182","24","False","True","[]","0","555","[]","False","67","False","MASTER","14.600000381469727","False","False","False","False","False","0"
"2023-07-25 12:13:30.459","6178","1038","359159972160221","1868","False","False","False","21.6","0","True","True","True","37.0759516","215","-8.256455","24","False","True","[]","0","555","[]","False","67","False","MASTER","14.600000381469727","False","False","False","False","False","0"
"2023-07-25 12:13:31.438","6178","1038","359159972160221","1868","False","False","False","15.5","0","True","True","True","37.075915","214","-8.2564866","24","False","True","[]","0","555","[]","False","67","False","MASTER","14.600000381469727","False","False","False","False","False","0"
"2023-07-25 12:13:32.877","6178","1038","359159972160221","1868","False","False","False","21.4","0","True","True","True","37.0758733","213","-8.25652","21","False","True","[]","0","555","[]","False","67","False","MASTER","14.600000381469727","False","False","False","False","False","0"
"2023-07-25 12:13:33.464","6178","1038","359159972160221","1868","False","False","False","31.9","0","True","True","True","37.07581","205","-8.2565616","21","False","True","[]","0","555","[]","False","67","False","MASTER","14.600000381469727","False","False","False","False","False","0"
"2023-07-25 12:13:34.458","6178","1038","359159972160221","1868","False","False","False","39.6","0","True","True","True","37.0757216","200","-8.256605","21","False","True","[]","0","555","[]","False","67","False","MASTER","14.600000381469727","False","False","False","False","False","0"
"2023-07-25 12:13:35.440","6178","1038","359159972160221","1868","False","False","False","30.8","0","True","True","True","37.0756416","192","-8.2566316","21","False","True","[]","0","555","[]","False","67","False","MASTER","14.600000381469727","False","False","False","False","False","0"
"2023-07-25 12:13:36.435","6178","1038","359159972160221","1868","False","False","False","23.4","0","True","True","True","37.0755783","194","-8.25665","21","False","True","[]","0","555","[]","False","67","False","MASTER","14.600000381469727","False","False","False","False","False","0"
"2023-07-25 12:13:37.875","6178","1038","359159972160221","1868","False","False","False","26.8","0","True","True","True","37.0755166","201","-8.2566782","21","False","True","[]","0","555","[]","False","67","False","MASTER","14.600000381469727","False","False","False","False","False","0"
"2023-07-25 12:13:38.457","6178","1038","359159972160221","1868","False","False","False","37.7","0","True","True","True","37.07544","210","-8.25673","22","False","True","[]","0","555","[]","False","67","False","MASTER","14.600000381469727","False","False","False","False","False","0"
"2023-07-25 12:13:39.459","6178","1038","359159972160221","1868","False","False","False","44.9","0","True","True","True","37.07535","213","-8.2568016","22","False","True","[]","0","555","[]","False","67","False","MASTER","14.600000381469727","False","False","False","False","False","0"
"2023-07-25 12:13:40.935","6178","1038","359159972160221","1868","False","False","False","35.8","0","True","True","True","37.07527","212","-8.2568682","22","False","True","[]","0","555","[]","False","67","False","MASTER","14.600000381469727","False","False","False","False","False","0"
"2023-07-25 12:13:41.518","6178","1038","359159972160221","1868","False","False","False","27.0","0","True","True","True","37.0752066","210","-8.256915","21","False","True","[]","0","555","[]","False","67","False","MASTER","14.600000381469727","False","False","False","False","False","0"
"2023-07-25 12:13:42.459","6178","1038","359159972160221","1868","False","False","False","29.2","0","True","True","True","37.0751433","208","-8.2569582","21","False","True","[]","0","555","[]","False","67","False","MASTER","14.600000381469727","False","False","False","False","False","0"
"2023-07-25 12:13:43.439","6178","1038","359159972160221","1868","False","False","False","22.6","0","True","True","True","37.0750883","206","-8.2569932","21","False","True","[]","0","555","[]","False","67","False","MASTER","14.600000381469727","False","False","False","False","False","0"
"2023-07-25 12:13:44.876","6178","1038","359159972160221","1868","False","False","False","14.7","0","True","True","True","37.07505","209","-8.2570182","22","False","True","[]","0","555","[]","False","67","False","MASTER","14.600000381469727","False","False","False","False","False","0"
"2023-07-25 12:13:45.472","6178","1038","359159972160221","1868","False","False","False","12.9","0","True","True","True","37.0750216","214","-8.2570416","22","False","True","[]","0","555","[]","False","67","False","MASTER","14.600000381469727","False","False","False","False","False","0"
"2023-07-25 12:13:46.456","6178","1038","359159972160221","1868","False","False","False","11.7","0","True","True","True","37.0749983","216","-8.257065","22","False","True","[]","0","555","[]","False","67","False","MASTER","14.600000381469727","False","False","False","False","False","0"
"2023-07-25 12:13:47.439","6178","1038","359159972160221","1868","False","False","False","10.1","0","True","True","True","37.0749766","216","-8.2570832","22","False","True","[]","0","555","[]","False","67","False","MASTER","14.600000381469727","False","False","False","False","False","0"
"2023-07-25 12:13:48.439","6178","1038","359159972160221","1868","False","False","False","8.9","0","True","True","True","37.0749583","217","-8.2571016","22","False","True","[]","0","555","[]","False","67","False","MASTER","14.600000381469727","False","False","False","False","False","0"
"2023-07-25 12:13:49.418","6178","1038","359159972160221","1868","False","False","False","10.3","0","True","True","True","37.07494","222","-8.2571232","22","False","True","[]","0","555","[]","False","67","False","MASTER","14.600000381469727","False","False","False","False","False","0"
"2023-07-25 12:13:50.835","6178","1038","359159972160221","1868","False","False","False","11.1","0","True","True","True","37.0749216","232","-8.25715","22","False","True","[]","0","555","[]","False","67","False","MASTER","14.600000381469727","False","False","False","False","False","0"
"2023-07-25 12:13:51.459","6178","1038","359159972160221","1868","False","False","False","11.6","0","True","True","True","37.074905","236","-8.25718","22","False","True","[]","0","555","[]","False","67","False","MASTER","14.600000381469727","False","False","False","False","False","0"
"2023-07-25 12:13:52.457","6178","1038","359159972160221","1868","False","False","False","12.0","0","True","True","True","37.07489","239","-8.2572116","22","False","True","[]","0","555","[]","False","67","False","MASTER","14.600000381469727","False","False","False","False","False","0"
"2023-07-25 12:13:53.440","6178","1038","359159972160221","1868","False","False","False","11.6","0","True","True","True","37.0748766","243","-8.257245","19","False","True","[]","0","555","[]","False","67","False","MASTER","14.600000381469727","False","False","False","False","False","0"
"2023-07-25 12:13:54.439","6178","1038","359159972160221","1868","False","False","False","14.4","0","True","True","True","37.074865","248","-8.2572832","19","False","True","[]","0","555","[]","False","67","False","MASTER","14.600000381469727","False","False","False","False","False","0"
"2023-07-25 12:13:55.899","6178","1038","359159972160221","1868","False","False","False","13.3","0","True","True","True","37.0748583","261","-8.257325","19","False","True","[]","0","555","[]","False","67","False","MASTER","14.600000381469727","False","False","False","False","False","0"
"2023-07-25 12:13:58.054","6178","1038","359159972160221","1868","False","False","False","9.3","0","True","True","True","37.0748566","268","-8.2573582","17","False","True","[]","0","555","[]","False","67","False","MASTER","14.600000381469727","False","False","False","False","False","0"
"2023-07-25 12:13:58.115","6178","1038","359159972160221","1868","False","False","False","8.8","0","True","True","True","37.07486","278","-8.2573866","17","False","True","[]","0","555","[]","False","67","False","MASTER","14.600000381469727","False","False","False","False","False","0"
"2023-07-25 12:13:58.457","6178","1038","359159972160221","1868","False","False","False","8.8","0","True","True","True","37.074865","280","-8.257415","17","False","True","[]","0","555","[]","False","67","False","MASTER","14.600000381469727","False","False","False","False","False","0"
"2023-07-25 12:13:59.434","6178","1038","359159972160221","1868","False","False","False","9.5","0","True","True","True","37.0748733","286","-8.2574416","20","False","True","[]","0","555","[]","False","67","False","MASTER","14.600000381469727","False","False","False","False","False","0"
"2023-07-25 12:14:00.831","6178","1038","359159972160221","1868","False","False","False","11.4","0","True","True","True","37.0748833","293","-8.2574732","20","False","True","[]","0","555","[]","False","67","False","MASTER","14.600000381469727","False","False","False","False","False","0"
"2023-07-25 12:14:01.455","6178","1038","359159972160221","1868","False","False","False","11.8","0","True","True","True","37.0748966","296","-8.2575066","20","False","True","[]","0","555","[]","False","67","False","MASTER","14.600000381469727","False","False","False","False","False","0"
"2023-07-25 12:14:02.451","6178","1038","359159972160221","1868","False","False","False","13.4","0","True","True","True","37.0749133","298","-8.2575416","20","False","True","[]","0","555","[]","False","67","False","MASTER","14.600000381469727","False","False","False","False","False","0"
"2023-07-25 12:14:03.435","6178","1038","359159972160221","1868","False","False","False","10.6","0","True","True","True","37.0749283","300","-8.2575732","20","False","True","[]","0","555","[]","False","67","False","MASTER","14.600000381469727","False","False","False","False","False","0"
"2023-07-25 12:14:04.432","6178","1038","359159972160221","1868","False","False","False","12.0","0","True","True","True","37.0749416","298","-8.2576066","20","False","True","[]","0","555","[]","False","67","False","MASTER","14.600000381469727","False","False","False","False","False","0"
"2023-07-25 12:14:05.854","6178","1038","359159972160221","1868","False","False","False","15.3","0","True","True","True","37.0749566","293","-8.2576482","21","False","True","[]","0","555","[]","False","67","False","MASTER","14.600000381469727","False","False","False","False","False","0"
"2023-07-25 12:14:06.454","6178","1038","359159972160221","1868","False","False","False","23.3","0","True","True","True","37.0749816","297","-8.2577066","21","False","True","[]","0","555","[]","False","67","False","MASTER","14.600000381469727","False","False","False","False","False","0"
"2023-07-25 12:14:07.435","6178","1038","359159972160221","1868","False","False","False","24.8","0","True","True","True","37.0750116","300","-8.2577732","21","False","True","[]","0","555","[]","False","68","False","MASTER","14.600000381469727","False","False","False","False","False","0"
"2023-07-25 12:14:08.854","6178","1038","359159972160221","1868","False","False","False","27.0","0","True","True","True","37.0750466","301","-8.257845","19","False","True","[]","0","555","[]","False","68","False","MASTER","14.600000381469727","False","False","False","False","False","0"
"2023-07-25 12:14:09.454","6178","1038","359159972160221","1868","False","False","False","18.6","0","True","True","True","37.075075","303","-8.2579","19","False","True","[]","0","555","[]","False","68","False","MASTER","14.600000381469727","False","False","False","False","False","0"
"2023-07-25 12:14:10.456","6178","1038","359159972160221","1868","False","False","False","14.5","0","True","True","True","37.0750966","303","-8.2579416","19","False","True","[]","0","555","[]","False","68","False","MASTER","14.600000381469727","False","False","False","False","False","0"
"2023-07-25 12:14:11.621","6178","1038","359159972160221","1868","False","False","False","21.8","0","True","True","True","37.075115","290","-8.2579966","19","False","True","[]","0","555","[]","False","68","False","MASTER","14.600000381469727","False","False","False","False","False","0"
"2023-07-25 12:14:12.519","6178","1038","359159972160221","1868","False","False","False","20.6","0","True","True","True","37.0751333","288","-8.2580566","19","False","True","[]","0","555","[]","False","68","False","MASTER","14.600000381469727","False","False","False","False","False","0"
"2023-07-25 12:14:13.437","6178","1038","359159972160221","1868","False","False","False","28.8","0","True","True","True","37.0751583","294","-8.2581316","19","False","True","[]","0","555","[]","False","68","False","MASTER","14.600000381469727","False","False","False","False","False","0"
"2023-07-25 12:14:14.896","6178","1038","359159972160221","1868","False","False","False","27.9","0","True","True","True","37.0751916","299","-8.25821","19","False","True","[]","0","555","[]","False","68","False","MASTER","14.600000381469727","False","False","False","False","False","0"
"2023-07-25 12:14:15.496","6178","1038","359159972160221","1868","False","False","False","34.1","0","True","True","True","37.075235","302","-8.2582966","19","False","True","[]","0","555","[]","False","68","False","MASTER","14.600000381469727","False","False","False","False","False","0"
"2023-07-25 12:14:16.479","6178","1038","359159972160221","1868","False","False","False","41.9","0","True","True","True","37.0752916","306","-8.2583982","19","False","True","[]","0","555","[]","False","68","False","MASTER","14.600000381469727","False","False","False","False","False","0"
"2023-07-25 12:14:17.438","6178","1038","359159972160221","1868","False","False","False","33.9","0","True","True","True","37.075345","305","-8.25849","23","False","True","[]","0","555","[]","False","68","False","MASTER","14.600000381469727","False","False","False","False","False","0"
"2023-07-25 12:14:18.437","6178","1038","359159972160221","1868","False","False","False","26.0","0","True","True","True","37.075385","303","-8.258565","23","False","True","[]","0","555","[]","False","68","False","MASTER","14.600000381469727","False","False","False","False","False","0"
"2023-07-25 12:14:19.837","6178","1038","359159972160221","1868","False","False","False","33.5","0","True","True","True","37.075425","299","-8.2586482","23","False","True","[]","0","555","[]","False","68","False","MASTER","14.600000381469727","False","False","False","False","False","0"
"2023-07-25 12:14:20.498","6178","1038","359159972160221","1868","False","False","False","41.7","0","True","True","True","37.075475","301","-8.2587532","23","False","True","[]","0","555","[]","False","68","False","MASTER","14.600000381469727","False","False","False","False","False","0"
"2023-07-25 12:14:21.497","6178","1038","359159972160221","1868","False","False","False","39.0","0","True","True","True","37.0755316","305","-8.2588566","23","False","True","[]","0","555","[]","False","68","False","MASTER","14.600000381469727","False","False","False","False","False","0"
"2023-07-25 12:14:22.958","6178","1038","359159972160221","1868","False","False","False","29.7","0","True","True","True","37.0755833","309","-8.2589382","23","False","True","[]","0","555","[]","False","68","False","MASTER","14.600000381469727","False","False","False","False","False","0"
"2023-07-25 12:14:23.457","6178","1038","359159972160221","1868","False","False","False","21.7","0","True","True","True","37.0756233","312","-8.2589932","23","False","True","[]","0","555","[]","False","68","False","MASTER","14.600000381469727","False","False","False","False","False","0"
"2023-07-25 12:14:24.459","6178","1038","359159972160221","1868","False","False","False","13.9","0","True","True","True","37.0756516","317","-8.2590316","23","False","True","[]","0","555","[]","False","68","False","MASTER","14.600000381469727","False","False","False","False","False","0"
"2023-07-25 12:14:25.917","6178","1038","359159972160221","1868","False","False","False","8.6","0","True","True","True","37.07567","316","-8.259055","23","False","True","[]","0","555","[]","False","68","False","MASTER","14.600000381469727","False","False","False","False","False","0"
"2023-07-25 12:14:26.559","6178","1038","359159972160221","1868","False","False","False","5.7","0","True","True","True","37.0756833","319","-8.2590682","24","False","True","[]","0","555","[]","False","68","False","MASTER","14.600000381469727","False","False","False","False","False","0"
"2023-07-25 12:14:27.518","6178","1038","359159972160221","1868","False","False","False","7.7","0","True","True","True","37.0757","338","-8.259075","24","False","True","[]","0","555","[]","False","68","False","MASTER","14.600000381469727","False","False","False","False","False","0"
"2023-07-25 12:14:28.457","6178","1038","359159972160221","1868","False","False","False","8.1","0","True","True","True","37.07572","352","-8.25908","24","False","True","[]","0","555","[]","False","68","False","MASTER","14.600000381469727","False","False","False","False","False","0"
"2023-07-25 12:14:29.439","6178","1038","359159972160221","1868","False","False","False","9.2","0","True","True","True","37.0757416","9","-8.25908","24","False","True","[]","0","555","[]","False","68","False","MASTER","14.600000381469727","False","False","False","False","False","0"
"2023-07-25 12:14:30.897","6178","1038","359159972160221","1868","False","False","False","12.1","0","True","True","True","37.0757666","31","-8.2590616","24","False","True","[]","0","555","[]","False","68","False","MASTER","14.600000381469727","False","False","False","False","False","0"
"2023-07-25 12:14:31.498","6178","1038","359159972160221","1868","False","False","False","14.5","0","True","True","True","37.07579","45","-8.2590316","24","False","True","[]","0","555","[]","False","68","False","MASTER","14.600000381469727","False","False","False","False","False","0"
"2023-07-25 12:14:32.498","6178","1038","359159972160221","1868","False","False","False","18.0","0","True","True","True","37.0758183","50","-8.2589916","21","False","True","[]","0","555","[]","False","68","False","MASTER","14.600000381469727","False","False","False","False","False","0"
"2023-07-25 12:14:33.436","6178","1038","359159972160221","1868","False","False","False","13.4","0","True","True","True","37.07584","55","-8.2589532","21","False","True","[]","0","555","[]","False","68","False","MASTER","14.600000381469727","False","False","False","False","False","0"
"2023-07-25 12:14:34.876","6178","1038","359159972160221","1868","False","False","False","10.7","0","True","True","True","37.075855","60","-8.2589232","21","False","True","[]","0","555","[]","False","68","False","MASTER","14.600000381469727","False","False","False","False","False","0"
"2023-07-25 12:14:35.457","6178","1038","359159972160221","1868","False","False","False","13.4","0","True","True","True","37.0758683","65","-8.2588866","22","False","True","[]","0","555","[]","False","68","False","MASTER","14.600000381469727","False","False","False","False","False","0"
"2023-07-25 12:14:36.460","6178","1038","359159972160221","1868","False","False","False","14.9","0","True","True","True","37.0758816","70","-8.258845","22","False","True","[]","0","555","[]","False","68","False","MASTER","14.600000381469727","False","False","False","False","False","0"
"2023-07-25 12:14:37.438","6178","1038","359159972160221","1868","False","False","False","13.5","0","True","True","True","37.07589","75","-8.2588016","22","False","True","[]","0","555","[]","False","68","False","MASTER","14.600000381469727","False","False","False","False","False","0"
"2023-07-25 12:14:38.878","6178","1038","359159972160221","1868","False","False","False","11.8","0","True","True","True","37.0759","72","-8.258765","25","False","True","[]","0","555","[]","False","68","False","MASTER","14.600000381469727","False","False","False","False","False","0"
"2023-07-25 12:14:39.458","6178","1038","359159972160221","1868","False","False","False","15.1","0","True","True","True","37.0759116","67","-8.2587232","25","False","True","[]","0","555","[]","False","68","False","MASTER","14.600000381469727","False","False","False","False","False","0"
"2023-07-25 12:14:40.457","6178","1038","359159972160221","1868","False","False","False","22.6","0","True","True","True","37.07593","71","-8.2586632","25","False","True","[]","0","555","[]","False","68","False","MASTER","14.600000381469727","False","False","False","False","False","0"
"2023-07-25 12:14:41.979","6178","1038","359159972160221","1868","False","False","False","31.6","0","True","True","True","37.0759533","71","-8.258575","23","False","True","[]","0","555","[]","False","68","False","MASTER","14.600000381469727","False","False","False","False","False","0"
"2023-07-25 12:14:42.477","6178","1038","359159972160221","1868","False","False","False","39.1","0","True","True","True","37.07598","74","-8.2584632","23","False","True","[]","0","555","[]","False","68","False","MASTER","14.600000381469727","False","False","False","False","False","0"
"2023-07-25 12:14:43.497","6178","1038","359159972160221","1868","False","False","False","46.0","0","True","True","True","37.0760133","72","-8.2583316","23","False","True","[]","0","555","[]","False","68","False","MASTER","14.600000381469727","False","False","False","False","False","0"
"2023-07-25 12:14:44.439","6178","1038","359159972160221","1868","False","False","False","50.6","0","True","True","True","37.07606","69","-8.2581782","21","False","True","[]","0","555","[]","False","68","False","MASTER","14.600000381469727","False","False","False","False","False","0"
"2023-07-25 12:14:45.436","6178","1038","359159972160221","1868","False","False","False","54.9","0","True","True","True","37.0761016","72","-8.25802","21","False","True","[]","0","555","[]","False","68","False","MASTER","14.600000381469727","False","False","False","False","False","0"
"2023-07-25 12:14:46.877","6178","1038","359159972160221","1868","False","False","False","55.9","0","True","True","True","37.0761433","72","-8.257855","21","False","True","[]","0","555","[]","False","68","False","MASTER","14.600000381469727","False","False","False","False","False","0"
"2023-07-25 12:14:47.458","6178","1038","359159972160221","1868","False","False","False","44.9","0","True","True","True","37.0761733","76","-8.2577082","22","False","True","[]","0","555","[]","False","68","False","MASTER","14.600000381469727","False","False","False","False","False","0"
"2023-07-25 12:14:48.459","6178","1038","359159972160221","1868","False","False","False","35.3","0","True","True","True","37.076195","78","-8.2575916","22","False","True","[]","0","555","[]","False","68","False","MASTER","14.600000381469727","False","False","False","False","False","0"
"2023-07-25 12:14:49.437","6178","1038","359159972160221","1868","False","False","False","27.3","0","True","True","True","37.0762116","76","-8.2575","22","False","True","[]","0","555","[]","False","68","False","MASTER","14.600000381469727","False","False","False","False","False","0"
"2023-07-25 12:14:50.876","6178","1038","359159972160221","1868","False","False","False","22.5","0","True","True","True","37.0762266","76","-8.2574282","24","False","True","[]","0","555","[]","False","68","False","MASTER","14.600000381469727","False","False","False","False","False","0"
"2023-07-25 12:14:51.459","6178","1038","359159972160221","1868","False","False","False","30.2","0","True","True","True","37.0762416","76","-8.257345","24","False","True","[]","0","555","[]","False","68","False","MASTER","14.600000381469727","False","False","False","False","False","0"
"2023-07-25 12:14:52.436","6178","1038","359159972160221","1868","False","False","False","38.0","0","True","True","True","37.0762616","76","-8.2572382","24","False","True","[]","0","555","[]","False","68","False","MASTER","14.600000381469727","False","False","False","False","False","0"
"2023-07-25 12:14:53.878","6178","1038","359159972160221","1868","False","False","False","45.2","0","True","True","True","37.0762866","77","-8.257105","24","False","True","[]","0","555","[]","False","68","False","MASTER","14.600000381469727","False","False","False","False","False","0"
"2023-07-25 12:14:54.458","6178","1038","359159972160221","1868","False","False","False","48.4","0","True","True","True","37.0763083","79","-8.25696","24","False","True","[]","0","555","[]","False","68","False","MASTER","14.600000381469727","False","False","False","False","False","0"
"2023-07-25 12:14:55.438","6178","1038","359159972160221","1868","False","False","False","37.4","0","True","True","True","37.0763233","83","-8.256833199999999","24","False","True","[]","0","555","[]","False","68","False","MASTER","14.600000381469727","False","False","False","False","False","0"
"2023-07-25 12:14:56.886","6178","1038","359159972160221","1868","False","False","False","29.8","0","True","True","True","37.07633","85","-8.256735","25","False","True","[]","0","555","[]","False","68","False","MASTER","14.600000381469727","False","False","False","False","False","0"
"2023-07-25 12:14:57.477","6178","1038","359159972160221","1868","False","False","False","28.9","0","True","True","True","37.076335","87","-8.256645","25","False","True","[]","0","555","[]","False","68","False","MASTER","14.600000381469727","False","False","False","False","False","0"
"2023-07-25 12:14:58.437","6178","1038","359159972160221","1868","False","False","False","27.2","0","True","True","True","37.0763383","88","-8.2565582","25","False","True","[]","0","555","[]","False","68","False","MASTER","14.600000381469727","False","False","False","False","False","0"
"2023-07-25 12:14:59.836","6178","1038","359159972160221","1868","False","False","False","23.8","0","True","True","True","37.0763333","99","-8.25648","26","False","True","[]","0","555","[]","False","68","False","MASTER","14.600000381469727","False","False","False","False","False","0"
"2023-07-25 12:15:00.458","6178","1038","359159972160221","1868","False","False","False","21.2","0","True","True","True","37.0763033","122","-8.2564216","26","False","True","[]","0","555","[]","False","68","False","MASTER","14.600000381469727","False","False","False","False","False","0"
"2023-07-25 12:15:01.456","6178","1038","359159972160221","1868","False","False","False","13.8","0","True","True","True","37.0762766","135","-8.2563816","26","False","True","[]","0","555","[]","False","68","False","MASTER","14.600000381469727","False","False","False","False","False","0"
"2023-07-25 12:15:02.439","6178","1038","359159972160221","1868","False","False","False","14.0","0","True","True","True","37.0762466","153","-8.2563532","26","False","True","[]","0","555","[]","False","68","False","MASTER","14.600000381469727","False","False","False","False","False","0"
"2023-07-25 12:15:03.436","6178","1038","359159972160221","1868","False","False","False","18.1","0","True","True","True","37.0762066","166","-8.2563416","26","False","True","[]","0","555","[]","False","68","False","MASTER","14.600000381469727","False","False","False","False","False","0"
"2023-07-25 12:15:04.857","6178","1038","359159972160221","1868","False","False","False","20.2","0","True","True","True","37.0761533","180","-8.256335","26","False","True","[]","0","555","[]","False","68","False","MASTER","14.600000381469727","False","False","False","False","False","0"
"2023-07-25 12:15:05.458","6178","1038","359159972160221","1868","False","False","False","30.8","0","True","True","True","37.07609","200","-8.25636","25","False","True","[]","0","555","[]","False","68","False","MASTER","14.600000381469727","False","False","False","False","False","0"
"2023-07-25 12:15:06.458","6178","1038","359159972160221","1868","False","False","False","38.2","0","True","True","True","37.076005","201","-8.2564","25","False","True","[]","0","555","[]","False","68","False","MASTER","14.600000381469727","False","False","False","False","False","0"
"2023-07-25 12:15:07.438","6178","1038","359159972160221","1868","False","False","False","41.2","0","True","True","True","37.07591","200","-8.2564432","25","False","True","[]","0","555","[]","False","68","False","MASTER","14.600000381469727","False","False","False","False","False","0"
"2023-07-25 12:15:08.457","6178","1038","359159972160221","1868","False","False","False","30.9","0","True","True","True","37.07583","199","-8.2564782","23","False","True","[]","0","555","[]","False","62","False","MASTER","14.600000381469727","False","False","False","False","False","0"
"2023-07-25 12:15:09.436","6178","1038","359159972160221","1868","False","False","False","23.0","0","True","True","True","37.07577","199","-8.2565032","23","False","True","[]","0","555","[]","False","62","False","MASTER","14.600000381469727","False","False","False","False","False","0"
"2023-07-25 12:15:10.876","6178","1038","359159972160221","1868","False","False","False","15.3","0","True","True","True","37.0757283","199","-8.2565216","23","False","True","[]","0","555","[]","False","62","False","MASTER","14.600000381469727","False","False","False","False","False","0"
"2023-07-25 12:15:11.457","6178","1038","359159972160221","1868","False","False","False","13.8","0","True","True","True","37.0756966","208","-8.2565432","22","False","True","[]","0","555","[]","False","62","False","MASTER","14.600000381469727","False","False","False","False","False","0"
"2023-07-25 12:15:12.458","6178","1038","359159972160221","1868","False","False","False","22.9","0","True","True","True","37.075655","213","-8.25658","22","False","True","[]","0","555","[]","False","62","False","MASTER","14.600000381469727","False","False","False","False","False","0"
"2023-07-25 12:15:13.438","6178","1038","359159972160221","1868","False","False","False","23.9","0","True","True","True","37.0756016","202","-8.2566132","22","False","True","[]","0","555","[]","False","62","False","MASTER","14.600000381469727","False","False","False","False","False","0"
"2023-07-25 12:15:14.877","6178","1038","359159972160221","1868","False","False","False","19.7","0","True","True","True","37.0755533","205","-8.25664","22","False","True","[]","0","555","[]","False","62","False","MASTER","14.600000381469727","False","False","False","False","False","0"
"2023-07-25 12:15:15.460","6178","1038","359159972160221","1868","False","False","False","23.8","0","True","True","True","37.0755033","209","-8.2566732","22","False","True","[]","0","555","[]","False","62","False","MASTER","14.600000381469727","False","False","False","False","False","0"
"2023-07-25 12:15:16.456","6178","1038","359159972160221","1868","False","False","False","33.3","0","True","True","True","37.0754366","208","-8.25672","22","False","True","[]","0","555","[]","False","62","False","MASTER","14.600000381469727","False","False","False","False","False","0"
"2023-07-25 12:15:17.441","6178","1038","359159972160221","1868","False","False","False","41.4","0","True","True","True","37.0753533","211","-8.2567816","22","False","True","[]","0","555","[]","False","62","False","MASTER","14.600000381469727","False","False","False","False","False","0"
"2023-07-25 12:15:18.436","6178","1038","359159972160221","1868","False","False","False","37.1","0","True","True","True","37.0752716","213","-8.2568482","22","False","True","[]","0","555","[]","False","62","False","MASTER","14.600000381469727","False","False","False","False","False","0"
"2023-07-25 12:15:19.877","6178","1038","359159972160221","1868","False","False","False","27.9","0","True","True","True","37.0752083","212","-8.2569","22","False","True","[]","0","555","[]","False","62","False","MASTER","14.600000381469727","False","False","False","False","False","0"
"2023-07-25 12:15:20.458","6178","1038","359159972160221","1868","False","False","False","18.7","0","True","True","True","37.0751616","207","-8.256935","22","False","True","[]","0","555","[]","False","62","False","MASTER","14.600000381469727","False","False","False","False","False","0"
"2023-07-25 12:15:21.459","6178","1038","359159972160221","1868","False","False","False","20.0","0","True","True","True","37.0751216","215","-8.25697","22","False","True","[]","0","555","[]","False","62","False","MASTER","14.600000381469727","False","False","False","False","False","0"
"2023-07-25 12:15:22.438","6178","1038","359159972160221","1868","False","False","False","17.1","0","True","True","True","37.07509","227","-8.2570082","22","False","True","[]","0","555","[]","False","62","False","MASTER","14.600000381469727","False","False","False","False","False","0"
"2023-07-25 12:15:23.877","6178","1038","359159972160221","1868","False","False","False","9.1","0","True","True","True","37.07507","225","-8.257035","22","False","True","[]","0","555","[]","False","62","False","MASTER","14.600000381469727","False","False","False","False","False","0"
"2023-07-25 12:15:24.459","6178","1038","359159972160221","1868","False","False","False","6.0","0","True","True","True","37.0750566","223","-8.25705","22","False","True","[]","0","555","[]","False","62","False","MASTER","14.600000381469727","False","False","False","False","False","0"
"2023-07-25 12:15:25.456","6178","1038","359159972160221","1868","False","False","False","6.2","0","True","True","True","37.075045","218","-8.2570616","22","False","True","[]","0","555","[]","False","62","False","MASTER","14.600000381469727","False","False","False","False","False","0"
"2023-07-25 12:15:26.442","6178","1038","359159972160221","1868","False","False","False","6.9","0","True","True","True","37.07503","214","-8.2570716","20","False","True","[]","0","555","[]","False","62","False","MASTER","14.600000381469727","False","False","False","False","False","0"
"2023-07-25 12:15:27.435","6178","1038","359159972160221","1868","False","False","False","7.2","0","True","True","True","37.075015","212","-8.2570832","20","False","True","[]","0","555","[]","False","62","False","MASTER","14.600000381469727","False","False","False","False","False","0"
"2023-07-25 12:15:28.876","6178","1038","359159972160221","1868","False","False","False","6.8","0","True","True","True","37.0750016","212","-8.257095","20","False","True","[]","0","555","[]","False","62","False","MASTER","14.600000381469727","False","False","False","False","False","0"
"2023-07-25 12:15:29.457","6178","1038","359159972160221","1868","False","False","False","6.3","0","True","True","True","37.0749883","218","-8.2571082","18","False","True","[]","0","555","[]","False","62","False","MASTER","14.600000381469727","False","False","False","False","False","0"
"2023-07-25 12:15:30.460","6178","1038","359159972160221","1868","False","False","False","6.9","0","True","True","True","37.074975","224","-8.2571232","18","False","True","[]","0","555","[]","False","62","False","MASTER","14.600000381469727","False","False","False","False","False","0"
"2023-07-25 12:15:31.421","6178","1038","359159972160221","1868","False","False","False","6.6","0","True","True","True","37.0749633","223","-8.2571382","18","False","True","[]","0","555","[]","False","62","False","MASTER","14.600000381469727","False","False","False","False","False","0"
"2023-07-25 12:15:32.836","6178","1038","359159972160221","1868","False","False","False","5.9","0","True","True","True","37.0749516","219","-8.2571532","18","False","True","[]","0","555","[]","False","62","False","MASTER","14.600000381469727","False","False","False","False","False","0"
"2023-07-25 12:15:33.468","6178","1038","359159972160221","1868","False","False","False","5.3","0","True","True","True","37.0749383","211","-8.2571616","18","False","True","[]","0","555","[]","False","62","False","MASTER","14.600000381469727","False","False","False","False","False","0"
"2023-07-25 12:15:34.457","6178","1038","359159972160221","1868","False","False","False","6.0","0","True","True","True","37.0749233","203","-8.2571666","18","False","True","[]","0","555","[]","False","62","False","MASTER","14.600000381469727","False","False","False","False","False","0"
"2023-07-25 12:15:35.438","6178","1038","359159972160221","1868","False","False","False","5.9","0","True","True","True","37.0749083","199","-8.2571732","19","False","True","[]","0","555","[]","False","62","False","MASTER","14.600000381469727","False","False","False","False","False","0"
"2023-07-25 12:15:36.442","6178","1038","359159972160221","1868","False","False","False","9.5","0","True","True","True","37.0748933","219","-8.25719","19","False","True","[]","0","555","[]","False","62","False","MASTER","14.600000381469727","False","False","False","False","False","0"
"2023-07-25 12:15:37.437","6178","1038","359159972160221","1868","False","False","False","8.4","0","True","True","True","37.07488","232","-8.2572116","19","False","True","[]","0","555","[]","False","62","False","MASTER","14.600000381469727","False","False","False","False","False","0"
"2023-07-25 12:15:38.877","6178","1038","359159972160221","1868","False","False","False","11.7","0","True","True","True","37.0748683","245","-8.2572416","19","False","True","[]","0","555","[]","False","62","False","MASTER","14.600000381469727","False","False","False","False","False","0"
"2023-07-25 12:15:39.459","6178","1038","359159972160221","1868","False","False","False","10.2","0","True","True","True","37.0748566","245","-8.2572732","19","False","True","[]","0","555","[]","False","62","False","MASTER","14.600000381469727","False","False","False","False","False","0"
"2023-07-25 12:15:40.472","6178","1038","359159972160221","1868","False","False","False","12.1","0","True","True","True","37.0748433","245","-8.2573066","19","False","True","[]","0","555","[]","False","62","False","MASTER","14.600000381469727","False","False","False","False","False","0"
"2023-07-25 12:15:41.439","6178","1038","359159972160221","1868","False","False","False","10.5","0","True","True","True","37.0748366","256","-8.25734","19","False","True","[]","0","555","[]","False","62","False","MASTER","14.600000381469727","False","False","False","False","False","0"
"2023-07-25 12:15:42.436","6178","1038","359159972160221","1868","False","False","False","9.6","0","True","True","True","37.0748366","271","-8.2573716","19","False","True","[]","0","555","[]","False","62","False","MASTER","14.600000381469727","False","False","False","False","False","0"
"2023-07-25 12:15:43.876","6178","1038","359159972160221","1868","False","False","False","19.5","0","True","True","True","37.0748466","283","-8.2574216","19","False","True","[]","0","555","[]","False","62","False","MASTER","14.600000381469727","False","False","False","False","False","0"
"2023-07-25 12:15:44.457","6178","1038","359159972160221","1868","False","False","False","28.8","0","True","True","True","37.074895","304","-8.2574932","18","False","True","[]","0","555","[]","False","62","False","MASTER","14.600000381469727","False","False","False","False","False","0"
"2023-07-25 12:15:45.460","6178","1038","359159972160221","1868","False","False","False","36.8","0","True","True","True","37.0749516","314","-8.2575766","18","False","True","[]","0","555","[]","False","62","False","MASTER","14.600000381469727","False","False","False","False","False","0"
"2023-07-25 12:15:46.442","6178","1038","359159972160221","1868","False","False","False","42.1","0","True","True","True","37.0750066","300","-8.25768","18","False","True","[]","0","555","[]","False","62","False","MASTER","14.600000381469727","False","False","False","False","False","0"
"2023-07-25 12:15:47.896","6178","1038","359159972160221","1868","False","False","False","46.6","0","True","True","True","37.075075","307","-8.2577932","21","False","True","[]","0","555","[]","False","62","False","MASTER","14.600000381469727","False","False","False","False","False","0"
"2023-07-25 12:15:48.597","6178","1038","359159972160221","1868","False","False","False","37.3","0","True","True","True","37.075145","319","-8.2578816","21","False","True","[]","0","555","[]","False","62","False","MASTER","14.600000381469727","False","False","False","False","False","0"
"2023-07-25 12:15:49.438","6178","1038","359159972160221","1868","False","False","False","29.7","0","True","True","True","37.0752083","319","-8.2579416","21","False","True","[]","0","555","[]","False","62","False","MASTER","14.600000381469727","False","False","False","False","False","0"
"2023-07-25 12:15:50.859","6178","1038","359159972160221","1868","False","False","False","23.9","0","True","True","True","37.0752466","304","-8.2580032","23","False","True","[]","0","555","[]","False","62","False","MASTER","14.600000381469727","False","False","False","False","False","0"
"2023-07-25 12:15:51.556","6178","1038","359159972160221","1868","False","False","False","22.8","0","True","True","True","37.0752666","291","-8.258065","23","False","True","[]","0","555","[]","False","62","False","MASTER","14.600000381469727","False","False","False","False","False","0"
"2023-07-25 12:15:52.498","6178","1038","359159972160221","1868","False","False","False","24.4","0","True","True","True","37.075285","287","-8.2581366","23","False","True","[]","0","555","[]","False","62","False","MASTER","14.600000381469727","False","False","False","False","False","0"
"2023-07-25 12:15:53.919","6178","1038","359159972160221","1868","False","False","False","31.2","0","True","True","True","37.07531","292","-8.2582232","23","False","True","[]","0","555","[]","False","62","False","MASTER","14.600000381469727","False","False","False","False","False","0"
"2023-07-25 12:15:54.579","6178","1038","359159972160221","1868","False","False","False","26.5","0","True","True","True","37.07534","296","-8.2583","23","False","True","[]","0","555","[]","False","62","False","MASTER","14.600000381469727","False","False","False","False","False","0"
"2023-07-25 12:15:55.516","6178","1038","359159972160221","1868","False","False","False","27.3","0","True","True","True","37.07537","293","-8.258375000000001","23","False","True","[]","0","555","[]","False","62","False","MASTER","14.600000381469727","False","False","False","False","False","0"
"2023-07-25 12:15:56.439","6178","1038","359159972160221","1868","False","False","False","29.4","0","True","True","True","37.0753983","293","-8.2584582","22","False","True","[]","0","555","[]","False","62","False","MASTER","14.600000381469727","False","False","False","False","False","0"
"2023-07-25 12:15:57.855","6178","1038","359159972160221","1868","False","False","False","26.5","0","True","True","True","37.0754283","298","-8.2585332","22","False","True","[]","0","555","[]","False","62","False","MASTER","14.600000381469727","False","False","False","False","False","0"
"2023-07-25 12:15:58.635","6178","1038","359159972160221","1868","False","False","False","31.9","0","True","True","True","37.0754583","291","-8.25862","22","False","True","[]","0","555","[]","False","62","False","MASTER","14.600000381469727","False","False","False","False","False","0"
"2023-07-25 12:15:59.439","6178","1038","359159972160221","1868","False","False","False","39.9","0","True","True","True","37.0755","297","-8.258725","23","False","True","[]","0","555","[]","False","62","False","MASTER","14.600000381469727","False","False","False","False","False","0"
"2023-07-25 12:16:00.856","6178","1038","359159972160221","1868","False","False","False","35.1","0","True","True","True","37.075555","310","-8.2588166","23","False","True","[]","0","555","[]","False","62","False","MASTER","14.600000381469727","False","False","False","False","False","0"
"2023-07-25 12:16:01.636","6178","1038","359159972160221","1868","False","False","False","26.6","0","True","True","True","37.0756066","316","-8.2588816","23","False","True","[]","0","555","[]","False","62","False","MASTER","14.600000381469727","False","False","False","False","False","0"
"2023-07-25 12:16:02.439","6178","1038","359159972160221","1868","False","False","False","18.1","0","True","True","True","37.0756466","320","-8.258925","23","False","True","[]","0","555","[]","False","62","False","MASTER","14.600000381469727","False","False","False","False","False","0"
"2023-07-25 12:16:03.856","6178","1038","359159972160221","1868","False","False","False","14.7","0","True","True","True","37.0756766","321","-8.2589532","23","False","True","[]","0","555","[]","False","62","False","MASTER","14.600000381469727","False","False","False","False","False","0"
"2023-07-25 12:16:04.636","6178","1038","359159972160221","1868","False","False","False","11.5","0","True","True","True","37.0757083","2","-8.25896","23","False","True","[]","0","555","[]","False","62","False","MASTER","14.600000381469727","False","False","False","False","False","0"
"2023-07-25 12:16:05.440","6178","1038","359159972160221","1868","False","False","False","8.3","0","True","True","True","37.07573","22","-8.2589382","25","False","True","[]","0","555","[]","False","62","False","MASTER","14.600000381469727","False","False","False","False","False","0"
"2023-07-25 12:16:06.917","6178","1038","359159972160221","1868","False","False","False","8.4","0","True","True","True","37.0757483","29","-8.258925","25","False","True","[]","0","555","[]","False","62","False","MASTER","14.600000381469727","False","False","False","False","False","0"
"2023-07-25 12:16:07.497","6178","1038","359159972160221","1868","False","False","False","9.0","0","True","True","True","37.0757633","46","-8.2589016","25","False","True","[]","0","555","[]","False","62","False","MASTER","14.600000381469727","False","False","False","False","False","0"
"2023-07-25 12:16:08.458","6178","1038","359159972160221","1868","False","False","False","9.3","0","True","True","True","37.0757783","54","-8.2588782","25","False","True","[]","0","555","[]","False","62","False","MASTER","14.600000381469727","False","False","False","False","False","0"
"2023-07-25 12:16:09.445","6178","1038","359159972160221","1868","False","False","False","15.7","0","True","True","True","37.0757983","56","-8.2588416","25","False","True","[]","0","555","[]","False","67","False","MASTER","14.5","False","False","False","False","False","0"
"2023-07-25 12:16:10.877","6178","1038","359159972160221","1868","False","False","False","16.4","0","True","True","True","37.07582","58","-8.2587982","25","False","True","[]","0","555","[]","False","67","False","MASTER","14.5","False","False","False","False","False","0"
"2023-07-25 12:16:11.457","6178","1038","359159972160221","1868","False","False","False","25.4","0","True","True","True","37.075845","66","-8.258735","24","False","True","[]","0","555","[]","False","67","False","MASTER","14.5","False","False","False","False","False","0"
"2023-07-25 12:16:12.460","6178","1038","359159972160221","1868","False","False","False","24.6","0","True","True","True","37.07587","66","-8.2586632","24","False","True","[]","0","555","[]","False","67","False","MASTER","14.5","False","False","False","False","False","0"
"2023-07-25 12:16:13.878","6178","1038","359159972160221","1868","False","False","False","21.2","0","True","True","True","37.0758916","68","-8.2585982","24","False","True","[]","0","555","[]","False","67","False","MASTER","14.5","False","False","False","False","False","0"
"2023-07-25 12:16:14.459","6178","1038","359159972160221","1868","False","False","False","21.6","0","True","True","True","37.0759116","69","-8.258535","24","False","True","[]","0","555","[]","False","67","False","MASTER","14.5","False","False","False","False","False","0"
"2023-07-25 12:16:15.459","6178","1038","359159972160221","1868","False","False","False","28.6","0","True","True","True","37.075935","70","-8.258455","24","False","True","[]","0","555","[]","False","67","False","MASTER","14.5","False","False","False","False","False","0"
"2023-07-25 12:16:16.437","6178","1038","359159972160221","1868","False","False","False","30.1","0","True","True","True","37.0759566","73","-8.2583666","24","False","True","[]","0","555","[]","False","67","False","MASTER","14.5","False","False","False","False","False","0"
"2023-07-25 12:16:17.878","6178","1038","359159972160221","1868","False","False","False","28.7","0","True","True","True","37.0759766","74","-8.25828","24","False","True","[]","0","555","[]","False","67","False","MASTER","14.5","False","False","False","False","False","0"
"2023-07-25 12:16:18.459","6178","1038","359159972160221","1868","False","False","False","31.9","0","True","True","True","37.075995","76","-8.2581866","24","False","True","[]","0","555","[]","False","67","False","MASTER","14.5","False","False","False","False","False","0"
"2023-07-25 12:16:19.455","6178","1038","359159972160221","1868","False","False","False","34.2","0","True","True","True","37.0760183","73","-8.2580866","24","False","True","[]","0","555","[]","False","67","False","MASTER","14.5","False","False","False","False","False","0"
"2023-07-25 12:16:20.438","6178","1038","359159972160221","1868","False","False","False","40.4","0","True","True","True","37.0760433","74","-8.2579716","22","False","True","[]","0","555","[]","False","67","False","MASTER","14.5","False","False","False","False","False","0"
"2023-07-25 12:16:21.435","6178","1038","359159972160221","1868","False","False","False","32.3","0","True","True","True","37.0760616","78","-8.257865","22","False","True","[]","0","555","[]","False","67","False","MASTER","14.5","False","False","False","False","False","0"
"2023-07-25 12:16:22.875","6178","1038","359159972160221","1868","False","False","False","24.7","0","True","True","True","37.0760766","78","-8.2577816","22","False","True","[]","0","555","[]","False","67","False","MASTER","14.5","False","False","False","False","False","0"
"2023-07-25 12:16:23.457","6178","1038","359159972160221","1868","False","False","False","24.3","0","True","True","True","37.0760966","70","-8.25771","22","False","True","[]","0","555","[]","False","67","False","MASTER","14.5","False","False","False","False","False","0"
"2023-07-25 12:16:24.458","6178","1038","359159972160221","1868","False","False","False","26.0","0","True","True","True","37.0761183","70","-8.257635","22","False","True","[]","0","555","[]","False","67","False","MASTER","14.5","False","False","False","False","False","0"
"2023-07-25 12:16:25.438","6178","1038","359159972160221","1868","False","False","False","34.4","0","True","True","True","37.0761433","70","-8.2575416","22","False","True","[]","0","555","[]","False","67","False","MASTER","14.5","False","False","False","False","False","0"
"2023-07-25 12:16:26.877","6178","1038","359159972160221","1868","False","False","False","41.3","0","True","True","True","37.0761733","72","-8.2574232","22","False","True","[]","0","555","[]","False","67","False","MASTER","14.5","False","False","False","False","False","0"
"2023-07-25 12:16:27.538","6178","1038","359159972160221","1868","False","False","False","45.0","0","True","True","True","37.076205","73","-8.2572932","22","False","True","[]","0","555","[]","False","67","False","MASTER","14.5","False","False","False","False","False","0"
"2023-07-25 12:16:28.498","6178","1038","359159972160221","1868","False","False","False","34.8","0","True","True","True","37.07623","75","-8.2571782","22","False","True","[]","0","555","[]","False","67","False","MASTER","14.5","False","False","False","False","False","0"
"2023-07-25 12:16:29.440","6178","1038","359159972160221","1868","False","False","False","26.3","0","True","True","True","37.0762483","75","-8.2570916","22","False","True","[]","0","555","[]","False","67","False","MASTER","14.5","False","False","False","False","False","0"
"2023-07-25 12:16:30.479","6178","1038","359159972160221","1868","False","False","False","25.2","0","True","True","True","37.076265","73","-8.257014999999999","22","False","True","[]","0","555","[]","False","67","False","MASTER","14.5","False","False","False","False","False","0"
"2023-07-25 12:16:31.455","6178","1038","359159972160221","1868","False","False","False","25.8","0","True","True","True","37.0762866","69","-8.2569382","22","False","True","[]","0","555","[]","False","67","False","MASTER","14.5","False","False","False","False","False","0"
"2023-07-25 12:16:32.457","6178","1038","359159972160221","1868","False","False","False","24.2","0","True","True","True","37.0763033","76","-8.2568632","24","False","True","[]","0","555","[]","False","67","False","MASTER","14.5","False","False","False","False","False","0"
"2023-07-25 12:16:33.435","6178","1038","359159972160221","1868","False","False","False","16.9","0","True","True","True","37.07631","84","-8.256805","24","False","True","[]","0","555","[]","False","67","False","MASTER","14.5","False","False","False","False","False","0"
"2023-07-25 12:16:34.875","6178","1038","359159972160221","1868","False","False","False","13.9","0","True","True","True","37.0763133","86","-8.2567582","24","False","True","[]","0","555","[]","False","67","False","MASTER","14.5","False","False","False","False","False","0"
"2023-07-25 12:16:35.458","6178","1038","359159972160221","1868","False","False","False","15.0","0","True","True","True","37.076315","88","-8.2567116","24","False","True","[]","0","555","[]","False","67","False","MASTER","14.5","False","False","False","False","False","0"
"2023-07-25 12:16:36.461","6178","1038","359159972160221","1868","False","False","False","14.8","0","True","True","True","37.076315","88","-8.2566666","24","False","True","[]","0","555","[]","False","67","False","MASTER","14.5","False","False","False","False","False","0"
"2023-07-25 12:16:37.455","6178","1038","359159972160221","1868","True","False","False","8.8","0","False","True","True","37.0763166","88","-8.25664","24","False","True","[]","0","555","[]","False","67","False","MASTER","14.5","False","False","False","False","False","0"
"2023-07-25 12:16:38.440","6178","1038","359159972160221","1868","False","False","False","5.1","0","False","True","True","37.0763166","87","-8.2566182","23","False","True","[]","0","555","[]","False","67","False","MASTER","14.5","False","False","False","False","False","0"
"2023-07-25 12:16:39.437","6178","1038","359159972160221","1868","False","False","False","4.9","0","False","True","True","37.0763166","90","-8.2566032","23","False","True","[]","0","555","[]","False","67","False","MASTER","14.5","False","False","False","False","False","0"
"2023-07-25 12:16:40.875","6178","1038","359159972160221","1868","False","False","False","5.7","0","False","True","True","37.0763183","90","-8.2565866","23","False","True","[]","0","555","[]","False","67","False","MASTER","14.5","False","False","False","False","False","0"
"2023-07-25 12:16:41.458","6178","1038","359159972160221","1868","False","False","False","4.4","0","False","True","True","37.0763183","89","-8.256571600000001","23","False","True","[]","0","555","[]","False","67","False","MASTER","14.5","False","False","False","False","False","0"
"2023-07-25 12:16:42.440","6178","1038","359159972160221","1868","False","False","False","3.8","0","False","True","True","37.0763183","89","-8.2565582","23","False","True","[]","0","555","[]","False","75","False","MASTER","13.699999809265137","False","False","False","False","False","0"
"2023-07-25 12:16:43.838","6178","1038","359159972160221","1868","False","False","False","4.5","0","False","True","True","37.0763183","85","-8.256545","23","False","True","[]","0","555","[]","False","75","False","MASTER","13.699999809265137","False","False","False","False","False","0"
"2023-07-25 12:16:44.456","6178","1038","359159972160221","1868","False","False","False","3.6","0","False","True","True","37.07632","86","-8.2565316","23","False","True","[]","0","555","[]","False","75","False","MASTER","13.699999809265137","False","False","False","False","False","0"
"2023-07-25 12:17:03.617","6178","1038","359159972160221","1868","False","False","False","1.1","0","True","True","True","37.07635","69","-8.2564266","25","False","True","[]","0","555","[]","False","75","False","MASTER","13.699999809265137","False","False","False","False","False","0"
"2023-07-25 12:17:04.456","6178","1038","359159972160221","1868","False","False","False","3.0","0","True","True","True","37.076355","34","-8.2564232","24","False","True","[]","0","555","[]","False","75","False","MASTER","13.699999809265137","False","False","False","False","False","0"
"2023-07-25 12:17:05.457","6178","1038","359159972160221","1868","False","False","False","4.4","0","True","True","True","37.0763633","36","-8.256415","24","False","True","[]","0","555","[]","False","75","False","MASTER","13.699999809265137","False","False","False","False","False","0"
"2023-07-25 12:17:06.436","6178","1038","359159972160221","1868","False","False","False","4.9","0","True","True","True","37.07637","47","-8.256405","24","False","True","[]","0","555","[]","False","75","False","MASTER","13.699999809265137","False","False","False","False","False","0"
"2023-07-25 12:17:07.420","6178","1038","359159972160221","1868","False","False","False","4.2","0","True","True","True","37.0763733","67","-8.2563916","23","False","True","[]","0","555","[]","False","75","False","MASTER","13.699999809265137","False","False","False","False","False","0"
"2023-07-25 12:17:08.955","6178","1038","359159972160221","1868","False","False","False","5.0","0","True","True","True","37.07637","87","-8.2563766","23","False","True","[]","0","555","[]","False","75","False","MASTER","13.699999809265137","False","False","False","False","False","0"
"2023-07-25 12:17:09.459","6178","1038","359159972160221","1868","False","False","False","9.0","0","True","True","True","37.0763583","122","-8.2563566","23","False","True","[]","0","555","[]","False","75","False","MASTER","13.699999809265137","False","False","False","False","False","0"
"2023-07-25 12:17:10.439","6178","1038","359159972160221","1868","False","False","False","10.5","0","True","True","True","37.07634","140","-8.256336600000001","24","False","True","[]","0","555","[]","False","75","False","MASTER","13.699999809265137","False","False","False","False","False","0"
"2023-07-25 12:17:11.879","6178","1038","359159972160221","1868","False","False","False","12.4","0","True","True","True","37.076315","151","-8.2563182","24","False","True","[]","0","555","[]","False","75","False","MASTER","13.699999809265137","False","False","False","False","False","0"
"2023-07-25 12:17:12.460","6178","1038","359159972160221","1868","False","False","False","8.4","0","True","True","True","37.0762933","159","-8.2563082","24","False","True","[]","0","555","[]","False","75","False","MASTER","13.699999809265137","False","False","False","False","False","0"
"2023-07-25 12:17:13.456","6178","1038","359159972160221","1868","False","False","False","8.9","0","True","True","True","37.0762716","164","-8.2563016","23","False","True","[]","0","555","[]","False","75","False","MASTER","13.699999809265137","False","False","False","False","False","0"
"2023-07-25 12:17:14.441","6178","1038","359159972160221","1868","False","False","False","10.7","0","True","True","True","37.0762466","176","-8.2562982","23","False","True","[]","0","555","[]","False","75","False","MASTER","13.699999809265137","False","False","False","False","False","0"
"2023-07-25 12:17:15.437","6178","1038","359159972160221","1868","False","False","False","9.6","0","True","True","True","37.0762216","182","-8.2563","23","False","True","[]","0","555","[]","False","75","False","MASTER","13.699999809265137","False","False","False","False","False","0"
"2023-07-25 12:17:16.420","6178","1038","359159972160221","1868","False","False","False","10.8","0","True","True","True","37.0761933","191","-8.2563032","23","False","True","[]","0","555","[]","False","75","False","MASTER","13.699999809265137","False","False","False","False","False","0"
"2023-07-25 12:17:17.836","6178","1038","359159972160221","1868","False","False","False","11.9","0","True","True","True","37.0761666","199","-8.256315","23","False","True","[]","0","555","[]","False","75","False","MASTER","13.699999809265137","False","False","False","False","False","0"
"2023-07-25 12:17:18.466","6178","1038","359159972160221","1868","False","False","False","11.5","0","True","True","True","37.0761383","205","-8.25633","23","False","True","[]","0","555","[]","False","75","False","MASTER","13.699999809265137","False","False","False","False","False","0"
"2023-07-25 12:17:19.457","6178","1038","359159972160221","1868","False","False","False","9.9","0","True","True","True","37.076115","204","-8.256345","24","False","True","[]","0","555","[]","False","75","False","MASTER","13.699999809265137","False","False","False","False","False","0"
"2023-07-25 12:17:20.438","6178","1038","359159972160221","1868","False","False","False","9.6","0","True","True","True","37.0760933","203","-8.2563566","24","False","True","[]","0","555","[]","False","75","False","MASTER","13.699999809265137","False","False","False","False","False","0"
"2023-07-25 12:17:21.435","6178","1038","359159972160221","1868","False","False","False","10.6","0","True","True","True","37.07607","207","-8.2563716","24","False","True","[]","0","555","[]","False","75","False","MASTER","13.699999809265137","False","False","False","False","False","0"
"2023-07-25 12:17:22.875","6178","1038","359159972160221","1868","False","False","False","11.9","0","True","True","True","37.076045","210","-8.25639","22","False","True","[]","0","555","[]","False","75","False","MASTER","13.699999809265137","False","False","False","False","False","0"
"2023-07-25 12:17:23.457","6178","1038","359159972160221","1868","False","False","False","11.2","0","True","True","True","37.0760183","208","-8.2564082","22","False","True","[]","0","555","[]","False","75","False","MASTER","13.699999809265137","False","False","False","False","False","0"
"2023-07-25 12:17:24.459","6178","1038","359159972160221","1868","False","False","False","13.0","0","True","True","True","37.0759916","210","-8.2564266","22","False","True","[]","0","555","[]","False","75","False","MASTER","13.699999809265137","False","False","False","False","False","0"
"2023-07-25 12:17:25.437","6178","1038","359159972160221","1868","False","False","False","13.7","0","True","True","True","37.0759616","207","-8.2564482","22","False","True","[]","0","555","[]","False","75","False","MASTER","13.699999809265137","False","False","False","False","False","0"
"2023-07-25 12:17:26.878","6178","1038","359159972160221","1868","False","False","False","14.6","0","True","True","True","37.07593","204","-8.2564666","22","False","True","[]","0","555","[]","False","75","False","MASTER","13.699999809265137","False","False","False","False","False","0"
"2023-07-25 12:17:27.458","6178","1038","359159972160221","1868","False","False","False","16.1","0","True","True","True","37.0758933","203","-8.256485","22","False","True","[]","0","555","[]","False","75","False","MASTER","13.699999809265137","False","False","False","False","False","0"
"2023-07-25 12:17:28.457","6178","1038","359159972160221","1868","False","False","False","15.2","0","True","True","True","37.0758583","206","-8.2565066","22","False","True","[]","0","555","[]","False","75","False","MASTER","13.699999809265137","False","False","False","False","False","0"
"2023-07-25 12:17:29.439","6178","1038","359159972160221","1868","False","False","False","14.9","0","True","True","True","37.075825","201","-8.256525","22","False","True","[]","0","555","[]","False","75","False","MASTER","13.699999809265137","False","False","False","False","False","0"
"2023-07-25 12:17:30.436","6178","1038","359159972160221","1868","False","False","False","14.3","0","True","True","True","37.07579","200","-8.25654","22","False","True","[]","0","555","[]","False","75","False","MASTER","13.699999809265137","False","False","False","False","False","0"
"2023-07-25 12:17:31.877","6178","1038","359159972160221","1868","False","False","False","13.7","0","True","True","True","37.0757566","200","-8.2565566","23","False","True","[]","0","555","[]","False","75","False","MASTER","13.699999809265137","False","False","False","False","False","0"
"2023-07-25 12:17:32.459","6178","1038","359159972160221","1868","False","False","False","16.2","0","True","True","True","37.0757216","202","-8.2565732","23","False","True","[]","0","555","[]","False","75","False","MASTER","13.699999809265137","False","False","False","False","False","0"
"2023-07-25 12:17:33.460","6178","1038","359159972160221","1868","False","False","False","12.4","0","True","True","True","37.07569","205","-8.2565916","23","False","True","[]","0","555","[]","False","75","False","MASTER","13.699999809265137","False","False","False","False","False","0"
"2023-07-25 12:17:34.441","6178","1038","359159972160221","1868","False","False","False","12.3","0","True","True","True","37.0756616","203","-8.2566066","23","False","True","[]","0","555","[]","False","75","False","MASTER","13.699999809265137","False","False","False","False","False","0"
"2023-07-25 12:17:35.859","6178","1038","359159972160221","1868","False","False","False","15.4","0","True","True","True","37.0756283","201","-8.2566232","23","False","True","[]","0","555","[]","False","75","False","MASTER","13.699999809265137","False","False","False","False","False","0"
"2023-07-25 12:17:36.460","6178","1038","359159972160221","1868","False","False","False","17.4","0","True","True","True","37.0755866","205","-8.256645","23","False","True","[]","0","555","[]","False","75","False","MASTER","13.699999809265137","False","False","False","False","False","0"
"2023-07-25 12:17:37.456","6178","1038","359159972160221","1868","False","False","False","17.5","0","True","True","True","37.0755483","206","-8.2566666","23","False","True","[]","0","555","[]","False","75","False","MASTER","13.699999809265137","False","False","False","False","False","0"
"2023-07-25 12:17:38.439","6178","1038","359159972160221","1868","False","False","False","18.1","0","True","True","True","37.0755066","206","-8.2566916","23","False","True","[]","0","555","[]","False","75","False","MASTER","13.699999809265137","False","False","False","False","False","0"
"2023-07-25 12:17:39.436","6178","1038","359159972160221","1868","False","False","False","18.3","0","True","True","True","37.0754666","208","-8.2567166","23","False","True","[]","0","555","[]","False","75","False","MASTER","13.699999809265137","False","False","False","False","False","0"
"2023-07-25 12:17:40.877","6178","1038","359159972160221","1868","False","False","False","20.8","0","True","True","True","37.0754216","210","-8.2567482","23","False","True","[]","0","555","[]","False","75","False","MASTER","13.699999809265137","False","False","False","False","False","0"
"2023-07-25 12:17:41.459","6178","1038","359159972160221","1868","False","False","False","18.0","0","True","True","True","37.0753816","211","-8.2567782","23","False","True","[]","0","555","[]","False","75","False","MASTER","13.699999809265137","False","False","False","False","False","0"
"2023-07-25 12:17:42.460","6178","1038","359159972160221","1868","False","False","False","17.0","0","True","True","True","37.075345","210","-8.2568066","23","False","True","[]","0","555","[]","False","75","False","MASTER","13.699999809265137","False","False","False","False","False","0"
"2023-07-25 12:17:43.438","6178","1038","359159972160221","1868","False","False","False","18.6","0","True","True","True","37.0753066","211","-8.256835","24","False","True","[]","0","555","[]","False","62","False","MASTER","14.5","False","False","False","False","False","0"
"2023-07-25 12:17:44.878","6178","1038","359159972160221","1868","False","False","False","17.5","0","True","True","True","37.0752683","211","-8.256865","24","False","True","[]","0","555","[]","False","62","False","MASTER","14.5","False","False","False","False","False","0"
"2023-07-25 12:17:45.478","6178","1038","359159972160221","1868","False","False","False","15.5","0","True","True","True","37.075235","214","-8.2568932","24","False","True","[]","0","555","[]","False","62","False","MASTER","14.5","False","False","False","False","False","0"
"2023-07-25 12:17:46.457","6178","1038","359159972160221","1868","False","False","False","15.6","0","True","True","True","37.0752033","216","-8.2569216","24","False","True","[]","0","555","[]","False","62","False","MASTER","14.5","False","False","False","False","False","0"
"2023-07-25 12:17:47.440","6178","1038","359159972160221","1868","False","False","False","15.3","0","True","True","True","37.0751716","214","-8.25695","24","False","True","[]","0","555","[]","False","62","False","MASTER","14.5","False","False","False","False","False","0"
"2023-07-25 12:17:48.438","6178","1038","359159972160221","1868","False","False","False","16.6","0","True","True","True","37.0751383","215","-8.2569782","24","False","True","[]","0","555","[]","False","62","False","MASTER","14.5","False","False","False","False","False","0"
"2023-07-25 12:17:49.877","6178","1038","359159972160221","1868","False","False","False","16.3","0","True","True","True","37.075105","217","-8.25701","24","False","True","[]","0","555","[]","False","62","False","MASTER","14.5","False","False","False","False","False","0"
"2023-07-25 12:17:50.458","6178","1038","359159972160221","1868","False","False","False","13.1","0","True","True","True","37.0750766","215","-8.2570366","24","False","True","[]","0","555","[]","False","62","False","MASTER","14.5","False","False","False","False","False","0"
"2023-07-25 12:17:51.460","6178","1038","359159972160221","1868","False","False","False","13.2","0","True","True","True","37.07505","213","-8.2570582","24","False","True","[]","0","555","[]","False","62","False","MASTER","14.5","False","False","False","False","False","0"
"2023-07-25 12:17:52.439","6178","1038","359159972160221","1868","False","False","False","15.6","0","True","True","True","37.0750183","215","-8.257085","23","False","True","[]","0","555","[]","False","62","False","MASTER","14.5","False","False","False","False","False","0"
"2023-07-25 12:17:53.877","6178","1038","359159972160221","1868","False","False","False","15.0","0","True","True","True","37.0749883","220","-8.2571132","23","False","True","[]","0","555","[]","False","62","False","MASTER","14.5","False","False","False","False","False","0"
"2023-07-25 12:17:54.460","6178","1038","359159972160221","1868","False","False","False","12.8","0","True","True","True","37.0749616","218","-8.25714","23","False","True","[]","0","555","[]","False","62","False","MASTER","14.5","False","False","False","False","False","0"
"2023-07-25 12:17:55.457","6178","1038","359159972160221","1868","False","False","False","14.3","0","True","True","True","37.074935","221","-8.2571682","22","False","True","[]","0","555","[]","False","62","False","MASTER","14.5","False","False","False","False","False","0"
"2023-07-25 12:17:56.469","6178","1038","359159972160221","1868","False","False","False","15.4","0","True","True","True","37.07491","227","-8.2572016","22","False","True","[]","0","555","[]","False","62","False","MASTER","14.5","False","False","False","False","False","0"
"2023-07-25 12:17:57.437","6178","1038","359159972160221","1868","False","False","False","15.4","0","True","True","True","37.0748816","225","-8.2572366","22","False","True","[]","0","555","[]","False","62","False","MASTER","14.5","False","False","False","False","False","0"
"2023-07-25 12:17:58.877","6178","1038","359159972160221","1868","False","False","False","10.5","0","True","True","True","37.0748616","226","-8.2572616","19","False","True","[]","0","555","[]","False","62","False","MASTER","14.5","False","False","False","False","False","0"
"2023-07-25 12:17:59.465","6178","1038","359159972160221","1868","False","False","False","10.6","0","True","True","True","37.0748466","237","-8.25729","19","False","True","[]","0","555","[]","False","62","False","MASTER","14.5","False","False","False","False","False","0"
"2023-07-25 12:18:00.459","6178","1038","359159972160221","1868","False","False","False","10.4","0","True","True","True","37.0748333","245","-8.25732","19","False","True","[]","0","555","[]","False","62","False","MASTER","14.5","False","False","False","False","False","0"
"2023-07-25 12:18:01.438","6178","1038","359159972160221","1868","False","False","False","9.2","0","True","True","True","37.0748233","243","-8.2573482","19","False","True","[]","0","555","[]","False","62","False","MASTER","14.5","False","False","False","False","False","0"
"2023-07-25 12:18:02.877","6178","1038","359159972160221","1868","False","False","False","7.4","0","True","True","True","37.0748183","253","-8.2573716","19","False","True","[]","0","555","[]","False","62","False","MASTER","14.5","False","False","False","False","False","0"
"2023-07-25 12:18:03.460","6178","1038","359159972160221","1868","False","False","False","9.6","0","True","True","True","37.0748216","280","-8.2573982","19","False","True","[]","0","555","[]","False","62","False","MASTER","14.5","False","False","False","False","False","0"
"2023-07-25 12:18:04.461","6178","1038","359159972160221","1868","False","False","False","15.3","0","True","True","True","37.074835","292","-8.2574382","20","False","True","[]","0","555","[]","False","62","False","MASTER","14.5","False","False","False","False","False","0"
"2023-07-25 12:18:05.438","6178","1038","359159972160221","1868","False","False","False","22.7","0","True","True","True","37.0748566","296","-8.2574966","20","False","True","[]","0","555","[]","False","62","False","MASTER","14.5","False","False","False","False","False","0"
"2023-07-25 12:18:06.436","6178","1038","359159972160221","1868","False","False","False","23.7","0","True","True","True","37.0748866","301","-8.25756","20","False","True","[]","0","555","[]","False","62","False","MASTER","14.5","False","False","False","False","False","0"
"2023-07-25 12:18:07.439","6178","1038","359159972160221","1868","False","False","False","26.0","0","True","True","True","37.0749183","301","-8.25763","21","False","True","[]","0","555","[]","False","62","False","MASTER","14.5","False","False","False","False","False","0"
"2023-07-25 12:18:08.878","6178","1038","359159972160221","1868","False","False","False","22.6","0","True","True","True","37.074955","309","-8.25769","21","False","True","[]","0","555","[]","False","62","False","MASTER","14.5","False","False","False","False","False","0"
"2023-07-25 12:18:09.460","6178","1038","359159972160221","1868","False","False","False","20.7","0","True","True","True","37.0749883","308","-8.2577416","21","False","True","[]","0","555","[]","False","62","False","MASTER","14.5","False","False","False","False","False","0"
"2023-07-25 12:18:10.457","6178","1038","359159972160221","1868","False","False","False","26.0","0","True","True","True","37.0750283","310","-8.2578016","23","False","True","[]","0","555","[]","False","62","False","MASTER","14.5","False","False","False","False","False","0"
"2023-07-25 12:18:11.440","6178","1038","359159972160221","1868","False","False","False","18.2","0","True","True","True","37.0750616","311","-8.25785","23","False","True","[]","0","555","[]","False","62","False","MASTER","14.5","False","False","False","False","False","0"
"2023-07-25 12:18:12.436","6178","1038","359159972160221","1868","False","False","False","15.4","0","True","True","True","37.075085","300","-8.25789","23","False","True","[]","0","555","[]","False","62","False","MASTER","14.5","False","False","False","False","False","0"
"2023-07-25 12:18:13.839","6178","1038","359159972160221","1868","False","False","False","10.3","0","True","True","True","37.075095","287","-8.257925","23","False","True","[]","0","555","[]","False","62","False","MASTER","14.5","False","False","False","False","False","0"
"2023-07-25 12:18:14.458","6178","1038","359159972160221","1868","False","False","False","10.5","0","True","True","True","37.0751016","286","-8.2579566","23","False","True","[]","0","555","[]","False","62","False","MASTER","14.5","False","False","False","False","False","0"
"2023-07-25 12:18:15.458","6178","1038","359159972160221","1868","False","False","False","13.3","0","True","True","True","37.0751116","290","-8.25799","23","False","True","[]","0","555","[]","False","62","False","MASTER","14.5","False","False","False","False","False","0"
"2023-07-25 12:18:16.441","6178","1038","359159972160221","1868","False","False","False","14.8","0","True","True","True","37.0751266","295","-8.25803","23","False","True","[]","0","555","[]","False","62","False","MASTER","14.5","False","False","False","False","False","0"
"2023-07-25 12:18:17.438","6178","1038","359159972160221","1868","False","False","False","14.4","0","True","True","True","37.075145","295","-8.2580682","23","False","True","[]","0","555","[]","False","62","False","MASTER","14.5","False","False","False","False","False","0"
"2023-07-25 12:18:18.436","6178","1038","359159972160221","1868","False","False","False","17.1","0","True","True","True","37.0751633","297","-8.2581116","23","False","True","[]","0","555","[]","False","62","False","MASTER","14.5","False","False","False","False","False","0"
"2023-07-25 12:18:19.876","6178","1038","359159972160221","1868","False","False","False","20.4","0","True","True","True","37.0751866","298","-8.2581666","23","False","True","[]","0","555","[]","False","62","False","MASTER","14.5","False","False","False","False","False","0"
"2023-07-25 12:18:20.458","6178","1038","359159972160221","1868","False","False","False","21.1","0","True","True","True","37.0752116","299","-8.258225","23","False","True","[]","0","555","[]","False","62","False","MASTER","14.5","False","False","False","False","False","0"
"2023-07-25 12:18:21.459","6178","1038","359159972160221","1868","False","False","False","24.1","0","True","True","True","37.0752416","303","-8.2582882","23","False","True","[]","0","555","[]","False","62","False","MASTER","14.5","False","False","False","False","False","0"
"2023-07-25 12:18:22.438","6178","1038","359159972160221","1868","False","False","False","22.2","0","True","True","True","37.0752733","305","-8.2583466","24","False","True","[]","0","555","[]","False","62","False","MASTER","14.5","False","False","False","False","False","0"
"2023-07-25 12:18:23.878","6178","1038","359159972160221","1868","False","False","False","20.7","0","True","True","True","37.075305","306","-8.2584","24","False","True","[]","0","555","[]","False","62","False","MASTER","14.5","False","False","False","False","False","0"
"2023-07-25 12:18:24.478","6178","1038","359159972160221","1868","False","False","False","24.0","0","True","True","True","37.0753383","307","-8.2584566","24","False","True","[]","0","555","[]","False","62","False","MASTER","14.5","False","False","False","False","False","0"
"2023-07-25 12:18:25.438","6178","1038","359159972160221","1868","False","False","False","23.5","0","True","True","True","37.075375","307","-8.2585166","24","False","True","[]","0","555","[]","False","62","False","MASTER","14.5","False","False","False","False","False","0"
"2023-07-25 12:18:26.876","6178","1038","359159972160221","1868","False","False","False","15.9","0","True","True","True","37.0754016","307","-8.2585616","24","False","True","[]","0","555","[]","False","62","False","MASTER","14.5","False","False","False","False","False","0"
"2023-07-25 12:18:27.458","6178","1038","359159972160221","1868","False","False","False","9.4","0","True","True","True","37.0754216","312","-8.2585882","24","False","True","[]","0","555","[]","False","62","False","MASTER","14.5","False","False","False","False","False","0"
"2023-07-25 12:18:28.438","6178","1038","359159972160221","1868","False","False","False","7.8","0","True","True","True","37.0754333","307","-8.258610000000001","24","False","True","[]","0","555","[]","False","62","False","MASTER","14.5","False","False","False","False","False","0"
"2023-07-25 12:18:29.877","6178","1038","359159972160221","1868","False","False","False","12.8","0","True","True","True","37.07545","306","-8.258636599999999","24","False","True","[]","0","555","[]","False","62","False","MASTER","14.5","False","False","False","False","False","0"
"2023-07-25 12:18:30.460","6178","1038","359159972160221","1868","False","False","False","9.5","0","True","True","True","37.0754683","312","-8.2586616","24","False","True","[]","0","555","[]","False","62","False","MASTER","14.5","False","False","False","False","False","0"
"2023-07-25 12:18:31.461","6178","1038","359159972160221","1868","False","False","False","11.8","0","True","True","True","37.0754866","310","-8.2586882","24","False","True","[]","0","555","[]","False","62","False","MASTER","14.5","False","False","False","False","False","0"
"2023-07-25 12:18:32.440","6178","1038","359159972160221","1868","False","False","False","13.5","0","True","True","True","37.075505","306","-8.2587216","24","False","True","[]","0","555","[]","False","62","False","MASTER","14.5","False","False","False","False","False","0"
"2023-07-25 12:18:33.436","6178","1038","359159972160221","1868","False","False","False","11.4","0","True","True","True","37.07552","296","-8.258755","24","False","True","[]","0","555","[]","False","62","False","MASTER","14.5","False","False","False","False","False","0"
"2023-07-25 12:18:34.419","6178","1038","359159972160221","1868","False","False","False","17.2","0","True","True","True","37.075535","293","-8.2587982","24","False","True","[]","0","555","[]","False","62","False","MASTER","14.5","False","False","False","False","False","0"
"2023-07-25 12:18:35.836","6178","1038","359159972160221","1868","False","False","False","11.2","0","True","True","True","37.0755483","297","-8.2588366","24","False","True","[]","0","555","[]","False","62","False","MASTER","14.5","False","False","False","False","False","0"
"2023-07-25 12:18:36.436","6178","1038","359159972160221","1868","False","False","False","9.9","0","True","True","True","37.0755633","302","-8.2588632","24","False","True","[]","0","555","[]","False","62","False","MASTER","14.5","False","False","False","False","False","0"
"2023-07-25 12:18:37.877","6178","1038","359159972160221","1868","False","False","False","14.4","0","True","True","True","37.0755783","298","-8.2588982","22","False","True","[]","0","555","[]","False","62","False","MASTER","14.5","False","False","False","False","False","0"
"2023-07-25 12:18:38.459","6178","1038","359159972160221","1868","False","False","False","17.1","0","True","True","True","37.0756","302","-8.2589432","22","False","True","[]","0","555","[]","False","62","False","MASTER","14.5","False","False","False","False","False","0"
"2023-07-25 12:18:39.459","6178","1038","359159972160221","1868","False","False","False","17.3","0","True","True","True","37.075625","304","-8.2589866","22","False","True","[]","0","555","[]","False","62","False","MASTER","14.5","False","False","False","False","False","0"
"2023-07-25 12:18:40.440","6178","1038","359159972160221","1868","False","False","False","14.0","0","True","True","True","37.0756483","308","-8.259025","22","False","True","[]","0","555","[]","False","62","False","MASTER","14.5","False","False","False","False","False","0"
"2023-07-25 12:18:41.896","6178","1038","359159972160221","1868","False","False","False","11.4","0","True","True","True","37.07567","319","-8.2590482","22","False","True","[]","0","555","[]","False","62","False","MASTER","14.5","False","False","False","False","False","0"
"2023-07-25 12:18:42.477","6178","1038","359159972160221","1868","False","False","False","11.5","0","True","True","True","37.0756966","338","-8.2590666","24","False","True","[]","0","555","[]","False","62","False","MASTER","14.5","False","False","False","False","False","0"
"2023-07-25 12:18:43.458","6178","1038","359159972160221","1868","False","False","False","14.5","0","True","True","True","37.07573","10","-8.2590616","24","False","True","[]","0","555","[]","False","62","False","MASTER","14.5","False","False","False","False","False","0"
"2023-07-25 12:18:44.440","6178","1038","359159972160221","1868","False","False","False","12.5","0","True","True","True","37.075755","40","-8.2590366","24","False","True","[]","0","555","[]","False","63","False","MASTER","14.5","False","False","False","False","False","0"
"2023-07-25 12:18:45.437","6178","1038","359159972160221","1868","False","False","False","17.4","0","True","True","True","37.07578","56","-8.2589982","24","False","True","[]","0","555","[]","False","63","False","MASTER","14.5","False","False","False","False","False","0"
"2023-07-25 12:18:46.876","6178","1038","359159972160221","1868","False","False","False","18.1","0","True","True","True","37.0757983","65","-8.258945","24","False","True","[]","0","555","[]","False","63","False","MASTER","14.5","False","False","False","False","False","0"
"2023-07-25 12:18:47.458","6178","1038","359159972160221","1868","False","False","False","23.9","0","True","True","True","37.0758133","74","-8.2588782","24","False","True","[]","0","555","[]","False","63","False","MASTER","14.5","False","False","False","False","False","0"
"2023-07-25 12:18:48.460","6178","1038","359159972160221","1868","False","False","False","21.0","0","True","True","True","37.0758316","70","-8.2588132","24","False","True","[]","0","555","[]","False","63","False","MASTER","14.5","False","False","False","False","False","0"
"2023-07-25 12:18:49.445","6178","1038","359159972160221","1868","False","False","False","17.8","0","True","True","True","37.075855","56","-8.2587616","24","False","True","[]","0","555","[]","False","63","False","MASTER","14.5","False","False","False","False","False","0"
"2023-07-25 12:18:50.877","6178","1038","359159972160221","1868","False","False","False","15.5","0","True","True","True","37.0758766","58","-8.2587166","24","False","True","[]","0","555","[]","False","63","False","MASTER","14.5","False","False","False","False","False","0"
"2023-07-25 12:18:51.459","6178","1038","359159972160221","1868","False","False","False","20.3","0","True","True","True","37.0758983","64","-8.258665","24","False","True","[]","0","555","[]","False","63","False","MASTER","14.5","False","False","False","False","False","0"
"2023-07-25 12:18:52.457","6178","1038","359159972160221","1868","False","False","False","19.5","0","True","True","True","37.075915","70","-8.2586082","25","False","True","[]","0","555","[]","False","63","False","MASTER","14.5","False","False","False","False","False","0"
"2023-07-25 12:18:53.439","6178","1038","359159972160221","1868","False","False","False","22.0","0","True","True","True","37.0759316","73","-8.2585416","25","False","True","[]","0","555","[]","False","63","False","MASTER","14.5","False","False","False","False","False","0"
"2023-07-25 12:18:54.437","6178","1038","359159972160221","1868","False","False","False","25.5","0","True","True","True","37.0759483","73","-8.2584682","25","False","True","[]","0","555","[]","False","63","False","MASTER","14.5","False","False","False","False","False","0"
"2023-07-25 12:18:55.876","6178","1038","359159972160221","1868","False","False","False","29.4","0","True","True","True","37.0759683","73","-8.2583832","25","False","True","[]","0","555","[]","False","63","False","MASTER","14.5","False","False","False","False","False","0"
"2023-07-25 12:18:56.459","6178","1038","359159972160221","1868","False","False","False","29.1","0","True","True","True","37.075995","67","-8.2583","25","False","True","[]","0","555","[]","False","63","False","MASTER","14.5","False","False","False","False","False","0"
"2023-07-25 12:18:57.460","6178","1038","359159972160221","1868","False","False","False","28.3","0","True","True","True","37.0760216","68","-8.2582166","25","False","True","[]","0","555","[]","False","63","False","MASTER","14.5","False","False","False","False","False","0"
"2023-07-25 12:18:58.420","6178","1038","359159972160221","1868","False","False","False","25.0","0","True","True","True","37.0760433","70","-8.25814","23","False","True","[]","0","555","[]","False","63","False","MASTER","14.5","False","False","False","False","False","0"
"2023-07-25 12:18:59.817","6178","1038","359159972160221","1868","False","False","False","23.7","0","True","True","True","37.0760616","71","-8.2580682","23","False","True","[]","0","555","[]","False","63","False","MASTER","14.5","False","False","False","False","False","0"
"2023-07-25 12:19:00.460","6178","1038","359159972160221","1868","False","False","False","23.9","0","True","True","True","37.07608","73","-8.2579966","23","False","True","[]","0","555","[]","False","63","False","MASTER","14.5","False","False","False","False","False","0"
"2023-07-25 12:19:01.456","6178","1038","359159972160221","1868","False","False","False","25.1","0","True","True","True","37.076095","77","-8.2579216","23","False","True","[]","0","555","[]","False","63","False","MASTER","14.5","False","False","False","False","False","0"
"2023-07-25 12:19:02.440","6178","1038","359159972160221","1868","False","False","False","27.0","0","True","True","True","37.0761066","78","-8.2578416","23","False","True","[]","0","555","[]","False","63","False","MASTER","14.5","False","False","False","False","False","0"
"2023-07-25 12:19:03.436","6178","1038","359159972160221","1868","False","False","False","27.9","0","True","True","True","37.0761233","75","-8.2577582","23","False","True","[]","0","555","[]","False","63","False","MASTER","14.5","False","False","False","False","False","0"
"2023-07-25 12:19:04.858","6178","1038","359159972160221","1868","False","False","False","27.2","0","True","True","True","37.0761416","73","-8.257675","23","False","True","[]","0","555","[]","False","63","False","MASTER","14.5","False","False","False","False","False","0"
"2023-07-25 12:19:05.619","6178","1038","359159972160221","1868","False","False","False","27.4","0","True","True","True","37.07616","74","-8.2575932","23","False","True","[]","0","555","[]","False","63","False","MASTER","14.5","False","False","False","False","False","0"
"2023-07-25 12:19:06.459","6178","1038","359159972160221","1868","False","False","False","24.4","0","True","True","True","37.0761766","76","-8.2575216","23","False","True","[]","0","555","[]","False","63","False","MASTER","14.5","False","False","False","False","False","0"
"2023-07-25 12:19:07.438","6178","1038","359159972160221","1868","False","False","False","25.3","0","True","True","True","37.0761916","73","-8.25745","23","False","True","[]","0","555","[]","False","63","False","MASTER","14.5","False","False","False","False","False","0"
"2023-07-25 12:19:08.836","6178","1038","359159972160221","1868","False","False","False","23.5","0","True","True","True","37.0762133","68","-8.25738","23","False","True","[]","0","555","[]","False","63","False","MASTER","14.5","False","False","False","False","False","0"
"2023-07-25 12:19:09.597","6178","1038","359159972160221","1868","False","False","False","25.0","0","True","True","True","37.076235","71","-8.2573066","23","False","True","[]","0","555","[]","False","63","False","MASTER","14.5","False","False","False","False","False","0"
"2023-07-25 12:19:10.600","6178","1038","359159972160221","1868","False","False","False","25.7","0","True","True","True","37.0762533","73","-8.25723","23","False","True","[]","0","555","[]","False","63","False","MASTER","14.5","False","False","False","False","False","0"
"2023-07-25 12:19:11.542","6178","1038","359159972160221","1868","False","False","False","26.0","0","True","True","True","37.0762716","72","-8.2571532","23","False","True","[]","0","555","[]","False","63","False","MASTER","14.5","False","False","False","False","False","0"
"2023-07-25 12:19:12.459","6178","1038","359159972160221","1868","False","False","False","26.8","0","True","True","True","37.0762883","75","-8.2570716","23","False","True","[]","0","555","[]","False","63","False","MASTER","14.5","False","False","False","False","False","0"
"2023-07-25 12:19:13.876","6178","1038","359159972160221","1868","False","False","False","25.9","0","True","True","True","37.0763016","78","-8.2569916","22","False","True","[]","0","555","[]","False","63","False","MASTER","14.5","False","False","False","False","False","0"
"2023-07-25 12:19:14.578","6178","1038","359159972160221","1868","False","False","False","25.1","0","True","True","True","37.076315","78","-8.256915","22","False","True","[]","0","555","[]","False","63","False","MASTER","14.5","False","False","False","False","False","0"
"2023-07-25 12:19:15.538","6178","1038","359159972160221","1868","False","False","False","26.2","0","True","True","True","37.0763266","78","-8.256835","22","False","True","[]","0","555","[]","False","63","False","MASTER","14.5","False","False","False","False","False","0"
"2023-07-25 12:19:16.438","6178","1038","359159972160221","1868","False","False","False","25.5","0","True","True","True","37.0763383","79","-8.2567566","25","False","True","[]","0","555","[]","False","63","False","MASTER","14.5","False","False","False","False","False","0"
"2023-07-25 12:19:17.896","6178","1038","359159972160221","1868","False","False","False","20.8","0","True","True","True","37.0763483","81","-8.2566882","25","False","True","[]","0","555","[]","False","63","False","MASTER","14.5","False","False","False","False","False","0"
"2023-07-25 12:19:18.519","6178","1038","359159972160221","1868","False","False","False","17.6","0","True","True","True","37.07635","89","-8.25663","27","False","True","[]","0","555","[]","False","63","False","MASTER","14.5","False","False","False","False","False","0"
"2023-07-25 12:19:19.456","6178","1038","359159972160221","1868","False","False","False","17.5","0","True","True","True","37.07635","89","-8.2565782","27","False","True","[]","0","555","[]","False","63","False","MASTER","14.5","False","False","False","False","False","0"
"2023-07-25 12:19:20.440","6178","1038","359159972160221","1868","False","False","False","18.6","0","True","True","True","37.0763483","93","-8.25652","27","False","True","[]","0","555","[]","False","63","False","MASTER","14.5","False","False","False","False","False","0"
"2023-07-25 12:19:21.436","6178","1038","359159972160221","1868","False","False","False","18.7","0","True","True","True","37.0763383","103","-8.2564632","27","False","True","[]","0","555","[]","False","63","False","MASTER","14.5","False","False","False","False","False","0"
"2023-07-25 12:19:22.876","6178","1038","359159972160221","1868","False","False","False","21.4","0","True","True","True","37.07632","112","-8.2564032","27","False","True","[]","0","555","[]","False","63","False","MASTER","14.5","False","False","False","False","False","0"
"2023-07-25 12:19:23.468","6178","1038","359159972160221","1868","False","False","False","20.8","0","True","True","True","37.0762933","124","-8.2563466","27","False","True","[]","0","555","[]","False","63","False","MASTER","14.5","False","False","False","False","False","0"
"2023-07-25 12:19:24.460","6178","1038","359159972160221","1868","False","False","False","16.7","0","True","True","True","37.0762616","140","-8.2563066","27","False","True","[]","0","555","[]","False","63","False","MASTER","14.5","False","False","False","False","False","0"
"2023-07-25 12:19:25.419","6178","1038","359159972160221","1868","False","False","False","13.9","0","True","True","True","37.0762283","160","-8.2562882","27","False","True","[]","0","555","[]","False","63","False","MASTER","14.5","False","False","False","False","False","0"
"2023-07-25 12:19:26.836","6178","1038","359159972160221","1868","False","False","False","18.3","0","True","True","True","37.0761866","172","-8.2562782","27","False","True","[]","0","555","[]","False","63","False","MASTER","14.5","False","False","False","False","False","0"
"2023-07-25 12:19:27.459","6178","1038","359159972160221","1868","False","False","False","17.1","0","True","True","True","37.0761433","185","-8.25628","27","False","True","[]","0","555","[]","False","63","False","MASTER","14.5","False","False","False","False","False","0"
"2023-07-25 12:19:28.457","6178","1038","359159972160221","1868","False","False","False","16.4","0","True","True","True","37.0761033","197","-8.256295","26","False","True","[]","0","555","[]","False","63","False","MASTER","14.5","False","False","False","False","False","0"
"2023-07-25 12:19:29.439","6178","1038","359159972160221","1868","False","False","False","16.4","0","True","True","True","37.0760683","212","-8.2563182","26","False","True","[]","0","555","[]","False","63","False","MASTER","14.5","False","False","False","False","False","0"
"2023-07-25 12:19:30.437","6178","1038","359159972160221","1868","False","False","False","17.1","0","True","True","True","37.076035","214","-8.2563482","26","False","True","[]","0","555","[]","False","63","False","MASTER","14.5","False","False","False","False","False","0"
"2023-07-25 12:19:31.876","6178","1038","359159972160221","1868","False","False","False","16.7","0","True","True","True","37.076","213","-8.2563766","25","False","True","[]","0","555","[]","False","63","False","MASTER","14.5","False","False","False","False","False","0"
"2023-07-25 12:19:32.460","6178","1038","359159972160221","1868","False","False","False","16.0","0","True","True","True","37.075965","205","-8.256395","25","False","True","[]","0","555","[]","False","63","False","MASTER","14.5","False","False","False","False","False","0"
"2023-07-25 12:19:33.459","6178","1038","359159972160221","1868","False","False","False","16.7","0","True","True","True","37.0759283","200","-8.256415","25","False","True","[]","0","555","[]","False","63","False","MASTER","14.5","False","False","False","False","False","0"
"2023-07-25 12:19:34.438","6178","1038","359159972160221","1868","False","False","False","17.6","0","True","True","True","37.0758883","203","-8.256435","23","False","True","[]","0","555","[]","False","63","False","MASTER","14.5","False","False","False","False","False","0"
"2023-07-25 12:19:35.878","6178","1038","359159972160221","1868","False","False","False","18.9","0","True","True","True","37.0758466","204","-8.2564582","23","False","True","[]","0","555","[]","False","63","False","MASTER","14.5","False","False","False","False","False","0"
"2023-07-25 12:19:36.461","6178","1038","359159972160221","1868","False","False","False","19.7","0","True","True","True","37.0758016","205","-8.2564832","23","False","True","[]","0","555","[]","False","63","False","MASTER","14.5","False","False","False","False","False","0"
"2023-07-25 12:19:37.457","6178","1038","359159972160221","1868","False","False","False","23.4","0","True","True","True","37.0757533","207","-8.2565132","23","False","True","[]","0","555","[]","False","63","False","MASTER","14.5","False","False","False","False","False","0"
"2023-07-25 12:19:38.441","6178","1038","359159972160221","1868","False","False","False","28.8","0","True","True","True","37.0756933","208","-8.2565516","23","False","True","[]","0","555","[]","False","63","False","MASTER","14.5","False","False","False","False","False","0"
"2023-07-25 12:19:39.436","6178","1038","359159972160221","1868","False","False","False","24.5","0","True","True","True","37.0756383","211","-8.2565916","23","False","True","[]","0","555","[]","False","63","False","MASTER","14.5","False","False","False","False","False","0"
"2023-07-25 12:19:40.877","6178","1038","359159972160221","1868","False","False","False","16.8","0","True","True","True","37.0755983","211","-8.2566216","23","False","True","[]","0","555","[]","False","63","False","MASTER","14.5","False","False","False","False","False","0"
"2023-07-25 12:19:41.462","6178","1038","359159972160221","1868","False","False","False","18.2","0","True","True","True","37.07556","211","-8.25665","23","False","True","[]","0","555","[]","False","63","False","MASTER","14.5","False","False","False","False","False","0"
"2023-07-25 12:19:42.460","6178","1038","359159972160221","1868","False","False","False","16.1","0","True","True","True","37.0755233","210","-8.2566766","23","False","True","[]","0","555","[]","False","63","False","MASTER","14.5","False","False","False","False","False","0"
"2023-07-25 12:19:43.438","6178","1038","359159972160221","1868","False","False","False","12.2","0","True","True","True","37.075495","212","-8.2566982","23","False","True","[]","0","555","[]","False","63","False","MASTER","14.5","False","False","False","False","False","0"
"2023-07-25 12:19:44.877","6178","1038","359159972160221","1868","False","False","False","14.8","0","True","True","True","37.075465","209","-8.2567216","23","False","True","[]","0","555","[]","False","63","False","MASTER","14.5","False","False","False","False","False","0"
"2023-07-25 12:19:45.819","6178","1038","359159972160221","1868","False","False","False","15.3","0","True","True","True","37.07543","197","-8.256735","23","False","True","[]","0","555","[]","False","59","False","MASTER","14.600000381469727","False","False","False","False","False","0"
"2023-07-25 12:19:46.438","6178","1038","359159972160221","1868","False","False","False","12.9","0","True","True","True","37.0753983","201","-8.25675","23","False","True","[]","0","555","[]","False","59","False","MASTER","14.600000381469727","False","False","False","False","False","0"
"2023-07-25 12:19:47.878","6178","1038","359159972160221","1868","False","False","False","8.8","0","True","True","True","37.0753766","215","-8.2567666","23","False","True","[]","0","555","[]","False","59","False","MASTER","14.600000381469727","False","False","False","False","False","0"
"2023-07-25 12:19:48.458","6178","1038","359159972160221","1868","False","False","False","8.9","0","True","True","True","37.07536","214","-8.2567832","23","False","True","[]","0","555","[]","False","59","False","MASTER","14.600000381469727","False","False","False","False","False","0"
"2023-07-25 12:19:49.457","6178","1038","359159972160221","1868","False","False","False","10.5","0","True","True","True","37.0753366","209","-8.2567982","23","False","True","[]","0","555","[]","False","59","False","MASTER","14.600000381469727","False","False","False","False","False","0"
"2023-07-25 12:19:50.441","6178","1038","359159972160221","1868","False","False","False","11.7","0","True","True","True","37.0753116","208","-8.256815","23","False","True","[]","0","555","[]","False","59","False","MASTER","14.600000381469727","False","False","False","False","False","0"
"2023-07-25 12:19:51.436","6178","1038","359159972160221","1868","False","False","False","13.8","0","True","True","True","37.0752833","212","-8.2568366","23","False","True","[]","0","555","[]","False","59","False","MASTER","14.600000381469727","False","False","False","False","False","0"
"2023-07-25 12:19:52.877","6178","1038","359159972160221","1868","False","False","False","14.1","0","True","True","True","37.075255","213","-8.2568616","22","False","True","[]","0","555","[]","False","59","False","MASTER","14.600000381469727","False","False","False","False","False","0"
"2023-07-25 12:19:53.458","6178","1038","359159972160221","1868","False","False","False","14.3","0","True","True","True","37.075225","213","-8.256885","22","False","True","[]","0","555","[]","False","59","False","MASTER","14.600000381469727","False","False","False","False","False","0"
"2023-07-25 12:19:54.459","6178","1038","359159972160221","1868","False","False","False","15.8","0","True","True","True","37.0751916","213","-8.2569116","22","False","True","[]","0","555","[]","False","59","False","MASTER","14.600000381469727","False","False","False","False","False","0"
"2023-07-25 12:19:55.438","6178","1038","359159972160221","1868","False","False","False","17.1","0","True","True","True","37.0751583","214","-8.25694","22","False","True","[]","0","555","[]","False","59","False","MASTER","14.600000381469727","False","False","False","False","False","0"
"2023-07-25 12:19:56.878","6178","1038","359159972160221","1868","False","False","False","19.7","0","True","True","True","37.0751183","215","-8.256975","22","False","True","[]","0","555","[]","False","59","False","MASTER","14.600000381469727","False","False","False","False","False","0"
"2023-07-25 12:19:57.459","6178","1038","359159972160221","1868","False","False","False","21.9","0","True","True","True","37.075075","216","-8.2570132","22","False","True","[]","0","555","[]","False","59","False","MASTER","14.600000381469727","False","False","False","False","False","0"
"2023-07-25 12:19:58.457","6178","1038","359159972160221","1868","False","False","False","20.9","0","True","True","True","37.0750333","217","-8.2570532","23","False","True","[]","0","555","[]","False","59","False","MASTER","14.600000381469727","False","False","False","False","False","0"
"2023-07-25 12:19:59.439","6178","1038","359159972160221","1868","False","False","False","20.0","0","True","True","True","37.074995","220","-8.2570932","23","False","True","[]","0","555","[]","False","59","False","MASTER","14.600000381469727","False","False","False","False","False","0"
"2023-07-25 12:20:00.436","6178","1038","359159972160221","1868","False","False","False","19.9","0","True","True","True","37.0749566","222","-8.2571332","23","False","True","[]","0","555","[]","False","59","False","MASTER","14.600000381469727","False","False","False","False","False","0"
"2023-07-25 12:20:01.877","6178","1038","359159972160221","1868","False","False","False","18.9","0","True","True","True","37.0749216","224","-8.257175","23","False","True","[]","0","555","[]","False","59","False","MASTER","14.600000381469727","False","False","False","False","False","0"
"2023-07-25 12:20:02.458","6178","1038","359159972160221","1868","False","False","False","19.6","0","True","True","True","37.0748883","229","-8.2572182","23","False","True","[]","0","555","[]","False","59","False","MASTER","14.600000381469727","False","False","False","False","False","0"
"2023-07-25 12:20:03.460","6178","1038","359159972160221","1868","False","False","False","13.5","0","True","True","True","37.074865","233","-8.2572566","23","False","True","[]","0","555","[]","False","59","False","MASTER","14.600000381469727","False","False","False","False","False","0"
"2023-07-25 12:20:04.438","6178","1038","359159972160221","1868","False","False","False","13.3","0","True","True","True","37.0748466","239","-8.2572932","21","False","True","[]","0","555","[]","False","59","False","MASTER","14.600000381469727","False","False","False","False","False","0"
"2023-07-25 12:20:05.877","6178","1038","359159972160221","1868","False","False","False","15.7","0","True","True","True","37.0748333","250","-8.2573382","21","False","True","[]","0","555","[]","False","59","False","MASTER","14.600000381469727","False","False","False","False","False","0"
"2023-07-25 12:20:06.461","6178","1038","359159972160221","1868","False","False","False","14.0","0","True","True","True","37.0748283","264","-8.2573832","21","False","True","[]","0","555","[]","False","59","False","MASTER","14.600000381469727","False","False","False","False","False","0"
"2023-07-25 12:20:07.459","6178","1038","359159972160221","1868","False","False","False","15.4","0","True","True","True","37.074835","284","-8.25743","19","False","True","[]","0","555","[]","False","59","False","MASTER","14.600000381469727","False","False","False","False","False","0"
"2023-07-25 12:20:08.442","6178","1038","359159972160221","1868","False","False","False","14.1","0","True","True","True","37.07485","293","-8.2574732","19","False","True","[]","0","555","[]","False","59","False","MASTER","14.600000381469727","False","False","False","False","False","0"
"2023-07-25 12:20:09.441","6178","1038","359159972160221","1868","False","False","False","17.8","0","True","True","True","37.0748683","297","-8.2575216","19","False","True","[]","0","555","[]","False","59","False","MASTER","14.600000381469727","False","False","False","False","False","0"
"2023-07-25 12:20:10.857","6178","1038","359159972160221","1868","False","False","False","16.1","0","True","True","True","37.07489","304","-8.2575666","21","False","True","[]","0","555","[]","False","59","False","MASTER","14.600000381469727","False","False","False","False","False","0"
"2023-07-25 12:20:11.637","6178","1038","359159972160221","1868","False","False","False","17.8","0","True","True","True","37.074915","303","-8.2576116","21","False","True","[]","0","555","[]","False","59","False","MASTER","14.600000381469727","False","False","False","False","False","0"
"2023-07-25 12:20:12.436","6178","1038","359159972160221","1868","False","False","False","27.0","0","True","True","True","37.0749466","303","-8.2576766","21","False","True","[]","0","555","[]","False","59","False","MASTER","14.600000381469727","False","False","False","False","False","0"
"2023-07-25 12:20:13.839","6178","1038","359159972160221","1868","False","False","False","33.0","0","True","True","True","37.07499","303","-8.2577582","22","False","True","[]","0","555","[]","False","59","False","MASTER","14.600000381469727","False","False","False","False","False","0"
"2023-07-25 12:20:14.596","6178","1038","359159972160221","1868","False","False","False","24.6","0","True","True","True","37.07503","307","-8.2578266","22","False","True","[]","0","555","[]","False","59","False","MASTER","14.600000381469727","False","False","False","False","False","0"
"2023-07-25 12:20:15.598","6178","1038","359159972160221","1868","False","False","False","20.1","0","True","True","True","37.0750583","301","-8.2578832","22","False","True","[]","0","555","[]","False","59","False","MASTER","14.600000381469727","False","False","False","False","False","0"
"2023-07-25 12:20:16.423","6178","1038","359159972160221","1868","False","False","False","13.1","0","True","True","True","37.075075","294","-8.257925","22","False","True","[]","0","555","[]","False","59","False","MASTER","14.600000381469727","False","False","False","False","False","0"
"2023-07-25 12:20:17.836","6178","1038","359159972160221","1868","False","False","False","10.8","0","True","True","True","37.0750866","294","-8.257958200000001","22","False","True","[]","0","555","[]","False","59","False","MASTER","14.600000381469727","False","False","False","False","False","0"
"2023-07-25 12:20:18.460","6178","1038","359159972160221","1868","False","False","False","8.2","0","True","True","True","37.075095","292","-8.2579832","22","False","True","[]","0","555","[]","False","59","False","MASTER","14.600000381469727","False","False","False","False","False","0"
"2023-07-25 12:20:19.456","6178","1038","359159972160221","1868","False","False","False","11.9","0","True","True","True","37.075105","290","-8.258015","24","False","True","[]","0","555","[]","False","59","False","MASTER","14.600000381469727","False","False","False","False","False","0"
"2023-07-25 12:20:20.439","6178","1038","359159972160221","1868","False","False","False","10.5","0","True","True","True","37.0751183","295","-8.258045","24","False","True","[]","0","555","[]","False","59","False","MASTER","14.600000381469727","False","False","False","False","False","0"
"2023-07-25 12:20:21.437","6178","1038","359159972160221","1868","False","False","False","10.7","0","True","True","True","37.0751316","303","-8.2580732","24","False","True","[]","0","555","[]","False","59","False","MASTER","14.600000381469727","False","False","False","False","False","0"
"2023-07-25 12:20:22.876","6178","1038","359159972160221","1868","False","False","False","11.1","0","True","True","True","37.075145","296","-8.258105","24","False","True","[]","0","555","[]","False","59","False","MASTER","14.600000381469727","False","False","False","False","False","0"
"2023-07-25 12:20:23.457","6178","1038","359159972160221","1868","False","False","False","7.9","0","True","True","True","37.075155","298","-8.2581282","24","False","True","[]","0","555","[]","False","59","False","MASTER","14.600000381469727","False","False","False","False","False","0"
"2023-07-25 12:20:24.460","6178","1038","359159972160221","1868","False","False","False","10.3","0","True","True","True","37.0751666","298","-8.2581566","24","False","True","[]","0","555","[]","False","59","False","MASTER","14.600000381469727","False","False","False","False","False","0"
"2023-07-25 12:20:25.421","6178","1038","359159972160221","1868","False","False","False","14.5","0","True","True","True","37.075185","300","-8.258193200000001","24","False","True","[]","0","555","[]","False","59","False","MASTER","14.600000381469727","False","False","False","False","False","0"
"2023-07-25 12:20:26.836","6178","1038","359159972160221","1868","False","False","False","9.5","0","True","True","True","37.0752","303","-8.2582216","24","False","True","[]","0","555","[]","False","59","False","MASTER","14.600000381469727","False","False","False","False","False","0"
"2023-07-25 12:20:27.459","6178","1038","359159972160221","1868","False","False","False","10.2","0","True","True","True","37.0752133","302","-8.2582466","24","False","True","[]","0","555","[]","False","59","False","MASTER","14.600000381469727","False","False","False","False","False","0"
"2023-07-25 12:20:28.456","6178","1038","359159972160221","1868","False","False","False","9.6","0","True","True","True","37.0752266","302","-8.2582732","24","False","True","[]","0","555","[]","False","59","False","MASTER","14.600000381469727","False","False","False","False","False","0"
"2023-07-25 12:20:29.440","6178","1038","359159972160221","1868","False","False","False","9.8","0","True","True","True","37.0752416","307","-8.2582982","24","False","True","[]","0","555","[]","False","59","False","MASTER","14.600000381469727","False","False","False","False","False","0"
"2023-07-25 12:20:30.436","6178","1038","359159972160221","1868","False","False","False","9.5","0","True","True","True","37.075255","302","-8.2583232","24","False","True","[]","0","555","[]","False","59","False","MASTER","14.600000381469727","False","False","False","False","False","0"
"2023-07-25 12:20:31.876","6178","1038","359159972160221","1868","False","False","False","13.2","0","True","True","True","37.0752716","305","-8.2583566","24","False","True","[]","0","555","[]","False","59","False","MASTER","14.600000381469727","False","False","False","False","False","0"
"2023-07-25 12:20:32.458","6178","1038","359159972160221","1868","False","False","False","11.4","0","True","True","True","37.0752883","306","-8.2583882","24","False","True","[]","0","555","[]","False","59","False","MASTER","14.600000381469727","False","False","False","False","False","0"
"2023-07-25 12:20:33.460","6178","1038","359159972160221","1868","False","False","False","14.2","0","True","True","True","37.0753116","315","-8.2584182","24","False","True","[]","0","555","[]","False","59","False","MASTER","14.600000381469727","False","False","False","False","False","0"
"2023-07-25 12:20:34.419","6178","1038","359159972160221","1868","False","False","False","10.2","0","True","True","True","37.0753316","314","-8.2584432","24","False","True","[]","0","555","[]","False","59","False","MASTER","14.600000381469727","False","False","False","False","False","0"
"2023-07-25 12:20:35.836","6178","1038","359159972160221","1868","False","False","False","13.8","0","True","True","True","37.0753483","300","-8.258475","24","False","True","[]","0","555","[]","False","59","False","MASTER","14.600000381469727","False","False","False","False","False","0"
"2023-07-25 12:20:36.460","6178","1038","359159972160221","1868","False","False","False","12.4","0","True","True","True","37.075365","302","-8.25851","24","False","True","[]","0","555","[]","False","59","False","MASTER","14.600000381469727","False","False","False","False","False","0"
"2023-07-25 12:20:37.471","6178","1038","359159972160221","1868","False","False","False","13.4","0","True","True","True","37.0753833","306","-8.2585416","24","False","True","[]","0","555","[]","False","59","False","MASTER","14.600000381469727","False","False","False","False","False","0"
"2023-07-25 12:20:38.439","6178","1038","359159972160221","1868","False","False","False","14.6","0","True","True","True","37.0754033","300","-8.2585782","24","False","True","[]","0","555","[]","False","59","False","MASTER","14.600000381469727","False","False","False","False","False","0"
"2023-07-25 12:20:39.437","6178","1038","359159972160221","1868","False","False","False","16.5","0","True","True","True","37.075425","307","-8.25862","24","False","True","[]","0","555","[]","False","59","False","MASTER","14.600000381469727","False","False","False","False","False","0"
"2023-07-25 12:20:40.876","6178","1038","359159972160221","1868","False","False","False","17.8","0","True","True","True","37.0754483","301","-8.258665","22","False","True","[]","0","555","[]","False","59","False","MASTER","14.600000381469727","False","False","False","False","False","0"
"2023-07-25 12:20:41.458","6178","1038","359159972160221","1868","False","False","False","17.9","0","True","True","True","37.0754683","297","-8.2587132","22","False","True","[]","0","555","[]","False","59","False","MASTER","14.600000381469727","False","False","False","False","False","0"
"2023-07-25 12:20:42.458","6178","1038","359159972160221","1868","False","False","False","11.3","0","True","True","True","37.0754866","306","-8.2587482","22","False","True","[]","0","555","[]","False","59","False","MASTER","14.600000381469727","False","False","False","False","False","0"
"2023-07-25 12:20:43.857","6178","1038","359159972160221","1868","False","False","False","16.0","0","True","True","True","37.0755066","301","-8.258785","24","False","True","[]","0","555","[]","False","59","False","MASTER","14.600000381469727","False","False","False","False","False","0"
"2023-07-25 12:20:44.459","6178","1038","359159972160221","1868","False","False","False","15.2","0","True","True","True","37.0755283","305","-8.2588266","24","False","True","[]","0","555","[]","False","59","False","MASTER","14.600000381469727","False","False","False","False","False","0"
"2023-07-25 12:20:45.459","6178","1038","359159972160221","1868","False","False","False","15.8","0","True","True","True","37.0755533","311","-8.2588632","24","False","True","[]","0","555","[]","False","59","False","MASTER","14.600000381469727","False","False","False","False","False","0"
"2023-07-25 12:20:46.446","6178","1038","359159972160221","1868","False","False","False","15.6","0","True","True","True","37.0755783","307","-8.2589032","24","False","True","[]","0","555","[]","False","59","False","MASTER","14.600000381469727","False","False","False","False","False","0"
"2023-07-25 12:20:47.440","6178","1038","359159972160221","1868","False","False","False","14.7","0","True","True","True","37.0756033","310","-8.25894","24","False","True","[]","0","555","[]","False","59","False","MASTER","14.600000381469727","False","False","False","False","False","0"
"2023-07-25 12:20:48.437","6178","1038","359159972160221","1868","False","False","False","12.2","0","True","True","True","37.0756233","310","-8.2589716","24","False","True","[]","0","555","[]","False","59","False","MASTER","14.600000381469727","False","False","False","False","False","0"
"2023-07-25 12:20:49.876","6178","1038","359159972160221","1868","False","False","False","13.8","0","True","True","True","37.0756433","305","-8.2590066","24","False","True","[]","0","555","[]","False","59","False","MASTER","14.600000381469727","False","False","False","False","False","0"
"2023-07-25 12:20:50.458","6178","1038","359159972160221","1868","False","False","False","14.2","0","True","True","True","37.0756666","314","-8.2590416","24","False","True","[]","0","555","[]","False","59","False","MASTER","14.600000381469727","False","False","False","False","False","0"
"2023-07-25 12:20:51.478","6178","1038","359159972160221","1868","False","False","False","15.9","0","True","True","True","37.075695","316","-8.259075","24","False","True","[]","0","555","[]","False","59","False","MASTER","14.600000381469727","False","False","False","False","False","0"
"2023-07-25 12:20:52.875","6178","1038","359159972160221","1868","False","False","False","12.8","0","True","True","True","37.0757233","326","-8.2590982","24","False","True","[]","0","555","[]","False","59","False","MASTER","14.600000381469727","False","False","False","False","False","0"
"2023-07-25 12:20:53.458","6178","1038","359159972160221","1868","False","False","False","11.3","0","True","True","True","37.0757516","338","-8.2591132","24","False","True","[]","0","555","[]","False","59","False","MASTER","14.600000381469727","False","False","False","False","False","0"
"2023-07-25 12:20:54.461","6178","1038","359159972160221","1868","False","False","False","9.0","0","True","True","True","37.0757766","0","-8.25911","24","False","True","[]","0","555","[]","False","59","False","MASTER","14.600000381469727","False","False","False","False","False","0"
"2023-07-25 12:20:55.439","6178","1038","359159972160221","1868","False","False","False","7.1","0","True","True","True","37.0757933","24","-8.2591","24","False","True","[]","0","555","[]","False","59","False","MASTER","14.600000381469727","False","False","False","False","False","0"
"2023-07-25 12:20:56.439","6178","1038","359159972160221","1868","False","False","False","10.6","0","True","True","True","37.0758133","40","-8.25908","24","False","True","[]","0","555","[]","False","59","False","MASTER","14.600000381469727","False","False","False","False","False","0"
"2023-07-25 12:20:57.436","6178","1038","359159972160221","1868","False","False","False","9.5","0","True","True","True","37.07583","49","-8.259055","24","False","True","[]","0","555","[]","False","59","False","MASTER","14.600000381469727","False","False","False","False","False","0"
"2023-07-25 12:20:58.877","6178","1038","359159972160221","1868","False","False","False","14.5","0","True","True","True","37.075845","63","-8.25902","23","False","True","[]","0","555","[]","False","59","False","MASTER","14.600000381469727","False","False","False","False","False","0"
"2023-07-25 12:20:59.459","6178","1038","359159972160221","1868","False","False","False","19.0","0","True","True","True","37.075865","64","-8.25897","23","False","True","[]","0","555","[]","False","59","False","MASTER","14.600000381469727","False","False","False","False","False","0"
"2023-07-25 12:21:00.476","6178","1038","359159972160221","1868","False","False","False","21.9","0","True","True","True","37.0758866","67","-8.25891","23","False","True","[]","0","555","[]","False","59","False","MASTER","14.600000381469727","False","False","False","False","False","0"
"2023-07-25 12:21:01.443","6178","1038","359159972160221","1868","False","False","False","20.7","0","True","True","True","37.075905","69","-8.2588482","23","False","True","[]","0","555","[]","False","59","False","MASTER","14.600000381469727","False","False","False","False","False","0"
"2023-07-25 12:21:02.441","6178","1038","359159972160221","1868","False","False","False","12.4","0","True","True","True","37.07592","67","-8.258805","23","False","True","[]","0","555","[]","False","59","False","MASTER","14.600000381469727","False","False","False","False","False","0"
"2023-07-25 12:21:03.435","6178","1038","359159972160221","1868","False","False","False","9.3","0","True","True","True","37.0759283","68","-8.258775","23","False","True","[]","0","555","[]","False","59","False","MASTER","14.600000381469727","False","False","False","False","False","0"
"2023-07-25 12:21:04.839","6178","1038","359159972160221","1868","False","False","False","8.3","0","True","True","True","37.075935","70","-8.2587482","25","False","True","[]","0","555","[]","False","59","False","MASTER","14.600000381469727","False","False","False","False","False","0"
"2023-07-25 12:21:05.465","6178","1038","359159972160221","1868","False","False","False","8.8","0","True","True","True","37.0759416","73","-8.2587216","25","False","True","[]","0","555","[]","False","59","False","MASTER","14.600000381469727","False","False","False","False","False","0"
"2023-07-25 12:21:06.459","6178","1038","359159972160221","1868","False","False","False","10.4","0","True","True","True","37.0759483","76","-8.25869","25","False","True","[]","0","555","[]","False","59","False","MASTER","14.600000381469727","False","False","False","False","False","0"
"2023-07-25 12:21:07.437","6178","1038","359159972160221","1868","False","False","False","13.1","0","True","True","True","37.0759533","77","-8.2586516","25","False","True","[]","0","555","[]","False","59","False","MASTER","14.600000381469727","False","False","False","False","False","0"
"2023-07-25 12:21:08.878","6178","1038","359159972160221","1868","False","False","False","12.5","0","True","True","True","37.07596","80","-8.2586116","25","False","True","[]","0","555","[]","False","59","False","MASTER","14.600000381469727","False","False","False","False","False","0"
"2023-07-25 12:21:09.469","6178","1038","359159972160221","1868","False","False","False","11.0","0","True","True","True","37.075965","80","-8.2585766","25","False","True","[]","0","555","[]","False","59","False","MASTER","14.600000381469727","False","False","False","False","False","0"
"2023-07-25 12:21:10.457","6178","1038","359159972160221","1868","False","False","False","9.4","0","True","True","True","37.0759683","81","-8.258545","22","False","True","[]","0","555","[]","False","59","False","MASTER","14.600000381469727","False","False","False","False","False","0"
"2023-07-25 12:21:11.440","6178","1038","359159972160221","1868","False","False","False","9.5","0","True","True","True","37.0759733","75","-8.2585166","22","False","True","[]","0","555","[]","False","59","False","MASTER","14.600000381469727","False","False","False","False","False","0"
"2023-07-25 12:21:12.435","6178","1038","359159972160221","1868","False","False","False","9.9","0","True","True","True","37.0759816","72","-8.2584882","22","False","True","[]","0","555","[]","False","59","False","MASTER","14.600000381469727","False","False","False","False","False","0"
"2023-07-25 12:21:13.877","6178","1038","359159972160221","1868","False","False","False","8.3","0","True","True","True","37.0759883","71","-8.2584616","22","False","True","[]","0","555","[]","False","59","False","MASTER","14.600000381469727","False","False","False","False","False","0"
"2023-07-25 12:21:14.457","6178","1038","359159972160221","1868","False","False","False","8.2","0","True","True","True","37.075995","72","-8.2584366","22","False","True","[]","0","555","[]","False","59","False","MASTER","14.600000381469727","False","False","False","False","False","0"
"2023-07-25 12:21:15.470","6178","1038","359159972160221","1868","False","False","False","9.8","0","True","True","True","37.0760016","72","-8.2584082","22","False","True","[]","0","555","[]","False","59","False","MASTER","14.600000381469727","False","False","False","False","False","0"
"2023-07-25 12:21:16.438","6178","1038","359159972160221","1868","False","False","False","11.1","0","True","True","True","37.07601","72","-8.2583766","22","False","True","[]","0","555","[]","False","59","False","MASTER","14.600000381469727","False","False","False","False","False","0"
"2023-07-25 12:21:17.439","6178","1038","359159972160221","1868","False","False","False","9.6","0","True","True","True","37.0760183","73","-8.2583466","22","False","True","[]","0","555","[]","False","59","False","MASTER","14.600000381469727","False","False","False","False","False","0"
"2023-07-25 12:21:18.837","6178","1038","359159972160221","1868","False","False","False","9.4","0","True","True","True","37.076025","72","-8.2583182","22","False","True","[]","0","555","[]","False","59","False","MASTER","14.600000381469727","False","False","False","False","False","0"
"2023-07-25 12:21:19.456","6178","1038","359159972160221","1868","False","False","False","11.2","0","True","True","True","37.07603","77","-8.258285","20","False","True","[]","0","555","[]","False","59","False","MASTER","14.600000381469727","False","False","False","False","False","0"
"2023-07-25 12:21:20.463","6178","1038","359159972160221","1868","False","False","False","9.9","0","True","True","True","37.076035","78","-8.2582532","20","False","True","[]","0","555","[]","False","59","False","MASTER","14.600000381469727","False","False","False","False","False","0"
"2023-07-25 12:21:21.441","6178","1038","359159972160221","1868","False","False","False","9.2","0","True","True","True","37.07604","81","-8.258225","20","False","True","[]","0","555","[]","False","59","False","MASTER","14.600000381469727","False","False","False","False","False","0"
"2023-07-25 12:21:22.438","6178","1038","359159972160221","1868","False","False","False","7.7","0","True","True","True","37.0760416","87","-8.258193200000001","20","False","True","[]","0","555","[]","False","59","False","MASTER","14.600000381469727","False","False","False","False","False","0"
"2023-07-25 12:21:23.438","6178","1038","359159972160221","1868","False","False","False","8.3","0","True","True","True","37.0760433","87","-8.2581666","20","False","True","[]","0","555","[]","False","59","False","MASTER","14.600000381469727","False","False","False","False","False","0"
"2023-07-25 12:21:24.435","6178","1038","359159972160221","1868","False","False","False","8.6","0","True","True","True","37.0760466","80","-8.25814","20","False","True","[]","0","555","[]","False","59","False","MASTER","14.600000381469727","False","False","False","False","False","0"
"2023-07-25 12:21:25.996","6178","1038","359159972160221","1868","False","False","False","10.5","0","True","True","True","37.0760516","77","-8.2581066","21","False","True","[]","0","555","[]","False","59","False","MASTER","14.600000381469727","False","False","False","False","False","0"
"2023-07-25 12:21:26.458","6178","1038","359159972160221","1868","False","False","False","8.1","0","True","True","True","37.076055","81","-8.25808","21","False","True","[]","0","555","[]","False","59","False","MASTER","14.600000381469727","False","False","False","False","False","0"
"2023-07-25 12:21:27.460","6178","1038","359159972160221","1868","False","False","False","8.4","0","True","True","True","37.0760583","80","-8.258053199999999","21","False","True","[]","0","555","[]","False","59","False","MASTER","14.600000381469727","False","False","False","False","False","0"
"2023-07-25 12:21:28.438","6178","1038","359159972160221","1868","False","False","False","9.1","0","True","True","True","37.0760616","81","-8.258025","21","False","True","[]","0","555","[]","False","59","False","MASTER","14.600000381469727","False","False","False","False","False","0"
"2023-07-25 12:21:29.877","6178","1038","359159972160221","1868","False","False","False","9.6","0","True","True","True","37.0760666","77","-8.2579966","21","False","True","[]","0","555","[]","False","59","False","MASTER","14.600000381469727","False","False","False","False","False","0"
"2023-07-25 12:21:30.461","6178","1038","359159972160221","1868","False","False","False","10.4","0","True","True","True","37.0760733","74","-8.2579666","21","False","True","[]","0","555","[]","False","59","False","MASTER","14.600000381469727","False","False","False","False","False","0"
"2023-07-25 12:21:31.456","6178","1038","359159972160221","1868","False","False","False","8.4","0","True","True","True","37.07608","72","-8.2579416","22","False","True","[]","0","555","[]","False","59","False","MASTER","14.600000381469727","False","False","False","False","False","0"
"2023-07-25 12:21:32.441","6178","1038","359159972160221","1868","False","False","False","8.9","0","True","True","True","37.076085","73","-8.2579132","22","False","True","[]","0","555","[]","False","59","False","MASTER","14.600000381469727","False","False","False","False","False","0"
"2023-07-25 12:21:33.436","6178","1038","359159972160221","1868","False","False","False","9.9","0","True","True","True","37.07609","77","-8.257885","22","False","True","[]","0","555","[]","False","59","False","MASTER","14.600000381469727","False","False","False","False","False","0"
"2023-07-25 12:21:34.876","6178","1038","359159972160221","1868","False","False","False","10.0","0","True","True","True","37.076095","80","-8.2578532","22","False","True","[]","0","555","[]","False","59","False","MASTER","14.600000381469727","False","False","False","False","False","0"
"2023-07-25 12:21:35.459","6178","1038","359159972160221","1868","False","False","False","10.9","0","True","True","True","37.0761016","76","-8.2578216","22","False","True","[]","0","555","[]","False","59","False","MASTER","14.600000381469727","False","False","False","False","False","0"
"2023-07-25 12:21:36.460","6178","1038","359159972160221","1868","False","False","False","7.5","0","True","True","True","37.0761066","74","-8.257795","22","False","True","[]","0","555","[]","False","59","False","MASTER","14.600000381469727","False","False","False","False","False","0"
"2023-07-25 12:21:37.439","6178","1038","359159972160221","1868","False","False","False","9.5","0","True","True","True","37.0761116","79","-8.2577666","22","False","True","[]","0","555","[]","False","59","False","MASTER","14.600000381469727","False","False","False","False","False","0"
"2023-07-25 12:21:38.440","6178","1038","359159972160221","1868","False","False","False","11.0","0","True","True","True","37.0761166","79","-8.257735","22","False","True","[]","0","555","[]","False","59","False","MASTER","14.600000381469727","False","False","False","False","False","0"
"2023-07-25 12:21:39.438","6178","1038","359159972160221","1868","False","False","False","11.2","0","True","True","True","37.0761283","58","-8.257705","22","False","True","[]","0","555","[]","False","59","False","MASTER","14.600000381469727","False","False","False","False","False","0"
"2023-07-25 12:21:40.877","6178","1038","359159972160221","1868","False","False","False","9.9","0","True","True","True","37.0761483","53","-8.25768","22","False","True","[]","0","555","[]","False","59","False","MASTER","14.600000381469727","False","False","False","False","False","0"
"2023-07-25 12:21:41.458","6178","1038","359159972160221","1868","False","False","False","14.0","0","True","True","True","37.0761683","55","-8.2576482","22","False","True","[]","0","555","[]","False","59","False","MASTER","14.600000381469727","False","False","False","False","False","0"
"2023-07-25 12:21:42.459","6178","1038","359159972160221","1868","False","False","False","17.9","0","True","True","True","37.07619","60","-8.2576016","22","False","True","[]","0","555","[]","False","59","False","MASTER","14.600000381469727","False","False","False","False","False","0"
"2023-07-25 12:21:43.898","6178","1038","359159972160221","1868","False","False","False","11.4","0","True","True","True","37.0762033","64","-8.257565","22","False","True","[]","0","555","[]","False","59","False","MASTER","14.600000381469727","False","False","False","False","False","0"
"2023-07-25 12:21:44.458","6178","1038","359159972160221","1868","False","False","False","10.6","0","True","True","True","37.076215","66","-8.2575332","22","False","True","[]","0","555","[]","False","59","False","MASTER","14.600000381469727","False","False","False","False","False","0"
"2023-07-25 12:21:45.460","6178","1038","359159972160221","1868","False","False","False","12.9","0","True","True","True","37.076225","70","-8.2574982","22","False","True","[]","0","555","[]","False","59","False","MASTER","14.600000381469727","False","False","False","False","False","0"
"2023-07-25 12:21:46.437","6178","1038","359159972160221","1868","False","False","False","13.2","0","True","True","True","37.0762383","67","-8.25746","23","False","True","[]","0","555","[]","False","59","False","MASTER","14.600000381469727","False","False","False","False","False","0"
"2023-07-25 12:21:47.877","6178","1038","359159972160221","1868","False","False","False","11.1","0","True","True","True","37.0762466","75","-8.257425","23","False","True","[]","0","555","[]","False","59","False","MASTER","14.600000381469727","False","False","False","False","False","0"
"2023-07-25 12:21:48.820","6178","1038","359159972160221","1868","False","False","False","11.5","0","True","True","True","37.0762566","69","-8.2573866","22","False","True","[]","0","555","[]","False","67","False","MASTER","14.5","False","False","False","False","False","0"
"2023-07-25 12:21:49.438","6178","1038","359159972160221","1868","False","False","False","12.6","0","True","True","True","37.07627","63","-8.2573516","22","False","True","[]","0","555","[]","False","67","False","MASTER","14.5","False","False","False","False","False","0"
"2023-07-25 12:21:50.878","6178","1038","359159972160221","1868","False","False","False","10.2","0","True","True","True","37.07628","71","-8.25732","22","False","True","[]","0","555","[]","False","67","False","MASTER","14.5","False","False","False","False","False","0"
"2023-07-25 12:21:51.461","6178","1038","359159972160221","1868","False","False","False","15.0","0","True","True","True","37.07629","73","-8.2572782","22","False","True","[]","0","555","[]","False","67","False","MASTER","14.5","False","False","False","False","False","0"
"2023-07-25 12:21:52.457","6178","1038","359159972160221","1868","False","False","False","15.1","0","True","True","True","37.0763","76","-8.2572316","22","False","True","[]","0","555","[]","False","67","False","MASTER","14.5","False","False","False","False","False","0"
"2023-07-25 12:21:53.440","6178","1038","359159972160221","1868","False","False","False","15.7","0","True","True","True","37.0763083","77","-8.2571832","22","False","True","[]","0","555","[]","False","67","False","MASTER","14.5","False","False","False","False","False","0"
"2023-07-25 12:21:54.436","6178","1038","359159972160221","1868","False","False","False","16.3","0","True","True","True","37.0763183","79","-8.2571332","22","False","True","[]","0","555","[]","False","67","False","MASTER","14.5","False","False","False","False","False","0"
"2023-07-25 12:21:55.876","6178","1038","359159972160221","1868","False","False","False","14.9","0","True","True","True","37.0763266","80","-8.2570866","23","False","True","[]","0","555","[]","False","67","False","MASTER","14.5","False","False","False","False","False","0"
"2023-07-25 12:21:56.478","6178","1038","359159972160221","1868","False","False","False","15.9","0","True","True","True","37.0763333","79","-8.25704","23","False","True","[]","0","555","[]","False","67","False","MASTER","14.5","False","False","False","False","False","0"
"2023-07-25 12:21:57.460","6178","1038","359159972160221","1868","False","False","False","17.9","0","True","True","True","37.07634","82","-8.2569866","23","False","True","[]","0","555","[]","False","67","False","MASTER","14.5","False","False","False","False","False","0"
"2023-07-25 12:21:58.439","6178","1038","359159972160221","1868","False","False","False","18.2","0","True","True","True","37.076345","81","-8.2569332","23","False","True","[]","0","555","[]","False","67","False","MASTER","14.5","False","False","False","False","False","0"
"2023-07-25 12:21:59.441","6178","1038","359159972160221","1868","False","False","False","19.0","0","True","True","True","37.0763566","78","-8.256875","23","False","True","[]","0","555","[]","False","67","False","MASTER","14.5","False","False","False","False","False","0"
"2023-07-25 12:22:00.436","6178","1038","359159972160221","1868","False","False","False","19.3","0","True","True","True","37.076365","81","-8.256815","23","False","True","[]","0","555","[]","False","67","False","MASTER","14.5","False","False","False","False","False","0"
"2023-07-25 12:22:01.877","6178","1038","359159972160221","1868","False","False","False","20.1","0","True","True","True","37.0763716","81","-8.2567516","25","False","True","[]","0","555","[]","False","67","False","MASTER","14.5","False","False","False","False","False","0"
"2023-07-25 12:22:02.458","6178","1038","359159972160221","1868","False","False","False","20.5","0","True","True","True","37.0763783","85","-8.2566882","25","False","True","[]","0","555","[]","False","67","False","MASTER","14.5","False","False","False","False","False","0"
"2023-07-25 12:22:03.460","6178","1038","359159972160221","1868","False","False","False","19.6","0","True","True","True","37.0763816","84","-8.2566266","25","False","True","[]","0","555","[]","False","67","False","MASTER","14.5","False","False","False","False","False","0"
"2023-07-25 12:22:04.438","6178","1038","359159972160221","1868","False","False","False","19.8","0","True","True","True","37.0763883","81","-8.256565","25","False","True","[]","0","555","[]","False","67","False","MASTER","14.5","False","False","False","False","False","0"
"2023-07-25 12:22:05.836","6178","1038","359159972160221","1868","False","False","False","13.6","0","True","True","True","37.0763916","86","-8.2565182","25","False","True","[]","0","555","[]","False","67","False","MASTER","14.5","False","False","False","False","False","0"
"2023-07-25 12:22:06.459","6178","1038","359159972160221","1868","False","False","False","12.4","0","True","True","True","37.076395","83","-8.2564766","25","False","True","[]","0","555","[]","False","67","False","MASTER","14.5","False","False","False","False","False","0"
"2023-07-25 12:22:07.457","6178","1038","359159972160221","1868","False","False","False","7.0","0","True","True","True","37.0763983","82","-8.2564482","25","False","True","[]","0","555","[]","False","67","False","MASTER","14.5","False","False","False","False","False","0"
"2023-07-25 12:22:08.440","6178","1038","359159972160221","1868","False","False","False","8.0","0","True","True","True","37.076395","95","-8.256425","25","False","True","[]","0","555","[]","False","67","False","MASTER","14.5","False","False","False","False","False","0"
"2023-07-25 12:22:09.437","6178","1038","359159972160221","1868","False","False","False","6.0","0","True","True","True","37.07639","101","-8.2564016","25","False","True","[]","0","555","[]","False","67","False","MASTER","14.5","False","False","False","False","False","0"
"2023-07-25 12:22:10.437","6178","1038","359159972160221","1868","False","False","False","6.3","0","True","True","True","37.0763833","115","-8.2563832","25","False","True","[]","0","555","[]","False","67","False","MASTER","14.5","False","False","False","False","False","0"
"2023-07-25 12:22:11.878","6178","1038","359159972160221","1868","False","False","False","4.7","0","True","True","True","37.076375","121","-8.25637","25","False","True","[]","0","555","[]","False","67","False","MASTER","14.5","False","False","False","False","False","0"
"2023-07-25 12:22:12.460","6178","1038","359159972160221","1868","False","False","False","3.8","0","True","True","True","37.0763683","130","-8.2563616","25","False","True","[]","0","555","[]","False","67","False","MASTER","14.5","False","False","False","False","False","0"
"2023-07-25 12:22:13.438","6178","1038","359159972160221","1868","False","False","False","5.8","0","True","True","True","37.0763583","135","-8.2563516","24","False","True","[]","0","555","[]","False","67","False","MASTER","14.5","False","False","False","False","False","0"
"2023-07-25 12:22:14.439","6178","1038","359159972160221","1868","False","False","False","5.3","0","True","True","True","37.0763483","134","-8.2563416","24","False","True","[]","0","555","[]","False","67","False","MASTER","14.5","False","False","False","False","False","0"
"2023-07-25 12:22:15.435","6178","1038","359159972160221","1868","False","False","False","3.1","0","True","True","True","37.0763433","128","-8.2563316","24","False","True","[]","0","555","[]","False","67","False","MASTER","14.5","False","False","False","False","False","0"
"2023-07-25 12:22:16.437","6178","1038","359159972160221","1868","False","False","False","5.7","0","True","True","True","37.0763383","111","-8.2563182","24","False","True","[]","0","555","[]","False","67","False","MASTER","14.5","False","False","False","False","False","0"
"2023-07-25 12:22:17.879","6178","1038","359159972160221","1868","False","False","False","6.3","0","True","True","True","37.076335","103","-8.2562982","24","False","True","[]","0","555","[]","False","67","False","MASTER","14.5","False","False","False","False","False","0"
"2023-07-25 12:22:18.478","6178","1038","359159972160221","1868","False","False","False","5.1","0","True","True","True","37.0763266","112","-8.2562866","24","False","True","[]","0","555","[]","False","67","False","MASTER","14.5","False","False","False","False","False","0"
"2023-07-25 12:22:19.457","6178","1038","359159972160221","1868","False","False","False","5.0","0","True","True","True","37.0763183","123","-8.256275","24","False","True","[]","0","555","[]","False","67","False","MASTER","14.5","False","False","False","False","False","0"
"2023-07-25 12:22:20.440","6178","1038","359159972160221","1868","False","False","False","5.5","0","True","True","True","37.0763083","137","-8.256265","24","False","True","[]","0","555","[]","False","67","False","MASTER","14.5","False","False","False","False","False","0"
"2023-07-25 12:22:21.435","6178","1038","359159972160221","1868","False","False","False","5.9","0","True","True","True","37.076295","154","-8.25626","24","False","True","[]","0","555","[]","False","67","False","MASTER","14.5","False","False","False","False","False","0"
"2023-07-25 12:22:22.839","6178","1038","359159972160221","1868","False","False","False","6.6","0","True","True","True","37.0762783","156","-8.2562532","22","False","True","[]","0","555","[]","False","67","False","MASTER","14.5","False","False","False","False","False","0"
"2023-07-25 12:22:23.459","6178","1038","359159972160221","1868","False","False","False","7.1","0","True","True","True","37.0762633","160","-8.2562466","22","False","True","[]","0","555","[]","False","67","False","MASTER","14.5","False","False","False","False","False","0"
"2023-07-25 12:22:24.459","6178","1038","359159972160221","1868","False","False","False","8.6","0","True","True","True","37.0762433","161","-8.25624","22","False","True","[]","0","555","[]","False","67","False","MASTER","14.5","False","False","False","False","False","0"
"2023-07-25 12:22:25.437","6178","1038","359159972160221","1868","False","False","False","6.8","0","True","True","True","37.076225","165","-8.256235","23","False","True","[]","0","555","[]","False","67","False","MASTER","14.5","False","False","False","False","False","0"
"2023-07-25 12:22:26.878","6178","1038","359159972160221","1868","False","False","False","6.3","0","True","True","True","37.0762083","178","-8.2562332","23","False","True","[]","0","555","[]","False","67","False","MASTER","14.5","False","False","False","False","False","0"
"2023-07-25 12:22:27.478","6178","1038","359159972160221","1868","False","False","False","7.1","0","True","True","True","37.07619","184","-8.2562366","23","False","True","[]","0","555","[]","False","67","False","MASTER","14.5","False","False","False","False","False","0"
"2023-07-25 12:22:28.457","6178","1038","359159972160221","1868","False","False","False","6.2","0","True","True","True","37.0761733","189","-8.2562382","26","False","True","[]","0","555","[]","False","67","False","MASTER","14.5","False","False","False","False","False","0"
"2023-07-25 12:22:29.439","6178","1038","359159972160221","1868","False","False","False","5.6","0","True","True","True","37.0761583","188","-8.2562416","26","False","True","[]","0","555","[]","False","67","False","MASTER","14.5","False","False","False","False","False","0"
"2023-07-25 12:22:30.437","6178","1038","359159972160221","1868","False","False","False","6.6","0","True","True","True","37.0761416","188","-8.2562432","26","False","True","[]","0","555","[]","False","67","False","MASTER","14.5","False","False","False","False","False","0"
"2023-07-25 12:22:31.438","6178","1038","359159972160221","1868","False","False","False","9.5","0","True","True","True","37.0761216","203","-8.256255","24","False","True","[]","0","555","[]","False","67","False","MASTER","14.5","False","False","False","False","False","0"
"2023-07-25 12:22:32.876","6178","1038","359159972160221","1868","False","False","False","9.3","0","True","True","True","37.0761016","223","-8.256275","24","False","True","[]","0","555","[]","False","67","False","MASTER","14.5","False","False","False","False","False","0"
"2023-07-25 12:22:33.460","6178","1038","359159972160221","1868","False","False","False","8.9","0","True","True","True","37.07609","242","-8.2563","24","False","True","[]","0","555","[]","False","67","False","MASTER","14.5","False","False","False","False","False","0"
"2023-07-25 12:22:34.458","6178","1038","359159972160221","1868","False","False","False","9.6","0","True","True","True","37.0760816","249","-8.2563266","21","False","True","[]","0","555","[]","False","67","False","MASTER","14.5","False","False","False","False","False","0"
"2023-07-25 12:22:35.440","6178","1038","359159972160221","1868","False","False","False","14.3","0","True","True","True","37.0760733","259","-8.2563666","21","False","True","[]","0","555","[]","False","67","False","MASTER","14.5","False","False","False","False","False","0"
"2023-07-25 12:22:36.437","6178","1038","359159972160221","1868","False","False","False","22.8","0","True","True","True","37.0760633","258","-8.2564282","21","False","True","[]","0","555","[]","False","67","False","MASTER","14.5","False","False","False","False","False","0"
"2023-07-25 12:22:37.437","6178","1038","359159972160221","1868","False","False","False","28.6","0","True","True","True","37.076055","263","-8.2565116","22","False","True","[]","0","555","[]","False","67","False","MASTER","14.5","False","False","False","False","False","0"
"2023-07-25 12:22:38.878","6178","1038","359159972160221","1868","False","False","False","26.5","0","True","True","True","37.0760516","268","-8.256595","22","False","True","[]","0","555","[]","False","67","False","MASTER","14.5","False","False","False","False","False","0"
"2023-07-25 12:22:39.458","6178","1038","359159972160221","1868","False","False","False","24.3","0","True","True","True","37.07605","268","-8.2566732","22","False","True","[]","0","555","[]","False","67","False","MASTER","14.5","False","False","False","False","False","0"
"2023-07-25 12:22:40.457","6178","1038","359159972160221","1868","False","False","False","31.5","0","True","True","True","37.0760466","267","-8.256765","23","False","True","[]","0","555","[]","False","67","False","MASTER","14.5","False","False","False","False","False","0"
"2023-07-25 12:22:41.440","6178","1038","359159972160221","1868","False","False","False","30.1","0","True","True","True","37.0760433","268","-8.25686","23","False","True","[]","0","555","[]","False","67","False","MASTER","14.5","False","False","False","False","False","0"
"2023-07-25 12:22:42.443","6178","1038","359159972160221","1868","False","False","False","31.5","0","True","True","True","37.0760333","260","-8.2569566","23","False","True","[]","0","555","[]","False","67","False","MASTER","14.5","False","False","False","False","False","0"
"2023-07-25 12:22:43.877","6178","1038","359159972160221","1868","False","False","False","24.1","0","True","True","True","37.0760183","253","-8.2570382","24","False","True","[]","0","555","[]","False","67","False","MASTER","14.5","False","False","False","False","False","0"
"2023-07-25 12:22:44.458","6178","1038","359159972160221","1868","False","False","False","27.9","0","True","True","True","37.076005","259","-8.2571216","24","False","True","[]","0","555","[]","False","67","False","MASTER","14.5","False","False","False","False","False","0"
"2023-07-25 12:22:45.465","6178","1038","359159972160221","1868","False","False","False","21.9","0","True","True","True","37.0759966","262","-8.257195","24","False","True","[]","0","555","[]","False","67","False","MASTER","14.5","False","False","False","False","False","0"
"2023-07-25 12:22:46.437","6178","1038","359159972160221","1868","False","False","False","21.5","0","True","True","True","37.075985","258","-8.25726","23","False","True","[]","0","555","[]","False","67","False","MASTER","14.5","False","False","False","False","False","0"
"2023-07-25 12:22:47.878","6178","1038","359159972160221","1868","False","False","False","22.1","0","True","True","True","37.0759733","257","-8.2573266","23","False","True","[]","0","555","[]","False","67","False","MASTER","14.5","False","False","False","False","False","0"
"2023-07-25 12:22:48.460","6178","1038","359159972160221","1868","False","False","False","23.4","0","True","True","True","37.075965","262","-8.2573982","23","False","True","[]","0","555","[]","False","67","False","MASTER","14.5","False","False","False","False","False","0"
"2023-07-25 12:22:49.457","6178","1038","359159972160221","1868","False","False","False","22.4","0","True","True","True","37.0759583","264","-8.2574682","23","False","True","[]","0","555","[]","False","67","False","MASTER","14.5","False","False","False","False","False","0"
"2023-07-25 12:22:50.440","6178","1038","359159972160221","1868","False","False","False","25.3","0","True","True","True","37.0759483","261","-8.2575432","23","False","True","[]","0","555","[]","False","60","False","MASTER","14.600000381469727","False","False","False","False","False","0"
"2023-07-25 12:22:51.437","6178","1038","359159972160221","1868","False","False","False","25.7","0","True","True","True","37.07594","263","-8.2576232","23","False","True","[]","0","555","[]","False","60","False","MASTER","14.600000381469727","False","False","False","False","False","0"
"2023-07-25 12:22:52.437","6178","1038","359159972160221","1868","False","False","False","23.5","0","True","True","True","37.0759366","267","-8.2576982","24","False","True","[]","0","555","[]","False","60","False","MASTER","14.600000381469727","False","False","False","False","False","0"
"2023-07-25 12:22:53.879","6178","1038","359159972160221","1868","False","False","False","26.4","0","True","True","True","37.0759316","267","-8.2577766","24","False","True","[]","0","555","[]","False","60","False","MASTER","14.600000381469727","False","False","False","False","False","0"
"2023-07-25 12:22:54.461","6178","1038","359159972160221","1868","False","False","False","29.5","0","True","True","True","37.0759283","267","-8.257865","24","False","True","[]","0","555","[]","False","60","False","MASTER","14.600000381469727","False","False","False","False","False","0"
"2023-07-25 12:22:55.457","6178","1038","359159972160221","1868","False","False","False","23.3","0","True","True","True","37.0759283","271","-8.2579432","24","False","True","[]","0","555","[]","False","60","False","MASTER","14.600000381469727","False","False","False","False","False","0"
"2023-07-25 12:22:56.439","6178","1038","359159972160221","1868","False","False","False","15.9","0","True","True","True","37.07593","274","-8.2579982","24","False","True","[]","0","555","[]","False","60","False","MASTER","14.600000381469727","False","False","False","False","False","0"
"2023-07-25 12:22:57.437","6178","1038","359159972160221","1868","False","False","False","10.5","0","True","True","True","37.0759333","275","-8.258035","24","False","True","[]","0","555","[]","False","60","False","MASTER","14.600000381469727","False","False","False","False","False","0"
"2023-07-25 12:22:58.857","6178","1038","359159972160221","1868","False","False","False","7.6","0","True","True","True","37.07593","261","-8.25806","24","False","True","[]","0","555","[]","False","60","False","MASTER","14.600000381469727","False","False","False","False","False","0"
"2023-07-25 12:22:59.458","6178","1038","359159972160221","1868","False","False","False","7.8","0","True","True","True","37.0759233","251","-8.2580816","24","False","True","[]","0","555","[]","False","60","False","MASTER","14.600000381469727","False","False","False","False","False","0"
"2023-07-25 12:23:00.460","6178","1038","359159972160221","1868","False","False","False","11.3","0","True","True","True","37.07591","243","-8.2581116","24","False","True","[]","0","555","[]","False","60","False","MASTER","14.600000381469727","False","False","False","False","False","0"
"2023-07-25 12:23:01.440","6178","1038","359159972160221","1868","False","False","False","14.3","0","True","True","True","37.0758933","237","-8.2581432","23","False","True","[]","0","555","[]","False","60","False","MASTER","14.600000381469727","False","False","False","False","False","0"
"2023-07-25 12:23:02.440","6178","1038","359159972160221","1868","False","False","False","18.2","0","True","True","True","37.0758716","241","-8.25819","23","False","True","[]","0","555","[]","False","60","False","MASTER","14.600000381469727","False","False","False","False","False","0"
"2023-07-25 12:23:03.437","6178","1038","359159972160221","1868","False","False","False","19.5","0","True","True","True","37.075845","235","-8.2582416","23","False","True","[]","0","555","[]","False","60","False","MASTER","14.600000381469727","False","False","False","False","False","0"
"2023-07-25 12:23:04.876","6178","1038","359159972160221","1868","False","False","False","15.9","0","True","True","True","37.0758216","235","-8.2582832","22","False","True","[]","0","555","[]","False","60","False","MASTER","14.600000381469727","False","False","False","False","False","0"
"2023-07-25 12:23:05.457","6178","1038","359159972160221","1868","False","False","False","16.8","0","True","True","True","37.0757983","237","-8.2583282","22","False","True","[]","0","555","[]","False","60","False","MASTER","14.600000381469727","False","False","False","False","False","0"
"2023-07-25 12:23:06.460","6178","1038","359159972160221","1868","False","False","False","15.1","0","True","True","True","37.0757766","235","-8.2583682","22","False","True","[]","0","555","[]","False","60","False","MASTER","14.600000381469727","False","False","False","False","False","0"
"2023-07-25 12:23:07.438","6178","1038","359159972160221","1868","False","False","False","16.9","0","True","True","True","37.0757583","243","-8.258415","20","False","True","[]","0","555","[]","False","60","False","MASTER","14.600000381469727","False","False","False","False","False","0"
"2023-07-25 12:23:08.878","6178","1038","359159972160221","1868","False","False","False","19.9","0","True","True","True","37.0757383","247","-8.258469999999999","20","False","True","[]","0","555","[]","False","60","False","MASTER","14.600000381469727","False","False","False","False","False","0"
"2023-07-25 12:23:09.459","6178","1038","359159972160221","1868","False","False","False","16.9","0","True","True","True","37.0757233","249","-8.2585216","20","False","True","[]","0","555","[]","False","60","False","MASTER","14.600000381469727","False","False","False","False","False","0"
"2023-07-25 12:23:10.479","6178","1038","359159972160221","1868","False","False","False","19.0","0","True","True","True","37.07571","255","-8.2585782","20","False","True","[]","0","555","[]","False","60","False","MASTER","14.600000381469727","False","False","False","False","False","0"
"2023-07-25 12:23:11.439","6178","1038","359159972160221","1868","False","False","False","20.1","0","True","True","True","37.075705","264","-8.2586382","20","False","True","[]","0","555","[]","False","60","False","MASTER","14.600000381469727","False","False","False","False","False","0"
"2023-07-25 12:23:12.436","6178","1038","359159972160221","1868","False","False","False","17.5","0","True","True","True","37.0756966","259","-8.258695","20","False","True","[]","0","555","[]","False","60","False","MASTER","14.600000381469727","False","False","False","False","False","0"
"2023-07-25 12:23:13.877","6178","1038","359159972160221","1868","False","False","False","16.7","0","True","True","True","37.075685","250","-8.2587482","20","False","True","[]","0","555","[]","False","60","False","MASTER","14.600000381469727","False","False","False","False","False","0"
"2023-07-25 12:23:14.461","6178","1038","359159972160221","1868","False","False","False","11.7","0","True","True","True","37.0756783","261","-8.2587882","20","False","True","[]","0","555","[]","False","60","False","MASTER","14.600000381469727","False","False","False","False","False","0"
"2023-07-25 12:23:15.459","6178","1038","359159972160221","1868","False","False","False","11.5","0","True","True","True","37.0756683","251","-8.2588232","20","False","True","[]","0","555","[]","False","60","False","MASTER","14.600000381469727","False","False","False","False","False","0"
"2023-07-25 12:23:16.438","6178","1038","359159972160221","1868","False","False","False","12.2","0","True","True","True","37.0756616","259","-8.2588632","21","False","True","[]","0","555","[]","False","60","False","MASTER","14.600000381469727","False","False","False","False","False","0"
"2023-07-25 12:23:17.439","6178","1038","359159972160221","1868","False","False","False","9.7","0","True","True","True","37.0756583","266","-8.2588966","21","False","True","[]","0","555","[]","False","60","False","MASTER","14.600000381469727","False","False","False","False","False","0"
"2023-07-25 12:23:18.437","6178","1038","359159972160221","1868","False","False","False","8.4","0","True","True","True","37.0756566","260","-8.258925","21","False","True","[]","0","555","[]","False","60","False","MASTER","14.600000381469727","False","False","False","False","False","0"
"2023-07-25 12:23:19.439","6178","1038","359159972160221","1868","False","False","False","14.2","0","True","True","True","37.07566","278","-8.2589632","21","False","True","[]","0","555","[]","False","60","False","MASTER","14.600000381469727","False","False","False","False","False","0"
"2023-07-25 12:23:20.877","6178","1038","359159972160221","1868","False","False","False","15.8","0","True","True","True","37.075665","278","-8.259011600000001","21","False","True","[]","0","555","[]","False","60","False","MASTER","14.600000381469727","False","False","False","False","False","0"
"2023-07-25 12:23:21.477","6178","1038","359159972160221","1868","False","False","False","12.7","0","True","True","True","37.0756733","283","-8.259055","21","False","True","[]","0","555","[]","False","60","False","MASTER","14.600000381469727","False","False","False","False","False","0"
"2023-07-25 12:23:22.457","6178","1038","359159972160221","1868","False","False","False","14.2","0","True","True","True","37.0756933","309","-8.2590882","21","False","True","[]","0","555","[]","False","60","False","MASTER","14.600000381469727","False","False","False","False","False","0"
"2023-07-25 12:23:23.440","6178","1038","359159972160221","1868","False","False","False","12.2","0","True","True","True","37.07572","324","-8.2591116","21","False","True","[]","0","555","[]","False","60","False","MASTER","14.600000381469727","False","False","False","False","False","0"
"2023-07-25 12:23:24.436","6178","1038","359159972160221","1868","False","False","False","16.8","0","True","True","True","37.0757583","355","-8.2591182","21","False","True","[]","0","555","[]","False","60","False","MASTER","14.600000381469727","False","False","False","False","False","0"
"2023-07-25 12:23:25.438","6178","1038","359159972160221","1868","False","False","False","16.9","0","True","True","True","37.0757983","19","-8.259105","23","False","True","[]","0","555","[]","False","60","False","MASTER","14.600000381469727","False","False","False","False","False","0"
"2023-07-25 12:23:26.836","6178","1038","359159972160221","1868","False","False","False","12.3","0","True","True","True","37.0758216","54","-8.2590766","23","False","True","[]","0","555","[]","False","60","False","MASTER","14.600000381469727","False","False","False","False","False","0"
"2023-07-25 12:23:27.459","6178","1038","359159972160221","1868","False","False","False","9.6","0","True","True","True","37.0758366","56","-8.2590416","23","False","True","[]","0","555","[]","False","60","False","MASTER","14.600000381469727","False","False","False","False","False","0"
"2023-07-25 12:23:28.456","6178","1038","359159972160221","1868","False","False","False","9.4","0","True","True","True","37.0758483","65","-8.259015","22","False","True","[]","0","555","[]","False","60","False","MASTER","14.600000381469727","False","False","False","False","False","0"
"2023-07-25 12:23:29.440","6178","1038","359159972160221","1868","False","False","False","14.9","0","True","True","True","37.0758566","75","-8.2589732","22","False","True","[]","0","555","[]","False","60","False","MASTER","14.600000381469727","False","False","False","False","False","0"
"2023-07-25 12:23:30.436","6178","1038","359159972160221","1868","False","False","False","23.5","0","True","True","True","37.0758666","76","-8.2589082","22","False","True","[]","0","555","[]","False","60","False","MASTER","14.600000381469727","False","False","False","False","False","0"
"2023-07-25 12:23:31.877","6178","1038","359159972160221","1868","False","False","False","18.7","0","True","True","True","37.0758733","87","-8.2588466","23","False","True","[]","0","555","[]","False","60","False","MASTER","14.600000381469727","False","False","False","False","False","0"
"2023-07-25 12:23:32.458","6178","1038","359159972160221","1868","False","False","False","19.3","0","True","True","True","37.0758766","81","-8.2587866","23","False","True","[]","0","555","[]","False","60","False","MASTER","14.600000381469727","False","False","False","False","False","0"
"2023-07-25 12:23:33.459","6178","1038","359159972160221","1868","False","False","False","15.9","0","True","True","True","37.0758866","75","-8.258735","23","False","True","[]","0","555","[]","False","60","False","MASTER","14.600000381469727","False","False","False","False","False","0"
"2023-07-25 12:23:34.438","6178","1038","359159972160221","1868","False","False","False","16.5","0","True","True","True","37.0758966","76","-8.258685","23","False","True","[]","0","555","[]","False","60","False","MASTER","14.600000381469727","False","False","False","False","False","0"
"2023-07-25 12:23:35.878","6178","1038","359159972160221","1868","False","False","False","16.3","0","True","True","True","37.0759033","80","-8.258635","23","False","True","[]","0","555","[]","False","60","False","MASTER","14.600000381469727","False","False","False","False","False","0"
"2023-07-25 12:23:36.459","6178","1038","359159972160221","1868","False","False","False","17.8","0","True","True","True","37.0759116","79","-8.2585832","23","False","True","[]","0","555","[]","False","60","False","MASTER","14.600000381469727","False","False","False","False","False","0"
"2023-07-25 12:23:37.457","6178","1038","359159972160221","1868","False","False","False","23.0","0","True","True","True","37.0759266","74","-8.2585182","24","False","True","[]","0","555","[]","False","60","False","MASTER","14.600000381469727","False","False","False","False","False","0"
"2023-07-25 12:23:38.440","6178","1038","359159972160221","1868","False","False","False","30.5","0","True","True","True","37.0759416","79","-8.2584316","24","False","True","[]","0","555","[]","False","60","False","MASTER","14.600000381469727","False","False","False","False","False","0"
"2023-07-25 12:23:39.436","6178","1038","359159972160221","1868","False","False","False","29.4","0","True","True","True","37.0759416","93","-8.25834","24","False","True","[]","0","555","[]","False","60","False","MASTER","14.600000381469727","False","False","False","False","False","0"
"2023-07-25 12:23:40.438","6178","1038","359159972160221","1868","False","False","False","20.5","0","True","True","True","37.0759316","103","-8.25827","24","False","True","[]","0","555","[]","False","60","False","MASTER","14.600000381469727","False","False","False","False","False","0"
"2023-07-25 12:23:41.877","6178","1038","359159972160221","1868","False","False","False","13.8","0","True","True","True","37.0759216","104","-8.2582216","24","False","True","[]","0","555","[]","False","60","False","MASTER","14.600000381469727","False","False","False","False","False","0"
"2023-07-25 12:23:42.459","6178","1038","359159972160221","1868","False","False","False","8.8","0","True","True","True","37.075915","102","-8.2581882","24","False","True","[]","0","555","[]","False","60","False","MASTER","14.600000381469727","False","False","False","False","False","0"
"2023-07-25 12:23:43.457","6178","1038","359159972160221","1868","False","False","False","12.8","0","True","True","True","37.075915","88","-8.2581516","26","False","True","[]","0","555","[]","False","60","False","MASTER","14.600000381469727","False","False","False","False","False","0"
"2023-07-25 12:23:44.439","6178","1038","359159972160221","1868","False","False","False","14.9","0","True","True","True","37.0759266","69","-8.2581082","26","False","True","[]","0","555","[]","False","60","False","MASTER","14.600000381469727","False","False","False","False","False","0"
"2023-07-25 12:23:45.436","6178","1038","359159972160221","1868","False","False","False","19.7","0","True","True","True","37.07595","59","-8.258055","26","False","True","[]","0","555","[]","False","60","False","MASTER","14.600000381469727","False","False","False","False","False","0"
"2023-07-25 12:23:46.876","6178","1038","359159972160221","1868","False","False","False","27.2","0","True","True","True","37.0759833","58","-8.2579882","25","False","True","[]","0","555","[]","False","60","False","MASTER","14.600000381469727","False","False","False","False","False","0"
"2023-07-25 12:23:47.464","6178","1038","359159972160221","1868","False","False","False","27.2","0","True","True","True","37.0760166","59","-8.2579166","25","False","True","[]","0","555","[]","False","60","False","MASTER","14.600000381469727","False","False","False","False","False","0"
"2023-07-25 12:23:48.466","6178","1038","359159972160221","1868","False","False","False","21.0","0","True","True","True","37.076045","61","-8.2578532","25","False","True","[]","0","555","[]","False","60","False","MASTER","14.600000381469727","False","False","False","False","False","0"
"2023-07-25 12:23:49.438","6178","1038","359159972160221","1868","False","False","False","18.9","0","True","True","True","37.0760666","64","-8.2577982","25","False","True","[]","0","555","[]","False","60","False","MASTER","14.600000381469727","False","False","False","False","False","0"
"2023-07-25 12:23:50.878","6178","1038","359159972160221","1868","False","False","False","21.4","0","True","True","True","37.0760883","65","-8.25774","25","False","True","[]","0","555","[]","False","60","False","MASTER","14.600000381469727","False","False","False","False","False","0"
"2023-07-25 12:23:51.820","6178","1038","359159972160221","1868","False","False","False","25.2","0","True","True","True","37.076115","64","-8.25767","25","False","True","[]","0","555","[]","False","64","False","MASTER","14.600000381469727","False","False","False","False","False","0"
"2023-07-25 12:23:52.438","6178","1038","359159972160221","1868","False","False","False","24.7","0","True","True","True","37.0761366","70","-8.2575982","25","False","True","[]","0","555","[]","False","64","False","MASTER","14.600000381469727","False","False","False","False","False","0"
"2023-07-25 12:23:53.860","6178","1038","359159972160221","1868","False","False","False","24.3","0","True","True","True","37.0761583","68","-8.2575266","25","False","True","[]","0","555","[]","False","64","False","MASTER","14.600000381469727","False","False","False","False","False","0"
"2023-07-25 12:23:54.655","6178","1038","359159972160221","1868","False","False","False","21.9","0","True","True","True","37.07618","68","-8.25746","25","False","True","[]","0","555","[]","False","64","False","MASTER","14.600000381469727","False","False","False","False","False","0"
"2023-07-25 12:23:55.458","6178","1038","359159972160221","1868","False","False","False","19.3","0","True","True","True","37.0761966","72","-8.2574","25","False","True","[]","0","555","[]","False","64","False","MASTER","14.600000381469727","False","False","False","False","False","0"
"2023-07-25 12:23:56.448","6178","1038","359159972160221","1868","False","False","False","18.4","0","True","True","True","37.0762083","76","-8.2573416","25","False","True","[]","0","555","[]","False","64","False","MASTER","14.600000381469727","False","False","False","False","False","0"
"2023-07-25 12:23:57.436","6178","1038","359159972160221","1868","False","False","False","19.4","0","True","True","True","37.0762183","77","-8.2572832","25","False","True","[]","0","555","[]","False","64","False","MASTER","14.600000381469727","False","False","False","False","False","0"
"2023-07-25 12:23:58.439","6178","1038","359159972160221","1868","False","False","False","21.8","0","True","True","True","37.07623","76","-8.25722","23","False","True","[]","0","555","[]","False","64","False","MASTER","14.600000381469727","False","False","False","False","False","0"
"2023-07-25 12:23:59.877","6178","1038","359159972160221","1868","False","False","False","25.3","0","True","True","True","37.076245","75","-8.2571466","23","False","True","[]","0","555","[]","False","64","False","MASTER","14.600000381469727","False","False","False","False","False","0"
"2023-07-25 12:24:00.459","6178","1038","359159972160221","1868","False","False","False","26.4","0","True","True","True","37.0762633","74","-8.2570666","23","False","True","[]","0","555","[]","False","64","False","MASTER","14.600000381469727","False","False","False","False","False","0"
"2023-07-25 12:24:01.456","6178","1038","359159972160221","1868","False","False","False","27.3","0","True","True","True","37.07628","76","-8.256985","23","False","True","[]","0","555","[]","False","64","False","MASTER","14.600000381469727","False","False","False","False","False","0"
"2023-07-25 12:24:02.441","6178","1038","359159972160221","1868","False","False","False","31.4","0","True","True","True","37.0762966","77","-8.2568916","23","False","True","[]","0","555","[]","False","64","False","MASTER","14.600000381469727","False","False","False","False","False","0"
"2023-07-25 12:24:03.436","6178","1038","359159972160221","1868","False","False","False","26.7","0","True","True","True","37.0763116","78","-8.256805","23","False","True","[]","0","555","[]","False","64","False","MASTER","14.600000381469727","False","False","False","False","False","0"
"2023-07-25 12:24:04.876","6178","1038","359159972160221","1868","False","False","False","25.5","0","True","True","True","37.0763266","75","-8.256725","25","False","True","[]","0","555","[]","False","64","False","MASTER","14.600000381469727","False","False","False","False","False","0"
"2023-07-25 12:24:05.458","6178","1038","359159972160221","1868","False","False","False","25.3","0","True","True","True","37.07634","77","-8.2566482","25","False","True","[]","0","555","[]","False","64","False","MASTER","14.600000381469727","False","False","False","False","False","0"
"2023-07-25 12:24:06.460","6178","1038","359159972160221","1868","False","False","False","26.3","0","True","True","True","37.07635","82","-8.2565682","25","False","True","[]","0","555","[]","False","64","False","MASTER","14.600000381469727","False","False","False","False","False","0"
"2023-07-25 12:24:07.440","6178","1038","359159972160221","1868","False","False","False","25.9","0","True","True","True","37.076355","84","-8.2564882","26","False","True","[]","0","555","[]","False","64","False","MASTER","14.600000381469727","False","False","False","False","False","0"
"2023-07-25 12:24:08.439","6178","1038","359159972160221","1868","False","False","False","24.7","0","True","True","True","37.0763583","87","-8.2564116","26","False","True","[]","0","555","[]","False","64","False","MASTER","14.600000381469727","False","False","False","False","False","0"
"2023-07-25 12:24:09.436","6178","1038","359159972160221","1868","False","False","False","19.7","0","True","True","True","37.0763566","95","-8.256345","26","False","True","[]","0","555","[]","False","64","False","MASTER","14.600000381469727","False","False","False","False","False","0"
"2023-07-25 12:24:10.419","6178","1038","359159972160221","1868","False","False","False","16.5","0","True","True","True","37.076345","106","-8.256295","26","False","True","[]","0","555","[]","False","64","False","MASTER","14.600000381469727","False","False","False","False","False","0"
"2023-07-25 12:24:11.836","6178","1038","359159972160221","1868","False","False","False","18.1","0","True","True","True","37.0763266","114","-8.256245","26","False","True","[]","0","555","[]","False","64","False","MASTER","14.600000381469727","False","False","False","False","False","0"
"2023-07-25 12:24:12.459","6178","1038","359159972160221","1868","False","False","False","17.1","0","True","True","True","37.0762983","135","-8.2562032","26","False","True","[]","0","555","[]","False","64","False","MASTER","14.600000381469727","False","False","False","False","False","0"
"2023-07-25 12:24:13.458","6178","1038","359159972160221","1868","False","False","False","15.0","0","True","True","True","37.0762666","153","-8.2561782","26","False","True","[]","0","555","[]","False","64","False","MASTER","14.600000381469727","False","False","False","False","False","0"
"2023-07-25 12:24:14.441","6178","1038","359159972160221","1868","False","False","False","14.9","0","True","True","True","37.07623","164","-8.2561632","26","False","True","[]","0","555","[]","False","64","False","MASTER","14.600000381469727","False","False","False","False","False","0"
"2023-07-25 12:24:15.439","6178","1038","359159972160221","1868","False","False","False","15.6","0","True","True","True","37.0761916","177","-8.2561566","26","False","True","[]","0","555","[]","False","64","False","MASTER","14.600000381469727","False","False","False","False","False","0"
"2023-07-25 12:24:16.439","6178","1038","359159972160221","1868","False","False","False","11.5","0","True","True","True","37.0761616","184","-8.2561582","24","False","True","[]","0","555","[]","False","64","False","MASTER","14.600000381469727","False","False","False","False","False","0"
"2023-07-25 12:24:17.897","6178","1038","359159972160221","1868","False","False","False","9.6","0","True","True","True","37.0761383","200","-8.256170000000001","24","False","True","[]","0","555","[]","False","64","False","MASTER","14.600000381469727","False","False","False","False","False","0"
"2023-07-25 12:24:18.477","6178","1038","359159972160221","1868","False","False","False","12.1","0","True","True","True","37.0761116","206","-8.2561882","24","False","True","[]","0","555","[]","False","64","False","MASTER","14.600000381469727","False","False","False","False","False","0"
"2023-07-25 12:24:19.899","6178","1038","359159972160221","1868","False","False","False","7.9","0","True","True","True","37.0760916","202","-8.2561982","24","False","True","[]","0","555","[]","False","64","False","MASTER","14.600000381469727","False","False","False","False","False","0"
"2023-07-25 12:24:20.458","6178","1038","359159972160221","1868","False","False","False","12.3","0","True","True","True","37.076065","200","-8.25621","24","False","True","[]","0","555","[]","False","64","False","MASTER","14.600000381469727","False","False","False","False","False","0"
"2023-07-25 12:24:21.459","6178","1038","359159972160221","1868","False","False","False","12.9","0","True","True","True","37.0760366","207","-8.2562282","24","False","True","[]","0","555","[]","False","64","False","MASTER","14.600000381469727","False","False","False","False","False","0"
"2023-07-25 12:24:22.438","6178","1038","359159972160221","1868","False","False","False","15.7","0","True","True","True","37.076005","210","-8.2562516","24","False","True","[]","0","555","[]","False","64","False","MASTER","14.600000381469727","False","False","False","False","False","0"
"2023-07-25 12:24:23.438","6178","1038","359159972160221","1868","False","False","False","18.7","0","True","True","True","37.0759666","212","-8.2562816","24","False","True","[]","0","555","[]","False","64","False","MASTER","14.600000381469727","False","False","False","False","False","0"
"2023-07-25 12:24:24.435","6178","1038","359159972160221","1868","False","False","False","21.5","0","True","True","True","37.0759216","207","-8.2563132","24","False","True","[]","0","555","[]","False","64","False","MASTER","14.600000381469727","False","False","False","False","False","0"
"2023-07-25 12:24:25.876","6178","1038","359159972160221","1868","False","False","False","23.8","0","True","True","True","37.0758716","207","-8.2563482","22","False","True","[]","0","555","[]","False","64","False","MASTER","14.600000381469727","False","False","False","False","False","0"
"2023-07-25 12:24:26.458","6178","1038","359159972160221","1868","False","False","False","27.4","0","True","True","True","37.0758133","209","-8.2563882","22","False","True","[]","0","555","[]","False","64","False","MASTER","14.600000381469727","False","False","False","False","False","0"
"2023-07-25 12:24:27.461","6178","1038","359159972160221","1868","False","False","False","33.1","0","True","True","True","37.0757433","208","-8.2564366","22","False","True","[]","0","555","[]","False","64","False","MASTER","14.600000381469727","False","False","False","False","False","0"
"2023-07-25 12:24:28.439","6178","1038","359159972160221","1868","False","False","False","33.8","0","True","True","True","37.0756716","210","-8.2564882","24","False","True","[]","0","555","[]","False","64","False","MASTER","14.600000381469727","False","False","False","False","False","0"
"2023-07-25 12:24:29.878","6178","1038","359159972160221","1868","False","False","False","25.1","0","True","True","True","37.0756116","209","-8.2565316","24","False","True","[]","0","555","[]","False","64","False","MASTER","14.600000381469727","False","False","False","False","False","0"
"2023-07-25 12:24:30.460","6178","1038","359159972160221","1868","False","False","False","18.6","0","True","True","True","37.0755666","209","-8.256565","24","False","True","[]","0","555","[]","False","64","False","MASTER","14.600000381469727","False","False","False","False","False","0"
"2023-07-25 12:24:31.456","6178","1038","359159972160221","1868","False","False","False","17.6","0","True","True","True","37.0755283","211","-8.2565932","25","False","True","[]","0","555","[]","False","64","False","MASTER","14.600000381469727","False","False","False","False","False","0"
"2023-07-25 12:24:32.441","6178","1038","359159972160221","1868","False","False","False","17.0","0","True","True","True","37.0754916","210","-8.2566216","25","False","True","[]","0","555","[]","False","64","False","MASTER","14.600000381469727","False","False","False","False","False","0"
"2023-07-25 12:24:33.436","6178","1038","359159972160221","1868","False","False","False","16.3","0","True","True","True","37.0754566","213","-8.25665","25","False","True","[]","0","555","[]","False","64","False","MASTER","14.600000381469727","False","False","False","False","False","0"
"2023-07-25 12:24:34.876","6178","1038","359159972160221","1868","False","False","False","16.0","0","True","True","True","37.0754233","215","-8.2566782","24","False","True","[]","0","555","[]","False","64","False","MASTER","14.600000381469727","False","False","False","False","False","0"
"2023-07-25 12:24:35.458","6178","1038","359159972160221","1868","False","False","False","17.3","0","True","True","True","37.0753883","214","-8.2567066","24","False","True","[]","0","555","[]","False","64","False","MASTER","14.600000381469727","False","False","False","False","False","0"
"2023-07-25 12:24:36.485","6178","1038","359159972160221","1868","False","False","False","14.7","0","True","True","True","37.075355","213","-8.256735","24","False","True","[]","0","555","[]","False","64","False","MASTER","14.600000381469727","False","False","False","False","False","0"
"2023-07-25 12:24:37.439","6178","1038","359159972160221","1868","False","False","False","11.4","0","True","True","True","37.07533","212","-8.2567566","24","False","True","[]","0","555","[]","False","64","False","MASTER","14.600000381469727","False","False","False","False","False","0"
"2023-07-25 12:24:38.439","6178","1038","359159972160221","1868","False","False","False","11.0","0","True","True","True","37.0753066","214","-8.2567766","24","False","True","[]","0","555","[]","False","64","False","MASTER","14.600000381469727","False","False","False","False","False","0"
"2023-07-25 12:24:39.436","6178","1038","359159972160221","1868","False","False","False","13.1","0","True","True","True","37.07528","213","-8.2567982","24","False","True","[]","0","555","[]","False","64","False","MASTER","14.600000381469727","False","False","False","False","False","0"
"2023-07-25 12:24:40.839","6178","1038","359159972160221","1868","False","False","False","15.6","0","True","True","True","37.0752483","212","-8.2568232","24","False","True","[]","0","555","[]","False","64","False","MASTER","14.600000381469727","False","False","False","False","False","0"
"2023-07-25 12:24:41.458","6178","1038","359159972160221","1868","False","False","False","17.2","0","True","True","True","37.0752133","212","-8.2568532","24","False","True","[]","0","555","[]","False","64","False","MASTER","14.600000381469727","False","False","False","False","False","0"
"2023-07-25 12:24:42.465","6178","1038","359159972160221","1868","False","False","False","18.5","0","True","True","True","37.075175","212","-8.2568832","24","False","True","[]","0","555","[]","False","64","False","MASTER","14.600000381469727","False","False","False","False","False","0"
"2023-07-25 12:24:43.420","6178","1038","359159972160221","1868","False","False","False","17.5","0","True","True","True","37.0751383","213","-8.2569132","24","False","True","[]","0","555","[]","False","64","False","MASTER","14.600000381469727","False","False","False","False","False","0"
"2023-07-25 12:24:44.836","6178","1038","359159972160221","1868","False","False","False","16.9","0","True","True","True","37.0751033","215","-8.256945","24","False","True","[]","0","555","[]","False","64","False","MASTER","14.600000381469727","False","False","False","False","False","0"
"2023-07-25 12:24:45.459","6178","1038","359159972160221","1868","False","False","False","17.3","0","True","True","True","37.0750683","216","-8.2569766","24","False","True","[]","0","555","[]","False","64","False","MASTER","14.600000381469727","False","False","False","False","False","0"
"2023-07-25 12:24:46.456","6178","1038","359159972160221","1868","False","False","False","15.3","0","True","True","True","37.075035","216","-8.257005","24","False","True","[]","0","555","[]","False","64","False","MASTER","14.600000381469727","False","False","False","False","False","0"
"2023-07-25 12:24:47.441","6178","1038","359159972160221","1868","False","False","False","15.5","0","True","True","True","37.075005","218","-8.257035","24","False","True","[]","0","555","[]","False","64","False","MASTER","14.600000381469727","False","False","False","False","False","0"
"2023-07-25 12:24:48.438","6178","1038","359159972160221","1868","False","False","False","19.2","0","True","True","True","37.0749683","218","-8.2570682","24","False","True","[]","0","555","[]","False","64","False","MASTER","14.600000381469727","False","False","False","False","False","0"
"2023-07-25 12:24:49.437","6178","1038","359159972160221","1868","False","False","False","20.2","0","True","True","True","37.07493","219","-8.2571082","24","False","True","[]","0","555","[]","False","64","False","MASTER","14.600000381469727","False","False","False","False","False","0"
"2023-07-25 12:24:50.877","6178","1038","359159972160221","1868","False","False","False","18.9","0","True","True","True","37.0748933","220","-8.2571466","24","False","True","[]","0","555","[]","False","64","False","MASTER","14.600000381469727","False","False","False","False","False","0"
"2023-07-25 12:24:51.459","6178","1038","359159972160221","1868","False","False","False","15.0","0","True","True","True","37.0748616","219","-8.25718","24","False","True","[]","0","555","[]","False","64","False","MASTER","14.600000381469727","False","False","False","False","False","0"
"2023-07-25 12:24:52.455","6178","1038","359159972160221","1868","False","False","False","22.0","0","True","True","True","37.074825","223","-8.2572216","23","False","True","[]","0","555","[]","False","64","False","MASTER","14.600000381469727","False","False","False","False","False","0"
"2023-07-25 12:24:53.439","6178","1038","359159972160221","1868","False","False","False","18.1","0","True","True","True","37.07479","229","-8.257265","23","False","True","[]","0","555","[]","False","57","False","MASTER","14.600000381469727","False","False","False","False","False","0"
"2023-07-25 12:24:54.436","6178","1038","359159972160221","1868","False","False","False","12.0","0","True","True","True","37.0747683","237","-8.2573016","23","False","True","[]","0","555","[]","False","57","False","MASTER","14.600000381469727","False","False","False","False","False","0"
"2023-07-25 12:24:55.876","6178","1038","359159972160221","1868","False","False","False","8.1","0","True","True","True","37.07476","244","-8.2573316","21","False","True","[]","0","555","[]","False","57","False","MASTER","14.600000381469727","False","False","False","False","False","0"
"2023-07-25 12:24:56.475","6178","1038","359159972160221","1868","False","False","False","7.8","0","True","True","True","37.0747583","254","-8.2573532","21","False","True","[]","0","555","[]","False","57","False","MASTER","14.600000381469727","False","False","False","False","False","0"
"2023-07-25 12:24:57.459","6178","1038","359159972160221","1868","False","False","False","7.2","0","True","True","True","37.0747583","268","-8.2573766","21","False","True","[]","0","555","[]","False","57","False","MASTER","14.600000381469727","False","False","False","False","False","0"
"2023-07-25 12:24:58.437","6178","1038","359159972160221","1868","False","False","False","7.4","0","True","True","True","37.074765","285","-8.2574","19","False","True","[]","0","555","[]","False","57","False","MASTER","14.600000381469727","False","False","False","False","False","0"
"2023-07-25 12:24:59.878","6178","1038","359159972160221","1868","False","False","False","8.8","0","True","True","True","37.0747766","297","-8.2574216","19","False","True","[]","0","555","[]","False","57","False","MASTER","14.600000381469727","False","False","False","False","False","0"
"2023-07-25 12:25:00.459","6178","1038","359159972160221","1868","False","False","False","9.6","0","True","True","True","37.0747883","300","-8.2574466","19","False","True","[]","0","555","[]","False","57","False","MASTER","14.600000381469727","False","False","False","False","False","0"
"2023-07-25 12:25:01.456","6178","1038","359159972160221","1868","False","False","False","8.6","0","True","True","True","37.0748","301","-8.25747","21","False","True","[]","0","555","[]","False","57","False","MASTER","14.600000381469727","False","False","False","False","False","0"
"2023-07-25 12:25:02.439","6178","1038","359159972160221","1868","False","False","False","9.3","0","True","True","True","37.0748133","302","-8.257495","21","False","True","[]","0","555","[]","False","57","False","MASTER","14.600000381469727","False","False","False","False","False","0"
"2023-07-25 12:25:03.436","6178","1038","359159972160221","1868","False","False","False","8.4","0","True","True","True","37.074825","301","-8.2575166","21","False","True","[]","0","555","[]","False","57","False","MASTER","14.600000381469727","False","False","False","False","False","0"
"2023-07-25 12:25:04.840","6178","1038","359159972160221","1868","False","False","False","9.1","0","True","True","True","37.074835","297","-8.25754","24","False","True","[]","0","555","[]","False","57","False","MASTER","14.600000381469727","False","False","False","False","False","0"
"2023-07-25 12:25:05.457","6178","1038","359159972160221","1868","False","False","False","7.1","0","True","True","True","37.0748433","296","-8.2575616","24","False","True","[]","0","555","[]","False","57","False","MASTER","14.600000381469727","False","False","False","False","False","0"
"2023-07-25 12:25:06.458","6178","1038","359159972160221","1868","False","False","False","7.8","0","True","True","True","37.0748516","292","-8.2575816","24","False","True","[]","0","555","[]","False","57","False","MASTER","14.600000381469727","False","False","False","False","False","0"
"2023-07-25 12:25:07.419","6178","1038","359159972160221","1868","False","False","False","7.1","0","True","True","True","37.0748583","291","-8.2576016","24","False","True","[]","0","555","[]","False","57","False","MASTER","14.600000381469727","False","False","False","False","False","0"
"2023-07-25 12:25:08.836","6178","1038","359159972160221","1868","False","False","False","8.0","0","True","True","True","37.0748666","292","-8.257625","24","False","True","[]","0","555","[]","False","57","False","MASTER","14.600000381469727","False","False","False","False","False","0"
"2023-07-25 12:25:09.458","6178","1038","359159972160221","1868","False","False","False","7.7","0","True","True","True","37.0748733","291","-8.2576482","24","False","True","[]","0","555","[]","False","57","False","MASTER","14.600000381469727","False","False","False","False","False","0"
"2023-07-25 12:25:10.438","6178","1038","359159972160221","1868","False","False","False","7.1","0","True","True","True","37.07488","290","-8.2576682","24","False","True","[]","0","555","[]","False","57","False","MASTER","14.600000381469727","False","False","False","False","False","0"
"2023-07-25 12:25:11.438","6178","1038","359159972160221","1868","False","False","False","6.3","0","True","True","True","37.0748866","293","-8.257685","24","False","True","[]","0","555","[]","False","57","False","MASTER","14.600000381469727","False","False","False","False","False","0"
"2023-07-25 12:25:12.436","6178","1038","359159972160221","1868","False","False","False","9.3","0","True","True","True","37.0748933","288","-8.2577116","24","False","True","[]","0","555","[]","False","57","False","MASTER","14.600000381469727","False","False","False","False","False","0"
"2023-07-25 12:25:13.841","6178","1038","359159972160221","1868","False","False","False","7.0","0","True","True","True","37.0749016","293","-8.2577316","24","False","True","[]","0","555","[]","False","57","False","MASTER","14.600000381469727","False","False","False","False","False","0"
"2023-07-25 12:25:14.458","6178","1038","359159972160221","1868","False","False","False","13.0","0","True","True","True","37.0749116","291","-8.2577632","24","False","True","[]","0","555","[]","False","57","False","MASTER","14.600000381469727","False","False","False","False","False","0"
"2023-07-25 12:25:15.460","6178","1038","359159972160221","1868","False","False","False","13.0","0","True","True","True","37.0749233","294","-8.2578","24","False","True","[]","0","555","[]","False","57","False","MASTER","14.600000381469727","False","False","False","False","False","0"
"2023-07-25 12:25:16.439","6178","1038","359159972160221","1868","False","False","False","14.8","0","True","True","True","37.0749433","302","-8.25784","23","False","True","[]","0","555","[]","False","57","False","MASTER","14.600000381469727","False","False","False","False","False","0"
"2023-07-25 12:25:17.439","6178","1038","359159972160221","1868","False","False","False","13.5","0","True","True","True","37.0749616","301","-8.2578766","23","False","True","[]","0","555","[]","False","57","False","MASTER","14.600000381469727","False","False","False","False","False","0"
"2023-07-25 12:25:18.436","6178","1038","359159972160221","1868","False","False","False","13.0","0","True","True","True","37.0749783","300","-8.2579132","23","False","True","[]","0","555","[]","False","57","False","MASTER","14.600000381469727","False","False","False","False","False","0"
"2023-07-25 12:25:19.878","6178","1038","359159972160221","1868","False","False","False","15.1","0","True","True","True","37.0749966","301","-8.2579532","23","False","True","[]","0","555","[]","False","57","False","MASTER","14.600000381469727","False","False","False","False","False","0"
"2023-07-25 12:25:20.458","6178","1038","359159972160221","1868","False","False","False","16.5","0","True","True","True","37.0750166","300","-8.2579982","23","False","True","[]","0","555","[]","False","57","False","MASTER","14.600000381469727","False","False","False","False","False","0"
"2023-07-25 12:25:21.460","6178","1038","359159972160221","1868","False","False","False","15.7","0","True","True","True","37.0750383","302","-8.2580416","23","False","True","[]","0","555","[]","False","57","False","MASTER","14.600000381469727","False","False","False","False","False","0"
"2023-07-25 12:25:22.439","6178","1038","359159972160221","1868","False","False","False","15.9","0","True","True","True","37.0750583","300","-8.258085","23","False","True","[]","0","555","[]","False","57","False","MASTER","14.600000381469727","False","False","False","False","False","0"
"2023-07-25 12:25:23.439","6178","1038","359159972160221","1868","False","False","False","13.3","0","True","True","True","37.075075","299","-8.2581216","23","False","True","[]","0","555","[]","False","57","False","MASTER","14.600000381469727","False","False","False","False","False","0"
"2023-07-25 12:25:24.436","6178","1038","359159972160221","1868","False","False","False","15.6","0","True","True","True","37.075095","303","-8.2581632","23","False","True","[]","0","555","[]","False","57","False","MASTER","14.600000381469727","False","False","False","False","False","0"
"2023-07-25 12:25:25.437","6178","1038","359159972160221","1868","False","False","False","22.4","0","True","True","True","37.0751233","302","-8.2582166","23","False","True","[]","0","555","[]","False","57","False","MASTER","14.600000381469727","False","False","False","False","False","0"
"2023-07-25 12:25:26.440","6178","1038","359159972160221","1868","False","False","False","27.3","0","True","True","True","37.0751566","303","-8.258285","23","False","True","[]","0","555","[]","False","57","False","MASTER","14.600000381469727","False","False","False","False","False","0"
"2023-07-25 12:25:27.437","6178","1038","359159972160221","1868","False","False","False","23.5","0","True","True","True","37.0751916","305","-8.25835","23","False","True","[]","0","555","[]","False","57","False","MASTER","14.600000381469727","False","False","False","False","False","0"
"2023-07-25 12:25:28.838","6178","1038","359159972160221","1868","False","False","False","24.4","0","True","True","True","37.0752266","304","-8.2584132","24","False","True","[]","0","555","[]","False","57","False","MASTER","14.600000381469727","False","False","False","False","False","0"
"2023-07-25 12:25:29.458","6178","1038","359159972160221","1868","False","False","False","25.7","0","True","True","True","37.0752633","308","-8.2584766","24","False","True","[]","0","555","[]","False","57","False","MASTER","14.600000381469727","False","False","False","False","False","0"
"2023-07-25 12:25:30.437","6178","1038","359159972160221","1868","False","False","False","30.1","0","True","True","True","37.0753083","308","-8.2585482","24","False","True","[]","0","555","[]","False","57","False","MASTER","14.600000381469727","False","False","False","False","False","0"
"2023-07-25 12:25:31.439","6178","1038","359159972160221","1868","False","False","False","35.3","0","True","True","True","37.0753616","310","-8.25863","24","False","True","[]","0","555","[]","False","57","False","MASTER","14.600000381469727","False","False","False","False","False","0"
"2023-07-25 12:25:32.445","6178","1038","359159972160221","1868","False","False","False","26.1","0","True","True","True","37.0754066","309","-8.2587","24","False","True","[]","0","555","[]","False","57","False","MASTER","14.600000381469727","False","False","False","False","False","0"
"2023-07-25 12:25:33.438","6178","1038","359159972160221","1868","False","False","False","23.0","0","True","True","True","37.075445","307","-8.2587582","24","False","True","[]","0","555","[]","False","57","False","MASTER","14.600000381469727","False","False","False","False","False","0"
"2023-07-25 12:25:34.876","6178","1038","359159972160221","1868","False","False","False","21.3","0","True","True","True","37.0754733","302","-8.2588166","24","False","True","[]","0","555","[]","False","57","False","MASTER","14.600000381469727","False","False","False","False","False","0"
"2023-07-25 12:25:35.458","6178","1038","359159972160221","1868","False","False","False","17.1","0","True","True","True","37.0754966","302","-8.2588682","24","False","True","[]","0","555","[]","False","57","False","MASTER","14.600000381469727","False","False","False","False","False","0"
"2023-07-25 12:25:36.459","6178","1038","359159972160221","1868","False","False","False","15.4","0","True","True","True","37.07552","306","-8.2589082","24","False","True","[]","0","555","[]","False","57","False","MASTER","14.600000381469727","False","False","False","False","False","0"
"2023-07-25 12:25:37.439","6178","1038","359159972160221","1868","False","False","False","16.7","0","True","True","True","37.075545","309","-8.2589482","25","False","True","[]","0","555","[]","False","57","False","MASTER","14.600000381469727","False","False","False","False","False","0"
"2023-07-25 12:25:38.878","6178","1038","359159972160221","1868","False","False","False","13.9","0","True","True","True","37.07557","313","-8.2589816","25","False","True","[]","0","555","[]","False","57","False","MASTER","14.600000381469727","False","False","False","False","False","0"
"2023-07-25 12:25:39.468","6178","1038","359159972160221","1868","False","False","False","15.7","0","True","True","True","37.0755966","310","-8.2590166","25","False","True","[]","0","555","[]","False","57","False","MASTER","14.600000381469727","False","False","False","False","False","0"
"2023-07-25 12:25:40.458","6178","1038","359159972160221","1868","False","False","False","14.4","0","True","True","True","37.0756216","317","-8.25905","25","False","True","[]","0","555","[]","False","57","False","MASTER","14.600000381469727","False","False","False","False","False","0"
"2023-07-25 12:25:41.440","6178","1038","359159972160221","1868","False","False","False","14.0","0","True","True","True","37.0756516","327","-8.2590732","25","False","True","[]","0","555","[]","False","57","False","MASTER","14.600000381469727","False","False","False","False","False","0"
"2023-07-25 12:25:42.435","6178","1038","359159972160221","1868","False","False","False","12.7","0","True","True","True","37.07568","332","-8.25909","25","False","True","[]","0","555","[]","False","57","False","MASTER","14.600000381469727","False","False","False","False","False","0"
"2023-07-25 12:25:43.877","6178","1038","359159972160221","1868","False","False","False","10.8","0","True","True","True","37.0757066","341","-8.2591032","23","False","True","[]","0","555","[]","False","57","False","MASTER","14.600000381469727","False","False","False","False","False","0"
"2023-07-25 12:25:44.457","6178","1038","359159972160221","1868","False","False","False","13.0","0","True","True","True","37.0757366","1","-8.2591082","23","False","True","[]","0","555","[]","False","57","False","MASTER","14.600000381469727","False","False","False","False","False","0"
"2023-07-25 12:25:45.459","6178","1038","359159972160221","1868","False","False","False","9.6","0","True","True","True","37.0757616","25","-8.259095","23","False","True","[]","0","555","[]","False","57","False","MASTER","14.600000381469727","False","False","False","False","False","0"
"2023-07-25 12:25:46.437","6178","1038","359159972160221","1868","False","False","False","6.7","0","True","True","True","37.0757766","37","-8.2590816","23","False","True","[]","0","555","[]","False","57","False","MASTER","14.600000381469727","False","False","False","False","False","0"
"2023-07-25 12:25:47.877","6178","1038","359159972160221","1868","False","False","False","11.9","0","True","True","True","37.07579","58","-8.2590532","23","False","True","[]","0","555","[]","False","57","False","MASTER","14.600000381469727","False","False","False","False","False","0"
"2023-07-25 12:25:48.460","6178","1038","359159972160221","1868","False","False","False","19.8","0","True","True","True","37.0758066","69","-8.259","23","False","True","[]","0","555","[]","False","57","False","MASTER","14.600000381469727","False","False","False","False","False","0"
"2023-07-25 12:25:49.456","6178","1038","359159972160221","1868","False","False","False","29.3","0","True","True","True","37.07583","71","-8.25892","22","False","True","[]","0","555","[]","False","57","False","MASTER","14.600000381469727","False","False","False","False","False","0"
"2023-07-25 12:25:50.440","6178","1038","359159972160221","1868","False","False","False","28.2","0","True","True","True","37.0758483","76","-8.258835","22","False","True","[]","0","555","[]","False","57","False","MASTER","14.600000381469727","False","False","False","False","False","0"
"2023-07-25 12:25:51.437","6178","1038","359159972160221","1868","False","False","False","33.1","0","True","True","True","37.0758666","75","-8.25874","22","False","True","[]","0","555","[]","False","57","False","MASTER","14.600000381469727","False","False","False","False","False","0"
"2023-07-25 12:25:52.876","6178","1038","359159972160221","1868","False","False","False","30.5","0","True","True","True","37.0758833","78","-8.2586432","22","False","True","[]","0","555","[]","False","57","False","MASTER","14.600000381469727","False","False","False","False","False","0"
"2023-07-25 12:25:53.459","6178","1038","359159972160221","1868","False","False","False","30.2","0","True","True","True","37.0759033","72","-8.2585516","22","False","True","[]","0","555","[]","False","57","False","MASTER","14.600000381469727","False","False","False","False","False","0"
"2023-07-25 12:25:54.437","6178","1038","359159972160221","1868","False","False","False","27.7","0","True","True","True","37.07593","63","-8.258469999999999","22","False","True","[]","0","555","[]","False","61","False","MASTER","14.5","False","False","False","False","False","0"
"2023-07-25 12:25:55.875","6178","1038","359159972160221","1868","False","False","False","26.8","0","True","True","True","37.07596","68","-8.25839","23","False","True","[]","0","555","[]","False","61","False","MASTER","14.5","False","False","False","False","False","0"
"2023-07-25 12:25:56.459","6178","1038","359159972160221","1868","False","False","False","30.0","0","True","True","True","37.075985","70","-8.258305","23","False","True","[]","0","555","[]","False","61","False","MASTER","14.5","False","False","False","False","False","0"
"2023-07-25 12:25:57.460","6178","1038","359159972160221","1868","False","False","False","37.0","0","True","True","True","37.07601","73","-8.2582","23","False","True","[]","0","555","[]","False","61","False","MASTER","14.5","False","False","False","False","False","0"
"2023-07-25 12:25:58.438","6178","1038","359159972160221","1868","False","False","False","39.0","0","True","True","True","37.076035","77","-8.2580832","25","False","True","[]","0","555","[]","False","61","False","MASTER","14.5","False","False","False","False","False","0"
"2023-07-25 12:25:59.877","6178","1038","359159972160221","1868","False","False","False","35.9","0","True","True","True","37.0760583","75","-8.25797","25","False","True","[]","0","555","[]","False","61","False","MASTER","14.5","False","False","False","False","False","0"
"2023-07-25 12:26:00.459","6178","1038","359159972160221","1868","False","False","False","39.4","0","True","True","True","37.076085","73","-8.257855","25","False","True","[]","0","555","[]","False","61","False","MASTER","14.5","False","False","False","False","False","0"
"2023-07-25 12:26:01.455","6178","1038","359159972160221","1868","False","False","False","39.2","0","True","True","True","37.0761083","77","-8.2577366","24","False","True","[]","0","555","[]","False","61","False","MASTER","14.5","False","False","False","False","False","0"
"2023-07-25 12:26:02.445","6178","1038","359159972160221","1868","False","False","False","41.6","0","True","True","True","37.0761333","75","-8.2576132","24","False","True","[]","0","555","[]","False","61","False","MASTER","14.5","False","False","False","False","False","0"
"2023-07-25 12:26:03.437","6178","1038","359159972160221","1868","False","False","False","35.2","0","True","True","True","37.076155","76","-8.2575","24","False","True","[]","0","555","[]","False","61","False","MASTER","14.5","False","False","False","False","False","0"
"2023-07-25 12:26:04.876","6178","1038","359159972160221","1868","False","False","False","26.2","0","True","True","True","37.07617","79","-8.2574116","24","False","True","[]","0","555","[]","False","61","False","MASTER","14.5","False","False","False","False","False","0"
"2023-07-25 12:26:05.458","6178","1038","359159972160221","1868","False","False","False","25.6","0","True","True","True","37.0761866","76","-8.2573332","24","False","True","[]","0","555","[]","False","61","False","MASTER","14.5","False","False","False","False","False","0"
"2023-07-25 12:26:06.436","6178","1038","359159972160221","1868","False","False","False","30.4","0","True","True","True","37.0762066","74","-8.257245","24","False","True","[]","0","555","[]","False","61","False","MASTER","14.5","False","False","False","False","False","0"
"2023-07-25 12:26:07.420","6178","1038","359159972160221","1868","False","False","False","26.6","0","True","True","True","37.076225","74","-8.2571632","24","False","True","[]","0","555","[]","False","61","False","MASTER","14.5","False","False","False","False","False","0"
"2023-07-25 12:26:08.836","6178","1038","359159972160221","1868","False","False","False","28.6","0","True","True","True","37.0762416","77","-8.25708","24","False","True","[]","0","555","[]","False","61","False","MASTER","14.5","False","False","False","False","False","0"
"2023-07-25 12:26:09.460","6178","1038","359159972160221","1868","False","False","False","25.6","0","True","True","True","37.0762533","80","-8.2569982","24","False","True","[]","0","555","[]","False","61","False","MASTER","14.5","False","False","False","False","False","0"
"2023-07-25 12:26:10.437","6178","1038","359159972160221","1868","False","False","False","24.1","0","True","True","True","37.076265","80","-8.256925","25","False","True","[]","0","555","[]","False","61","False","MASTER","14.5","False","False","False","False","False","0"
"2023-07-25 12:26:11.878","6178","1038","359159972160221","1868","False","False","False","19.2","0","True","True","True","37.0762716","83","-8.2568616","25","False","True","[]","0","555","[]","False","61","False","MASTER","14.5","False","False","False","False","False","0"
"2023-07-25 12:26:12.459","6178","1038","359159972160221","1868","False","False","False","15.5","0","True","True","True","37.0762766","85","-8.25681","25","False","True","[]","0","555","[]","False","61","False","MASTER","14.5","False","False","False","False","False","0"
"2023-07-25 12:26:13.438","6178","1038","359159972160221","1868","False","False","False","10.4","0","True","True","True","37.07628","78","-8.2567732","26","False","True","[]","0","555","[]","False","61","False","MASTER","14.5","False","False","False","False","False","0"
"2023-07-25 12:26:14.877","6178","1038","359159972160221","1868","False","False","False","12.9","0","True","True","True","37.0762883","74","-8.2567366","26","False","True","[]","0","555","[]","False","61","False","MASTER","14.5","False","False","False","False","False","0"
"2023-07-25 12:26:15.478","6178","1038","359159972160221","1868","False","False","False","15.1","0","True","True","True","37.0762966","76","-8.2566932","26","False","True","[]","0","555","[]","False","61","False","MASTER","14.5","False","False","False","False","False","0"
"2023-07-25 12:26:16.456","6178","1038","359159972160221","1868","False","False","False","20.7","0","True","True","True","37.0763066","79","-8.256635","26","False","True","[]","0","555","[]","False","61","False","MASTER","14.5","False","False","False","False","False","0"
"2023-07-25 12:26:17.458","6178","1038","359159972160221","1868","False","False","False","24.0","0","True","True","True","37.0763166","79","-8.256565","26","False","True","[]","0","555","[]","False","61","False","MASTER","14.5","False","False","False","False","False","0"
"2023-07-25 12:26:18.436","6178","1038","359159972160221","1868","False","False","False","23.9","0","True","True","True","37.0763266","81","-8.2564916","26","False","True","[]","0","555","[]","False","61","False","MASTER","14.5","False","False","False","False","False","0"
"2023-07-25 12:26:19.899","6178","1038","359159972160221","1868","False","False","False","19.2","0","True","True","True","37.076335","82","-8.2564266","23","False","True","[]","0","555","[]","False","61","False","MASTER","14.5","False","False","False","False","False","0"
"2023-07-25 12:26:20.458","6178","1038","359159972160221","1868","False","False","False","16.8","0","True","True","True","37.0763366","88","-8.2563716","23","False","True","[]","0","555","[]","False","61","False","MASTER","14.5","False","False","False","False","False","0"
"2023-07-25 12:26:21.468","6178","1038","359159972160221","1868","False","False","False","18.8","0","True","True","True","37.0763316","92","-8.256315","23","False","True","[]","0","555","[]","False","61","False","MASTER","14.5","False","False","False","False","False","0"
"2023-07-25 12:26:22.437","6178","1038","359159972160221","1868","False","False","False","17.1","0","True","True","True","37.0763233","104","-8.2562632","23","False","True","[]","0","555","[]","False","61","False","MASTER","14.5","False","False","False","False","False","0"
"2023-07-25 12:26:23.877","6178","1038","359159972160221","1868","False","False","False","15.3","0","True","True","True","37.0763","130","-8.25622","23","False","True","[]","0","555","[]","False","61","False","MASTER","14.5","False","False","False","False","False","0"
"2023-07-25 12:26:24.459","6178","1038","359159972160221","1868","False","False","False","11.5","0","True","True","True","37.076275","149","-8.2561932","23","False","True","[]","0","555","[]","False","61","False","MASTER","14.5","False","False","False","False","False","0"
"2023-07-25 12:26:25.876","6178","1038","359159972160221","1868","False","False","False","12.4","0","True","True","True","37.0762416","164","-8.2561816","26","False","True","[]","0","555","[]","False","61","False","MASTER","14.5","False","False","False","False","False","0"
"2023-07-25 12:26:26.518","6178","1038","359159972160221","1868","False","False","False","14.0","0","True","True","True","37.07621","190","-8.256185","26","False","True","[]","0","555","[]","False","61","False","MASTER","14.5","False","False","False","False","False","0"
"2023-07-25 12:26:27.519","6178","1038","359159972160221","1868","False","False","False","9.0","0","True","True","True","37.0761866","197","-8.256196599999999","26","False","True","[]","0","555","[]","False","61","False","MASTER","14.5","False","False","False","False","False","0"
"2023-07-25 12:26:28.437","6178","1038","359159972160221","1868","False","False","False","16.4","0","True","True","True","37.0761533","203","-8.2562132","26","False","True","[]","0","555","[]","False","61","False","MASTER","14.5","False","False","False","False","False","0"
"2023-07-25 12:26:29.836","6178","1038","359159972160221","1868","False","False","False","20.2","0","True","True","True","37.07611","207","-8.2562382","26","False","True","[]","0","555","[]","False","61","False","MASTER","14.5","False","False","False","False","False","0"
"2023-07-25 12:26:30.597","6178","1038","359159972160221","1868","False","False","False","21.7","0","True","True","True","37.076065","210","-8.25627","26","False","True","[]","0","555","[]","False","61","False","MASTER","14.5","False","False","False","False","False","0"
"2023-07-25 12:26:31.600","6178","1038","359159972160221","1868","False","False","False","20.5","0","True","True","True","37.07602","211","-8.2563032","24","False","True","[]","0","555","[]","False","61","False","MASTER","14.5","False","False","False","False","False","0"
"2023-07-25 12:26:32.517","6178","1038","359159972160221","1868","False","False","False","23.0","0","True","True","True","37.0759733","212","-8.25634","24","False","True","[]","0","555","[]","False","61","False","MASTER","14.5","False","False","False","False","False","0"
"2023-07-25 12:26:33.441","6178","1038","359159972160221","1868","False","False","False","22.7","0","True","True","True","37.075925","214","-8.25638","24","False","True","[]","0","555","[]","False","61","False","MASTER","14.5","False","False","False","False","False","0"
"2023-07-25 12:26:34.877","6178","1038","359159972160221","1868","False","False","False","21.1","0","True","True","True","37.07588","213","-8.2564166","24","False","True","[]","0","555","[]","False","61","False","MASTER","14.5","False","False","False","False","False","0"
"2023-07-25 12:26:35.458","6178","1038","359159972160221","1868","False","False","False","20.6","0","True","True","True","37.075835","206","-8.2564466","24","False","True","[]","0","555","[]","False","61","False","MASTER","14.5","False","False","False","False","False","0"
"2023-07-25 12:26:36.469","6178","1038","359159972160221","1868","False","False","False","19.4","0","True","True","True","37.07579","201","-8.25647","24","False","True","[]","0","555","[]","False","61","False","MASTER","14.5","False","False","False","False","False","0"
"2023-07-25 12:26:37.437","6178","1038","359159972160221","1868","False","False","False","17.9","0","True","True","True","37.0757483","201","-8.2564916","24","False","True","[]","0","555","[]","False","61","False","MASTER","14.5","False","False","False","False","False","0"
"2023-07-25 12:26:38.878","6178","1038","359159972160221","1868","False","False","False","14.7","0","True","True","True","37.0757133","205","-8.2565132","24","False","True","[]","0","555","[]","False","61","False","MASTER","14.5","False","False","False","False","False","0"
"2023-07-25 12:26:39.460","6178","1038","359159972160221","1868","False","False","False","15.5","0","True","True","True","37.07568","206","-8.2565332","24","False","True","[]","0","555","[]","False","61","False","MASTER","14.5","False","False","False","False","False","0"
"2023-07-25 12:26:40.456","6178","1038","359159972160221","1868","False","False","False","15.3","0","True","True","True","37.075645","205","-8.256555","24","False","True","[]","0","555","[]","False","61","False","MASTER","14.5","False","False","False","False","False","0"
"2023-07-25 12:26:41.440","6178","1038","359159972160221","1868","False","False","False","17.9","0","True","True","True","37.0756066","206","-8.2565782","24","False","True","[]","0","555","[]","False","61","False","MASTER","14.5","False","False","False","False","False","0"
"2023-07-25 12:26:42.437","6178","1038","359159972160221","1868","False","False","False","15.6","0","True","True","True","37.07557","207","-8.2566016","24","False","True","[]","0","555","[]","False","61","False","MASTER","14.5","False","False","False","False","False","0"
"2023-07-25 12:26:43.879","6178","1038","359159972160221","1868","False","False","False","10.9","0","True","True","True","37.0755433","207","-8.25662","24","False","True","[]","0","555","[]","False","61","False","MASTER","14.5","False","False","False","False","False","0"
"2023-07-25 12:26:44.457","6178","1038","359159972160221","1868","False","False","False","9.4","0","True","True","True","37.0755216","209","-8.256635","24","False","True","[]","0","555","[]","False","61","False","MASTER","14.5","False","False","False","False","False","0"
"2023-07-25 12:26:45.461","6178","1038","359159972160221","1868","False","False","False","9.0","0","True","True","True","37.0755016","211","-8.2566516","24","False","True","[]","0","555","[]","False","61","False","MASTER","14.5","False","False","False","False","False","0"
"2023-07-25 12:26:46.442","6178","1038","359159972160221","1868","False","False","False","13.1","0","True","True","True","37.0754766","209","-8.25667","24","False","True","[]","0","555","[]","False","61","False","MASTER","14.5","False","False","False","False","False","0"
"2023-07-25 12:26:47.859","6178","1038","359159972160221","1868","False","False","False","14.2","0","True","True","True","37.075445","204","-8.2566882","24","False","True","[]","0","555","[]","False","61","False","MASTER","14.5","False","False","False","False","False","0"
"2023-07-25 12:26:48.616","6178","1038","359159972160221","1868","False","False","False","15.0","0","True","True","True","37.0754116","206","-8.25671","24","False","True","[]","0","555","[]","False","61","False","MASTER","14.5","False","False","False","False","False","0"
"2023-07-25 12:26:49.480","6178","1038","359159972160221","1868","False","False","False","16.1","0","True","True","True","37.0753766","208","-8.2567332","24","False","True","[]","0","555","[]","False","61","False","MASTER","14.5","False","False","False","False","False","0"
"2023-07-25 12:26:50.438","6178","1038","359159972160221","1868","False","False","False","16.1","0","True","True","True","37.0753416","210","-8.2567582","24","False","True","[]","0","555","[]","False","61","False","MASTER","14.5","False","False","False","False","False","0"
"2023-07-25 12:26:51.436","6178","1038","359159972160221","1868","False","False","False","16.3","0","True","True","True","37.0753066","212","-8.256785","24","False","True","[]","0","555","[]","False","61","False","MASTER","14.5","False","False","False","False","False","0"
"2023-07-25 12:26:52.876","6178","1038","359159972160221","1868","False","False","False","15.3","0","True","True","True","37.0752733","211","-8.2568116","24","False","True","[]","0","555","[]","False","61","False","MASTER","14.5","False","False","False","False","False","0"
"2023-07-25 12:26:53.458","6178","1038","359159972160221","1868","False","False","False","16.7","0","True","True","True","37.0752383","212","-8.2568382","24","False","True","[]","0","555","[]","False","61","False","MASTER","14.5","False","False","False","False","False","0"
"2023-07-25 12:26:54.459","6178","1038","359159972160221","1868","False","False","False","17.3","0","True","True","True","37.0752016","214","-8.2568682","24","False","True","[]","0","555","[]","False","61","False","MASTER","14.5","False","False","False","False","False","0"
"2023-07-25 12:26:55.461","6178","1038","359159972160221","1868","False","False","False","18.5","0","True","True","True","37.075165","214","-8.2569016","24","False","True","[]","0","555","[]","False","61","False","MASTER","14.600000381469727","False","False","False","False","False","0"
"2023-07-25 12:26:56.450","6178","1038","359159972160221","1868","False","False","False","17.4","0","True","True","True","37.0751283","213","-8.2569316","24","False","True","[]","0","555","[]","False","61","False","MASTER","14.600000381469727","False","False","False","False","False","0"
"2023-07-25 12:26:57.437","6178","1038","359159972160221","1868","False","False","False","13.6","0","True","True","True","37.0750966","213","-8.2569566","24","False","True","[]","0","555","[]","False","61","False","MASTER","14.600000381469727","False","False","False","False","False","0"
"2023-07-25 12:26:58.437","6178","1038","359159972160221","1868","False","False","False","11.7","0","True","True","True","37.07507","209","-8.2569766","24","False","True","[]","0","555","[]","False","61","False","MASTER","14.600000381469727","False","False","False","False","False","0"
"2023-07-25 12:26:59.878","6178","1038","359159972160221","1868","False","False","False","10.2","0","True","True","True","37.0750466","210","-8.2569932","24","False","True","[]","0","555","[]","False","61","False","MASTER","14.600000381469727","False","False","False","False","False","0"
"2023-07-25 12:27:00.459","6178","1038","359159972160221","1868","False","False","False","11.5","0","True","True","True","37.0750233","214","-8.2570132","24","False","True","[]","0","555","[]","False","61","False","MASTER","14.600000381469727","False","False","False","False","False","0"
"2023-07-25 12:27:01.456","6178","1038","359159972160221","1868","False","False","False","12.6","0","True","True","True","37.0749983","218","-8.2570366","23","False","True","[]","0","555","[]","False","61","False","MASTER","14.600000381469727","False","False","False","False","False","0"
"2023-07-25 12:27:02.440","6178","1038","359159972160221","1868","False","False","False","11.3","0","True","True","True","37.0749733","219","-8.25706","23","False","True","[]","0","555","[]","False","61","False","MASTER","14.600000381469727","False","False","False","False","False","0"
"2023-07-25 12:27:03.436","6178","1038","359159972160221","1868","False","False","False","10.8","0","True","True","True","37.0749516","221","-8.2570832","23","False","True","[]","0","555","[]","False","61","False","MASTER","14.600000381469727","False","False","False","False","False","0"
"2023-07-25 12:27:04.876","6178","1038","359159972160221","1868","False","False","False","10.5","0","True","True","True","37.0749316","224","-8.2571066","23","False","True","[]","0","555","[]","False","61","False","MASTER","14.600000381469727","False","False","False","False","False","0"
"2023-07-25 12:27:05.458","6178","1038","359159972160221","1868","False","False","False","12.6","0","True","True","True","37.0749116","227","-8.2571332","23","False","True","[]","0","555","[]","False","61","False","MASTER","14.600000381469727","False","False","False","False","False","0"
"2023-07-25 12:27:06.460","6178","1038","359159972160221","1868","False","False","False","12.9","0","True","True","True","37.0748916","233","-8.257165","23","False","True","[]","0","555","[]","False","61","False","MASTER","14.600000381469727","False","False","False","False","False","0"
"2023-07-25 12:27:07.437","6178","1038","359159972160221","1868","False","False","False","10.8","0","True","True","True","37.074875","235","-8.257195","21","False","True","[]","0","555","[]","False","61","False","MASTER","14.600000381469727","False","False","False","False","False","0"
"2023-07-25 12:27:08.878","6178","1038","359159972160221","1868","False","False","False","10.8","0","True","True","True","37.07486","235","-8.2572232","21","False","True","[]","0","555","[]","False","61","False","MASTER","14.600000381469727","False","False","False","False","False","0"
"2023-07-25 12:27:09.477","6178","1038","359159972160221","1868","False","False","False","9.1","0","True","True","True","37.0748466","240","-8.2572516","21","False","True","[]","0","555","[]","False","61","False","MASTER","14.600000381469727","False","False","False","False","False","0"
"2023-07-25 12:27:11.776","6178","1038","359159972160221","1868","False","False","False","9.3","0","True","True","True","37.074835","243","-8.2572782","19","False","True","[]","0","555","[]","False","61","False","MASTER","14.600000381469727","False","False","False","False","False","0"
"2023-07-25 12:27:11.835","6178","1038","359159972160221","1868","False","False","False","8.9","0","True","True","True","37.074825","246","-8.2573032","19","False","True","[]","0","555","[]","False","61","False","MASTER","14.600000381469727","False","False","False","False","False","0"
"2023-07-25 12:27:12.454","6178","1038","359159972160221","1868","False","False","False","8.7","0","True","True","True","37.074815","244","-8.2573282","19","False","True","[]","0","555","[]","False","61","False","MASTER","14.600000381469727","False","False","False","False","False","0"
"2023-07-25 12:27:13.431","6178","1038","359159972160221","1868","False","False","False","9.8","0","True","True","True","37.0748083","254","-8.2573566","20","False","True","[]","0","555","[]","False","61","False","MASTER","14.600000381469727","False","False","False","False","False","0"
"2023-07-25 12:27:14.854","6178","1038","359159972160221","1868","False","False","False","5.3","0","True","True","True","37.07481","269","-8.257375","20","False","True","[]","0","555","[]","False","61","False","MASTER","14.600000381469727","False","False","False","False","False","0"
"2023-07-25 12:27:15.455","6178","1038","359159972160221","1868","False","False","False","4.8","0","True","True","True","37.0748166","282","-8.2573882","20","False","True","[]","0","555","[]","False","61","False","MASTER","14.600000381469727","False","False","False","False","False","0"
"2023-07-25 12:27:16.456","6178","1038","359159972160221","1868","False","False","False","3.3","0","True","True","True","37.0748233","298","-8.2573982","20","False","True","[]","0","555","[]","False","61","False","MASTER","14.600000381469727","False","False","False","False","False","0"
"2023-07-25 12:27:17.434","6178","1038","359159972160221","1868","False","False","False","3.9","0","True","True","True","37.0748333","316","-8.257405","20","False","True","[]","0","555","[]","False","61","False","MASTER","14.600000381469727","False","False","False","False","False","0"
"2023-07-25 12:27:18.855","6178","1038","359159972160221","1868","False","False","False","3.8","0","True","True","True","37.0748416","329","-8.25741","20","False","True","[]","0","555","[]","False","61","False","MASTER","14.600000381469727","False","False","False","False","False","0"
"2023-07-25 12:27:19.456","6178","1038","359159972160221","1868","False","False","False","4.0","0","True","True","True","37.0748516","335","-8.2574132","20","False","True","[]","0","555","[]","False","61","False","MASTER","14.600000381469727","False","False","False","False","False","0"
"2023-07-25 12:27:20.452","6178","1038","359159972160221","1868","False","False","False","5.2","0","True","True","True","37.0748633","329","-8.25742","20","False","True","[]","0","555","[]","False","61","False","MASTER","14.600000381469727","False","False","False","False","False","0"
"2023-07-25 12:27:21.454","6178","1038","359159972160221","1868","False","False","False","8.2","0","True","True","True","37.074875","313","-8.2574366","20","False","True","[]","0","555","[]","False","61","False","MASTER","14.600000381469727","False","False","False","False","False","0"
"2023-07-25 12:27:22.431","6178","1038","359159972160221","1868","False","False","False","8.8","0","True","True","True","37.0748866","300","-8.25746","20","False","True","[]","0","555","[]","False","61","False","MASTER","14.600000381469727","False","False","False","False","False","0"
"2023-07-25 12:27:23.854","6178","1038","359159972160221","1868","False","False","False","12.0","0","True","True","True","37.0749","301","-8.25749","20","False","True","[]","0","555","[]","False","61","False","MASTER","14.600000381469727","False","False","False","False","False","0"
"2023-07-25 12:27:24.473","6178","1038","359159972160221","1868","False","False","False","16.1","0","True","True","True","37.0749183","296","-8.25753","20","False","True","[]","0","555","[]","False","61","False","MASTER","14.600000381469727","False","False","False","False","False","0"
"2023-07-25 12:27:25.456","6178","1038","359159972160221","1868","False","False","False","17.9","0","True","True","True","37.0749383","298","-8.2575782","20","False","True","[]","0","555","[]","False","61","False","MASTER","14.600000381469727","False","False","False","False","False","0"
"2023-07-25 12:27:26.434","6178","1038","359159972160221","1868","False","False","False","15.8","0","True","True","True","37.07496","300","-8.2576232","20","False","True","[]","0","555","[]","False","61","False","MASTER","14.600000381469727","False","False","False","False","False","0"
"2023-07-25 12:27:27.855","6178","1038","359159972160221","1868","False","False","False","13.5","0","True","True","True","37.0749733","293","-8.2576632","20","False","True","[]","0","555","[]","False","61","False","MASTER","14.600000381469727","False","False","False","False","False","0"
"2023-07-25 12:27:28.457","6178","1038","359159972160221","1868","False","False","False","14.1","0","True","True","True","37.0749883","295","-8.2577032","20","False","True","[]","0","555","[]","False","61","False","MASTER","14.600000381469727","False","False","False","False","False","0"
"2023-07-25 12:27:29.451","6178","1038","359159972160221","1868","False","False","False","17.4","0","True","True","True","37.0750066","295","-8.25775","20","False","True","[]","0","555","[]","False","61","False","MASTER","14.600000381469727","False","False","False","False","False","0"
"2023-07-25 12:27:30.437","6178","1038","359159972160221","1868","False","False","False","18.3","0","True","True","True","37.075025","294","-8.2578","20","False","True","[]","0","555","[]","False","61","False","MASTER","14.600000381469727","False","False","False","False","False","0"
"2023-07-25 12:27:31.432","6178","1038","359159972160221","1868","False","False","False","18.6","0","True","True","True","37.075045","295","-8.2578532","18","False","True","[]","0","555","[]","False","61","False","MASTER","14.600000381469727","False","False","False","False","False","0"
"2023-07-25 12:27:32.517","6178","1038","359159972160221","1868","False","False","False","21.0","0","True","True","True","37.0750666","294","-8.25791","18","False","True","[]","0","555","[]","False","61","False","MASTER","14.600000381469727","False","False","False","False","False","0"
"2023-07-25 12:27:33.639","6178","1038","359159972160221","1868","False","False","False","19.2","0","True","True","True","37.0750883","299","-8.257965","18","False","True","[]","0","555","[]","False","61","False","MASTER","14.600000381469727","False","False","False","False","False","0"
"2023-07-25 12:27:34.456","6178","1038","359159972160221","1868","False","False","False","21.2","0","True","True","True","37.0751133","297","-8.2580216","18","False","True","[]","0","555","[]","False","61","False","MASTER","14.600000381469727","False","False","False","False","False","0"
"2023-07-25 12:27:35.458","6178","1038","359159972160221","1868","False","False","False","23.5","0","True","True","True","37.0751383","294","-8.2580866","18","False","True","[]","0","555","[]","False","61","False","MASTER","14.600000381469727","False","False","False","False","False","0"
"2023-07-25 12:27:36.999","6178","1038","359159972160221","1868","False","False","False","26.9","0","True","True","True","37.075165","294","-8.2581616","18","False","True","[]","0","555","[]","False","61","False","MASTER","14.600000381469727","False","False","False","False","False","0"
"2023-07-25 12:27:37.455","6178","1038","359159972160221","1868","False","False","False","25.4","0","True","True","True","37.075195","297","-8.2582332","24","False","True","[]","0","555","[]","False","61","False","MASTER","14.600000381469727","False","False","False","False","False","0"
"2023-07-25 12:27:38.458","6178","1038","359159972160221","1868","False","False","False","26.4","0","True","True","True","37.0752266","299","-8.258305","24","False","True","[]","0","555","[]","False","61","False","MASTER","14.600000381469727","False","False","False","False","False","0"
"2023-07-25 12:27:39.436","6178","1038","359159972160221","1868","False","False","False","26.6","0","True","True","True","37.07526","301","-8.2583766","24","False","True","[]","0","555","[]","False","61","False","MASTER","14.600000381469727","False","False","False","False","False","0"
"2023-07-25 12:27:40.876","6178","1038","359159972160221","1868","False","False","False","23.9","0","True","True","True","37.0752933","301","-8.2584432","22","False","True","[]","0","555","[]","False","61","False","MASTER","14.600000381469727","False","False","False","False","False","0"
"2023-07-25 12:27:41.460","6178","1038","359159972160221","1868","False","False","False","27.3","0","True","True","True","37.0753233","296","-8.2585166","22","False","True","[]","0","555","[]","False","61","False","MASTER","14.600000381469727","False","False","False","False","False","0"
"2023-07-25 12:27:42.459","6178","1038","359159972160221","1868","False","False","False","28.9","0","True","True","True","37.0753533","295","-8.258595","22","False","True","[]","0","555","[]","False","61","False","MASTER","14.600000381469727","False","False","False","False","False","0"
"2023-07-25 12:27:43.437","6178","1038","359159972160221","1868","False","False","False","24.3","0","True","True","True","37.0753833","299","-8.258665","23","False","True","[]","0","555","[]","False","61","False","MASTER","14.600000381469727","False","False","False","False","False","0"
"2023-07-25 12:27:44.878","6178","1038","359159972160221","1868","False","False","False","17.3","0","True","True","True","37.0754083","300","-8.2587182","23","False","True","[]","0","555","[]","False","61","False","MASTER","14.600000381469727","False","False","False","False","False","0"
"2023-07-25 12:27:45.459","6178","1038","359159972160221","1868","False","False","False","18.0","0","True","True","True","37.0754283","296","-8.2587682","23","False","True","[]","0","555","[]","False","61","False","MASTER","14.600000381469727","False","False","False","False","False","0"
"2023-07-25 12:27:46.460","6178","1038","359159972160221","1868","False","False","False","17.4","0","True","True","True","37.0754466","293","-8.2588182","22","False","True","[]","0","555","[]","False","61","False","MASTER","14.600000381469727","False","False","False","False","False","0"
"2023-07-25 12:27:47.439","6178","1038","359159972160221","1868","False","False","False","16.5","0","True","True","True","37.0754666","301","-8.2588616","22","False","True","[]","0","555","[]","False","61","False","MASTER","14.600000381469727","False","False","False","False","False","0"
"2023-07-25 12:27:48.436","6178","1038","359159972160221","1868","False","False","False","18.0","0","True","True","True","37.0754916","304","-8.2589082","22","False","True","[]","0","555","[]","False","61","False","MASTER","14.600000381469727","False","False","False","False","False","0"
"2023-07-25 12:27:49.876","6178","1038","359159972160221","1868","False","False","False","21.5","0","True","True","True","37.07552","308","-8.2589616","22","False","True","[]","0","555","[]","False","61","False","MASTER","14.600000381469727","False","False","False","False","False","0"
"2023-07-25 12:27:50.457","6178","1038","359159972160221","1868","False","False","False","21.1","0","True","True","True","37.0755566","314","-8.25901","22","False","True","[]","0","555","[]","False","61","False","MASTER","14.600000381469727","False","False","False","False","False","0"
"2023-07-25 12:27:51.459","6178","1038","359159972160221","1868","False","False","False","18.9","0","True","True","True","37.075595","321","-8.25905","22","False","True","[]","0","555","[]","False","61","False","MASTER","14.600000381469727","False","False","False","False","False","0"
"2023-07-25 12:27:52.439","6178","1038","359159972160221","1868","False","False","False","18.1","0","True","True","True","37.075635","334","-8.2590766","22","False","True","[]","0","555","[]","False","61","False","MASTER","14.600000381469727","False","False","False","False","False","0"
"2023-07-25 12:27:53.878","6178","1038","359159972160221","1868","False","False","False","18.9","0","True","True","True","37.07568","341","-8.2591","22","False","True","[]","0","555","[]","False","61","False","MASTER","14.600000381469727","False","False","False","False","False","0"
"2023-07-25 12:27:54.478","6178","1038","359159972160221","1868","False","False","False","13.5","0","True","True","True","37.0757166","351","-8.2591082","22","False","True","[]","0","555","[]","False","61","False","MASTER","14.600000381469727","False","False","False","False","False","0"
"2023-07-25 12:27:55.456","6178","1038","359159972160221","1868","False","False","False","10.9","0","True","True","True","37.0757466","8","-8.259105","23","False","True","[]","0","555","[]","False","61","False","MASTER","14.600000381469727","False","False","False","False","False","0"
"2023-07-25 12:27:56.439","6178","1038","359159972160221","1868","False","False","False","9.5","0","True","True","True","37.0757733","18","-8.2590966","23","False","True","[]","0","555","[]","False","60","False","MASTER","14.5","False","False","False","False","False","0"
"2023-07-25 12:27:57.436","6178","1038","359159972160221","1868","False","False","False","8.3","0","True","True","True","37.0757916","30","-8.2590816","23","False","True","[]","0","555","[]","False","60","False","MASTER","14.5","False","False","False","False","False","0"
"2023-07-25 12:27:58.876","6178","1038","359159972160221","1868","False","False","False","8.1","0","True","True","True","37.0758066","43","-8.2590632","21","False","True","[]","0","555","[]","False","60","False","MASTER","14.5","False","False","False","False","False","0"
"2023-07-25 12:27:59.457","6178","1038","359159972160221","1868","False","False","False","9.8","0","True","True","True","37.0758216","52","-8.2590416","21","False","True","[]","0","555","[]","False","60","False","MASTER","14.5","False","False","False","False","False","0"
"2023-07-25 12:28:00.878","6178","1038","359159972160221","1868","False","False","False","9.9","0","True","True","True","37.075835","58","-8.259015","21","False","True","[]","0","555","[]","False","60","False","MASTER","14.5","False","False","False","False","False","0"
"2023-07-25 12:28:01.478","6178","1038","359159972160221","1868","False","False","False","13.8","0","True","True","True","37.07585","61","-8.25898","21","False","True","[]","0","555","[]","False","60","False","MASTER","14.5","False","False","False","False","False","0"
"2023-07-25 12:28:02.457","6178","1038","359159972160221","1868","False","False","False","15.6","0","True","True","True","37.0758683","62","-8.2589366","21","False","True","[]","0","555","[]","False","60","False","MASTER","14.5","False","False","False","False","False","0"
"2023-07-25 12:28:03.436","6178","1038","359159972160221","1868","False","False","False","17.0","0","True","True","True","37.0758866","62","-8.25889","21","False","True","[]","0","555","[]","False","60","False","MASTER","14.5","False","False","False","False","False","0"
"2023-07-25 12:28:04.875","6178","1038","359159972160221","1868","False","False","False","17.9","0","True","True","True","37.0759066","63","-8.25884","21","False","True","[]","0","555","[]","False","60","False","MASTER","14.5","False","False","False","False","False","0"
"2023-07-25 12:28:05.457","6178","1038","359159972160221","1868","False","False","False","16.9","0","True","True","True","37.075925","63","-8.2587916","21","False","True","[]","0","555","[]","False","60","False","MASTER","14.5","False","False","False","False","False","0"
"2023-07-25 12:28:06.459","6178","1038","359159972160221","1868","False","False","False","11.4","0","True","True","True","37.07594","62","-8.258755","21","False","True","[]","0","555","[]","False","60","False","MASTER","14.5","False","False","False","False","False","0"
"2023-07-25 12:28:07.436","6178","1038","359159972160221","1868","False","False","False","9.9","0","True","True","True","37.0759516","63","-8.2587266","23","False","True","[]","0","555","[]","False","60","False","MASTER","14.5","False","False","False","False","False","0"
"2023-07-25 12:28:08.877","6178","1038","359159972160221","1868","False","False","False","9.5","0","True","True","True","37.0759633","61","-8.2587","23","False","True","[]","0","555","[]","False","60","False","MASTER","14.5","False","False","False","False","False","0"
"2023-07-25 12:28:09.459","6178","1038","359159972160221","1868","False","False","False","10.1","0","True","True","True","37.075975","63","-8.2586732","23","False","True","[]","0","555","[]","False","60","False","MASTER","14.5","False","False","False","False","False","0"
"2023-07-25 12:28:10.456","6178","1038","359159972160221","1868","False","False","False","11.5","0","True","True","True","37.0759866","63","-8.2586432","25","False","True","[]","0","555","[]","False","60","False","MASTER","14.5","False","False","False","False","False","0"
"2023-07-25 12:28:11.439","6178","1038","359159972160221","1868","False","False","False","12.7","0","True","True","True","37.0760016","62","-8.2586082","25","False","True","[]","0","555","[]","False","60","False","MASTER","14.5","False","False","False","False","False","0"
"2023-07-25 12:28:12.436","6178","1038","359159972160221","1868","False","False","False","12.0","0","True","True","True","37.0760133","67","-8.2585716","25","False","True","[]","0","555","[]","False","60","False","MASTER","14.5","False","False","False","False","False","0"
"2023-07-25 12:28:13.437","6178","1038","359159972160221","1868","False","False","False","11.4","0","True","True","True","37.076025","68","-8.2585382","23","False","True","[]","0","555","[]","False","60","False","MASTER","14.5","False","False","False","False","False","0"
"2023-07-25 12:28:14.998","6178","1038","359159972160221","1868","False","False","False","12.5","0","True","True","True","37.0760366","65","-8.2585032","23","False","True","[]","0","555","[]","False","60","False","MASTER","14.5","False","False","False","False","False","0"
"2023-07-25 12:28:15.537","6178","1038","359159972160221","1868","False","False","False","12.3","0","True","True","True","37.0760483","70","-8.2584666","23","False","True","[]","0","555","[]","False","60","False","MASTER","14.5","False","False","False","False","False","0"
"2023-07-25 12:28:16.437","6178","1038","359159972160221","1868","False","False","False","10.6","0","True","True","True","37.0760566","72","-8.2584332","22","False","True","[]","0","555","[]","False","60","False","MASTER","14.5","False","False","False","False","False","0"
"2023-07-25 12:28:17.878","6178","1038","359159972160221","1868","False","False","False","11.5","0","True","True","True","37.0760633","74","-8.2584","22","False","True","[]","0","555","[]","False","60","False","MASTER","14.5","False","False","False","False","False","0"
"2023-07-25 12:28:18.460","6178","1038","359159972160221","1868","False","False","False","11.0","0","True","True","True","37.07607","76","-8.258365","22","False","True","[]","0","555","[]","False","60","False","MASTER","14.5","False","False","False","False","False","0"
"2023-07-25 12:28:19.456","6178","1038","359159972160221","1868","False","False","False","9.6","0","True","True","True","37.076075","77","-8.258335","21","False","True","[]","0","555","[]","False","60","False","MASTER","14.5","False","False","False","False","False","0"
"2023-07-25 12:28:20.440","6178","1038","359159972160221","1868","False","False","False","10.4","0","True","True","True","37.0760816","75","-8.258305","21","False","True","[]","0","555","[]","False","60","False","MASTER","14.5","False","False","False","False","False","0"
"2023-07-25 12:28:21.436","6178","1038","359159972160221","1868","False","False","False","10.7","0","True","True","True","37.0760933","65","-8.2582732","21","False","True","[]","0","555","[]","False","60","False","MASTER","14.5","False","False","False","False","False","0"
"2023-07-25 12:28:22.875","6178","1038","359159972160221","1868","False","False","False","9.6","0","True","True","True","37.0761033","66","-8.2582432","20","False","True","[]","0","555","[]","False","60","False","MASTER","14.5","False","False","False","False","False","0"
"2023-07-25 12:28:23.457","6178","1038","359159972160221","1868","False","False","False","13.8","0","True","True","True","37.076115","70","-8.2582066","20","False","True","[]","0","555","[]","False","60","False","MASTER","14.5","False","False","False","False","False","0"
"2023-07-25 12:28:24.459","6178","1038","359159972160221","1868","False","False","False","17.0","0","True","True","True","37.07613","68","-8.2581582","20","False","True","[]","0","555","[]","False","60","False","MASTER","14.5","False","False","False","False","False","0"
"2023-07-25 12:28:25.437","6178","1038","359159972160221","1868","False","False","False","23.1","0","True","True","True","37.0761516","65","-8.2580982","21","False","True","[]","0","555","[]","False","60","False","MASTER","14.5","False","False","False","False","False","0"
"2023-07-25 12:28:26.878","6178","1038","359159972160221","1868","False","False","False","22.4","0","True","True","True","37.0761716","70","-8.2580316","21","False","True","[]","0","555","[]","False","60","False","MASTER","14.5","False","False","False","False","False","0"
"2023-07-25 12:28:27.477","6178","1038","359159972160221","1868","False","False","False","21.7","0","True","True","True","37.0761916","68","-8.2579682","21","False","True","[]","0","555","[]","False","60","False","MASTER","14.5","False","False","False","False","False","0"
"2023-07-25 12:28:28.455","6178","1038","359159972160221","1868","False","False","False","21.2","0","True","True","True","37.0762116","67","-8.2579066","22","False","True","[]","0","555","[]","False","60","False","MASTER","14.5","False","False","False","False","False","0"
"2023-07-25 12:28:29.457","6178","1038","359159972160221","1868","False","False","False","21.6","0","True","True","True","37.0762316","67","-8.2578432","22","False","True","[]","0","555","[]","False","60","False","MASTER","14.5","False","False","False","False","False","0"
"2023-07-25 12:28:30.437","6178","1038","359159972160221","1868","False","False","False","24.4","0","True","True","True","37.0762516","70","-8.257775","22","False","True","[]","0","555","[]","False","60","False","MASTER","14.5","False","False","False","False","False","0"
"2023-07-25 12:28:31.437","6178","1038","359159972160221","1868","False","False","False","24.5","0","True","True","True","37.0762733","70","-8.2577016","22","False","True","[]","0","555","[]","False","60","False","MASTER","14.5","False","False","False","False","False","0"
"2023-07-25 12:28:32.878","6178","1038","359159972160221","1868","False","False","False","24.3","0","True","True","True","37.076295","68","-8.2576316","22","False","True","[]","0","555","[]","False","60","False","MASTER","14.5","False","False","False","False","False","0"
"2023-07-25 12:28:33.537","6178","1038","359159972160221","1868","False","False","False","25.4","0","True","True","True","37.0763183","68","-8.2575582","22","False","True","[]","0","555","[]","False","60","False","MASTER","14.5","False","False","False","False","False","0"
"2023-07-25 12:28:34.464","6178","1038","359159972160221","1868","False","False","False","25.5","0","True","True","True","37.07634","69","-8.2574832","21","False","True","[]","0","555","[]","False","60","False","MASTER","14.5","False","False","False","False","False","0"
"2023-07-25 12:28:35.440","6178","1038","359159972160221","1868","False","False","False","26.0","0","True","True","True","37.07636","73","-8.2574066","21","False","True","[]","0","555","[]","False","60","False","MASTER","14.5","False","False","False","False","False","0"
"2023-07-25 12:28:36.435","6178","1038","359159972160221","1868","False","False","False","23.4","0","True","True","True","37.0763716","81","-8.2573332","21","False","True","[]","0","555","[]","False","60","False","MASTER","14.5","False","False","False","False","False","0"
"2023-07-25 12:28:37.876","6178","1038","359159972160221","1868","False","False","False","23.9","0","True","True","True","37.0763833","78","-8.25726","21","False","True","[]","0","555","[]","False","60","False","MASTER","14.5","False","False","False","False","False","0"
"2023-07-25 12:28:38.464","6178","1038","359159972160221","1868","False","False","False","24.4","0","True","True","True","37.0763933","79","-8.257185","21","False","True","[]","0","555","[]","False","60","False","MASTER","14.5","False","False","False","False","False","0"
"2023-07-25 12:28:39.478","6178","1038","359159972160221","1868","False","False","False","25.5","0","True","True","True","37.0764016","83","-8.2571082","21","False","True","[]","0","555","[]","False","60","False","MASTER","14.5","False","False","False","False","False","0"
"2023-07-25 12:28:40.437","6178","1038","359159972160221","1868","False","False","False","23.4","0","True","True","True","37.07641","82","-8.257035","23","False","True","[]","0","555","[]","False","60","False","MASTER","14.5","False","False","False","False","False","0"
"2023-07-25 12:28:41.438","6178","1038","359159972160221","1868","False","False","False","23.6","0","True","True","True","37.076415","86","-8.25696","23","False","True","[]","0","555","[]","False","60","False","MASTER","14.5","False","False","False","False","False","0"
"2023-07-25 12:28:42.436","6178","1038","359159972160221","1868","False","False","False","23.3","0","True","True","True","37.0764166","88","-8.2568866","23","False","True","[]","0","555","[]","False","60","False","MASTER","14.5","False","False","False","False","False","0"
"2023-07-25 12:28:43.876","6178","1038","359159972160221","1868","False","False","False","24.9","0","True","True","True","37.0764216","86","-8.2568066","25","False","True","[]","0","555","[]","False","60","False","MASTER","14.5","False","False","False","False","False","0"
"2023-07-25 12:28:44.457","6178","1038","359159972160221","1868","False","False","False","20.8","0","True","True","True","37.076425","87","-8.256738200000001","25","False","True","[]","0","555","[]","False","60","False","MASTER","14.5","False","False","False","False","False","0"
"2023-07-25 12:28:45.459","6178","1038","359159972160221","1868","False","False","False","19.9","0","True","True","True","37.076425","89","-8.256675","25","False","True","[]","0","555","[]","False","60","False","MASTER","14.5","False","False","False","False","False","0"
"2023-07-25 12:28:46.437","6178","1038","359159972160221","1868","False","False","False","19.9","0","True","True","True","37.0764266","87","-8.2566116","25","False","True","[]","0","555","[]","False","60","False","MASTER","14.5","False","False","False","False","False","0"
"2023-07-25 12:28:47.895","6178","1038","359159972160221","1868","False","False","False","20.4","0","True","True","True","37.0764266","90","-8.25655","25","False","True","[]","0","555","[]","False","60","False","MASTER","14.5","False","False","False","False","False","0"
"2023-07-25 12:28:48.478","6178","1038","359159972160221","1868","False","False","False","20.5","0","True","True","True","37.0764233","93","-8.256485","25","False","True","[]","0","555","[]","False","60","False","MASTER","14.5","False","False","False","False","False","0"
"2023-07-25 12:28:49.456","6178","1038","359159972160221","1868","False","False","False","18.7","0","True","True","True","37.0764183","96","-8.2564266","25","False","True","[]","0","555","[]","False","60","False","MASTER","14.5","False","False","False","False","False","0"
"2023-07-25 12:28:50.440","6178","1038","359159972160221","1868","False","False","False","16.6","0","True","True","True","37.0764116","100","-8.2563716","25","False","True","[]","0","555","[]","False","60","False","MASTER","14.5","False","False","False","False","False","0"
"2023-07-25 12:28:51.446","6178","1038","359159972160221","1868","False","False","False","14.9","0","True","True","True","37.0764016","101","-8.256325","25","False","True","[]","0","555","[]","False","60","False","MASTER","14.5","False","False","False","False","False","0"
"2023-07-25 12:28:52.437","6178","1038","359159972160221","1868","False","False","False","13.8","0","True","True","True","37.0763916","108","-8.2562832","25","False","True","[]","0","555","[]","False","60","False","MASTER","14.5","False","False","False","False","False","0"
"2023-07-25 12:28:53.858","6178","1038","359159972160221","1868","False","False","False","12.5","0","True","True","True","37.0763766","119","-8.256245","25","False","True","[]","0","555","[]","False","60","False","MASTER","14.5","False","False","False","False","False","0"
"2023-07-25 12:28:54.458","6178","1038","359159972160221","1868","False","False","False","10.6","0","True","True","True","37.0763616","121","-8.2562166","25","False","True","[]","0","555","[]","False","60","False","MASTER","14.5","False","False","False","False","False","0"
"2023-07-25 12:28:55.457","6178","1038","359159972160221","1868","False","False","False","11.0","0","True","True","True","37.076345","125","-8.2561916","23","False","True","[]","0","555","[]","False","60","False","MASTER","14.5","False","False","False","False","False","0"
"2023-07-25 12:28:56.442","6178","1038","359159972160221","1868","False","False","False","7.5","0","True","True","True","37.0763316","128","-8.256170000000001","23","False","True","[]","0","555","[]","False","60","False","MASTER","14.5","False","False","False","False","False","0"
"2023-07-25 12:28:57.436","6178","1038","359159972160221","1868","False","False","False","7.7","0","True","True","True","37.0763183","132","-8.25615","23","False","True","[]","0","555","[]","False","59","False","MASTER","14.5","False","False","False","False","False","0"
"2023-07-25 12:28:58.899","6178","1038","359159972160221","1868","False","False","False","6.8","0","True","True","True","37.076305","143","-8.2561366","21","False","True","[]","0","555","[]","False","59","False","MASTER","14.5","False","False","False","False","False","0"
"2023-07-25 12:28:59.458","6178","1038","359159972160221","1868","False","False","False","7.5","0","True","True","True","37.0762866","157","-8.25613","21","False","True","[]","0","555","[]","False","59","False","MASTER","14.5","False","False","False","False","False","0"
"2023-07-25 12:29:00.458","6178","1038","359159972160221","1868","False","False","False","6.5","0","True","True","True","37.0762683","171","-8.256125","21","False","True","[]","0","555","[]","False","59","False","MASTER","14.5","False","False","False","False","False","0"
"2023-07-25 12:29:01.456","6178","1038","359159972160221","1868","False","False","False","8.0","0","True","True","True","37.0762483","176","-8.2561216","21","False","True","[]","0","555","[]","False","59","False","MASTER","14.5","False","False","False","False","False","0"
"2023-07-25 12:29:02.458","6178","1038","359159972160221","1868","False","False","False","9.1","0","True","True","True","37.0762266","182","-8.256125","21","False","True","[]","0","555","[]","False","59","False","MASTER","14.5","False","False","False","False","False","0"
"2023-07-25 12:29:03.436","6178","1038","359159972160221","1868","False","False","False","9.0","0","True","True","True","37.076205","200","-8.2561332","21","False","True","[]","0","555","[]","False","59","False","MASTER","14.5","False","False","False","False","False","0"
"2023-07-25 12:29:04.876","6178","1038","359159972160221","1868","False","False","False","9.2","0","True","True","True","37.0761883","222","-8.2561532","22","False","True","[]","0","555","[]","False","59","False","MASTER","14.5","False","False","False","False","False","0"
"2023-07-25 12:29:05.457","6178","1038","359159972160221","1868","False","False","False","11.2","0","True","True","True","37.07617","230","-8.25618","22","False","True","[]","0","555","[]","False","59","False","MASTER","14.5","False","False","False","False","False","0"
"2023-07-25 12:29:06.458","6178","1038","359159972160221","1868","False","False","False","12.0","0","True","True","True","37.0761533","236","-8.2562116","22","False","True","[]","0","555","[]","False","59","False","MASTER","14.5","False","False","False","False","False","0"
"2023-07-25 12:29:07.437","6178","1038","359159972160221","1868","False","False","False","12.8","0","True","True","True","37.07614","244","-8.2562482","22","False","True","[]","0","555","[]","False","59","False","MASTER","14.5","False","False","False","False","False","0"
"2023-07-25 12:29:08.877","6178","1038","359159972160221","1868","False","False","False","14.7","0","True","True","True","37.0761233","247","-8.2562882","22","False","True","[]","0","555","[]","False","59","False","MASTER","14.5","False","False","False","False","False","0"
"2023-07-25 12:29:09.458","6178","1038","359159972160221","1868","False","False","False","19.1","0","True","True","True","37.07611","252","-8.25634","22","False","True","[]","0","555","[]","False","59","False","MASTER","14.5","False","False","False","False","False","0"
"2023-07-25 12:29:10.456","6178","1038","359159972160221","1868","False","False","False","22.2","0","True","True","True","37.0760983","258","-8.256405","22","False","True","[]","0","555","[]","False","59","False","MASTER","14.5","False","False","False","False","False","0"
"2023-07-25 12:29:11.439","6178","1038","359159972160221","1868","False","False","False","25.7","0","True","True","True","37.07608","252","-8.2564782","22","False","True","[]","0","555","[]","False","59","False","MASTER","14.5","False","False","False","False","False","0"
"2023-07-25 12:29:12.436","6178","1038","359159972160221","1868","False","False","False","28.2","0","True","True","True","37.0760633","256","-8.2565616","22","False","True","[]","0","555","[]","False","59","False","MASTER","14.5","False","False","False","False","False","0"
"2023-07-25 12:29:13.876","6178","1038","359159972160221","1868","False","False","False","24.1","0","True","True","True","37.0760483","256","-8.2566382","20","False","True","[]","0","555","[]","False","59","False","MASTER","14.5","False","False","False","False","False","0"
"2023-07-25 12:29:14.696","6178","1038","359159972160221","1868","False","False","False","24.3","0","True","True","True","37.076035","255","-8.2567116","20","False","True","[]","0","555","[]","False","59","False","MASTER","14.5","False","False","False","False","False","0"
"2023-07-25 12:29:15.436","6178","1038","359159972160221","1868","False","False","False","26.3","0","True","True","True","37.0760183","254","-8.25679","20","False","True","[]","0","555","[]","False","59","False","MASTER","14.5","False","False","False","False","False","0"
"2023-07-25 12:29:16.436","6178","1038","359159972160221","1868","False","False","False","29.2","0","True","True","True","37.076","253","-8.2568732","21","False","True","[]","0","555","[]","False","59","False","MASTER","14.5","False","False","False","False","False","0"
"2023-07-25 12:29:17.877","6178","1038","359159972160221","1868","False","False","False","28.2","0","True","True","True","37.07598","253","-8.2569582","21","False","True","[]","0","555","[]","False","59","False","MASTER","14.5","False","False","False","False","False","0"
"2023-07-25 12:29:18.458","6178","1038","359159972160221","1868","False","False","False","29.0","0","True","True","True","37.07596","253","-8.2570432","21","False","True","[]","0","555","[]","False","59","False","MASTER","14.5","False","False","False","False","False","0"
"2023-07-25 12:29:19.456","6178","1038","359159972160221","1868","False","False","False","25.1","0","True","True","True","37.0759366","250","-8.2571216","21","False","True","[]","0","555","[]","False","59","False","MASTER","14.5","False","False","False","False","False","0"
"2023-07-25 12:29:20.440","6178","1038","359159972160221","1868","False","False","False","21.9","0","True","True","True","37.07592","251","-8.25719","21","False","True","[]","0","555","[]","False","59","False","MASTER","14.5","False","False","False","False","False","0"
"2023-07-25 12:29:21.437","6178","1038","359159972160221","1868","False","False","False","20.1","0","True","True","True","37.0759033","251","-8.2572516","21","False","True","[]","0","555","[]","False","59","False","MASTER","14.5","False","False","False","False","False","0"
"2023-07-25 12:29:22.876","6178","1038","359159972160221","1868","False","False","False","18.3","0","True","True","True","37.07589","253","-8.2573082","21","False","True","[]","0","555","[]","False","59","False","MASTER","14.5","False","False","False","False","False","0"
"2023-07-25 12:29:23.457","6178","1038","359159972160221","1868","False","False","False","17.0","0","True","True","True","37.07588","258","-8.2573616","21","False","True","[]","0","555","[]","False","59","False","MASTER","14.5","False","False","False","False","False","0"
"2023-07-25 12:29:24.460","6178","1038","359159972160221","1868","False","False","False","18.0","0","True","True","True","37.0758733","261","-8.257416599999999","21","False","True","[]","0","555","[]","False","59","False","MASTER","14.5","False","False","False","False","False","0"
"2023-07-25 12:29:25.438","6178","1038","359159972160221","1868","False","False","False","16.5","0","True","True","True","37.0758683","261","-8.25747","20","False","True","[]","0","555","[]","False","59","False","MASTER","14.5","False","False","False","False","False","0"
"2023-07-25 12:29:26.881","6178","1038","359159972160221","1868","False","False","False","14.3","0","True","True","True","37.0758633","260","-8.257515","20","False","True","[]","0","555","[]","False","59","False","MASTER","14.5","False","False","False","False","False","0"
"2023-07-25 12:29:27.478","6178","1038","359159972160221","1868","False","False","False","14.0","0","True","True","True","37.07586","261","-8.2575582","20","False","True","[]","0","555","[]","False","59","False","MASTER","14.5","False","False","False","False","False","0"
"2023-07-25 12:29:28.456","6178","1038","359159972160221","1868","False","False","False","8.2","0","True","True","True","37.0758566","265","-8.25759","21","False","True","[]","0","555","[]","False","59","False","MASTER","14.5","False","False","False","False","False","0"
"2023-07-25 12:29:29.439","6178","1038","359159972160221","1868","False","False","False","7.1","0","True","True","True","37.0758616","280","-8.2576116","21","False","True","[]","0","555","[]","False","59","False","MASTER","14.5","False","False","False","False","False","0"
"2023-07-25 12:29:30.436","6178","1038","359159972160221","1868","False","False","False","8.7","0","True","True","True","37.075875","305","-8.2576316","21","False","True","[]","0","555","[]","False","59","False","MASTER","14.5","False","False","False","False","False","0"
"2023-07-25 12:29:31.876","6178","1038","359159972160221","1868","False","False","False","8.1","0","True","True","True","37.0758916","321","-8.257645","23","False","True","[]","0","555","[]","False","59","False","MASTER","14.5","False","False","False","False","False","0"
"2023-07-25 12:29:32.458","6178","1038","359159972160221","1868","False","False","False","10.9","0","True","True","True","37.0759183","352","-8.25765","23","False","True","[]","0","555","[]","False","59","False","MASTER","14.5","False","False","False","False","False","0"
"2023-07-25 12:29:33.458","6178","1038","359159972160221","1868","False","False","False","11.0","0","True","True","True","37.075945","0","-8.25765","23","False","True","[]","0","555","[]","False","59","False","MASTER","14.5","False","False","False","False","False","0"
"2023-07-25 12:29:34.439","6178","1038","359159972160221","1868","False","False","False","13.2","0","True","True","True","37.075975","13","-8.2576416","23","False","True","[]","0","555","[]","False","59","False","MASTER","14.5","False","False","False","False","False","0"
"2023-07-25 12:29:35.878","6178","1038","359159972160221","1868","False","False","False","15.9","0","True","True","True","37.0760083","28","-8.2576216","23","False","True","[]","0","555","[]","False","59","False","MASTER","14.5","False","False","False","False","False","0"
"2023-07-25 12:29:36.458","6178","1038","359159972160221","1868","False","False","False","15.8","0","True","True","True","37.0760383","41","-8.2575916","23","False","True","[]","0","555","[]","False","59","False","MASTER","14.5","False","False","False","False","False","0"
"2023-07-25 12:29:37.456","6178","1038","359159972160221","1868","False","False","False","16.1","0","True","True","True","37.0760616","59","-8.25755","22","False","True","[]","0","555","[]","False","59","False","MASTER","14.5","False","False","False","False","False","0"
"2023-07-25 12:29:38.440","6178","1038","359159972160221","1868","False","False","False","17.2","0","True","True","True","37.076085","54","-8.257505","22","False","True","[]","0","555","[]","False","59","False","MASTER","14.5","False","False","False","False","False","0"
"2023-07-25 12:29:39.436","6178","1038","359159972160221","1868","False","False","False","22.5","0","True","True","True","37.076115","54","-8.2574516","22","False","True","[]","0","555","[]","False","59","False","MASTER","14.5","False","False","False","False","False","0"
"2023-07-25 12:29:40.876","6178","1038","359159972160221","1868","False","False","False","29.3","0","True","True","True","37.0761483","63","-8.2573766","23","False","True","[]","0","555","[]","False","59","False","MASTER","14.5","False","False","False","False","False","0"
"2023-07-25 12:29:41.459","6178","1038","359159972160221","1868","False","False","False","36.9","0","True","True","True","37.076185","64","-8.2572782","23","False","True","[]","0","555","[]","False","59","False","MASTER","14.5","False","False","False","False","False","0"
"2023-07-25 12:29:42.460","6178","1038","359159972160221","1868","False","False","False","33.4","0","True","True","True","37.0762216","65","-8.2571816","23","False","True","[]","0","555","[]","False","59","False","MASTER","14.5","False","False","False","False","False","0"
"2023-07-25 12:29:43.438","6178","1038","359159972160221","1868","False","False","False","26.1","0","True","True","True","37.0762516","63","-8.2571016","24","False","True","[]","0","555","[]","False","59","False","MASTER","14.5","False","False","False","False","False","0"
"2023-07-25 12:29:44.877","6178","1038","359159972160221","1868","False","False","False","24.8","0","True","True","True","37.0762783","65","-8.2570316","24","False","True","[]","0","555","[]","False","59","False","MASTER","14.5","False","False","False","False","False","0"
"2023-07-25 12:29:45.477","6178","1038","359159972160221","1868","False","False","False","23.2","0","True","True","True","37.0763","67","-8.256965","24","False","True","[]","0","555","[]","False","59","False","MASTER","14.5","False","False","False","False","False","0"
"2023-07-25 12:29:46.473","6178","1038","359159972160221","1868","False","False","False","20.7","0","True","True","True","37.0763183","69","-8.2569016","23","False","True","[]","0","555","[]","False","59","False","MASTER","14.5","False","False","False","False","False","0"
"2023-07-25 12:29:47.443","6178","1038","359159972160221","1868","False","False","False","19.8","0","True","True","True","37.0763333","73","-8.2568416","23","False","True","[]","0","555","[]","False","59","False","MASTER","14.5","False","False","False","False","False","0"
"2023-07-25 12:29:48.436","6178","1038","359159972160221","1868","False","False","False","17.3","0","True","True","True","37.076345","75","-8.2567882","23","False","True","[]","0","555","[]","False","59","False","MASTER","14.5","False","False","False","False","False","0"
"2023-07-25 12:29:49.876","6178","1038","359159972160221","1868","False","False","False","19.0","0","True","True","True","37.0763566","78","-8.2567316","23","False","True","[]","0","555","[]","False","59","False","MASTER","14.5","False","False","False","False","False","0"
"2023-07-25 12:29:50.458","6178","1038","359159972160221","1868","False","False","False","16.7","0","True","True","True","37.07636","85","-8.2566766","23","False","True","[]","0","555","[]","False","59","False","MASTER","14.5","False","False","False","False","False","0"
"2023-07-25 12:29:51.459","6178","1038","359159972160221","1868","False","False","False","16.7","0","True","True","True","37.0763616","89","-8.256625","23","False","True","[]","0","555","[]","False","59","False","MASTER","14.5","False","False","False","False","False","0"
"2023-07-25 12:29:52.438","6178","1038","359159972160221","1868","False","False","False","15.4","0","True","True","True","37.0763616","87","-8.256575","21","False","True","[]","0","555","[]","False","59","False","MASTER","14.5","False","False","False","False","False","0"
"2023-07-25 12:29:53.877","6178","1038","359159972160221","1868","False","False","False","14.1","0","True","True","True","37.0763666","80","-8.2565316","21","False","True","[]","0","555","[]","False","59","False","MASTER","14.5","False","False","False","False","False","0"
"2023-07-25 12:29:54.458","6178","1038","359159972160221","1868","False","False","False","15.0","0","True","True","True","37.0763716","82","-8.256485","21","False","True","[]","0","555","[]","False","59","False","MASTER","14.5","False","False","False","False","False","0"
"2023-07-25 12:29:55.455","6178","1038","359159972160221","1868","False","False","False","15.5","0","True","True","True","37.076375","84","-8.2564382","21","False","True","[]","0","555","[]","False","59","False","MASTER","14.5","False","False","False","False","False","0"
"2023-07-25 12:29:56.439","6178","1038","359159972160221","1868","False","False","False","12.5","0","True","True","True","37.0763783","84","-8.2563966","21","False","True","[]","0","555","[]","False","59","False","MASTER","14.5","False","False","False","False","False","0"
"2023-07-25 12:29:57.436","6178","1038","359159972160221","1868","False","False","False","7.9","0","True","True","True","37.07638","84","-8.2563666","21","False","True","[]","0","555","[]","False","59","False","MASTER","14.5","False","False","False","False","False","0"
"2023-07-25 12:29:58.437","6178","1038","359159972160221","1868","False","False","False","5.3","0","True","True","True","37.0763816","86","-8.25635","23","False","True","[]","0","555","[]","False","57","False","MASTER","14.5","False","False","False","False","False","0"
"2023-07-25 12:29:59.878","6178","1038","359159972160221","1868","False","False","False","8.1","0","True","True","True","37.0763783","99","-8.256325","23","False","True","[]","0","555","[]","False","57","False","MASTER","14.5","False","False","False","False","False","0"
"2023-07-25 12:30:00.478","6178","1038","359159972160221","1868","False","False","False","10.4","0","True","True","True","37.0763683","110","-8.2563","23","False","True","[]","0","555","[]","False","57","False","MASTER","14.5","False","False","False","False","False","0"
"2023-07-25 12:30:01.455","6178","1038","359159972160221","1868","False","False","False","11.2","0","True","True","True","37.0763583","112","-8.2562666","23","False","True","[]","0","555","[]","False","57","False","MASTER","14.5","False","False","False","False","False","0"
"2023-07-25 12:30:02.438","6178","1038","359159972160221","1868","False","False","False","9.7","0","True","True","True","37.0763466","119","-8.2562366","23","False","True","[]","0","555","[]","False","57","False","MASTER","14.5","False","False","False","False","False","0"
"2023-07-25 12:30:03.435","6178","1038","359159972160221","1868","False","False","False","11.9","0","True","True","True","37.0763266","136","-8.2562132","23","False","True","[]","0","555","[]","False","57","False","MASTER","14.5","False","False","False","False","False","0"
"2023-07-25 12:30:04.876","6178","1038","359159972160221","1868","False","False","False","16.9","0","True","True","True","37.0762966","143","-8.256185","21","False","True","[]","0","555","[]","False","57","False","MASTER","14.5","False","False","False","False","False","0"
"2023-07-25 12:30:05.458","6178","1038","359159972160221","1868","False","False","False","13.3","0","True","True","True","37.0762633","157","-8.2561682","21","False","True","[]","0","555","[]","False","57","False","MASTER","14.5","False","False","False","False","False","0"
"2023-07-25 12:30:06.458","6178","1038","359159972160221","1868","False","False","False","17.9","0","True","True","True","37.07622","177","-8.2561632","21","False","True","[]","0","555","[]","False","57","False","MASTER","14.5","False","False","False","False","False","0"
"2023-07-25 12:30:07.437","6178","1038","359159972160221","1868","False","False","False","21.3","0","True","True","True","37.0761683","185","-8.2561666","20","False","True","[]","0","555","[]","False","57","False","MASTER","14.5","False","False","False","False","False","0"
"2023-07-25 12:30:08.878","6178","1038","359159972160221","1868","False","False","False","20.5","0","True","True","True","37.07612","195","-8.2561782","20","False","True","[]","0","555","[]","False","57","False","MASTER","14.5","False","False","False","False","False","0"
"2023-07-25 12:30:09.460","6178","1038","359159972160221","1868","False","False","False","16.9","0","True","True","True","37.0760766","198","-8.256195","20","False","True","[]","0","555","[]","False","57","False","MASTER","14.5","False","False","False","False","False","0"
"2023-07-25 12:30:10.456","6178","1038","359159972160221","1868","False","False","False","12.7","0","True","True","True","37.0760466","211","-8.256215","23","False","True","[]","0","555","[]","False","57","False","MASTER","14.5","False","False","False","False","False","0"
"2023-07-25 12:30:11.439","6178","1038","359159972160221","1868","False","False","False","12.8","0","True","True","True","37.07602","214","-8.2562382","23","False","True","[]","0","555","[]","False","57","False","MASTER","14.5","False","False","False","False","False","0"
"2023-07-25 12:30:12.436","6178","1038","359159972160221","1868","False","False","False","20.4","0","True","True","True","37.0759816","213","-8.2562682","23","False","True","[]","0","555","[]","False","57","False","MASTER","14.5","False","False","False","False","False","0"
"2023-07-25 12:30:13.876","6178","1038","359159972160221","1868","False","False","False","23.4","0","True","True","True","37.075935","213","-8.2563082","22","False","True","[]","0","555","[]","False","57","False","MASTER","14.5","False","False","False","False","False","0"
"2023-07-25 12:30:14.458","6178","1038","359159972160221","1868","False","False","False","21.8","0","True","True","True","37.0758866","212","-8.2563466","22","False","True","[]","0","555","[]","False","57","False","MASTER","14.5","False","False","False","False","False","0"
"2023-07-25 12:30:15.460","6178","1038","359159972160221","1868","False","False","False","18.7","0","True","True","True","37.075845","213","-8.25638","22","False","True","[]","0","555","[]","False","57","False","MASTER","14.5","False","False","False","False","False","0"
"2023-07-25 12:30:16.438","6178","1038","359159972160221","1868","False","False","False","13.6","0","True","True","True","37.0758116","210","-8.256405","21","False","True","[]","0","555","[]","False","57","False","MASTER","14.5","False","False","False","False","False","0"
"2023-07-25 12:30:17.442","6178","1038","359159972160221","1868","False","False","False","11.9","0","True","True","True","37.0757833","205","-8.2564216","21","False","True","[]","0","555","[]","False","57","False","MASTER","14.5","False","False","False","False","False","0"
"2023-07-25 12:30:18.436","6178","1038","359159972160221","1868","False","False","False","15.8","0","True","True","True","37.0757516","206","-8.2564416","21","False","True","[]","0","555","[]","False","57","False","MASTER","14.5","False","False","False","False","False","0"
"2023-07-25 12:30:19.876","6178","1038","359159972160221","1868","False","False","False","14.8","0","True","True","True","37.0757166","206","-8.2564632","22","False","True","[]","0","555","[]","False","57","False","MASTER","14.5","False","False","False","False","False","0"
"2023-07-25 12:30:20.458","6178","1038","359159972160221","1868","False","False","False","16.4","0","True","True","True","37.07568","206","-8.256485","22","False","True","[]","0","555","[]","False","57","False","MASTER","14.5","False","False","False","False","False","0"
"2023-07-25 12:30:21.459","6178","1038","359159972160221","1868","False","False","False","17.4","0","True","True","True","37.0756416","207","-8.25651","22","False","True","[]","0","555","[]","False","57","False","MASTER","14.5","False","False","False","False","False","0"
"2023-07-25 12:30:22.437","6178","1038","359159972160221","1868","False","False","False","17.7","0","True","True","True","37.075605","210","-8.2565382","22","False","True","[]","0","555","[]","False","57","False","MASTER","14.5","False","False","False","False","False","0"
"2023-07-25 12:30:23.437","6178","1038","359159972160221","1868","False","False","False","15.2","0","True","True","True","37.0755683","205","-8.2565616","22","False","True","[]","0","555","[]","False","57","False","MASTER","14.5","False","False","False","False","False","0"
"2023-07-25 12:30:24.436","6178","1038","359159972160221","1868","False","False","False","14.1","0","True","True","True","37.075535","206","-8.25658","22","False","True","[]","0","555","[]","False","57","False","MASTER","14.5","False","False","False","False","False","0"
"2023-07-25 12:30:25.437","6178","1038","359159972160221","1868","False","False","False","11.7","0","True","True","True","37.0755066","202","-8.256595","22","False","True","[]","0","555","[]","False","57","False","MASTER","14.5","False","False","False","False","False","0"
"2023-07-25 12:30:26.877","6178","1038","359159972160221","1868","False","False","False","13.1","0","True","True","True","37.0754783","203","-8.25661","22","False","True","[]","0","555","[]","False","57","False","MASTER","14.5","False","False","False","False","False","0"
"2023-07-25 12:30:27.459","6178","1038","359159972160221","1868","False","False","False","14.9","0","True","True","True","37.075445","206","-8.25663","22","False","True","[]","0","555","[]","False","57","False","MASTER","14.5","False","False","False","False","False","0"
"2023-07-25 12:30:28.454","6178","1038","359159972160221","1868","False","False","False","18.1","0","True","True","True","37.0754066","206","-8.2566532","22","False","True","[]","0","555","[]","False","57","False","MASTER","14.5","False","False","False","False","False","0"
"2023-07-25 12:30:29.439","6178","1038","359159972160221","1868","False","False","False","22.0","0","True","True","True","37.07536","206","-8.2566816","22","False","True","[]","0","555","[]","False","57","False","MASTER","14.5","False","False","False","False","False","0"
"2023-07-25 12:30:30.436","6178","1038","359159972160221","1868","False","False","False","23.7","0","True","True","True","37.0753066","203","-8.2567116","22","False","True","[]","0","555","[]","False","57","False","MASTER","14.5","False","False","False","False","False","0"
"2023-07-25 12:30:31.876","6178","1038","359159972160221","1868","False","False","False","23.2","0","True","True","True","37.0752533","205","-8.2567432","22","False","True","[]","0","555","[]","False","57","False","MASTER","14.5","False","False","False","False","False","0"
"2023-07-25 12:30:32.458","6178","1038","359159972160221","1868","False","False","False","18.0","0","True","True","True","37.0752116","216","-8.256775","22","False","True","[]","0","555","[]","False","57","False","MASTER","14.5","False","False","False","False","False","0"
"2023-07-25 12:30:33.459","6178","1038","359159972160221","1868","False","False","False","18.6","0","True","True","True","37.075175","215","-8.25681","22","False","True","[]","0","555","[]","False","57","False","MASTER","14.5","False","False","False","False","False","0"
"2023-07-25 12:30:34.437","6178","1038","359159972160221","1868","False","False","False","17.8","0","True","True","True","37.0751366","219","-8.256845","22","False","True","[]","0","555","[]","False","57","False","MASTER","14.5","False","False","False","False","False","0"
"2023-07-25 12:30:35.877","6178","1038","359159972160221","1868","False","False","False","18.9","0","True","True","True","37.0751","219","-8.2568816","22","False","True","[]","0","555","[]","False","57","False","MASTER","14.5","False","False","False","False","False","0"
"2023-07-25 12:30:36.459","6178","1038","359159972160221","1868","False","False","False","19.6","0","True","True","True","37.0750633","221","-8.2569216","22","False","True","[]","0","555","[]","False","57","False","MASTER","14.5","False","False","False","False","False","0"
"2023-07-25 12:30:37.457","6178","1038","359159972160221","1868","False","False","False","19.0","0","True","True","True","37.0750266","223","-8.2569616","22","False","True","[]","0","555","[]","False","57","False","MASTER","14.5","False","False","False","False","False","0"
"2023-07-25 12:30:38.440","6178","1038","359159972160221","1868","False","False","False","20.4","0","True","True","True","37.07499","222","-8.257005","22","False","True","[]","0","555","[]","False","57","False","MASTER","14.5","False","False","False","False","False","0"
"2023-07-25 12:30:39.436","6178","1038","359159972160221","1868","False","False","False","18.6","0","True","True","True","37.0749516","224","-8.2570466","22","False","True","[]","0","555","[]","False","57","False","MASTER","14.5","False","False","False","False","False","0"
"2023-07-25 12:30:40.876","6178","1038","359159972160221","1868","False","False","False","11.5","0","True","True","True","37.0749266","224","-8.257075","20","False","True","[]","0","555","[]","False","57","False","MASTER","14.5","False","False","False","False","False","0"
"2023-07-25 12:30:41.517","6178","1038","359159972160221","1868","False","False","False","15.4","0","True","True","True","37.0749016","226","-8.2571066","20","False","True","[]","0","555","[]","False","57","False","MASTER","14.5","False","False","False","False","False","0"
"2023-07-25 12:30:42.597","6178","1038","359159972160221","1868","False","False","False","12.9","0","True","True","True","37.0748766","228","-8.2571366","20","False","True","[]","0","555","[]","False","57","False","MASTER","14.5","False","False","False","False","False","0"
"2023-07-25 12:30:43.462","6178","1038","359159972160221","1868","False","False","False","14.4","0","True","True","True","37.0748533","229","-8.25717","18","False","True","[]","0","555","[]","False","57","False","MASTER","14.5","False","False","False","False","False","0"
"2023-07-25 12:30:44.494","6178","1038","359159972160221","1868","False","False","False","16.8","0","True","True","True","37.0748316","236","-8.25721","18","False","True","[]","0","555","[]","False","57","False","MASTER","14.5","False","False","False","False","False","0"
"2023-07-25 12:30:45.454","6178","1038","359159972160221","1868","False","False","False","15.1","0","True","True","True","37.0748116","241","-8.2572516","18","False","True","[]","0","555","[]","False","57","False","MASTER","14.5","False","False","False","False","False","0"
"2023-07-25 12:30:46.613","6178","1038","359159972160221","1868","False","False","False","12.4","0","True","True","True","37.0748016","248","-8.2572916","17","False","True","[]","0","555","[]","False","57","False","MASTER","14.5","False","False","False","False","False","0"
"2023-07-25 12:30:47.453","6178","1038","359159972160221","1868","False","False","False","11.6","0","True","True","True","37.0747966","261","-8.25733","17","False","True","[]","0","555","[]","False","57","False","MASTER","14.5","False","False","False","False","False","0"
"2023-07-25 12:30:48.454","6178","1038","359159972160221","1868","False","False","False","7.8","0","True","True","True","37.074795","269","-8.2573582","17","False","True","[]","0","555","[]","False","57","False","MASTER","14.5","False","False","False","False","False","0"
"2023-07-25 12:30:49.433","6178","1038","359159972160221","1868","False","False","False","6.6","0","True","True","True","37.0748","283","-8.2573782","22","False","True","[]","0","555","[]","False","57","False","MASTER","14.5","False","False","False","False","False","0"
"2023-07-25 12:30:50.854","6178","1038","359159972160221","1868","False","False","False","7.6","0","True","True","True","37.0748083","295","-8.2573982","22","False","True","[]","0","555","[]","False","57","False","MASTER","14.5","False","False","False","False","False","0"
"2023-07-25 12:30:51.454","6178","1038","359159972160221","1868","False","False","False","6.8","0","True","True","True","37.07482","302","-8.257416599999999","22","False","True","[]","0","555","[]","False","57","False","MASTER","14.5","False","False","False","False","False","0"
"2023-07-25 12:30:52.456","6178","1038","359159972160221","1868","False","False","False","8.7","0","True","True","True","37.0748316","305","-8.2574366","20","False","True","[]","0","555","[]","False","57","False","MASTER","14.5","False","False","False","False","False","0"
"2023-07-25 12:30:53.435","6178","1038","359159972160221","1868","False","False","False","6.4","0","True","True","True","37.0748433","304","-8.2574532","20","False","True","[]","0","555","[]","False","57","False","MASTER","14.5","False","False","False","False","False","0"
"2023-07-25 12:30:54.856","6178","1038","359159972160221","1868","False","False","False","6.3","0","True","True","True","37.0748516","300","-8.2574716","20","False","True","[]","0","555","[]","False","57","False","MASTER","14.5","False","False","False","False","False","0"
"2023-07-25 12:30:55.456","6178","1038","359159972160221","1868","False","False","False","8.2","0","True","True","True","37.0748583","292","-8.2574932","18","False","True","[]","0","555","[]","False","57","False","MASTER","14.5","False","False","False","False","False","0"
"2023-07-25 12:30:56.453","6178","1038","359159972160221","1868","False","False","False","10.3","0","True","True","True","37.0748666","294","-8.2575216","18","False","True","[]","0","555","[]","False","57","False","MASTER","14.5","False","False","False","False","False","0"
"2023-07-25 12:30:57.838","6178","1038","359159972160221","1868","False","False","False","9.9","0","True","True","True","37.0748783","295","-8.2575482","18","False","True","[]","0","555","[]","False","57","False","MASTER","14.5","False","False","False","False","False","0"
"2023-07-25 12:30:58.456","6178","1038","359159972160221","1868","False","False","False","7.0","0","True","True","True","37.0748866","295","-8.2575716","18","False","True","[]","0","555","[]","False","57","False","MASTER","14.5","False","False","False","False","False","0"
"2023-07-25 12:30:59.559","6178","1038","359159972160221","1868","False","False","False","6.9","0","True","True","True","37.0748933","297","-8.25759","18","False","True","[]","0","555","[]","False","66","False","MASTER","14.5","False","False","False","False","False","0"
"2023-07-25 12:31:00.436","6178","1038","359159972160221","1868","False","False","False","7.5","0","True","True","True","37.0749033","298","-8.2576082","18","False","True","[]","0","555","[]","False","66","False","MASTER","14.5","False","False","False","False","False","0"
"2023-07-25 12:31:01.858","6178","1038","359159972160221","1868","False","False","False","7.0","0","True","True","True","37.0749116","296","-8.2576282","21","False","True","[]","0","555","[]","False","66","False","MASTER","14.5","False","False","False","False","False","0"
"2023-07-25 12:31:02.460","6178","1038","359159972160221","1868","False","False","False","6.4","0","True","True","True","37.0749166","289","-8.2576482","21","False","True","[]","0","555","[]","False","66","False","MASTER","14.5","False","False","False","False","False","0"
"2023-07-25 12:31:03.459","6178","1038","359159972160221","1868","False","False","False","6.9","0","True","True","True","37.07492","284","-8.2576716","21","False","True","[]","0","555","[]","False","66","False","MASTER","14.5","False","False","False","False","False","0"
"2023-07-25 12:31:04.439","6178","1038","359159972160221","1868","False","False","False","6.1","0","True","True","True","37.074925","283","-8.2576882","24","False","True","[]","0","555","[]","False","66","False","MASTER","14.5","False","False","False","False","False","0"
"2023-07-25 12:31:05.878","6178","1038","359159972160221","1868","False","False","False","5.8","0","True","True","True","37.0749266","281","-8.2577066","24","False","True","[]","0","555","[]","False","66","False","MASTER","14.5","False","False","False","False","False","0"
"2023-07-25 12:31:06.540","6178","1038","359159972160221","1868","False","False","False","7.0","0","True","True","True","37.07493","278","-8.2577266","24","False","True","[]","0","555","[]","False","66","False","MASTER","14.5","False","False","False","False","False","0"
"2023-07-25 12:31:07.457","6178","1038","359159972160221","1868","False","False","False","6.7","0","True","True","True","37.0749333","279","-8.2577482","24","False","True","[]","0","555","[]","False","66","False","MASTER","14.5","False","False","False","False","False","0"
"2023-07-25 12:31:08.440","6178","1038","359159972160221","1868","False","False","False","7.2","0","True","True","True","37.0749366","280","-8.25777","24","False","True","[]","0","555","[]","False","66","False","MASTER","14.5","False","False","False","False","False","0"
"2023-07-25 12:31:09.436","6178","1038","359159972160221","1868","False","False","False","9.3","0","True","True","True","37.0749433","290","-8.257795","24","False","True","[]","0","555","[]","False","66","False","MASTER","14.5","False","False","False","False","False","0"
"2023-07-25 12:31:10.877","6178","1038","359159972160221","1868","False","False","False","10.2","0","True","True","True","37.0749533","291","-8.2578232","23","False","True","[]","0","555","[]","False","66","False","MASTER","14.5","False","False","False","False","False","0"
"2023-07-25 12:31:11.458","6178","1038","359159972160221","1868","False","False","False","10.6","0","True","True","True","37.0749633","290","-8.2578532","23","False","True","[]","0","555","[]","False","66","False","MASTER","14.5","False","False","False","False","False","0"
"2023-07-25 12:31:12.460","6178","1038","359159972160221","1868","False","False","False","9.2","0","True","True","True","37.074975","297","-8.2578782","23","False","True","[]","0","555","[]","False","66","False","MASTER","14.5","False","False","False","False","False","0"
"2023-07-25 12:31:13.438","6178","1038","359159972160221","1868","False","False","False","11.3","0","True","True","True","37.0749866","294","-8.2579082","23","False","True","[]","0","555","[]","False","66","False","MASTER","14.5","False","False","False","False","False","0"
"2023-07-25 12:31:14.877","6178","1038","359159972160221","1868","False","False","False","11.6","0","True","True","True","37.075","296","-8.2579416","23","False","True","[]","0","555","[]","False","66","False","MASTER","14.5","False","False","False","False","False","0"
"2023-07-25 12:31:15.459","6178","1038","359159972160221","1868","False","False","False","13.2","0","True","True","True","37.0750166","302","-8.257975","23","False","True","[]","0","555","[]","False","66","False","MASTER","14.5","False","False","False","False","False","0"
"2023-07-25 12:31:16.457","6178","1038","359159972160221","1868","False","False","False","15.1","0","True","True","True","37.075035","299","-8.258015","23","False","True","[]","0","555","[]","False","66","False","MASTER","14.5","False","False","False","False","False","0"
"2023-07-25 12:31:17.439","6178","1038","359159972160221","1868","False","False","False","15.2","0","True","True","True","37.075055","301","-8.2580566","23","False","True","[]","0","555","[]","False","66","False","MASTER","14.5","False","False","False","False","False","0"
"2023-07-25 12:31:18.436","6178","1038","359159972160221","1868","False","False","False","17.9","0","True","True","True","37.0750783","302","-8.258105","23","False","True","[]","0","555","[]","False","66","False","MASTER","14.5","False","False","False","False","False","0"
"2023-07-25 12:31:19.876","6178","1038","359159972160221","1868","False","False","False","19.6","0","True","True","True","37.075105","303","-8.258155","24","False","True","[]","0","555","[]","False","66","False","MASTER","14.5","False","False","False","False","False","0"
"2023-07-25 12:31:20.458","6178","1038","359159972160221","1868","False","False","False","19.4","0","True","True","True","37.0751316","305","-8.2582082","24","False","True","[]","0","555","[]","False","66","False","MASTER","14.5","False","False","False","False","False","0"
"2023-07-25 12:31:21.459","6178","1038","359159972160221","1868","False","False","False","18.6","0","True","True","True","37.07516","307","-8.2582566","24","False","True","[]","0","555","[]","False","66","False","MASTER","14.5","False","False","False","False","False","0"
"2023-07-25 12:31:22.438","6178","1038","359159972160221","1868","False","False","False","17.5","0","True","True","True","37.0751866","304","-8.2583032","24","False","True","[]","0","555","[]","False","66","False","MASTER","14.5","False","False","False","False","False","0"
"2023-07-25 12:31:23.878","6178","1038","359159972160221","1868","False","False","False","16.5","0","True","True","True","37.0752083","303","-8.25835","24","False","True","[]","0","555","[]","False","66","False","MASTER","14.5","False","False","False","False","False","0"
"2023-07-25 12:31:24.459","6178","1038","359159972160221","1868","False","False","False","17.1","0","True","True","True","37.07523","298","-8.2583966","24","False","True","[]","0","555","[]","False","66","False","MASTER","14.5","False","False","False","False","False","0"
"2023-07-25 12:31:25.457","6178","1038","359159972160221","1868","False","False","False","16.7","0","True","True","True","37.07525","301","-8.2584416","24","False","True","[]","0","555","[]","False","66","False","MASTER","14.5","False","False","False","False","False","0"
"2023-07-25 12:31:26.439","6178","1038","359159972160221","1868","False","False","False","16.9","0","True","True","True","37.0752733","301","-8.2584866","24","False","True","[]","0","555","[]","False","66","False","MASTER","14.5","False","False","False","False","False","0"
"2023-07-25 12:31:27.436","6178","1038","359159972160221","1868","False","False","False","16.9","0","True","True","True","37.075295","300","-8.2585332","24","False","True","[]","0","555","[]","False","66","False","MASTER","14.5","False","False","False","False","False","0"
"2023-07-25 12:31:28.876","6178","1038","359159972160221","1868","False","False","False","17.1","0","True","True","True","37.0753183","301","-8.2585782","22","False","True","[]","0","555","[]","False","66","False","MASTER","14.5","False","False","False","False","False","0"
"2023-07-25 12:31:29.458","6178","1038","359159972160221","1868","False","False","False","17.3","0","True","True","True","37.07534","299","-8.258625","22","False","True","[]","0","555","[]","False","66","False","MASTER","14.5","False","False","False","False","False","0"
"2023-07-25 12:31:30.459","6178","1038","359159972160221","1868","False","False","False","18.0","0","True","True","True","37.0753616","299","-8.2586732","22","False","True","[]","0","555","[]","False","66","False","MASTER","14.5","False","False","False","False","False","0"
"2023-07-25 12:31:31.438","6178","1038","359159972160221","1868","False","False","False","18.1","0","True","True","True","37.075385","300","-8.2587232","22","False","True","[]","0","555","[]","False","66","False","MASTER","14.5","False","False","False","False","False","0"
"2023-07-25 12:31:32.878","6178","1038","359159972160221","1868","False","False","False","17.0","0","True","True","True","37.075405","301","-8.25877","22","False","True","[]","0","555","[]","False","66","False","MASTER","14.5","False","False","False","False","False","0"
"2023-07-25 12:31:33.459","6178","1038","359159972160221","1868","False","False","False","18.3","0","True","True","True","37.0754316","306","-8.2588166","22","False","True","[]","0","555","[]","False","66","False","MASTER","14.5","False","False","False","False","False","0"
"2023-07-25 12:31:34.467","6178","1038","359159972160221","1868","False","False","False","16.9","0","True","True","True","37.0754566","304","-8.258865","23","False","True","[]","0","555","[]","False","66","False","MASTER","14.5","False","False","False","False","False","0"
"2023-07-25 12:31:35.439","6178","1038","359159972160221","1868","False","False","False","16.1","0","True","True","True","37.0754783","304","-8.258905","23","False","True","[]","0","555","[]","False","66","False","MASTER","14.5","False","False","False","False","False","0"
"2023-07-25 12:31:36.438","6178","1038","359159972160221","1868","False","False","False","15.8","0","True","True","True","37.0755033","308","-8.2589432","23","False","True","[]","0","555","[]","False","66","False","MASTER","14.5","False","False","False","False","False","0"
"2023-07-25 12:31:37.839","6178","1038","359159972160221","1868","False","False","False","17.8","0","True","True","True","37.07553","309","-8.2589866","23","False","True","[]","0","555","[]","False","66","False","MASTER","14.5","False","False","False","False","False","0"
"2023-07-25 12:31:38.459","6178","1038","359159972160221","1868","False","False","False","18.5","0","True","True","True","37.0755616","318","-8.2590232","23","False","True","[]","0","555","[]","False","66","False","MASTER","14.5","False","False","False","False","False","0"
"2023-07-25 12:31:39.879","6178","1038","359159972160221","1868","False","False","False","12.7","0","True","True","True","37.0755916","327","-8.2590482","23","False","True","[]","0","555","[]","False","66","False","MASTER","14.5","False","False","False","False","False","0"
"2023-07-25 12:31:40.472","6178","1038","359159972160221","1868","False","False","False","14.9","0","True","True","True","37.0756233","329","-8.2590732","23","False","True","[]","0","555","[]","False","66","False","MASTER","14.5","False","False","False","False","False","0"
"2023-07-25 12:31:41.458","6178","1038","359159972160221","1868","False","False","False","14.2","0","True","True","True","37.0756583","343","-8.2590866","23","False","True","[]","0","555","[]","False","66","False","MASTER","14.5","False","False","False","False","False","0"
"2023-07-25 12:31:42.436","6178","1038","359159972160221","1868","False","False","False","15.1","0","True","True","True","37.075695","358","-8.2590916","23","False","True","[]","0","555","[]","False","66","False","MASTER","14.5","False","False","False","False","False","0"
"2023-07-25 12:31:43.876","6178","1038","359159972160221","1868","False","False","False","15.4","0","True","True","True","37.0757333","10","-8.259085","23","False","True","[]","0","555","[]","False","66","False","MASTER","14.5","False","False","False","False","False","0"
"2023-07-25 12:31:44.458","6178","1038","359159972160221","1868","False","False","False","14.8","0","True","True","True","37.0757666","29","-8.259065","23","False","True","[]","0","555","[]","False","66","False","MASTER","14.5","False","False","False","False","False","0"
"2023-07-25 12:31:45.459","6178","1038","359159972160221","1868","False","False","False","15.3","0","True","True","True","37.075795","48","-8.2590316","23","False","True","[]","0","555","[]","False","66","False","MASTER","14.5","False","False","False","False","False","0"
"2023-07-25 12:31:46.437","6178","1038","359159972160221","1868","False","False","False","15.6","0","True","True","True","37.075815","59","-8.25899","23","False","True","[]","0","555","[]","False","66","False","MASTER","14.5","False","False","False","False","False","0"
"2023-07-25 12:31:47.877","6178","1038","359159972160221","1868","False","False","False","15.5","0","True","True","True","37.0758316","66","-8.258945","23","False","True","[]","0","555","[]","False","66","False","MASTER","14.5","False","False","False","False","False","0"
"2023-07-25 12:31:48.459","6178","1038","359159972160221","1868","False","False","False","16.4","0","True","True","True","37.075845","72","-8.2588982","23","False","True","[]","0","555","[]","False","66","False","MASTER","14.5","False","False","False","False","False","0"
"2023-07-25 12:31:49.457","6178","1038","359159972160221","1868","False","False","False","13.6","0","True","True","True","37.0758583","70","-8.258855","24","False","True","[]","0","555","[]","False","66","False","MASTER","14.5","False","False","False","False","False","0"
"2023-07-25 12:31:50.439","6178","1038","359159972160221","1868","False","False","False","10.0","0","True","True","True","37.0758716","60","-8.2588232","24","False","True","[]","0","555","[]","False","66","False","MASTER","14.5","False","False","False","False","False","0"
"2023-07-25 12:31:51.436","6178","1038","359159972160221","1868","False","False","False","8.7","0","True","True","True","37.0758833","60","-8.2587982","24","False","True","[]","0","555","[]","False","66","False","MASTER","14.5","False","False","False","False","False","0"
"2023-07-25 12:31:52.877","6178","1038","359159972160221","1868","False","False","False","8.6","0","True","True","True","37.0758933","60","-8.2587732","24","False","True","[]","0","555","[]","False","66","False","MASTER","14.5","False","False","False","False","False","0"
"2023-07-25 12:31:53.457","6178","1038","359159972160221","1868","False","False","False","9.0","0","True","True","True","37.0759033","62","-8.2587482","24","False","True","[]","0","555","[]","False","66","False","MASTER","14.5","False","False","False","False","False","0"
"2023-07-25 12:31:54.459","6178","1038","359159972160221","1868","False","False","False","10.3","0","True","True","True","37.075915","63","-8.25872","24","False","True","[]","0","555","[]","False","66","False","MASTER","14.5","False","False","False","False","False","0"
"2023-07-25 12:31:55.438","6178","1038","359159972160221","1868","False","False","False","10.9","0","True","True","True","37.0759283","62","-8.25869","24","False","True","[]","0","555","[]","False","66","False","MASTER","14.5","False","False","False","False","False","0"
"2023-07-25 12:31:56.878","6178","1038","359159972160221","1868","False","False","False","10.0","0","True","True","True","37.0759416","59","-8.2586616","24","False","True","[]","0","555","[]","False","66","False","MASTER","14.5","False","False","False","False","False","0"
"2023-07-25 12:31:57.469","6178","1038","359159972160221","1868","False","False","False","7.7","0","True","True","True","37.0759533","57","-8.25864","24","False","True","[]","0","555","[]","False","66","False","MASTER","14.5","False","False","False","False","False","0"
"2023-07-25 12:31:58.457","6178","1038","359159972160221","1868","False","False","False","6.7","0","True","True","True","37.075965","52","-8.2586232","24","False","True","[]","0","555","[]","False","66","False","MASTER","14.5","False","False","False","False","False","0"
"2023-07-25 12:31:59.441","6178","1038","359159972160221","1868","False","False","False","7.8","0","True","True","True","37.0759783","48","-8.258605","24","False","True","[]","0","555","[]","False","66","False","MASTER","14.5","False","False","False","False","False","0"
"2023-07-25 12:32:00.437","6178","1038","359159972160221","1868","False","False","False","9.4","0","True","True","True","37.0759933","43","-8.2585866","24","False","True","[]","0","555","[]","False","57","False","MASTER","14.399999618530273","False","False","False","False","False","0"
"2023-07-25 12:32:01.877","6178","1038","359159972160221","1868","False","False","False","10.8","0","True","True","True","37.0760116","45","-8.2585632","23","False","True","[]","0","555","[]","False","57","False","MASTER","14.399999618530273","False","False","False","False","False","0"
"2023-07-25 12:32:02.457","6178","1038","359159972160221","1868","False","False","False","8.7","0","True","True","True","37.0760283","49","-8.2585416","23","False","True","[]","0","555","[]","False","57","False","MASTER","14.399999618530273","False","False","False","False","False","0"
"2023-07-25 12:32:03.459","6178","1038","359159972160221","1868","False","False","False","10.0","0","True","True","True","37.0760433","54","-8.2585166","23","False","True","[]","0","555","[]","False","57","False","MASTER","14.399999618530273","False","False","False","False","False","0"
"2023-07-25 12:32:04.439","6178","1038","359159972160221","1868","False","False","False","9.3","0","True","True","True","37.0760566","56","-8.2584916","23","False","True","[]","0","555","[]","False","57","False","MASTER","14.399999618530273","False","False","False","False","False","0"
"2023-07-25 12:32:05.878","6178","1038","359159972160221","1868","False","False","False","8.8","0","True","True","True","37.0760666","58","-8.2584682","23","False","True","[]","0","555","[]","False","57","False","MASTER","14.399999618530273","False","False","False","False","False","0"
"2023-07-25 12:32:06.459","6178","1038","359159972160221","1868","False","False","False","9.9","0","True","True","True","37.0760783","63","-8.2584416","23","False","True","[]","0","555","[]","False","57","False","MASTER","14.399999618530273","False","False","False","False","False","0"
"2023-07-25 12:32:07.456","6178","1038","359159972160221","1868","False","False","False","12.4","0","True","True","True","37.07609","65","-8.25841","23","False","True","[]","0","555","[]","False","57","False","MASTER","14.399999618530273","False","False","False","False","False","0"
"2023-07-25 12:32:08.443","6178","1038","359159972160221","1868","False","False","False","13.5","0","True","True","True","37.0761","71","-8.25837","23","False","True","[]","0","555","[]","False","57","False","MASTER","14.399999618530273","False","False","False","False","False","0"
"2023-07-25 12:32:09.437","6178","1038","359159972160221","1868","False","False","False","13.7","0","True","True","True","37.0761133","69","-8.25833","23","False","True","[]","0","555","[]","False","57","False","MASTER","14.399999618530273","False","False","False","False","False","0"
"2023-07-25 12:32:10.877","6178","1038","359159972160221","1868","False","False","False","15.0","0","True","True","True","37.0761283","65","-8.2582882","25","False","True","[]","0","555","[]","False","57","False","MASTER","14.399999618530273","False","False","False","False","False","0"
"2023-07-25 12:32:11.458","6178","1038","359159972160221","1868","False","False","False","15.0","0","True","True","True","37.07614","72","-8.258245","25","False","True","[]","0","555","[]","False","57","False","MASTER","14.399999618530273","False","False","False","False","False","0"
"2023-07-25 12:32:12.881","6178","1038","359159972160221","1868","False","False","False","13.7","0","True","True","True","37.07615","72","-8.2582066","25","False","True","[]","0","555","[]","False","57","False","MASTER","14.399999618530273","False","False","False","False","False","0"
"2023-07-25 12:32:13.440","6178","1038","359159972160221","1868","False","False","False","16.8","0","True","True","True","37.0761633","68","-8.25816","23","False","True","[]","0","555","[]","False","57","False","MASTER","14.399999618530273","False","False","False","False","False","0"
"2023-07-25 12:32:14.877","6178","1038","359159972160221","1868","False","False","False","18.8","0","True","True","True","37.07618","68","-8.2581082","23","False","True","[]","0","555","[]","False","57","False","MASTER","14.399999618530273","False","False","False","False","False","0"
"2023-07-25 12:32:15.459","6178","1038","359159972160221","1868","False","False","False","18.8","0","True","True","True","37.0761983","65","-8.258055","23","False","True","[]","0","555","[]","False","57","False","MASTER","14.399999618530273","False","False","False","False","False","0"
"2023-07-25 12:32:16.456","6178","1038","359159972160221","1868","False","False","False","18.9","0","True","True","True","37.0762166","68","-8.2580016","22","False","True","[]","0","555","[]","False","57","False","MASTER","14.399999618530273","False","False","False","False","False","0"
"2023-07-25 12:32:17.440","6178","1038","359159972160221","1868","False","False","False","18.2","0","True","True","True","37.0762283","75","-8.2579466","22","False","True","[]","0","555","[]","False","57","False","MASTER","14.399999618530273","False","False","False","False","False","0"
"2023-07-25 12:32:18.436","6178","1038","359159972160221","1868","False","False","False","18.4","0","True","True","True","37.0762383","76","-8.25789","22","False","True","[]","0","555","[]","False","57","False","MASTER","14.399999618530273","False","False","False","False","False","0"
"2023-07-25 12:32:19.877","6178","1038","359159972160221","1868","False","False","False","18.4","0","True","True","True","37.0762483","79","-8.2578332","22","False","True","[]","0","555","[]","False","57","False","MASTER","14.399999618530273","False","False","False","False","False","0"
"2023-07-25 12:32:20.459","6178","1038","359159972160221","1868","False","False","False","19.1","0","True","True","True","37.0762566","79","-8.257775","22","False","True","[]","0","555","[]","False","57","False","MASTER","14.399999618530273","False","False","False","False","False","0"
"2023-07-25 12:32:21.459","6178","1038","359159972160221","1868","False","False","False","19.8","0","True","True","True","37.0762666","76","-8.257715","22","False","True","[]","0","555","[]","False","57","False","MASTER","14.399999618530273","False","False","False","False","False","0"
"2023-07-25 12:32:22.437","6178","1038","359159972160221","1868","False","False","False","18.4","0","True","True","True","37.07628","75","-8.2576582","22","False","True","[]","0","555","[]","False","57","False","MASTER","14.399999618530273","False","False","False","False","False","0"
"2023-07-25 12:32:23.878","6178","1038","359159972160221","1868","False","False","False","16.2","0","True","True","True","37.07629","76","-8.2576066","22","False","True","[]","0","555","[]","False","57","False","MASTER","14.399999618530273","False","False","False","False","False","0"
"2023-07-25 12:32:24.459","6178","1038","359159972160221","1868","False","False","False","15.6","0","True","True","True","37.0763","77","-8.2575582","22","False","True","[]","0","555","[]","False","57","False","MASTER","14.399999618530273","False","False","False","False","False","0"
"2023-07-25 12:32:25.455","6178","1038","359159972160221","1868","False","False","False","14.7","0","True","True","True","37.0763066","75","-8.2575082","24","False","True","[]","0","555","[]","False","57","False","MASTER","14.399999618530273","False","False","False","False","False","0"
"2023-07-25 12:32:26.440","6178","1038","359159972160221","1868","False","False","False","14.4","0","True","True","True","37.0763133","81","-8.2574632","24","False","True","[]","0","555","[]","False","57","False","MASTER","14.399999618530273","False","False","False","False","False","0"
"2023-07-25 12:32:27.437","6178","1038","359159972160221","1868","False","False","False","13.9","0","True","True","True","37.0763183","82","-8.257416599999999","24","False","True","[]","0","555","[]","False","57","False","MASTER","14.399999618530273","False","False","False","False","False","0"
"2023-07-25 12:32:28.840","6178","1038","359159972160221","1868","False","False","False","14.9","0","True","True","True","37.076325","77","-8.25737","24","False","True","[]","0","555","[]","False","57","False","MASTER","14.399999618530273","False","False","False","False","False","0"
"2023-07-25 12:32:29.459","6178","1038","359159972160221","1868","False","False","False","14.8","0","True","True","True","37.0763316","79","-8.257325","24","False","True","[]","0","555","[]","False","57","False","MASTER","14.399999618530273","False","False","False","False","False","0"
"2023-07-25 12:32:30.470","6178","1038","359159972160221","1868","False","False","False","13.3","0","True","True","True","37.0763366","81","-8.2572816","24","False","True","[]","0","555","[]","False","57","False","MASTER","14.399999618530273","False","False","False","False","False","0"
"2023-07-25 12:32:31.437","6178","1038","359159972160221","1868","False","False","False","13.6","0","True","True","True","37.0763433","80","-8.25724","24","False","True","[]","0","555","[]","False","57","False","MASTER","14.399999618530273","False","False","False","False","False","0"
"2023-07-25 12:32:32.858","6178","1038","359159972160221","1868","False","False","False","15.7","0","True","True","True","37.07635","80","-8.2571916","24","False","True","[]","0","555","[]","False","57","False","MASTER","14.399999618530273","False","False","False","False","False","0"
"2023-07-25 12:32:33.459","6178","1038","359159972160221","1868","False","False","False","21.0","0","True","True","True","37.0763616","76","-8.2571316","24","False","True","[]","0","555","[]","False","57","False","MASTER","14.399999618530273","False","False","False","False","False","0"
"2023-07-25 12:32:34.457","6178","1038","359159972160221","1868","False","False","False","25.9","0","True","True","True","37.076375","76","-8.2570566","26","False","True","[]","0","555","[]","False","57","False","MASTER","14.399999618530273","False","False","False","False","False","0"
"2023-07-25 12:32:35.450","6178","1038","359159972160221","1868","False","False","False","26.7","0","True","True","True","37.07639","78","-8.2569766","26","False","True","[]","0","555","[]","False","57","False","MASTER","14.399999618530273","False","False","False","False","False","0"
"2023-07-25 12:32:36.437","6178","1038","359159972160221","1868","False","False","False","27.8","0","True","True","True","37.0764033","78","-8.2568932","26","False","True","[]","0","555","[]","False","57","False","MASTER","14.399999618530273","False","False","False","False","False","0"
"2023-07-25 12:32:37.875","6178","1038","359159972160221","1868","False","False","False","23.0","0","True","True","True","37.0764166","78","-8.2568166","26","False","True","[]","0","555","[]","False","57","False","MASTER","14.399999618530273","False","False","False","False","False","0"
"2023-07-25 12:32:38.459","6178","1038","359159972160221","1868","False","False","False","17.0","0","True","True","True","37.076425","79","-8.25676","26","False","True","[]","0","555","[]","False","57","False","MASTER","14.399999618530273","False","False","False","False","False","0"
"2023-07-25 12:32:39.460","6178","1038","359159972160221","1868","False","False","False","12.8","0","True","True","True","37.076425","89","-8.2567182","26","False","True","[]","0","555","[]","False","57","False","MASTER","14.399999618530273","False","False","False","False","False","0"
"2023-07-25 12:32:40.437","6178","1038","359159972160221","1868","False","False","False","9.8","0","True","True","True","37.0764266","100","-8.25668","27","False","True","[]","0","555","[]","False","57","False","MASTER","14.399999618530273","False","False","False","False","False","0"
"2023-07-25 12:32:41.877","6178","1038","359159972160221","1868","False","False","False","9.3","0","True","True","True","37.07642","105","-8.2566516","27","False","True","[]","0","555","[]","False","57","False","MASTER","14.399999618530273","False","False","False","False","False","0"
"2023-07-25 12:32:42.459","6178","1038","359159972160221","1868","False","False","False","8.5","0","True","True","True","37.07641","109","-8.25663","27","False","True","[]","0","555","[]","False","57","False","MASTER","14.399999618530273","False","False","False","False","False","0"
"2023-07-25 12:32:43.457","6178","1038","359159972160221","1868","False","False","False","9.7","0","True","True","True","37.0763983","113","-8.2566032","27","False","True","[]","0","555","[]","False","57","False","MASTER","14.399999618530273","False","False","False","False","False","0"
"2023-07-25 12:32:44.456","6178","1038","359159972160221","1868","False","False","False","10.5","0","True","True","True","37.0763883","114","-8.256575","27","False","True","[]","0","555","[]","False","57","False","MASTER","14.399999618530273","False","False","False","False","False","0"
"2023-07-25 12:32:45.436","6178","1038","359159972160221","1868","False","False","False","9.6","0","True","True","True","37.0763766","114","-8.2565466","27","False","True","[]","0","555","[]","False","57","False","MASTER","14.399999618530273","False","False","False","False","False","0"
"2023-07-25 12:32:46.419","6178","1038","359159972160221","1868","False","False","False","8.8","0","True","True","True","37.0763666","112","-8.2565216","23","False","True","[]","0","555","[]","False","57","False","MASTER","14.399999618530273","False","False","False","False","False","0"
"2023-07-25 12:32:47.837","6178","1038","359159972160221","1868","False","False","False","8.2","0","True","True","True","37.0763583","112","-8.2564982","23","False","True","[]","0","555","[]","False","57","False","MASTER","14.399999618530273","False","False","False","False","False","0"
"2023-07-25 12:32:48.460","6178","1038","359159972160221","1868","False","False","False","8.2","0","True","True","True","37.0763516","108","-8.256475","23","False","True","[]","0","555","[]","False","57","False","MASTER","14.399999618530273","False","False","False","False","False","0"
"2023-07-25 12:32:49.456","6178","1038","359159972160221","1868","False","False","False","7.6","0","True","True","True","37.0763433","117","-8.2564532","20","False","True","[]","0","555","[]","False","57","False","MASTER","14.399999618530273","False","False","False","False","False","0"
"2023-07-25 12:32:50.439","6178","1038","359159972160221","1868","False","False","False","8.6","0","True","True","True","37.0763316","122","-8.256431599999999","20","False","True","[]","0","555","[]","False","57","False","MASTER","14.399999618530273","False","False","False","False","False","0"
"2023-07-25 12:32:51.437","6178","1038","359159972160221","1868","False","False","False","9.4","0","True","True","True","37.07632","116","-8.2564066","20","False","True","[]","0","555","[]","False","57","False","MASTER","14.399999618530273","False","False","False","False","False","0"
"2023-07-25 12:32:52.876","6178","1038","359159972160221","1868","False","False","False","9.3","0","True","True","True","37.07631","111","-8.2563782","20","False","True","[]","0","555","[]","False","57","False","MASTER","14.399999618530273","False","False","False","False","False","0"
"2023-07-25 12:32:53.458","6178","1038","359159972160221","1868","False","False","False","8.3","0","True","True","True","37.0763033","110","-8.256355","20","False","True","[]","0","555","[]","False","57","False","MASTER","14.399999618530273","False","False","False","False","False","0"
"2023-07-25 12:32:54.459","6178","1038","359159972160221","1868","False","False","False","7.6","0","True","True","True","37.0762933","117","-8.2563332","20","False","True","[]","0","555","[]","False","57","False","MASTER","14.399999618530273","False","False","False","False","False","0"
"2023-07-25 12:32:55.438","6178","1038","359159972160221","1868","False","False","False","7.3","0","True","True","True","37.0762833","121","-8.256315","20","False","True","[]","0","555","[]","False","57","False","MASTER","14.399999618530273","False","False","False","False","False","0"
"2023-07-25 12:32:56.438","6178","1038","359159972160221","1868","False","False","False","6.9","0","True","True","True","37.0762733","124","-8.2562966","20","False","True","[]","0","555","[]","False","57","False","MASTER","14.399999618530273","False","False","False","False","False","0"
"2023-07-25 12:32:57.436","6178","1038","359159972160221","1868","False","False","False","6.8","0","True","True","True","37.0762633","125","-8.2562782","20","False","True","[]","0","555","[]","False","57","False","MASTER","14.399999618530273","False","False","False","False","False","0"
"2023-07-25 12:32:58.877","6178","1038","359159972160221","1868","False","False","False","1.7","0","True","True","True","37.07626","123","-8.2562682","20","False","True","[]","0","555","[]","False","57","False","MASTER","14.399999618530273","False","False","False","False","False","0"
"2023-07-25 12:32:59.457","6178","1038","359159972160221","1868","True","False","False","1.2","0","True","True","True","37.07626","105","-8.256265","20","False","True","[]","0","555","[]","False","57","False","MASTER","14.399999618530273","False","False","False","False","False","0"
