"time","asset_id","client_id","hardware_id","location_id","fields"
2023-07-23 20:56:22.577,4431,858,"354616090369062",1582,"{""key"": false, ""flip"": false, ""zone"": false, ""speed"": 2.5928, ""buzzer"": 0, ""engine"": false, ""in_zone"": false, ""ignition"": true, ""latitude"": 25.9312466, ""direction"": 264, ""longitude"": -80.1200432, ""gsm_signal"": 27, ""sleep_mode"": false, ""staff_mode"": false, ""fault_codes"": [], ""speed_limit"": 0, ""engine_hours"": 1433, ""idc_triggers"": [], ""buzzer_active"": false, ""fuel_level_avg"": 28, ""lock_geo_alert"": false, ""operation_mode"": ""RENT"", ""battery_voltage"": 14.399999618530273, ""in_primary_zone"": false, ""lock_engine_alert"": false, ""in_restricted_zone"": false, ""onboard_geofencing"": false, ""speed_limit_active"": false, ""lock_geo_alert_distance"": 0}"
2023-07-23 20:56:21.617,4431,858,"354616090369062",1582,"{""key"": false, ""flip"": false, ""zone"": false, ""speed"": 3.1484, ""buzzer"": 0, ""engine"": false, ""in_zone"": false, ""ignition"": true, ""latitude"": 25.931245, ""direction"": 264, ""longitude"": -80.1200382, ""gsm_signal"": 29, ""sleep_mode"": false, ""staff_mode"": false, ""fault_codes"": [], ""speed_limit"": 0, ""engine_hours"": 1433, ""idc_triggers"": [], ""buzzer_active"": false, ""fuel_level_avg"": 28, ""lock_geo_alert"": false, ""operation_mode"": ""RENT"", ""battery_voltage"": 14.399999618530273, ""in_primary_zone"": false, ""lock_engine_alert"": false, ""in_restricted_zone"": false, ""onboard_geofencing"": false, ""speed_limit_active"": false, ""lock_geo_alert_distance"": 0}"
2023-07-23 20:56:20.577,4431,858,"354616090369062",1582,"{""key"": false, ""flip"": false, ""zone"": false, ""speed"": 3.5188, ""buzzer"": 0, ""engine"": false, ""in_zone"": false, ""ignition"": true, ""latitude"": 25.9312433, ""direction"": 264, ""longitude"": -80.1200282, ""gsm_signal"": 23, ""sleep_mode"": false, ""staff_mode"": false, ""fault_codes"": [], ""speed_limit"": 0, ""engine_hours"": 1433, ""idc_triggers"": [], ""buzzer_active"": false, ""fuel_level_avg"": 28, ""lock_geo_alert"": false, ""operation_mode"": ""RENT"", ""battery_voltage"": 14.399999618530273, ""in_primary_zone"": false, ""lock_engine_alert"": false, ""in_restricted_zone"": false, ""onboard_geofencing"": false, ""speed_limit_active"": false, ""lock_geo_alert_distance"": 0}"
2023-07-23 20:56:19.617,4431,858,"354616090369062",1582,"{""key"": false, ""flip"": false, ""zone"": false, ""speed"": 3.8892, ""buzzer"": 0, ""engine"": false, ""in_zone"": false, ""ignition"": true, ""latitude"": 25.9312416, ""direction"": 264, ""longitude"": -80.1200216, ""gsm_signal"": 24, ""sleep_mode"": false, ""staff_mode"": false, ""fault_codes"": [], ""speed_limit"": 0, ""engine_hours"": 1433, ""idc_triggers"": [], ""buzzer_active"": false, ""fuel_level_avg"": 28, ""lock_geo_alert"": false, ""operation_mode"": ""RENT"", ""battery_voltage"": 14.399999618530273, ""in_primary_zone"": false, ""lock_engine_alert"": false, ""in_restricted_zone"": false, ""onboard_geofencing"": false, ""speed_limit_active"": false, ""lock_geo_alert_distance"": 0}"
2023-07-23 20:56:18.577,4431,858,"354616090369062",1582,"{""key"": false, ""flip"": false, ""zone"": false, ""speed"": 3.5188, ""buzzer"": 0, ""engine"": true, ""in_zone"": false, ""ignition"": true, ""latitude"": 25.9312333, ""direction"": 264, ""longitude"": -80.1200066, ""gsm_signal"": 24, ""sleep_mode"": false, ""staff_mode"": false, ""fault_codes"": [], ""speed_limit"": 0, ""engine_hours"": 1433, ""idc_triggers"": [], ""buzzer_active"": false, ""fuel_level_avg"": 28, ""lock_geo_alert"": false, ""operation_mode"": ""RENT"", ""battery_voltage"": 14.399999618530273, ""in_primary_zone"": false, ""lock_engine_alert"": false, ""in_restricted_zone"": false, ""onboard_geofencing"": false, ""speed_limit_active"": false, ""lock_geo_alert_distance"": 0}"
2023-07-23 20:56:17.618,4431,858,"354616090369062",1582,"{""key"": false, ""flip"": false, ""zone"": false, ""speed"": 3.1484, ""buzzer"": 0, ""engine"": true, ""in_zone"": false, ""ignition"": true, ""latitude"": 25.9312283, ""direction"": 264, ""longitude"": -80.1199966, ""gsm_signal"": 25, ""sleep_mode"": false, ""staff_mode"": false, ""fault_codes"": [], ""speed_limit"": 0, ""engine_hours"": 1433, ""idc_triggers"": [], ""buzzer_active"": false, ""fuel_level_avg"": 28, ""lock_geo_alert"": false, ""operation_mode"": ""RENT"", ""battery_voltage"": 14.399999618530273, ""in_primary_zone"": false, ""lock_engine_alert"": false, ""in_restricted_zone"": false, ""onboard_geofencing"": false, ""speed_limit_active"": false, ""lock_geo_alert_distance"": 0}"
2023-07-23 20:56:16.578,4431,858,"354616090369062",1582,"{""key"": false, ""flip"": false, ""zone"": false, ""speed"": 3.1484, ""buzzer"": 0, ""engine"": true, ""in_zone"": false, ""ignition"": true, ""latitude"": 25.9312266, ""direction"": 264, ""longitude"": -80.1199882, ""gsm_signal"": 25, ""sleep_mode"": false, ""staff_mode"": false, ""fault_codes"": [], ""speed_limit"": 0, ""engine_hours"": 1433, ""idc_triggers"": [], ""buzzer_active"": false, ""fuel_level_avg"": 28, ""lock_geo_alert"": false, ""operation_mode"": ""RENT"", ""battery_voltage"": 14.399999618530273, ""in_primary_zone"": false, ""lock_engine_alert"": false, ""in_restricted_zone"": false, ""onboard_geofencing"": false, ""speed_limit_active"": false, ""lock_geo_alert_distance"": 0}"
2023-07-23 20:56:15.617,4431,858,"354616090369062",1582,"{""key"": false, ""flip"": false, ""zone"": false, ""speed"": 3.5188, ""buzzer"": 0, ""engine"": true, ""in_zone"": false, ""ignition"": true, ""latitude"": 25.9312266, ""direction"": 264, ""longitude"": -80.11998, ""gsm_signal"": 24, ""sleep_mode"": false, ""staff_mode"": false, ""fault_codes"": [], ""speed_limit"": 0, ""engine_hours"": 1433, ""idc_triggers"": [], ""buzzer_active"": false, ""fuel_level_avg"": 28, ""lock_geo_alert"": false, ""operation_mode"": ""RENT"", ""battery_voltage"": 14.399999618530273, ""in_primary_zone"": false, ""lock_engine_alert"": false, ""in_restricted_zone"": false, ""onboard_geofencing"": false, ""speed_limit_active"": false, ""lock_geo_alert_distance"": 0}"
2023-07-23 20:56:14.577,4431,858,"354616090369062",1582,"{""key"": false, ""flip"": false, ""zone"": false, ""speed"": 4.4448, ""buzzer"": 0, ""engine"": true, ""in_zone"": false, ""ignition"": true, ""latitude"": 25.9312233, ""direction"": 264, ""longitude"": -80.1199716, ""gsm_signal"": 25, ""sleep_mode"": false, ""staff_mode"": false, ""fault_codes"": [], ""speed_limit"": 0, ""engine_hours"": 1433, ""idc_triggers"": [], ""buzzer_active"": false, ""fuel_level_avg"": 28, ""lock_geo_alert"": false, ""operation_mode"": ""RENT"", ""battery_voltage"": 14.399999618530273, ""in_primary_zone"": false, ""lock_engine_alert"": false, ""in_restricted_zone"": false, ""onboard_geofencing"": false, ""speed_limit_active"": false, ""lock_geo_alert_distance"": 0}"
2023-07-23 20:56:13.539,4431,858,"354616090369062",1582,"{""key"": false, ""flip"": false, ""zone"": false, ""speed"": 3.5188, ""buzzer"": 0, ""engine"": true, ""in_zone"": false, ""ignition"": true, ""latitude"": 25.9312133, ""direction"": 264, ""longitude"": -80.1199582, ""gsm_signal"": 25, ""sleep_mode"": false, ""staff_mode"": false, ""fault_codes"": [], ""speed_limit"": 0, ""engine_hours"": 1433, ""idc_triggers"": [], ""buzzer_active"": false, ""fuel_level_avg"": 28, ""lock_geo_alert"": false, ""operation_mode"": ""RENT"", ""battery_voltage"": 14.399999618530273, ""in_primary_zone"": false, ""lock_engine_alert"": false, ""in_restricted_zone"": false, ""onboard_geofencing"": false, ""speed_limit_active"": false, ""lock_geo_alert_distance"": 0}"
2023-07-23 20:56:12.577,4431,858,"354616090369062",1582,"{""key"": false, ""flip"": false, ""zone"": false, ""speed"": 2.5928, ""buzzer"": 0, ""engine"": true, ""in_zone"": false, ""ignition"": true, ""latitude"": 25.9312183, ""direction"": 264, ""longitude"": -80.11995, ""gsm_signal"": 24, ""sleep_mode"": false, ""staff_mode"": false, ""fault_codes"": [], ""speed_limit"": 0, ""engine_hours"": 1433, ""idc_triggers"": [], ""buzzer_active"": false, ""fuel_level_avg"": 28, ""lock_geo_alert"": false, ""operation_mode"": ""RENT"", ""battery_voltage"": 14.399999618530273, ""in_primary_zone"": false, ""lock_engine_alert"": false, ""in_restricted_zone"": false, ""onboard_geofencing"": false, ""speed_limit_active"": false, ""lock_geo_alert_distance"": 0}"
2023-07-23 20:56:11.619,4431,858,"354616090369062",1582,"{""key"": false, ""flip"": false, ""zone"": false, ""speed"": 4.0744, ""buzzer"": 0, ""engine"": true, ""in_zone"": false, ""ignition"": true, ""latitude"": 25.93122, ""direction"": 264, ""longitude"": -80.1199416, ""gsm_signal"": 24, ""sleep_mode"": false, ""staff_mode"": false, ""fault_codes"": [], ""speed_limit"": 0, ""engine_hours"": 1433, ""idc_triggers"": [], ""buzzer_active"": false, ""fuel_level_avg"": 28, ""lock_geo_alert"": false, ""operation_mode"": ""RENT"", ""battery_voltage"": 14.399999618530273, ""in_primary_zone"": false, ""lock_engine_alert"": false, ""in_restricted_zone"": false, ""onboard_geofencing"": false, ""speed_limit_active"": false, ""lock_geo_alert_distance"": 0}"
2023-07-23 20:56:10.577,4431,858,"354616090369062",1582,"{""key"": false, ""flip"": false, ""zone"": false, ""speed"": 6.482000000000001, ""buzzer"": 0, ""engine"": true, ""in_zone"": false, ""ignition"": true, ""latitude"": 25.9312216, ""direction"": 264, ""longitude"": -80.1199282, ""gsm_signal"": 23, ""sleep_mode"": false, ""staff_mode"": false, ""fault_codes"": [], ""speed_limit"": 0, ""engine_hours"": 1433, ""idc_triggers"": [], ""buzzer_active"": false, ""fuel_level_avg"": 28, ""lock_geo_alert"": false, ""operation_mode"": ""RENT"", ""battery_voltage"": 14.399999618530273, ""in_primary_zone"": false, ""lock_engine_alert"": false, ""in_restricted_zone"": false, ""onboard_geofencing"": false, ""speed_limit_active"": false, ""lock_geo_alert_distance"": 0}"
2023-07-23 20:56:09.558,4431,858,"354616090369062",1582,"{""key"": false, ""flip"": false, ""zone"": false, ""speed"": 7.7784, ""buzzer"": 0, ""engine"": true, ""in_zone"": false, ""ignition"": true, ""latitude"": 25.93122, ""direction"": 266, ""longitude"": -80.1199016, ""gsm_signal"": 27, ""sleep_mode"": false, ""staff_mode"": false, ""fault_codes"": [], ""speed_limit"": 0, ""engine_hours"": 1433, ""idc_triggers"": [], ""buzzer_active"": false, ""fuel_level_avg"": 28, ""lock_geo_alert"": false, ""operation_mode"": ""RENT"", ""battery_voltage"": 14.399999618530273, ""in_primary_zone"": false, ""lock_engine_alert"": false, ""in_restricted_zone"": false, ""onboard_geofencing"": false, ""speed_limit_active"": false, ""lock_geo_alert_distance"": 0}"
2023-07-23 20:56:08.577,4431,858,"354616090369062",1582,"{""key"": false, ""flip"": false, ""zone"": false, ""speed"": 7.4079999999999995, ""buzzer"": 0, ""engine"": true, ""in_zone"": false, ""ignition"": true, ""latitude"": 25.93122, ""direction"": 257, ""longitude"": -80.11988, ""gsm_signal"": 25, ""sleep_mode"": false, ""staff_mode"": false, ""fault_codes"": [], ""speed_limit"": 0, ""engine_hours"": 1433, ""idc_triggers"": [], ""buzzer_active"": false, ""fuel_level_avg"": 28, ""lock_geo_alert"": false, ""operation_mode"": ""RENT"", ""battery_voltage"": 14.399999618530273, ""in_primary_zone"": false, ""lock_engine_alert"": false, ""in_restricted_zone"": false, ""onboard_geofencing"": false, ""speed_limit_active"": false, ""lock_geo_alert_distance"": 0}"
2023-07-23 20:56:07.617,4431,858,"354616090369062",1582,"{""key"": false, ""flip"": false, ""zone"": false, ""speed"": 6.482000000000001, ""buzzer"": 0, ""engine"": true, ""in_zone"": false, ""ignition"": true, ""latitude"": 25.9312233, ""direction"": 259, ""longitude"": -80.11986, ""gsm_signal"": 23, ""sleep_mode"": false, ""staff_mode"": false, ""fault_codes"": [], ""speed_limit"": 0, ""engine_hours"": 1433, ""idc_triggers"": [], ""buzzer_active"": false, ""fuel_level_avg"": 28, ""lock_geo_alert"": false, ""operation_mode"": ""RENT"", ""battery_voltage"": 14.399999618530273, ""in_primary_zone"": false, ""lock_engine_alert"": false, ""in_restricted_zone"": false, ""onboard_geofencing"": false, ""speed_limit_active"": false, ""lock_geo_alert_distance"": 0}"
2023-07-23 20:56:06.577,4431,858,"354616090369062",1582,"{""key"": false, ""flip"": false, ""zone"": false, ""speed"": 7.222800000000001, ""buzzer"": 0, ""engine"": true, ""in_zone"": false, ""ignition"": true, ""latitude"": 25.9312266, ""direction"": 256, ""longitude"": -80.1198432, ""gsm_signal"": 25, ""sleep_mode"": false, ""staff_mode"": false, ""fault_codes"": [], ""speed_limit"": 70, ""engine_hours"": 1433, ""idc_triggers"": [], ""buzzer_active"": false, ""fuel_level_avg"": 28, ""lock_geo_alert"": false, ""operation_mode"": ""RENT"", ""battery_voltage"": 14.399999618530273, ""in_primary_zone"": false, ""lock_engine_alert"": false, ""in_restricted_zone"": false, ""onboard_geofencing"": false, ""speed_limit_active"": false, ""lock_geo_alert_distance"": 0}"
2023-07-23 20:56:05.538,4431,858,"354616090369062",1582,"{""key"": false, ""flip"": false, ""zone"": false, ""speed"": 8.334, ""buzzer"": 0, ""engine"": true, ""in_zone"": false, ""ignition"": true, ""latitude"": 25.9312316, ""direction"": 262, ""longitude"": -80.1198216, ""gsm_signal"": 25, ""sleep_mode"": false, ""staff_mode"": false, ""fault_codes"": [], ""speed_limit"": 70, ""engine_hours"": 1433, ""idc_triggers"": [], ""buzzer_active"": false, ""fuel_level_avg"": 28, ""lock_geo_alert"": false, ""operation_mode"": ""RENT"", ""battery_voltage"": 14.399999618530273, ""in_primary_zone"": false, ""lock_engine_alert"": false, ""in_restricted_zone"": false, ""onboard_geofencing"": false, ""speed_limit_active"": true, ""lock_geo_alert_distance"": 0}"
2023-07-23 20:56:04.577,4431,858,"354616090369062",1582,"{""key"": false, ""flip"": false, ""zone"": false, ""speed"": 8.334, ""buzzer"": 0, ""engine"": true, ""in_zone"": false, ""ignition"": true, ""latitude"": 25.9312383, ""direction"": 265, ""longitude"": -80.1198, ""gsm_signal"": 26, ""sleep_mode"": false, ""staff_mode"": false, ""fault_codes"": [], ""speed_limit"": 70, ""engine_hours"": 1433, ""idc_triggers"": [], ""buzzer_active"": false, ""fuel_level_avg"": 28, ""lock_geo_alert"": false, ""operation_mode"": ""RENT"", ""battery_voltage"": 14.399999618530273, ""in_primary_zone"": false, ""lock_engine_alert"": false, ""in_restricted_zone"": false, ""onboard_geofencing"": false, ""speed_limit_active"": true, ""lock_geo_alert_distance"": 0}"
2023-07-23 20:56:03.617,4431,858,"354616090369062",1582,"{""key"": false, ""flip"": false, ""zone"": false, ""speed"": 8.1488, ""buzzer"": 0, ""engine"": true, ""in_zone"": false, ""ignition"": true, ""latitude"": 25.93124, ""direction"": 267, ""longitude"": -80.1197766, ""gsm_signal"": 26, ""sleep_mode"": false, ""staff_mode"": false, ""fault_codes"": [], ""speed_limit"": 70, ""engine_hours"": 1433, ""idc_triggers"": [], ""buzzer_active"": false, ""fuel_level_avg"": 28, ""lock_geo_alert"": false, ""operation_mode"": ""RENT"", ""battery_voltage"": 14.399999618530273, ""in_primary_zone"": false, ""lock_engine_alert"": false, ""in_restricted_zone"": false, ""onboard_geofencing"": false, ""speed_limit_active"": true, ""lock_geo_alert_distance"": 0}"
2023-07-23 20:56:02.577,4431,858,"354616090369062",1582,"{""key"": false, ""flip"": false, ""zone"": false, ""speed"": 8.8896, ""buzzer"": 0, ""engine"": true, ""in_zone"": false, ""ignition"": true, ""latitude"": 25.9312433, ""direction"": 263, ""longitude"": -80.1197482, ""gsm_signal"": 26, ""sleep_mode"": false, ""staff_mode"": false, ""fault_codes"": [], ""speed_limit"": 70, ""engine_hours"": 1433, ""idc_triggers"": [], ""buzzer_active"": false, ""fuel_level_avg"": 28, ""lock_geo_alert"": false, ""operation_mode"": ""RENT"", ""battery_voltage"": 14.399999618530273, ""in_primary_zone"": false, ""lock_engine_alert"": false, ""in_restricted_zone"": false, ""onboard_geofencing"": false, ""speed_limit_active"": true, ""lock_geo_alert_distance"": 0}"
2023-07-23 20:56:01.538,4431,858,"354616090369062",1582,"{""key"": false, ""flip"": false, ""zone"": false, ""speed"": 6.1116, ""buzzer"": 0, ""engine"": true, ""in_zone"": false, ""ignition"": true, ""latitude"": 25.9312466, ""direction"": 264, ""longitude"": -80.1197216, ""gsm_signal"": 26, ""sleep_mode"": false, ""staff_mode"": false, ""fault_codes"": [], ""speed_limit"": 70, ""engine_hours"": 1433, ""idc_triggers"": [], ""buzzer_active"": false, ""fuel_level_avg"": 28, ""lock_geo_alert"": false, ""operation_mode"": ""RENT"", ""battery_voltage"": 14.399999618530273, ""in_primary_zone"": false, ""lock_engine_alert"": false, ""in_restricted_zone"": false, ""onboard_geofencing"": false, ""speed_limit_active"": true, ""lock_geo_alert_distance"": 0}"
2023-07-23 20:56:00.577,4431,858,"354616090369062",1582,"{""key"": false, ""flip"": false, ""zone"": false, ""speed"": 6.1116, ""buzzer"": 0, ""engine"": true, ""in_zone"": false, ""ignition"": true, ""latitude"": 25.93125, ""direction"": 249, ""longitude"": -80.1197032, ""gsm_signal"": 26, ""sleep_mode"": false, ""staff_mode"": false, ""fault_codes"": [], ""speed_limit"": 70, ""engine_hours"": 1433, ""idc_triggers"": [], ""buzzer_active"": false, ""fuel_level_avg"": 28, ""lock_geo_alert"": false, ""operation_mode"": ""RENT"", ""battery_voltage"": 14.399999618530273, ""in_primary_zone"": false, ""lock_engine_alert"": false, ""in_restricted_zone"": false, ""onboard_geofencing"": false, ""speed_limit_active"": true, ""lock_geo_alert_distance"": 0}"
2023-07-23 20:55:59.538,4431,858,"354616090369062",1582,"{""key"": false, ""flip"": false, ""zone"": false, ""speed"": 6.2968, ""buzzer"": 0, ""engine"": true, ""in_zone"": false, ""ignition"": true, ""latitude"": 25.931255, ""direction"": 265, ""longitude"": -80.1196882, ""gsm_signal"": 24, ""sleep_mode"": false, ""staff_mode"": false, ""fault_codes"": [], ""speed_limit"": 70, ""engine_hours"": 1433, ""idc_triggers"": [], ""buzzer_active"": false, ""fuel_level_avg"": 28, ""lock_geo_alert"": false, ""operation_mode"": ""RENT"", ""battery_voltage"": 14.399999618530273, ""in_primary_zone"": false, ""lock_engine_alert"": false, ""in_restricted_zone"": false, ""onboard_geofencing"": false, ""speed_limit_active"": true, ""lock_geo_alert_distance"": 0}"
2023-07-23 20:55:58.577,4431,858,"354616090369062",1582,"{""key"": false, ""flip"": false, ""zone"": false, ""speed"": 7.5932, ""buzzer"": 0, ""engine"": true, ""in_zone"": false, ""ignition"": true, ""latitude"": 25.931255, ""direction"": 272, ""longitude"": -80.1196682, ""gsm_signal"": 21, ""sleep_mode"": false, ""staff_mode"": false, ""fault_codes"": [], ""speed_limit"": 70, ""engine_hours"": 1433, ""idc_triggers"": [], ""buzzer_active"": false, ""fuel_level_avg"": 28, ""lock_geo_alert"": false, ""operation_mode"": ""RENT"", ""battery_voltage"": 14.399999618530273, ""in_primary_zone"": false, ""lock_engine_alert"": false, ""in_restricted_zone"": false, ""onboard_geofencing"": false, ""speed_limit_active"": true, ""lock_geo_alert_distance"": 0}"
2023-07-23 20:55:57.538,4431,858,"354616090369062",1582,"{""key"": false, ""flip"": false, ""zone"": false, ""speed"": 9.0748, ""buzzer"": 0, ""engine"": true, ""in_zone"": false, ""ignition"": true, ""latitude"": 25.9312583, ""direction"": 269, ""longitude"": -80.1196366, ""gsm_signal"": 21, ""sleep_mode"": false, ""staff_mode"": false, ""fault_codes"": [], ""speed_limit"": 70, ""engine_hours"": 1433, ""idc_triggers"": [], ""buzzer_active"": false, ""fuel_level_avg"": 28, ""lock_geo_alert"": false, ""operation_mode"": ""RENT"", ""battery_voltage"": 14.399999618530273, ""in_primary_zone"": false, ""lock_engine_alert"": false, ""in_restricted_zone"": false, ""onboard_geofencing"": false, ""speed_limit_active"": true, ""lock_geo_alert_distance"": 0}"
2023-07-23 20:55:56.577,4431,858,"354616090369062",1582,"{""key"": false, ""flip"": false, ""zone"": false, ""speed"": 9.0748, ""buzzer"": 0, ""engine"": true, ""in_zone"": false, ""ignition"": true, ""latitude"": 25.9312616, ""direction"": 268, ""longitude"": -80.1196132, ""gsm_signal"": 23, ""sleep_mode"": false, ""staff_mode"": false, ""fault_codes"": [], ""speed_limit"": 70, ""engine_hours"": 1433, ""idc_triggers"": [], ""buzzer_active"": false, ""fuel_level_avg"": 28, ""lock_geo_alert"": false, ""operation_mode"": ""RENT"", ""battery_voltage"": 14.399999618530273, ""in_primary_zone"": false, ""lock_engine_alert"": false, ""in_restricted_zone"": false, ""onboard_geofencing"": false, ""speed_limit_active"": true, ""lock_geo_alert_distance"": 0}"
2023-07-23 20:55:55.538,4431,858,"354616090369062",1582,"{""key"": false, ""flip"": false, ""zone"": false, ""speed"": 6.667199999999999, ""buzzer"": 0, ""engine"": true, ""in_zone"": false, ""ignition"": true, ""latitude"": 25.93126, ""direction"": 268, ""longitude"": -80.1195916, ""gsm_signal"": 23, ""sleep_mode"": false, ""staff_mode"": false, ""fault_codes"": [], ""speed_limit"": 70, ""engine_hours"": 1433, ""idc_triggers"": [], ""buzzer_active"": false, ""fuel_level_avg"": 28, ""lock_geo_alert"": false, ""operation_mode"": ""RENT"", ""battery_voltage"": 14.399999618530273, ""in_primary_zone"": false, ""lock_engine_alert"": false, ""in_restricted_zone"": false, ""onboard_geofencing"": false, ""speed_limit_active"": true, ""lock_geo_alert_distance"": 0}"
2023-07-23 20:55:54.497,4431,858,"354616090369062",1582,"{""key"": false, ""flip"": false, ""zone"": false, ""speed"": 6.1116, ""buzzer"": 0, ""engine"": true, ""in_zone"": false, ""ignition"": true, ""latitude"": 25.93126, ""direction"": 272, ""longitude"": -80.1195732, ""gsm_signal"": 25, ""sleep_mode"": false, ""staff_mode"": false, ""fault_codes"": [], ""speed_limit"": 70, ""engine_hours"": 1433, ""idc_triggers"": [], ""buzzer_active"": false, ""fuel_level_avg"": 28, ""lock_geo_alert"": false, ""operation_mode"": ""RENT"", ""battery_voltage"": 14.399999618530273, ""in_primary_zone"": false, ""lock_engine_alert"": false, ""in_restricted_zone"": false, ""onboard_geofencing"": false, ""speed_limit_active"": true, ""lock_geo_alert_distance"": 0}"
2023-07-23 20:55:53.538,4431,858,"354616090369062",1582,"{""key"": false, ""flip"": false, ""zone"": false, ""speed"": 6.667199999999999, ""buzzer"": 0, ""engine"": true, ""in_zone"": false, ""ignition"": true, ""latitude"": 25.9312583, ""direction"": 276, ""longitude"": -80.1195566, ""gsm_signal"": 25, ""sleep_mode"": false, ""staff_mode"": false, ""fault_codes"": [], ""speed_limit"": 70, ""engine_hours"": 1433, ""idc_triggers"": [], ""buzzer_active"": false, ""fuel_level_avg"": 28, ""lock_geo_alert"": false, ""operation_mode"": ""RENT"", ""battery_voltage"": 14.399999618530273, ""in_primary_zone"": false, ""lock_engine_alert"": false, ""in_restricted_zone"": false, ""onboard_geofencing"": false, ""speed_limit_active"": true, ""lock_geo_alert_distance"": 0}"
2023-07-23 20:55:52.578,4431,858,"354616090369062",1582,"{""key"": false, ""flip"": false, ""zone"": false, ""speed"": 7.963600000000001, ""buzzer"": 0, ""engine"": true, ""in_zone"": false, ""ignition"": true, ""latitude"": 25.93126, ""direction"": 272, ""longitude"": -80.1195432, ""gsm_signal"": 24, ""sleep_mode"": false, ""staff_mode"": false, ""fault_codes"": [], ""speed_limit"": 70, ""engine_hours"": 1433, ""idc_triggers"": [], ""buzzer_active"": false, ""fuel_level_avg"": 28, ""lock_geo_alert"": false, ""operation_mode"": ""RENT"", ""battery_voltage"": 14.399999618530273, ""in_primary_zone"": false, ""lock_engine_alert"": false, ""in_restricted_zone"": false, ""onboard_geofencing"": false, ""speed_limit_active"": true, ""lock_geo_alert_distance"": 0}"
2023-07-23 20:55:51.538,4431,858,"354616090369062",1582,"{""key"": false, ""flip"": false, ""zone"": false, ""speed"": 7.5932, ""buzzer"": 0, ""engine"": true, ""in_zone"": false, ""ignition"": true, ""latitude"": 25.9312616, ""direction"": 266, ""longitude"": -80.1195232, ""gsm_signal"": 23, ""sleep_mode"": false, ""staff_mode"": false, ""fault_codes"": [], ""speed_limit"": 70, ""engine_hours"": 1433, ""idc_triggers"": [], ""buzzer_active"": false, ""fuel_level_avg"": 28, ""lock_geo_alert"": false, ""operation_mode"": ""RENT"", ""battery_voltage"": 14.399999618530273, ""in_primary_zone"": false, ""lock_engine_alert"": false, ""in_restricted_zone"": false, ""onboard_geofencing"": false, ""speed_limit_active"": true, ""lock_geo_alert_distance"": 0}"
2023-07-23 20:55:50.577,4431,858,"354616090369062",1582,"{""key"": false, ""flip"": false, ""zone"": false, ""speed"": 7.0376, ""buzzer"": 0, ""engine"": true, ""in_zone"": false, ""ignition"": true, ""latitude"": 25.9312616, ""direction"": 273, ""longitude"": -80.1195016, ""gsm_signal"": 24, ""sleep_mode"": false, ""staff_mode"": false, ""fault_codes"": [], ""speed_limit"": 70, ""engine_hours"": 1433, ""idc_triggers"": [], ""buzzer_active"": false, ""fuel_level_avg"": 28, ""lock_geo_alert"": false, ""operation_mode"": ""RENT"", ""battery_voltage"": 14.399999618530273, ""in_primary_zone"": false, ""lock_engine_alert"": false, ""in_restricted_zone"": false, ""onboard_geofencing"": false, ""speed_limit_active"": true, ""lock_geo_alert_distance"": 0}"
2023-07-23 20:55:49.538,4431,858,"354616090369062",1582,"{""key"": false, ""flip"": false, ""zone"": false, ""speed"": 8.1488, ""buzzer"": 0, ""engine"": true, ""in_zone"": false, ""ignition"": true, ""latitude"": 25.9312616, ""direction"": 266, ""longitude"": -80.11948, ""gsm_signal"": 23, ""sleep_mode"": false, ""staff_mode"": false, ""fault_codes"": [], ""speed_limit"": 70, ""engine_hours"": 1433, ""idc_triggers"": [], ""buzzer_active"": false, ""fuel_level_avg"": 28, ""lock_geo_alert"": false, ""operation_mode"": ""RENT"", ""battery_voltage"": 14.399999618530273, ""in_primary_zone"": false, ""lock_engine_alert"": false, ""in_restricted_zone"": false, ""onboard_geofencing"": false, ""speed_limit_active"": true, ""lock_geo_alert_distance"": 0}"
2023-07-23 20:55:48.577,4431,858,"354616090369062",1582,"{""key"": false, ""flip"": false, ""zone"": false, ""speed"": 7.963600000000001, ""buzzer"": 0, ""engine"": true, ""in_zone"": false, ""ignition"": true, ""latitude"": 25.931265, ""direction"": 268, ""longitude"": -80.11946, ""gsm_signal"": 22, ""sleep_mode"": false, ""staff_mode"": false, ""fault_codes"": [], ""speed_limit"": 70, ""engine_hours"": 1433, ""idc_triggers"": [], ""buzzer_active"": false, ""fuel_level_avg"": 28, ""lock_geo_alert"": false, ""operation_mode"": ""RENT"", ""battery_voltage"": 14.399999618530273, ""in_primary_zone"": false, ""lock_engine_alert"": false, ""in_restricted_zone"": false, ""onboard_geofencing"": false, ""speed_limit_active"": true, ""lock_geo_alert_distance"": 0}"
2023-07-23 20:55:47.538,4431,858,"354616090369062",1582,"{""key"": false, ""flip"": false, ""zone"": false, ""speed"": 6.2968, ""buzzer"": 0, ""engine"": true, ""in_zone"": false, ""ignition"": true, ""latitude"": 25.9312716, ""direction"": 251, ""longitude"": -80.1194382, ""gsm_signal"": 22, ""sleep_mode"": false, ""staff_mode"": false, ""fault_codes"": [], ""speed_limit"": 70, ""engine_hours"": 1433, ""idc_triggers"": [], ""buzzer_active"": false, ""fuel_level_avg"": 28, ""lock_geo_alert"": false, ""operation_mode"": ""RENT"", ""battery_voltage"": 14.399999618530273, ""in_primary_zone"": false, ""lock_engine_alert"": false, ""in_restricted_zone"": false, ""onboard_geofencing"": false, ""speed_limit_active"": true, ""lock_geo_alert_distance"": 0}"
2023-07-23 20:55:46.578,4431,858,"354616090369062",1582,"{""key"": false, ""flip"": false, ""zone"": false, ""speed"": 6.2968, ""buzzer"": 0, ""engine"": true, ""in_zone"": false, ""ignition"": true, ""latitude"": 25.9312766, ""direction"": 257, ""longitude"": -80.1194216, ""gsm_signal"": 24, ""sleep_mode"": false, ""staff_mode"": false, ""fault_codes"": [], ""speed_limit"": 70, ""engine_hours"": 1433, ""idc_triggers"": [], ""buzzer_active"": false, ""fuel_level_avg"": 28, ""lock_geo_alert"": false, ""operation_mode"": ""RENT"", ""battery_voltage"": 14.399999618530273, ""in_primary_zone"": false, ""lock_engine_alert"": false, ""in_restricted_zone"": false, ""onboard_geofencing"": false, ""speed_limit_active"": true, ""lock_geo_alert_distance"": 0}"
2023-07-23 20:55:45.538,4431,858,"354616090369062",1582,"{""key"": false, ""flip"": false, ""zone"": false, ""speed"": 7.4079999999999995, ""buzzer"": 0, ""engine"": true, ""in_zone"": false, ""ignition"": true, ""latitude"": 25.93128, ""direction"": 259, ""longitude"": -80.119405, ""gsm_signal"": 24, ""sleep_mode"": false, ""staff_mode"": false, ""fault_codes"": [], ""speed_limit"": 70, ""engine_hours"": 1433, ""idc_triggers"": [], ""buzzer_active"": false, ""fuel_level_avg"": 28, ""lock_geo_alert"": false, ""operation_mode"": ""RENT"", ""battery_voltage"": 14.399999618530273, ""in_primary_zone"": false, ""lock_engine_alert"": false, ""in_restricted_zone"": false, ""onboard_geofencing"": false, ""speed_limit_active"": true, ""lock_geo_alert_distance"": 0}"
2023-07-23 20:55:44.500,4431,858,"354616090369062",1582,"{""key"": false, ""flip"": false, ""zone"": false, ""speed"": 7.5932, ""buzzer"": 0, ""engine"": true, ""in_zone"": false, ""ignition"": true, ""latitude"": 25.9312833, ""direction"": 252, ""longitude"": -80.1193832, ""gsm_signal"": 24, ""sleep_mode"": false, ""staff_mode"": false, ""fault_codes"": [], ""speed_limit"": 70, ""engine_hours"": 1433, ""idc_triggers"": [], ""buzzer_active"": false, ""fuel_level_avg"": 28, ""lock_geo_alert"": false, ""operation_mode"": ""RENT"", ""battery_voltage"": 14.399999618530273, ""in_primary_zone"": false, ""lock_engine_alert"": false, ""in_restricted_zone"": false, ""onboard_geofencing"": false, ""speed_limit_active"": true, ""lock_geo_alert_distance"": 0}"
2023-07-23 20:55:43.538,4431,858,"354616090369062",1582,"{""key"": false, ""flip"": false, ""zone"": false, ""speed"": 7.5932, ""buzzer"": 0, ""engine"": true, ""in_zone"": false, ""ignition"": true, ""latitude"": 25.9312883, ""direction"": 259, ""longitude"": -80.1193632, ""gsm_signal"": 23, ""sleep_mode"": false, ""staff_mode"": false, ""fault_codes"": [], ""speed_limit"": 70, ""engine_hours"": 1433, ""idc_triggers"": [], ""buzzer_active"": false, ""fuel_level_avg"": 28, ""lock_geo_alert"": false, ""operation_mode"": ""RENT"", ""battery_voltage"": 14.399999618530273, ""in_primary_zone"": false, ""lock_engine_alert"": false, ""in_restricted_zone"": false, ""onboard_geofencing"": false, ""speed_limit_active"": true, ""lock_geo_alert_distance"": 0}"
2023-07-23 20:55:42.583,4431,858,"354616090369062",1582,"{""key"": false, ""flip"": false, ""zone"": false, ""speed"": 6.8524, ""buzzer"": 0, ""engine"": true, ""in_zone"": false, ""ignition"": true, ""latitude"": 25.9312916, ""direction"": 259, ""longitude"": -80.1193432, ""gsm_signal"": 23, ""sleep_mode"": false, ""staff_mode"": false, ""fault_codes"": [], ""speed_limit"": 70, ""engine_hours"": 1433, ""idc_triggers"": [], ""buzzer_active"": false, ""fuel_level_avg"": 28, ""lock_geo_alert"": false, ""operation_mode"": ""RENT"", ""battery_voltage"": 14.399999618530273, ""in_primary_zone"": false, ""lock_engine_alert"": false, ""in_restricted_zone"": false, ""onboard_geofencing"": false, ""speed_limit_active"": true, ""lock_geo_alert_distance"": 0}"
2023-07-23 20:55:41.538,4431,858,"354616090369062",1582,"{""key"": false, ""flip"": false, ""zone"": false, ""speed"": 7.4079999999999995, ""buzzer"": 0, ""engine"": true, ""in_zone"": false, ""ignition"": true, ""latitude"": 25.9312966, ""direction"": 261, ""longitude"": -80.1193216, ""gsm_signal"": 24, ""sleep_mode"": false, ""staff_mode"": false, ""fault_codes"": [], ""speed_limit"": 70, ""engine_hours"": 1433, ""idc_triggers"": [], ""buzzer_active"": false, ""fuel_level_avg"": 28, ""lock_geo_alert"": false, ""operation_mode"": ""RENT"", ""battery_voltage"": 14.399999618530273, ""in_primary_zone"": false, ""lock_engine_alert"": false, ""in_restricted_zone"": false, ""onboard_geofencing"": false, ""speed_limit_active"": true, ""lock_geo_alert_distance"": 0}"
2023-07-23 20:55:40.578,4431,858,"354616090369062",1582,"{""key"": false, ""flip"": false, ""zone"": false, ""speed"": 7.4079999999999995, ""buzzer"": 0, ""engine"": true, ""in_zone"": false, ""ignition"": true, ""latitude"": 25.9313016, ""direction"": 264, ""longitude"": -80.1193016, ""gsm_signal"": 26, ""sleep_mode"": false, ""staff_mode"": false, ""fault_codes"": [], ""speed_limit"": 70, ""engine_hours"": 1433, ""idc_triggers"": [], ""buzzer_active"": false, ""fuel_level_avg"": 28, ""lock_geo_alert"": false, ""operation_mode"": ""RENT"", ""battery_voltage"": 14.399999618530273, ""in_primary_zone"": false, ""lock_engine_alert"": false, ""in_restricted_zone"": false, ""onboard_geofencing"": false, ""speed_limit_active"": true, ""lock_geo_alert_distance"": 0}"
2023-07-23 20:55:39.538,4431,858,"354616090369062",1582,"{""key"": false, ""flip"": false, ""zone"": false, ""speed"": 6.482000000000001, ""buzzer"": 0, ""engine"": true, ""in_zone"": false, ""ignition"": true, ""latitude"": 25.931305000000002, ""direction"": 270, ""longitude"": -80.11928, ""gsm_signal"": 26, ""sleep_mode"": false, ""staff_mode"": false, ""fault_codes"": [], ""speed_limit"": 70, ""engine_hours"": 1433, ""idc_triggers"": [], ""buzzer_active"": false, ""fuel_level_avg"": 28, ""lock_geo_alert"": false, ""operation_mode"": ""RENT"", ""battery_voltage"": 14.399999618530273, ""in_primary_zone"": false, ""lock_engine_alert"": false, ""in_restricted_zone"": false, ""onboard_geofencing"": false, ""speed_limit_active"": true, ""lock_geo_alert_distance"": 0}"
2023-07-23 20:55:38.577,4431,858,"354616090369062",1582,"{""key"": false, ""flip"": false, ""zone"": false, ""speed"": 6.1116, ""buzzer"": 0, ""engine"": true, ""in_zone"": false, ""ignition"": true, ""latitude"": 25.9313033, ""direction"": 253, ""longitude"": -80.1192516, ""gsm_signal"": 26, ""sleep_mode"": false, ""staff_mode"": false, ""fault_codes"": [], ""speed_limit"": 70, ""engine_hours"": 1433, ""idc_triggers"": [], ""buzzer_active"": false, ""fuel_level_avg"": 28, ""lock_geo_alert"": false, ""operation_mode"": ""RENT"", ""battery_voltage"": 14.399999618530273, ""in_primary_zone"": false, ""lock_engine_alert"": false, ""in_restricted_zone"": false, ""onboard_geofencing"": false, ""speed_limit_active"": true, ""lock_geo_alert_distance"": 0}"
2023-07-23 20:55:37.538,4431,858,"354616090369062",1582,"{""key"": false, ""flip"": false, ""zone"": false, ""speed"": 7.0376, ""buzzer"": 0, ""engine"": true, ""in_zone"": false, ""ignition"": true, ""latitude"": 25.9313083, ""direction"": 255, ""longitude"": -80.1192332, ""gsm_signal"": 24, ""sleep_mode"": false, ""staff_mode"": false, ""fault_codes"": [], ""speed_limit"": 70, ""engine_hours"": 1433, ""idc_triggers"": [], ""buzzer_active"": false, ""fuel_level_avg"": 28, ""lock_geo_alert"": false, ""operation_mode"": ""RENT"", ""battery_voltage"": 14.399999618530273, ""in_primary_zone"": false, ""lock_engine_alert"": false, ""in_restricted_zone"": false, ""onboard_geofencing"": false, ""speed_limit_active"": true, ""lock_geo_alert_distance"": 0}"
2023-07-23 20:55:36.577,4431,858,"354616090369062",1582,"{""key"": false, ""flip"": false, ""zone"": false, ""speed"": 5.556, ""buzzer"": 0, ""engine"": true, ""in_zone"": false, ""ignition"": true, ""latitude"": 25.9313083, ""direction"": 257, ""longitude"": -80.1192116, ""gsm_signal"": 22, ""sleep_mode"": false, ""staff_mode"": false, ""fault_codes"": [], ""speed_limit"": 70, ""engine_hours"": 1433, ""idc_triggers"": [], ""buzzer_active"": false, ""fuel_level_avg"": 28, ""lock_geo_alert"": false, ""operation_mode"": ""RENT"", ""battery_voltage"": 14.399999618530273, ""in_primary_zone"": false, ""lock_engine_alert"": false, ""in_restricted_zone"": false, ""onboard_geofencing"": false, ""speed_limit_active"": true, ""lock_geo_alert_distance"": 0}"
2023-07-23 20:55:35.538,4431,858,"354616090369062",1582,"{""key"": false, ""flip"": false, ""zone"": false, ""speed"": 6.667199999999999, ""buzzer"": 0, ""engine"": true, ""in_zone"": false, ""ignition"": true, ""latitude"": 25.9313033, ""direction"": 267, ""longitude"": -80.119185, ""gsm_signal"": 25, ""sleep_mode"": false, ""staff_mode"": false, ""fault_codes"": [], ""speed_limit"": 70, ""engine_hours"": 1433, ""idc_triggers"": [], ""buzzer_active"": false, ""fuel_level_avg"": 28, ""lock_geo_alert"": false, ""operation_mode"": ""RENT"", ""battery_voltage"": 14.399999618530273, ""in_primary_zone"": false, ""lock_engine_alert"": false, ""in_restricted_zone"": false, ""onboard_geofencing"": false, ""speed_limit_active"": true, ""lock_geo_alert_distance"": 0}"
2023-07-23 20:55:34.578,4431,858,"354616090369062",1582,"{""key"": false, ""flip"": false, ""zone"": false, ""speed"": 8.334, ""buzzer"": 0, ""engine"": true, ""in_zone"": false, ""ignition"": true, ""latitude"": 25.9313, ""direction"": 277, ""longitude"": -80.11916, ""gsm_signal"": 25, ""sleep_mode"": false, ""staff_mode"": false, ""fault_codes"": [], ""speed_limit"": 70, ""engine_hours"": 1433, ""idc_triggers"": [], ""buzzer_active"": false, ""fuel_level_avg"": 28, ""lock_geo_alert"": false, ""operation_mode"": ""RENT"", ""battery_voltage"": 14.399999618530273, ""in_primary_zone"": false, ""lock_engine_alert"": false, ""in_restricted_zone"": false, ""onboard_geofencing"": false, ""speed_limit_active"": true, ""lock_geo_alert_distance"": 0}"
2023-07-23 20:55:33.538,4431,858,"354616090369062",1582,"{""key"": false, ""flip"": false, ""zone"": false, ""speed"": 7.222800000000001, ""buzzer"": 0, ""engine"": true, ""in_zone"": false, ""ignition"": true, ""latitude"": 25.931295, ""direction"": 267, ""longitude"": -80.1191366, ""gsm_signal"": 23, ""sleep_mode"": false, ""staff_mode"": false, ""fault_codes"": [], ""speed_limit"": 70, ""engine_hours"": 1433, ""idc_triggers"": [], ""buzzer_active"": false, ""fuel_level_avg"": 28, ""lock_geo_alert"": false, ""operation_mode"": ""RENT"", ""battery_voltage"": 14.399999618530273, ""in_primary_zone"": false, ""lock_engine_alert"": false, ""in_restricted_zone"": false, ""onboard_geofencing"": false, ""speed_limit_active"": true, ""lock_geo_alert_distance"": 0}"
2023-07-23 20:55:32.577,4431,858,"354616090369062",1582,"{""key"": false, ""flip"": false, ""zone"": false, ""speed"": 6.667199999999999, ""buzzer"": 0, ""engine"": true, ""in_zone"": false, ""ignition"": true, ""latitude"": 25.9312933, ""direction"": 265, ""longitude"": -80.1191116, ""gsm_signal"": 23, ""sleep_mode"": false, ""staff_mode"": false, ""fault_codes"": [], ""speed_limit"": 70, ""engine_hours"": 1433, ""idc_triggers"": [], ""buzzer_active"": false, ""fuel_level_avg"": 28, ""lock_geo_alert"": false, ""operation_mode"": ""RENT"", ""battery_voltage"": 14.399999618530273, ""in_primary_zone"": false, ""lock_engine_alert"": false, ""in_restricted_zone"": false, ""onboard_geofencing"": false, ""speed_limit_active"": true, ""lock_geo_alert_distance"": 0}"
2023-07-23 20:55:31.538,4431,858,"354616090369062",1582,"{""key"": false, ""flip"": false, ""zone"": false, ""speed"": 6.667199999999999, ""buzzer"": 0, ""engine"": true, ""in_zone"": false, ""ignition"": true, ""latitude"": 25.9312916, ""direction"": 271, ""longitude"": -80.1190932, ""gsm_signal"": 22, ""sleep_mode"": false, ""staff_mode"": false, ""fault_codes"": [], ""speed_limit"": 70, ""engine_hours"": 1433, ""idc_triggers"": [], ""buzzer_active"": false, ""fuel_level_avg"": 28, ""lock_geo_alert"": false, ""operation_mode"": ""RENT"", ""battery_voltage"": 14.399999618530273, ""in_primary_zone"": false, ""lock_engine_alert"": false, ""in_restricted_zone"": false, ""onboard_geofencing"": false, ""speed_limit_active"": true, ""lock_geo_alert_distance"": 0}"
2023-07-23 20:55:30.577,4431,858,"354616090369062",1582,"{""key"": false, ""flip"": false, ""zone"": false, ""speed"": 7.222800000000001, ""buzzer"": 0, ""engine"": true, ""in_zone"": false, ""ignition"": true, ""latitude"": 25.9312916, ""direction"": 275, ""longitude"": -80.1190732, ""gsm_signal"": 22, ""sleep_mode"": false, ""staff_mode"": false, ""fault_codes"": [], ""speed_limit"": 70, ""engine_hours"": 1433, ""idc_triggers"": [], ""buzzer_active"": false, ""fuel_level_avg"": 28, ""lock_geo_alert"": false, ""operation_mode"": ""RENT"", ""battery_voltage"": 14.399999618530273, ""in_primary_zone"": false, ""lock_engine_alert"": false, ""in_restricted_zone"": false, ""onboard_geofencing"": false, ""speed_limit_active"": true, ""lock_geo_alert_distance"": 0}"
2023-07-23 20:55:29.538,4431,858,"354616090369062",1582,"{""key"": false, ""flip"": false, ""zone"": false, ""speed"": 8.519200000000001, ""buzzer"": 0, ""engine"": true, ""in_zone"": false, ""ignition"": true, ""latitude"": 25.9312866, ""direction"": 279, ""longitude"": -80.11905, ""gsm_signal"": 23, ""sleep_mode"": false, ""staff_mode"": false, ""fault_codes"": [], ""speed_limit"": 70, ""engine_hours"": 1433, ""idc_triggers"": [], ""buzzer_active"": false, ""fuel_level_avg"": 28, ""lock_geo_alert"": false, ""operation_mode"": ""RENT"", ""battery_voltage"": 14.399999618530273, ""in_primary_zone"": false, ""lock_engine_alert"": false, ""in_restricted_zone"": false, ""onboard_geofencing"": false, ""speed_limit_active"": true, ""lock_geo_alert_distance"": 0}"
2023-07-23 20:55:28.577,4431,858,"354616090369062",1582,"{""key"": false, ""flip"": false, ""zone"": false, ""speed"": 7.4079999999999995, ""buzzer"": 0, ""engine"": true, ""in_zone"": false, ""ignition"": true, ""latitude"": 25.9312816, ""direction"": 272, ""longitude"": -80.1190232, ""gsm_signal"": 21, ""sleep_mode"": false, ""staff_mode"": false, ""fault_codes"": [], ""speed_limit"": 70, ""engine_hours"": 1433, ""idc_triggers"": [], ""buzzer_active"": false, ""fuel_level_avg"": 28, ""lock_geo_alert"": false, ""operation_mode"": ""RENT"", ""battery_voltage"": 14.399999618530273, ""in_primary_zone"": false, ""lock_engine_alert"": false, ""in_restricted_zone"": false, ""onboard_geofencing"": false, ""speed_limit_active"": true, ""lock_geo_alert_distance"": 0}"
2023-07-23 20:55:27.538,4431,858,"354616090369062",1582,"{""key"": false, ""flip"": false, ""zone"": false, ""speed"": 7.0376, ""buzzer"": 0, ""engine"": true, ""in_zone"": false, ""ignition"": true, ""latitude"": 25.9312816, ""direction"": 269, ""longitude"": -80.119, ""gsm_signal"": 21, ""sleep_mode"": false, ""staff_mode"": false, ""fault_codes"": [], ""speed_limit"": 70, ""engine_hours"": 1433, ""idc_triggers"": [], ""buzzer_active"": false, ""fuel_level_avg"": 28, ""lock_geo_alert"": false, ""operation_mode"": ""RENT"", ""battery_voltage"": 14.399999618530273, ""in_primary_zone"": false, ""lock_engine_alert"": false, ""in_restricted_zone"": false, ""onboard_geofencing"": false, ""speed_limit_active"": true, ""lock_geo_alert_distance"": 0}"
2023-07-23 20:55:26.497,4431,858,"354616090369062",1582,"{""key"": false, ""flip"": false, ""zone"": false, ""speed"": 7.5932, ""buzzer"": 0, ""engine"": true, ""in_zone"": false, ""ignition"": true, ""latitude"": 25.9312816, ""direction"": 272, ""longitude"": -80.1189816, ""gsm_signal"": 23, ""sleep_mode"": false, ""staff_mode"": false, ""fault_codes"": [], ""speed_limit"": 70, ""engine_hours"": 1433, ""idc_triggers"": [], ""buzzer_active"": false, ""fuel_level_avg"": 28, ""lock_geo_alert"": false, ""operation_mode"": ""RENT"", ""battery_voltage"": 14.399999618530273, ""in_primary_zone"": false, ""lock_engine_alert"": false, ""in_restricted_zone"": false, ""onboard_geofencing"": false, ""speed_limit_active"": true, ""lock_geo_alert_distance"": 0}"
2023-07-23 20:55:25.458,4431,858,"354616090369062",1582,"{""key"": false, ""flip"": false, ""zone"": false, ""speed"": 8.1488, ""buzzer"": 0, ""engine"": true, ""in_zone"": false, ""ignition"": true, ""latitude"": 25.9312816, ""direction"": 266, ""longitude"": -80.11896, ""gsm_signal"": 25, ""sleep_mode"": false, ""staff_mode"": false, ""fault_codes"": [], ""speed_limit"": 70, ""engine_hours"": 1433, ""idc_triggers"": [], ""buzzer_active"": false, ""fuel_level_avg"": 28, ""lock_geo_alert"": false, ""operation_mode"": ""RENT"", ""battery_voltage"": 14.399999618530273, ""in_primary_zone"": false, ""lock_engine_alert"": false, ""in_restricted_zone"": false, ""onboard_geofencing"": false, ""speed_limit_active"": true, ""lock_geo_alert_distance"": 0}"
2023-07-23 20:55:24.498,4431,858,"354616090369062",1582,"{""key"": false, ""flip"": false, ""zone"": false, ""speed"": 7.7784, ""buzzer"": 0, ""engine"": true, ""in_zone"": false, ""ignition"": true, ""latitude"": 25.9312816, ""direction"": 270, ""longitude"": -80.11894, ""gsm_signal"": 22, ""sleep_mode"": false, ""staff_mode"": false, ""fault_codes"": [], ""speed_limit"": 70, ""engine_hours"": 1433, ""idc_triggers"": [], ""buzzer_active"": false, ""fuel_level_avg"": 28, ""lock_geo_alert"": false, ""operation_mode"": ""RENT"", ""battery_voltage"": 14.399999618530273, ""in_primary_zone"": false, ""lock_engine_alert"": false, ""in_restricted_zone"": false, ""onboard_geofencing"": false, ""speed_limit_active"": true, ""lock_geo_alert_distance"": 0}"
2023-07-23 20:55:23.459,4431,858,"354616090369062",1582,"{""key"": false, ""flip"": false, ""zone"": false, ""speed"": 7.7784, ""buzzer"": 0, ""engine"": true, ""in_zone"": false, ""ignition"": true, ""latitude"": 25.931285, ""direction"": 273, ""longitude"": -80.1189166, ""gsm_signal"": 22, ""sleep_mode"": false, ""staff_mode"": false, ""fault_codes"": [], ""speed_limit"": 70, ""engine_hours"": 1433, ""idc_triggers"": [], ""buzzer_active"": false, ""fuel_level_avg"": 28, ""lock_geo_alert"": false, ""operation_mode"": ""RENT"", ""battery_voltage"": 14.399999618530273, ""in_primary_zone"": false, ""lock_engine_alert"": false, ""in_restricted_zone"": false, ""onboard_geofencing"": false, ""speed_limit_active"": true, ""lock_geo_alert_distance"": 0}"
2023-07-23 20:55:22.498,4431,858,"354616090369062",1582,"{""key"": false, ""flip"": false, ""zone"": false, ""speed"": 8.8896, ""buzzer"": 0, ""engine"": true, ""in_zone"": false, ""ignition"": true, ""latitude"": 25.931285, ""direction"": 268, ""longitude"": -80.118895, ""gsm_signal"": 22, ""sleep_mode"": false, ""staff_mode"": false, ""fault_codes"": [], ""speed_limit"": 70, ""engine_hours"": 1433, ""idc_triggers"": [], ""buzzer_active"": false, ""fuel_level_avg"": 28, ""lock_geo_alert"": false, ""operation_mode"": ""RENT"", ""battery_voltage"": 14.399999618530273, ""in_primary_zone"": false, ""lock_engine_alert"": false, ""in_restricted_zone"": false, ""onboard_geofencing"": false, ""speed_limit_active"": true, ""lock_geo_alert_distance"": 0}"
2023-07-23 20:55:21.458,4431,858,"354616090369062",1582,"{""key"": false, ""flip"": false, ""zone"": false, ""speed"": 6.2968, ""buzzer"": 0, ""engine"": true, ""in_zone"": false, ""ignition"": true, ""latitude"": 25.9312883, ""direction"": 270, ""longitude"": -80.1188732, ""gsm_signal"": 23, ""sleep_mode"": false, ""staff_mode"": false, ""fault_codes"": [], ""speed_limit"": 70, ""engine_hours"": 1433, ""idc_triggers"": [], ""buzzer_active"": false, ""fuel_level_avg"": 28, ""lock_geo_alert"": false, ""operation_mode"": ""RENT"", ""battery_voltage"": 14.399999618530273, ""in_primary_zone"": false, ""lock_engine_alert"": false, ""in_restricted_zone"": false, ""onboard_geofencing"": false, ""speed_limit_active"": true, ""lock_geo_alert_distance"": 0}"
2023-07-23 20:55:20.498,4431,858,"354616090369062",1582,"{""key"": false, ""flip"": false, ""zone"": false, ""speed"": 6.2968, ""buzzer"": 0, ""engine"": true, ""in_zone"": false, ""ignition"": true, ""latitude"": 25.93129, ""direction"": 262, ""longitude"": -80.11886, ""gsm_signal"": 23, ""sleep_mode"": false, ""staff_mode"": false, ""fault_codes"": [], ""speed_limit"": 70, ""engine_hours"": 1433, ""idc_triggers"": [], ""buzzer_active"": false, ""fuel_level_avg"": 28, ""lock_geo_alert"": false, ""operation_mode"": ""RENT"", ""battery_voltage"": 14.399999618530273, ""in_primary_zone"": false, ""lock_engine_alert"": false, ""in_restricted_zone"": false, ""onboard_geofencing"": false, ""speed_limit_active"": true, ""lock_geo_alert_distance"": 0}"
2023-07-23 20:55:19.459,4431,858,"354616090369062",1582,"{""key"": false, ""flip"": false, ""zone"": false, ""speed"": 7.4079999999999995, ""buzzer"": 0, ""engine"": true, ""in_zone"": false, ""ignition"": true, ""latitude"": 25.9312916, ""direction"": 271, ""longitude"": -80.1188432, ""gsm_signal"": 23, ""sleep_mode"": false, ""staff_mode"": false, ""fault_codes"": [], ""speed_limit"": 70, ""engine_hours"": 1433, ""idc_triggers"": [], ""buzzer_active"": false, ""fuel_level_avg"": 28, ""lock_geo_alert"": false, ""operation_mode"": ""RENT"", ""battery_voltage"": 14.399999618530273, ""in_primary_zone"": false, ""lock_engine_alert"": false, ""in_restricted_zone"": false, ""onboard_geofencing"": false, ""speed_limit_active"": true, ""lock_geo_alert_distance"": 0}"
2023-07-23 20:55:18.497,4431,858,"354616090369062",1582,"{""key"": false, ""flip"": false, ""zone"": false, ""speed"": 7.222800000000001, ""buzzer"": 0, ""engine"": true, ""in_zone"": false, ""ignition"": true, ""latitude"": 25.9312933, ""direction"": 267, ""longitude"": -80.11883, ""gsm_signal"": 23, ""sleep_mode"": false, ""staff_mode"": false, ""fault_codes"": [], ""speed_limit"": 70, ""engine_hours"": 1433, ""idc_triggers"": [], ""buzzer_active"": false, ""fuel_level_avg"": 28, ""lock_geo_alert"": false, ""operation_mode"": ""RENT"", ""battery_voltage"": 14.399999618530273, ""in_primary_zone"": false, ""lock_engine_alert"": false, ""in_restricted_zone"": false, ""onboard_geofencing"": false, ""speed_limit_active"": true, ""lock_geo_alert_distance"": 0}"
2023-07-23 20:55:17.458,4431,858,"354616090369062",1582,"{""key"": false, ""flip"": false, ""zone"": false, ""speed"": 7.222800000000001, ""buzzer"": 0, ""engine"": true, ""in_zone"": false, ""ignition"": true, ""latitude"": 25.9312966, ""direction"": 264, ""longitude"": -80.11881, ""gsm_signal"": 23, ""sleep_mode"": false, ""staff_mode"": false, ""fault_codes"": [], ""speed_limit"": 70, ""engine_hours"": 1433, ""idc_triggers"": [], ""buzzer_active"": false, ""fuel_level_avg"": 28, ""lock_geo_alert"": false, ""operation_mode"": ""RENT"", ""battery_voltage"": 14.399999618530273, ""in_primary_zone"": false, ""lock_engine_alert"": false, ""in_restricted_zone"": false, ""onboard_geofencing"": false, ""speed_limit_active"": true, ""lock_geo_alert_distance"": 0}"
2023-07-23 20:55:16.511,4431,858,"354616090369062",1582,"{""key"": false, ""flip"": false, ""zone"": false, ""speed"": 8.1488, ""buzzer"": 0, ""engine"": true, ""in_zone"": false, ""ignition"": true, ""latitude"": 25.9312983, ""direction"": 266, ""longitude"": -80.1187916, ""gsm_signal"": 23, ""sleep_mode"": false, ""staff_mode"": false, ""fault_codes"": [], ""speed_limit"": 70, ""engine_hours"": 1433, ""idc_triggers"": [], ""buzzer_active"": false, ""fuel_level_avg"": 28, ""lock_geo_alert"": false, ""operation_mode"": ""RENT"", ""battery_voltage"": 14.399999618530273, ""in_primary_zone"": false, ""lock_engine_alert"": false, ""in_restricted_zone"": false, ""onboard_geofencing"": false, ""speed_limit_active"": true, ""lock_geo_alert_distance"": 0}"
2023-07-23 20:55:15.466,4431,858,"354616090369062",1582,"{""key"": false, ""flip"": false, ""zone"": false, ""speed"": 6.8524, ""buzzer"": 2, ""engine"": true, ""in_zone"": false, ""ignition"": true, ""latitude"": 25.9313, ""direction"": 279, ""longitude"": -80.1187732, ""gsm_signal"": 23, ""sleep_mode"": false, ""staff_mode"": false, ""fault_codes"": [], ""speed_limit"": 70, ""engine_hours"": 1433, ""idc_triggers"": [], ""buzzer_active"": true, ""fuel_level_avg"": 28, ""lock_geo_alert"": false, ""operation_mode"": ""RENT"", ""battery_voltage"": 14.399999618530273, ""in_primary_zone"": false, ""lock_engine_alert"": false, ""in_restricted_zone"": false, ""onboard_geofencing"": false, ""speed_limit_active"": true, ""lock_geo_alert_distance"": 0}"
2023-07-23 20:55:14.577,4431,858,"354616090369062",1582,"{""key"": false, ""flip"": false, ""zone"": false, ""speed"": 8.334, ""buzzer"": 2, ""engine"": true, ""in_zone"": false, ""ignition"": true, ""latitude"": 25.9312966, ""direction"": 275, ""longitude"": -80.118755, ""gsm_signal"": 22, ""sleep_mode"": false, ""staff_mode"": false, ""fault_codes"": [], ""speed_limit"": 70, ""engine_hours"": 1433, ""idc_triggers"": [], ""buzzer_active"": true, ""fuel_level_avg"": 28, ""lock_geo_alert"": false, ""operation_mode"": ""RENT"", ""battery_voltage"": 14.399999618530273, ""in_primary_zone"": false, ""lock_engine_alert"": false, ""in_restricted_zone"": false, ""onboard_geofencing"": false, ""speed_limit_active"": true, ""lock_geo_alert_distance"": 0}"
2023-07-23 20:55:13.618,4431,858,"354616090369062",1582,"{""key"": false, ""flip"": false, ""zone"": false, ""speed"": 6.667199999999999, ""buzzer"": 2, ""engine"": true, ""in_zone"": false, ""ignition"": true, ""latitude"": 25.931295, ""direction"": 277, ""longitude"": -80.1187332, ""gsm_signal"": 22, ""sleep_mode"": false, ""staff_mode"": false, ""fault_codes"": [], ""speed_limit"": 70, ""engine_hours"": 1433, ""idc_triggers"": [], ""buzzer_active"": true, ""fuel_level_avg"": 28, ""lock_geo_alert"": false, ""operation_mode"": ""RENT"", ""battery_voltage"": 14.399999618530273, ""in_primary_zone"": false, ""lock_engine_alert"": false, ""in_restricted_zone"": false, ""onboard_geofencing"": false, ""speed_limit_active"": true, ""lock_geo_alert_distance"": 0}"
2023-07-23 20:55:12.579,4431,858,"354616090369062",1582,"{""key"": false, ""flip"": false, ""zone"": false, ""speed"": 7.5932, ""buzzer"": 2, ""engine"": true, ""in_zone"": false, ""ignition"": true, ""latitude"": 25.9312933, ""direction"": 270, ""longitude"": -80.1187132, ""gsm_signal"": 22, ""sleep_mode"": false, ""staff_mode"": false, ""fault_codes"": [], ""speed_limit"": 70, ""engine_hours"": 1433, ""idc_triggers"": [], ""buzzer_active"": true, ""fuel_level_avg"": 28, ""lock_geo_alert"": false, ""operation_mode"": ""RENT"", ""battery_voltage"": 14.399999618530273, ""in_primary_zone"": false, ""lock_engine_alert"": false, ""in_restricted_zone"": false, ""onboard_geofencing"": false, ""speed_limit_active"": true, ""lock_geo_alert_distance"": 0}"
2023-07-23 20:55:11.617,4431,858,"354616090369062",1582,"{""key"": false, ""flip"": false, ""zone"": false, ""speed"": 7.5932, ""buzzer"": 0, ""engine"": true, ""in_zone"": false, ""ignition"": true, ""latitude"": 25.9312933, ""direction"": 266, ""longitude"": -80.1186932, ""gsm_signal"": 21, ""sleep_mode"": false, ""staff_mode"": false, ""fault_codes"": [], ""speed_limit"": 70, ""engine_hours"": 1433, ""idc_triggers"": [], ""buzzer_active"": false, ""fuel_level_avg"": 28, ""lock_geo_alert"": false, ""operation_mode"": ""RENT"", ""battery_voltage"": 14.399999618530273, ""in_primary_zone"": false, ""lock_engine_alert"": false, ""in_restricted_zone"": false, ""onboard_geofencing"": false, ""speed_limit_active"": true, ""lock_geo_alert_distance"": 0}"
2023-07-23 20:55:10.577,4431,858,"354616090369062",1582,"{""key"": false, ""flip"": false, ""zone"": false, ""speed"": 7.5932, ""buzzer"": 0, ""engine"": true, ""in_zone"": false, ""ignition"": true, ""latitude"": 25.931295, ""direction"": 267, ""longitude"": -80.1186716, ""gsm_signal"": 22, ""sleep_mode"": false, ""staff_mode"": false, ""fault_codes"": [], ""speed_limit"": 70, ""engine_hours"": 1433, ""idc_triggers"": [], ""buzzer_active"": false, ""fuel_level_avg"": 28, ""lock_geo_alert"": false, ""operation_mode"": ""RENT"", ""battery_voltage"": 14.399999618530273, ""in_primary_zone"": false, ""lock_engine_alert"": false, ""in_restricted_zone"": false, ""onboard_geofencing"": false, ""speed_limit_active"": true, ""lock_geo_alert_distance"": 0}"
2023-07-23 20:55:09.538,4431,858,"354616090369062",1582,"{""key"": false, ""flip"": false, ""zone"": false, ""speed"": 8.704400000000001, ""buzzer"": 0, ""engine"": true, ""in_zone"": false, ""ignition"": true, ""latitude"": 25.9312933, ""direction"": 271, ""longitude"": -80.11865, ""gsm_signal"": 22, ""sleep_mode"": false, ""staff_mode"": false, ""fault_codes"": [], ""speed_limit"": 70, ""engine_hours"": 1433, ""idc_triggers"": [], ""buzzer_active"": false, ""fuel_level_avg"": 28, ""lock_geo_alert"": false, ""operation_mode"": ""RENT"", ""battery_voltage"": 14.399999618530273, ""in_primary_zone"": false, ""lock_engine_alert"": false, ""in_restricted_zone"": false, ""onboard_geofencing"": false, ""speed_limit_active"": true, ""lock_geo_alert_distance"": 0}"
2023-07-23 20:55:08.577,4431,858,"354616090369062",1582,"{""key"": false, ""flip"": false, ""zone"": false, ""speed"": 9.0748, ""buzzer"": 0, ""engine"": true, ""in_zone"": false, ""ignition"": true, ""latitude"": 25.9312916, ""direction"": 267, ""longitude"": -80.1186266, ""gsm_signal"": 23, ""sleep_mode"": false, ""staff_mode"": false, ""fault_codes"": [], ""speed_limit"": 70, ""engine_hours"": 1433, ""idc_triggers"": [], ""buzzer_active"": false, ""fuel_level_avg"": 28, ""lock_geo_alert"": false, ""operation_mode"": ""RENT"", ""battery_voltage"": 14.399999618530273, ""in_primary_zone"": false, ""lock_engine_alert"": false, ""in_restricted_zone"": false, ""onboard_geofencing"": false, ""speed_limit_active"": true, ""lock_geo_alert_distance"": 0}"
2023-07-23 20:55:07.618,4431,858,"354616090369062",1582,"{""key"": false, ""flip"": false, ""zone"": false, ""speed"": 7.0376, ""buzzer"": 0, ""engine"": true, ""in_zone"": false, ""ignition"": true, ""latitude"": 25.9312916, ""direction"": 272, ""longitude"": -80.1186032, ""gsm_signal"": 25, ""sleep_mode"": false, ""staff_mode"": false, ""fault_codes"": [], ""speed_limit"": 70, ""engine_hours"": 1433, ""idc_triggers"": [], ""buzzer_active"": false, ""fuel_level_avg"": 28, ""lock_geo_alert"": false, ""operation_mode"": ""RENT"", ""battery_voltage"": 14.399999618530273, ""in_primary_zone"": false, ""lock_engine_alert"": false, ""in_restricted_zone"": false, ""onboard_geofencing"": false, ""speed_limit_active"": true, ""lock_geo_alert_distance"": 0}"
2023-07-23 20:55:06.577,4431,858,"354616090369062",1582,"{""key"": false, ""flip"": false, ""zone"": false, ""speed"": 6.482000000000001, ""buzzer"": 0, ""engine"": true, ""in_zone"": false, ""ignition"": true, ""latitude"": 25.9312933, ""direction"": 273, ""longitude"": -80.118585, ""gsm_signal"": 23, ""sleep_mode"": false, ""staff_mode"": false, ""fault_codes"": [], ""speed_limit"": 70, ""engine_hours"": 1433, ""idc_triggers"": [], ""buzzer_active"": false, ""fuel_level_avg"": 28, ""lock_geo_alert"": false, ""operation_mode"": ""RENT"", ""battery_voltage"": 14.399999618530273, ""in_primary_zone"": false, ""lock_engine_alert"": false, ""in_restricted_zone"": false, ""onboard_geofencing"": false, ""speed_limit_active"": true, ""lock_geo_alert_distance"": 0}"
2023-07-23 20:55:05.545,4431,858,"354616090369062",1582,"{""key"": false, ""flip"": false, ""zone"": false, ""speed"": 7.4079999999999995, ""buzzer"": 0, ""engine"": true, ""in_zone"": false, ""ignition"": true, ""latitude"": 25.9312933, ""direction"": 271, ""longitude"": -80.118565, ""gsm_signal"": 24, ""sleep_mode"": false, ""staff_mode"": false, ""fault_codes"": [], ""speed_limit"": 70, ""engine_hours"": 1433, ""idc_triggers"": [], ""buzzer_active"": false, ""fuel_level_avg"": 28, ""lock_geo_alert"": false, ""operation_mode"": ""RENT"", ""battery_voltage"": 14.399999618530273, ""in_primary_zone"": false, ""lock_engine_alert"": false, ""in_restricted_zone"": false, ""onboard_geofencing"": false, ""speed_limit_active"": true, ""lock_geo_alert_distance"": 0}"
2023-07-23 20:55:04.577,4431,858,"354616090369062",1582,"{""key"": false, ""flip"": false, ""zone"": false, ""speed"": 8.334, ""buzzer"": 0, ""engine"": true, ""in_zone"": false, ""ignition"": true, ""latitude"": 25.931295, ""direction"": 271, ""longitude"": -80.118545, ""gsm_signal"": 25, ""sleep_mode"": false, ""staff_mode"": false, ""fault_codes"": [], ""speed_limit"": 70, ""engine_hours"": 1433, ""idc_triggers"": [], ""buzzer_active"": false, ""fuel_level_avg"": 28, ""lock_geo_alert"": false, ""operation_mode"": ""RENT"", ""battery_voltage"": 14.399999618530273, ""in_primary_zone"": false, ""lock_engine_alert"": false, ""in_restricted_zone"": false, ""onboard_geofencing"": false, ""speed_limit_active"": true, ""lock_geo_alert_distance"": 0}"
2023-07-23 20:55:03.547,4431,858,"354616090369062",1582,"{""key"": false, ""flip"": false, ""zone"": false, ""speed"": 7.5932, ""buzzer"": 0, ""engine"": true, ""in_zone"": false, ""ignition"": true, ""latitude"": 25.9312966, ""direction"": 265, ""longitude"": -80.1185232, ""gsm_signal"": 23, ""sleep_mode"": false, ""staff_mode"": false, ""fault_codes"": [], ""speed_limit"": 70, ""engine_hours"": 1433, ""idc_triggers"": [], ""buzzer_active"": false, ""fuel_level_avg"": 28, ""lock_geo_alert"": false, ""operation_mode"": ""RENT"", ""battery_voltage"": 14.399999618530273, ""in_primary_zone"": false, ""lock_engine_alert"": false, ""in_restricted_zone"": false, ""onboard_geofencing"": false, ""speed_limit_active"": true, ""lock_geo_alert_distance"": 0}"
2023-07-23 20:55:02.577,4431,858,"354616090369062",1582,"{""key"": false, ""flip"": false, ""zone"": false, ""speed"": 8.704400000000001, ""buzzer"": 0, ""engine"": true, ""in_zone"": false, ""ignition"": true, ""latitude"": 25.9313, ""direction"": 273, ""longitude"": -80.1185, ""gsm_signal"": 24, ""sleep_mode"": false, ""staff_mode"": false, ""fault_codes"": [], ""speed_limit"": 70, ""engine_hours"": 1433, ""idc_triggers"": [], ""buzzer_active"": false, ""fuel_level_avg"": 28, ""lock_geo_alert"": false, ""operation_mode"": ""RENT"", ""battery_voltage"": 14.399999618530273, ""in_primary_zone"": false, ""lock_engine_alert"": false, ""in_restricted_zone"": false, ""onboard_geofencing"": false, ""speed_limit_active"": true, ""lock_geo_alert_distance"": 0}"
2023-07-23 20:55:01.538,4431,858,"354616090369062",1582,"{""key"": false, ""flip"": false, ""zone"": false, ""speed"": 8.334, ""buzzer"": 2, ""engine"": true, ""in_zone"": false, ""ignition"": true, ""latitude"": 25.9312983, ""direction"": 268, ""longitude"": -80.1184732, ""gsm_signal"": 23, ""sleep_mode"": false, ""staff_mode"": false, ""fault_codes"": [], ""speed_limit"": 70, ""engine_hours"": 1433, ""idc_triggers"": [], ""buzzer_active"": true, ""fuel_level_avg"": 28, ""lock_geo_alert"": false, ""operation_mode"": ""RENT"", ""battery_voltage"": 14.399999618530273, ""in_primary_zone"": false, ""lock_engine_alert"": false, ""in_restricted_zone"": false, ""onboard_geofencing"": false, ""speed_limit_active"": true, ""lock_geo_alert_distance"": 0}"
2023-07-23 20:55:00.578,4431,858,"354616090369062",1582,"{""key"": false, ""flip"": false, ""zone"": false, ""speed"": 7.963600000000001, ""buzzer"": 2, ""engine"": true, ""in_zone"": false, ""ignition"": true, ""latitude"": 25.9312983, ""direction"": 264, ""longitude"": -80.11845, ""gsm_signal"": 23, ""sleep_mode"": false, ""staff_mode"": false, ""fault_codes"": [], ""speed_limit"": 70, ""engine_hours"": 1433, ""idc_triggers"": [], ""buzzer_active"": true, ""fuel_level_avg"": 28, ""lock_geo_alert"": false, ""operation_mode"": ""RENT"", ""battery_voltage"": 14.399999618530273, ""in_primary_zone"": false, ""lock_engine_alert"": false, ""in_restricted_zone"": false, ""onboard_geofencing"": false, ""speed_limit_active"": true, ""lock_geo_alert_distance"": 0}"
2023-07-23 20:54:59.538,4431,858,"354616090369062",1582,"{""key"": false, ""flip"": false, ""zone"": false, ""speed"": 7.963600000000001, ""buzzer"": 2, ""engine"": true, ""in_zone"": false, ""ignition"": true, ""latitude"": 25.9313, ""direction"": 264, ""longitude"": -80.1184266, ""gsm_signal"": 25, ""sleep_mode"": false, ""staff_mode"": false, ""fault_codes"": [], ""speed_limit"": 70, ""engine_hours"": 1433, ""idc_triggers"": [], ""buzzer_active"": true, ""fuel_level_avg"": 28, ""lock_geo_alert"": false, ""operation_mode"": ""RENT"", ""battery_voltage"": 14.399999618530273, ""in_primary_zone"": false, ""lock_engine_alert"": false, ""in_restricted_zone"": false, ""onboard_geofencing"": false, ""speed_limit_active"": true, ""lock_geo_alert_distance"": 0}"
2023-07-23 20:54:58.577,4431,858,"354616090369062",1582,"{""key"": false, ""flip"": false, ""zone"": false, ""speed"": 6.667199999999999, ""buzzer"": 2, ""engine"": true, ""in_zone"": false, ""ignition"": true, ""latitude"": 25.9313, ""direction"": 267, ""longitude"": -80.1184032, ""gsm_signal"": 25, ""sleep_mode"": false, ""staff_mode"": false, ""fault_codes"": [], ""speed_limit"": 70, ""engine_hours"": 1433, ""idc_triggers"": [], ""buzzer_active"": true, ""fuel_level_avg"": 28, ""lock_geo_alert"": false, ""operation_mode"": ""RENT"", ""battery_voltage"": 14.399999618530273, ""in_primary_zone"": false, ""lock_engine_alert"": false, ""in_restricted_zone"": false, ""onboard_geofencing"": false, ""speed_limit_active"": true, ""lock_geo_alert_distance"": 0}"
2023-07-23 20:54:57.540,4431,858,"354616090369062",1582,"{""key"": false, ""flip"": false, ""zone"": false, ""speed"": 6.2968, ""buzzer"": 2, ""engine"": true, ""in_zone"": false, ""ignition"": true, ""latitude"": 25.9313016, ""direction"": 258, ""longitude"": -80.1183866, ""gsm_signal"": 24, ""sleep_mode"": false, ""staff_mode"": false, ""fault_codes"": [], ""speed_limit"": 70, ""engine_hours"": 1433, ""idc_triggers"": [], ""buzzer_active"": true, ""fuel_level_avg"": 27, ""lock_geo_alert"": false, ""operation_mode"": ""RENT"", ""battery_voltage"": 14.399999618530273, ""in_primary_zone"": false, ""lock_engine_alert"": false, ""in_restricted_zone"": false, ""onboard_geofencing"": false, ""speed_limit_active"": true, ""lock_geo_alert_distance"": 0}"
2023-07-23 20:54:56.578,4431,858,"354616090369062",1582,"{""key"": false, ""flip"": false, ""zone"": false, ""speed"": 6.2968, ""buzzer"": 0, ""engine"": true, ""in_zone"": false, ""ignition"": true, ""latitude"": 25.9313033, ""direction"": 264, ""longitude"": -80.1183682, ""gsm_signal"": 23, ""sleep_mode"": false, ""staff_mode"": false, ""fault_codes"": [], ""speed_limit"": 70, ""engine_hours"": 1433, ""idc_triggers"": [], ""buzzer_active"": false, ""fuel_level_avg"": 27, ""lock_geo_alert"": false, ""operation_mode"": ""RENT"", ""battery_voltage"": 14.399999618530273, ""in_primary_zone"": false, ""lock_engine_alert"": false, ""in_restricted_zone"": false, ""onboard_geofencing"": false, ""speed_limit_active"": true, ""lock_geo_alert_distance"": 0}"
2023-07-23 20:54:55.616,4431,858,"354616090369062",1582,"{""key"": false, ""flip"": false, ""zone"": false, ""speed"": 7.963600000000001, ""buzzer"": 0, ""engine"": true, ""in_zone"": false, ""ignition"": true, ""latitude"": 25.9313033, ""direction"": 274, ""longitude"": -80.1183482, ""gsm_signal"": 19, ""sleep_mode"": false, ""staff_mode"": false, ""fault_codes"": [], ""speed_limit"": 70, ""engine_hours"": 1433, ""idc_triggers"": [], ""buzzer_active"": false, ""fuel_level_avg"": 27, ""lock_geo_alert"": false, ""operation_mode"": ""RENT"", ""battery_voltage"": 14.399999618530273, ""in_primary_zone"": false, ""lock_engine_alert"": false, ""in_restricted_zone"": false, ""onboard_geofencing"": false, ""speed_limit_active"": true, ""lock_geo_alert_distance"": 0}"
2023-07-23 20:54:54.575,4431,858,"354616090369062",1582,"{""key"": false, ""flip"": false, ""zone"": false, ""speed"": 7.963600000000001, ""buzzer"": 0, ""engine"": true, ""in_zone"": false, ""ignition"": true, ""latitude"": 25.9313, ""direction"": 274, ""longitude"": -80.1183282, ""gsm_signal"": 17, ""sleep_mode"": false, ""staff_mode"": false, ""fault_codes"": [], ""speed_limit"": 70, ""engine_hours"": 1433, ""idc_triggers"": [], ""buzzer_active"": false, ""fuel_level_avg"": 27, ""lock_geo_alert"": false, ""operation_mode"": ""RENT"", ""battery_voltage"": 14.399999618530273, ""in_primary_zone"": false, ""lock_engine_alert"": false, ""in_restricted_zone"": false, ""onboard_geofencing"": false, ""speed_limit_active"": true, ""lock_geo_alert_distance"": 0}"
2023-07-23 20:54:53.618,4431,858,"354616090369062",1582,"{""key"": false, ""flip"": false, ""zone"": false, ""speed"": 7.4079999999999995, ""buzzer"": 0, ""engine"": true, ""in_zone"": false, ""ignition"": true, ""latitude"": 25.9312983, ""direction"": 268, ""longitude"": -80.1183066, ""gsm_signal"": 22, ""sleep_mode"": false, ""staff_mode"": false, ""fault_codes"": [], ""speed_limit"": 70, ""engine_hours"": 1433, ""idc_triggers"": [], ""buzzer_active"": false, ""fuel_level_avg"": 27, ""lock_geo_alert"": false, ""operation_mode"": ""RENT"", ""battery_voltage"": 14.399999618530273, ""in_primary_zone"": false, ""lock_engine_alert"": false, ""in_restricted_zone"": false, ""onboard_geofencing"": false, ""speed_limit_active"": true, ""lock_geo_alert_distance"": 0}"
2023-07-23 20:54:52.575,4431,858,"354616090369062",1582,"{""key"": false, ""flip"": false, ""zone"": false, ""speed"": 7.4079999999999995, ""buzzer"": 0, ""engine"": true, ""in_zone"": false, ""ignition"": true, ""latitude"": 25.9313016, ""direction"": 257, ""longitude"": -80.1182882, ""gsm_signal"": 18, ""sleep_mode"": false, ""staff_mode"": false, ""fault_codes"": [], ""speed_limit"": 70, ""engine_hours"": 1433, ""idc_triggers"": [], ""buzzer_active"": false, ""fuel_level_avg"": 27, ""lock_geo_alert"": false, ""operation_mode"": ""RENT"", ""battery_voltage"": 14.399999618530273, ""in_primary_zone"": false, ""lock_engine_alert"": false, ""in_restricted_zone"": false, ""onboard_geofencing"": false, ""speed_limit_active"": true, ""lock_geo_alert_distance"": 0}"
2023-07-23 20:54:51.615,4431,858,"354616090369062",1582,"{""key"": false, ""flip"": false, ""zone"": false, ""speed"": 6.482000000000001, ""buzzer"": 0, ""engine"": true, ""in_zone"": false, ""ignition"": true, ""latitude"": 25.931305000000002, ""direction"": 266, ""longitude"": -80.11827, ""gsm_signal"": 17, ""sleep_mode"": false, ""staff_mode"": false, ""fault_codes"": [], ""speed_limit"": 70, ""engine_hours"": 1433, ""idc_triggers"": [], ""buzzer_active"": false, ""fuel_level_avg"": 27, ""lock_geo_alert"": false, ""operation_mode"": ""RENT"", ""battery_voltage"": 14.399999618530273, ""in_primary_zone"": false, ""lock_engine_alert"": false, ""in_restricted_zone"": false, ""onboard_geofencing"": false, ""speed_limit_active"": true, ""lock_geo_alert_distance"": 0}"
2023-07-23 20:54:50.575,4431,858,"354616090369062",1582,"{""key"": false, ""flip"": false, ""zone"": false, ""speed"": 6.8524, ""buzzer"": 0, ""engine"": true, ""in_zone"": false, ""ignition"": true, ""latitude"": 25.931305000000002, ""direction"": 270, ""longitude"": -80.1182516, ""gsm_signal"": 19, ""sleep_mode"": false, ""staff_mode"": false, ""fault_codes"": [], ""speed_limit"": 70, ""engine_hours"": 1433, ""idc_triggers"": [], ""buzzer_active"": false, ""fuel_level_avg"": 27, ""lock_geo_alert"": false, ""operation_mode"": ""RENT"", ""battery_voltage"": 14.399999618530273, ""in_primary_zone"": false, ""lock_engine_alert"": false, ""in_restricted_zone"": false, ""onboard_geofencing"": false, ""speed_limit_active"": true, ""lock_geo_alert_distance"": 0}"
2023-07-23 20:54:49.622,4431,858,"354616090369062",1582,"{""key"": false, ""flip"": false, ""zone"": false, ""speed"": 6.482000000000001, ""buzzer"": 0, ""engine"": true, ""in_zone"": false, ""ignition"": true, ""latitude"": 25.931305000000002, ""direction"": 260, ""longitude"": -80.1182332, ""gsm_signal"": 20, ""sleep_mode"": false, ""staff_mode"": false, ""fault_codes"": [], ""speed_limit"": 70, ""engine_hours"": 1433, ""idc_triggers"": [], ""buzzer_active"": false, ""fuel_level_avg"": 27, ""lock_geo_alert"": false, ""operation_mode"": ""RENT"", ""battery_voltage"": 14.399999618530273, ""in_primary_zone"": false, ""lock_engine_alert"": false, ""in_restricted_zone"": false, ""onboard_geofencing"": false, ""speed_limit_active"": true, ""lock_geo_alert_distance"": 0}"
2023-07-23 20:54:48.578,4431,858,"354616090369062",1582,"{""key"": false, ""flip"": false, ""zone"": false, ""speed"": 7.4079999999999995, ""buzzer"": 0, ""engine"": true, ""in_zone"": false, ""ignition"": true, ""latitude"": 25.9313066, ""direction"": 266, ""longitude"": -80.118215, ""gsm_signal"": 18, ""sleep_mode"": false, ""staff_mode"": false, ""fault_codes"": [], ""speed_limit"": 70, ""engine_hours"": 1433, ""idc_triggers"": [], ""buzzer_active"": false, ""fuel_level_avg"": 27, ""lock_geo_alert"": false, ""operation_mode"": ""RENT"", ""battery_voltage"": 14.399999618530273, ""in_primary_zone"": false, ""lock_engine_alert"": false, ""in_restricted_zone"": false, ""onboard_geofencing"": false, ""speed_limit_active"": true, ""lock_geo_alert_distance"": 0}"
2023-07-23 20:54:47.615,4431,858,"354616090369062",1582,"{""key"": false, ""flip"": false, ""zone"": false, ""speed"": 8.519200000000001, ""buzzer"": 2, ""engine"": true, ""in_zone"": false, ""ignition"": true, ""latitude"": 25.9313083, ""direction"": 256, ""longitude"": -80.1181916, ""gsm_signal"": 20, ""sleep_mode"": false, ""staff_mode"": false, ""fault_codes"": [], ""speed_limit"": 70, ""engine_hours"": 1433, ""idc_triggers"": [], ""buzzer_active"": true, ""fuel_level_avg"": 27, ""lock_geo_alert"": false, ""operation_mode"": ""RENT"", ""battery_voltage"": 14.399999618530273, ""in_primary_zone"": false, ""lock_engine_alert"": false, ""in_restricted_zone"": false, ""onboard_geofencing"": false, ""speed_limit_active"": true, ""lock_geo_alert_distance"": 0}"
2023-07-23 20:54:46.575,4431,858,"354616090369062",1582,"{""key"": false, ""flip"": false, ""zone"": false, ""speed"": 7.4079999999999995, ""buzzer"": 2, ""engine"": true, ""in_zone"": false, ""ignition"": true, ""latitude"": 25.93131, ""direction"": 254, ""longitude"": -80.11817, ""gsm_signal"": 21, ""sleep_mode"": false, ""staff_mode"": false, ""fault_codes"": [], ""speed_limit"": 70, ""engine_hours"": 1433, ""idc_triggers"": [], ""buzzer_active"": true, ""fuel_level_avg"": 27, ""lock_geo_alert"": false, ""operation_mode"": ""RENT"", ""battery_voltage"": 14.399999618530273, ""in_primary_zone"": false, ""lock_engine_alert"": false, ""in_restricted_zone"": false, ""onboard_geofencing"": false, ""speed_limit_active"": true, ""lock_geo_alert_distance"": 0}"
2023-07-23 20:54:45.615,4431,858,"354616090369062",1582,"{""key"": false, ""flip"": false, ""zone"": false, ""speed"": 5.741200000000001, ""buzzer"": 2, ""engine"": true, ""in_zone"": false, ""ignition"": true, ""latitude"": 25.9313116, ""direction"": 256, ""longitude"": -80.1181532, ""gsm_signal"": 24, ""sleep_mode"": false, ""staff_mode"": false, ""fault_codes"": [], ""speed_limit"": 70, ""engine_hours"": 1433, ""idc_triggers"": [], ""buzzer_active"": true, ""fuel_level_avg"": 27, ""lock_geo_alert"": false, ""operation_mode"": ""RENT"", ""battery_voltage"": 14.399999618530273, ""in_primary_zone"": false, ""lock_engine_alert"": false, ""in_restricted_zone"": false, ""onboard_geofencing"": false, ""speed_limit_active"": true, ""lock_geo_alert_distance"": 0}"
2023-07-23 20:54:44.588,4431,858,"354616090369062",1582,"{""key"": false, ""flip"": false, ""zone"": false, ""speed"": 8.1488, ""buzzer"": 2, ""engine"": true, ""in_zone"": false, ""ignition"": true, ""latitude"": 25.9313133, ""direction"": 267, ""longitude"": -80.1181316, ""gsm_signal"": 26, ""sleep_mode"": false, ""staff_mode"": false, ""fault_codes"": [], ""speed_limit"": 70, ""engine_hours"": 1433, ""idc_triggers"": [], ""buzzer_active"": true, ""fuel_level_avg"": 27, ""lock_geo_alert"": false, ""operation_mode"": ""RENT"", ""battery_voltage"": 14.399999618530273, ""in_primary_zone"": false, ""lock_engine_alert"": false, ""in_restricted_zone"": false, ""onboard_geofencing"": false, ""speed_limit_active"": true, ""lock_geo_alert_distance"": 0}"
2023-07-23 20:54:43.619,4431,858,"354616090369062",1582,"{""key"": false, ""flip"": false, ""zone"": false, ""speed"": 9.8156, ""buzzer"": 2, ""engine"": true, ""in_zone"": false, ""ignition"": true, ""latitude"": 25.9313116, ""direction"": 272, ""longitude"": -80.1181032, ""gsm_signal"": 27, ""sleep_mode"": false, ""staff_mode"": false, ""fault_codes"": [], ""speed_limit"": 70, ""engine_hours"": 1433, ""idc_triggers"": [], ""buzzer_active"": true, ""fuel_level_avg"": 27, ""lock_geo_alert"": false, ""operation_mode"": ""RENT"", ""battery_voltage"": 14.399999618530273, ""in_primary_zone"": false, ""lock_engine_alert"": false, ""in_restricted_zone"": false, ""onboard_geofencing"": false, ""speed_limit_active"": true, ""lock_geo_alert_distance"": 0}"
2023-07-23 20:54:42.582,4431,858,"354616090369062",1582,"{""key"": false, ""flip"": false, ""zone"": false, ""speed"": 7.963600000000001, ""buzzer"": 2, ""engine"": true, ""in_zone"": false, ""ignition"": true, ""latitude"": 25.931305000000002, ""direction"": 268, ""longitude"": -80.1180682, ""gsm_signal"": 20, ""sleep_mode"": false, ""staff_mode"": false, ""fault_codes"": [], ""speed_limit"": 70, ""engine_hours"": 1433, ""idc_triggers"": [], ""buzzer_active"": true, ""fuel_level_avg"": 27, ""lock_geo_alert"": false, ""operation_mode"": ""RENT"", ""battery_voltage"": 14.399999618530273, ""in_primary_zone"": false, ""lock_engine_alert"": false, ""in_restricted_zone"": false, ""onboard_geofencing"": false, ""speed_limit_active"": true, ""lock_geo_alert_distance"": 0}"
2023-07-23 20:54:41.616,4431,858,"354616090369062",1582,"{""key"": false, ""flip"": false, ""zone"": false, ""speed"": 5.556, ""buzzer"": 0, ""engine"": true, ""in_zone"": false, ""ignition"": true, ""latitude"": 25.9313066, ""direction"": 261, ""longitude"": -80.118045, ""gsm_signal"": 18, ""sleep_mode"": false, ""staff_mode"": false, ""fault_codes"": [], ""speed_limit"": 70, ""engine_hours"": 1433, ""idc_triggers"": [], ""buzzer_active"": false, ""fuel_level_avg"": 27, ""lock_geo_alert"": false, ""operation_mode"": ""RENT"", ""battery_voltage"": 14.399999618530273, ""in_primary_zone"": false, ""lock_engine_alert"": false, ""in_restricted_zone"": false, ""onboard_geofencing"": false, ""speed_limit_active"": true, ""lock_geo_alert_distance"": 0}"
2023-07-23 20:54:40.576,4431,858,"354616090369062",1582,"{""key"": false, ""flip"": false, ""zone"": false, ""speed"": 6.8524, ""buzzer"": 0, ""engine"": true, ""in_zone"": false, ""ignition"": true, ""latitude"": 25.9313083, ""direction"": 277, ""longitude"": -80.1180282, ""gsm_signal"": 19, ""sleep_mode"": false, ""staff_mode"": false, ""fault_codes"": [], ""speed_limit"": 70, ""engine_hours"": 1433, ""idc_triggers"": [], ""buzzer_active"": false, ""fuel_level_avg"": 27, ""lock_geo_alert"": false, ""operation_mode"": ""RENT"", ""battery_voltage"": 14.399999618530273, ""in_primary_zone"": false, ""lock_engine_alert"": false, ""in_restricted_zone"": false, ""onboard_geofencing"": false, ""speed_limit_active"": true, ""lock_geo_alert_distance"": 0}"
2023-07-23 20:54:39.620,4431,858,"354616090369062",1582,"{""key"": false, ""flip"": false, ""zone"": false, ""speed"": 8.704400000000001, ""buzzer"": 0, ""engine"": true, ""in_zone"": false, ""ignition"": true, ""latitude"": 25.9313066, ""direction"": 273, ""longitude"": -80.1180082, ""gsm_signal"": 21, ""sleep_mode"": false, ""staff_mode"": false, ""fault_codes"": [], ""speed_limit"": 70, ""engine_hours"": 1433, ""idc_triggers"": [], ""buzzer_active"": false, ""fuel_level_avg"": 27, ""lock_geo_alert"": false, ""operation_mode"": ""RENT"", ""battery_voltage"": 14.399999618530273, ""in_primary_zone"": false, ""lock_engine_alert"": false, ""in_restricted_zone"": false, ""onboard_geofencing"": false, ""speed_limit_active"": true, ""lock_geo_alert_distance"": 0}"
2023-07-23 20:54:38.577,4431,858,"354616090369062",1582,"{""key"": false, ""flip"": false, ""zone"": false, ""speed"": 8.519200000000001, ""buzzer"": 0, ""engine"": true, ""in_zone"": false, ""ignition"": true, ""latitude"": 25.931305000000002, ""direction"": 273, ""longitude"": -80.1179866, ""gsm_signal"": 22, ""sleep_mode"": false, ""staff_mode"": false, ""fault_codes"": [], ""speed_limit"": 70, ""engine_hours"": 1433, ""idc_triggers"": [], ""buzzer_active"": false, ""fuel_level_avg"": 27, ""lock_geo_alert"": false, ""operation_mode"": ""RENT"", ""battery_voltage"": 14.399999618530273, ""in_primary_zone"": false, ""lock_engine_alert"": false, ""in_restricted_zone"": false, ""onboard_geofencing"": false, ""speed_limit_active"": true, ""lock_geo_alert_distance"": 0}"
2023-07-23 20:54:37.537,4431,858,"354616090369062",1582,"{""key"": false, ""flip"": false, ""zone"": false, ""speed"": 7.4079999999999995, ""buzzer"": 0, ""engine"": true, ""in_zone"": false, ""ignition"": true, ""latitude"": 25.9313016, ""direction"": 269, ""longitude"": -80.1179632, ""gsm_signal"": 23, ""sleep_mode"": false, ""staff_mode"": false, ""fault_codes"": [], ""speed_limit"": 70, ""engine_hours"": 1433, ""idc_triggers"": [], ""buzzer_active"": false, ""fuel_level_avg"": 27, ""lock_geo_alert"": false, ""operation_mode"": ""RENT"", ""battery_voltage"": 14.399999618530273, ""in_primary_zone"": false, ""lock_engine_alert"": false, ""in_restricted_zone"": false, ""onboard_geofencing"": false, ""speed_limit_active"": true, ""lock_geo_alert_distance"": 0}"
2023-07-23 20:54:36.577,4431,858,"354616090369062",1582,"{""key"": false, ""flip"": false, ""zone"": false, ""speed"": 8.334, ""buzzer"": 0, ""engine"": true, ""in_zone"": false, ""ignition"": true, ""latitude"": 25.9312983, ""direction"": 266, ""longitude"": -80.11794, ""gsm_signal"": 22, ""sleep_mode"": false, ""staff_mode"": false, ""fault_codes"": [], ""speed_limit"": 70, ""engine_hours"": 1433, ""idc_triggers"": [], ""buzzer_active"": false, ""fuel_level_avg"": 27, ""lock_geo_alert"": false, ""operation_mode"": ""RENT"", ""battery_voltage"": 14.399999618530273, ""in_primary_zone"": false, ""lock_engine_alert"": false, ""in_restricted_zone"": false, ""onboard_geofencing"": false, ""speed_limit_active"": true, ""lock_geo_alert_distance"": 0}"
2023-07-23 20:54:35.550,4431,858,"354616090369062",1582,"{""key"": false, ""flip"": false, ""zone"": false, ""speed"": 6.482000000000001, ""buzzer"": 0, ""engine"": true, ""in_zone"": false, ""ignition"": true, ""latitude"": 25.9312983, ""direction"": 258, ""longitude"": -80.11792, ""gsm_signal"": 21, ""sleep_mode"": false, ""staff_mode"": false, ""fault_codes"": [], ""speed_limit"": 70, ""engine_hours"": 1433, ""idc_triggers"": [], ""buzzer_active"": false, ""fuel_level_avg"": 27, ""lock_geo_alert"": false, ""operation_mode"": ""RENT"", ""battery_voltage"": 14.399999618530273, ""in_primary_zone"": false, ""lock_engine_alert"": false, ""in_restricted_zone"": false, ""onboard_geofencing"": false, ""speed_limit_active"": true, ""lock_geo_alert_distance"": 0}"
2023-07-23 20:54:34.576,4431,858,"354616090369062",1582,"{""key"": false, ""flip"": false, ""zone"": false, ""speed"": 7.5932, ""buzzer"": 0, ""engine"": true, ""in_zone"": false, ""ignition"": true, ""latitude"": 25.9312983, ""direction"": 264, ""longitude"": -80.1179016, ""gsm_signal"": 20, ""sleep_mode"": false, ""staff_mode"": false, ""fault_codes"": [], ""speed_limit"": 70, ""engine_hours"": 1433, ""idc_triggers"": [], ""buzzer_active"": false, ""fuel_level_avg"": 27, ""lock_geo_alert"": false, ""operation_mode"": ""RENT"", ""battery_voltage"": 14.399999618530273, ""in_primary_zone"": false, ""lock_engine_alert"": false, ""in_restricted_zone"": false, ""onboard_geofencing"": false, ""speed_limit_active"": true, ""lock_geo_alert_distance"": 0}"
2023-07-23 20:54:33.867,4431,858,"354616090369062",1582,"{""key"": false, ""flip"": false, ""zone"": false, ""speed"": 7.222800000000001, ""buzzer"": 0, ""engine"": true, ""in_zone"": false, ""ignition"": true, ""latitude"": 25.9313, ""direction"": 252, ""longitude"": -80.11788, ""gsm_signal"": 21, ""sleep_mode"": false, ""staff_mode"": false, ""fault_codes"": [], ""speed_limit"": 70, ""engine_hours"": 1433, ""idc_triggers"": [], ""buzzer_active"": false, ""fuel_level_avg"": 27, ""lock_geo_alert"": false, ""operation_mode"": ""RENT"", ""battery_voltage"": 14.399999618530273, ""in_primary_zone"": false, ""lock_engine_alert"": false, ""in_restricted_zone"": false, ""onboard_geofencing"": false, ""speed_limit_active"": true, ""lock_geo_alert_distance"": 0}"
2023-07-23 20:54:32.576,4431,858,"354616090369062",1582,"{""key"": false, ""flip"": false, ""zone"": false, ""speed"": 5.741200000000001, ""buzzer"": 2, ""engine"": true, ""in_zone"": false, ""ignition"": true, ""latitude"": 25.9313033, ""direction"": 252, ""longitude"": -80.1178616, ""gsm_signal"": 26, ""sleep_mode"": false, ""staff_mode"": false, ""fault_codes"": [], ""speed_limit"": 70, ""engine_hours"": 1433, ""idc_triggers"": [], ""buzzer_active"": true, ""fuel_level_avg"": 27, ""lock_geo_alert"": false, ""operation_mode"": ""RENT"", ""battery_voltage"": 14.399999618530273, ""in_primary_zone"": false, ""lock_engine_alert"": false, ""in_restricted_zone"": false, ""onboard_geofencing"": false, ""speed_limit_active"": true, ""lock_geo_alert_distance"": 0}"
2023-07-23 20:54:31.787,4431,858,"354616090369062",1582,"{""key"": false, ""flip"": false, ""zone"": false, ""speed"": 6.667199999999999, ""buzzer"": 2, ""engine"": true, ""in_zone"": false, ""ignition"": true, ""latitude"": 25.9313033, ""direction"": 269, ""longitude"": -80.11784, ""gsm_signal"": 31, ""sleep_mode"": false, ""staff_mode"": false, ""fault_codes"": [], ""speed_limit"": 70, ""engine_hours"": 1433, ""idc_triggers"": [], ""buzzer_active"": true, ""fuel_level_avg"": 27, ""lock_geo_alert"": false, ""operation_mode"": ""RENT"", ""battery_voltage"": 14.399999618530273, ""in_primary_zone"": false, ""lock_engine_alert"": false, ""in_restricted_zone"": false, ""onboard_geofencing"": false, ""speed_limit_active"": true, ""lock_geo_alert_distance"": 0}"
2023-07-23 20:54:30.575,4431,858,"354616090369062",1582,"{""key"": false, ""flip"": false, ""zone"": false, ""speed"": 8.1488, ""buzzer"": 2, ""engine"": true, ""in_zone"": false, ""ignition"": true, ""latitude"": 25.9313016, ""direction"": 270, ""longitude"": -80.1178166, ""gsm_signal"": 31, ""sleep_mode"": false, ""staff_mode"": false, ""fault_codes"": [], ""speed_limit"": 70, ""engine_hours"": 1433, ""idc_triggers"": [], ""buzzer_active"": true, ""fuel_level_avg"": 27, ""lock_geo_alert"": false, ""operation_mode"": ""RENT"", ""battery_voltage"": 14.399999618530273, ""in_primary_zone"": false, ""lock_engine_alert"": false, ""in_restricted_zone"": false, ""onboard_geofencing"": false, ""speed_limit_active"": true, ""lock_geo_alert_distance"": 0}"
2023-07-23 20:54:29.695,4431,858,"354616090369062",1582,"{""key"": false, ""flip"": false, ""zone"": false, ""speed"": 8.8896, ""buzzer"": 2, ""engine"": true, ""in_zone"": false, ""ignition"": true, ""latitude"": 25.931305000000002, ""direction"": 253, ""longitude"": -80.1177932, ""gsm_signal"": 29, ""sleep_mode"": false, ""staff_mode"": false, ""fault_codes"": [], ""speed_limit"": 70, ""engine_hours"": 1433, ""idc_triggers"": [], ""buzzer_active"": true, ""fuel_level_avg"": 27, ""lock_geo_alert"": false, ""operation_mode"": ""RENT"", ""battery_voltage"": 14.399999618530273, ""in_primary_zone"": false, ""lock_engine_alert"": false, ""in_restricted_zone"": false, ""onboard_geofencing"": false, ""speed_limit_active"": true, ""lock_geo_alert_distance"": 0}"
2023-07-23 20:54:28.575,4431,858,"354616090369062",1582,"{""key"": false, ""flip"": false, ""zone"": false, ""speed"": 6.667199999999999, ""buzzer"": 2, ""engine"": true, ""in_zone"": false, ""ignition"": true, ""latitude"": 25.9313066, ""direction"": 258, ""longitude"": -80.1177716, ""gsm_signal"": 27, ""sleep_mode"": false, ""staff_mode"": false, ""fault_codes"": [], ""speed_limit"": 70, ""engine_hours"": 1433, ""idc_triggers"": [], ""buzzer_active"": true, ""fuel_level_avg"": 27, ""lock_geo_alert"": false, ""operation_mode"": ""RENT"", ""battery_voltage"": 14.399999618530273, ""in_primary_zone"": false, ""lock_engine_alert"": false, ""in_restricted_zone"": false, ""onboard_geofencing"": false, ""speed_limit_active"": true, ""lock_geo_alert_distance"": 0}"
2023-07-23 20:54:27.536,4431,858,"354616090369062",1582,"{""key"": false, ""flip"": false, ""zone"": false, ""speed"": 6.1116, ""buzzer"": 2, ""engine"": true, ""in_zone"": false, ""ignition"": true, ""latitude"": 25.9313083, ""direction"": 267, ""longitude"": -80.1177532, ""gsm_signal"": 29, ""sleep_mode"": false, ""staff_mode"": false, ""fault_codes"": [], ""speed_limit"": 70, ""engine_hours"": 1433, ""idc_triggers"": [], ""buzzer_active"": true, ""fuel_level_avg"": 27, ""lock_geo_alert"": false, ""operation_mode"": ""RENT"", ""battery_voltage"": 14.399999618530273, ""in_primary_zone"": false, ""lock_engine_alert"": false, ""in_restricted_zone"": false, ""onboard_geofencing"": false, ""speed_limit_active"": true, ""lock_geo_alert_distance"": 0}"
2023-07-23 20:54:26.575,4431,858,"354616090369062",1582,"{""key"": false, ""flip"": false, ""zone"": false, ""speed"": 6.667199999999999, ""buzzer"": 0, ""engine"": true, ""in_zone"": false, ""ignition"": true, ""latitude"": 25.9313083, ""direction"": 256, ""longitude"": -80.117735, ""gsm_signal"": 31, ""sleep_mode"": false, ""staff_mode"": false, ""fault_codes"": [], ""speed_limit"": 70, ""engine_hours"": 1433, ""idc_triggers"": [], ""buzzer_active"": false, ""fuel_level_avg"": 27, ""lock_geo_alert"": false, ""operation_mode"": ""RENT"", ""battery_voltage"": 14.399999618530273, ""in_primary_zone"": false, ""lock_engine_alert"": false, ""in_restricted_zone"": false, ""onboard_geofencing"": false, ""speed_limit_active"": true, ""lock_geo_alert_distance"": 0}"
2023-07-23 20:54:25.616,4431,858,"354616090369062",1582,"{""key"": false, ""flip"": false, ""zone"": false, ""speed"": 7.4079999999999995, ""buzzer"": 0, ""engine"": true, ""in_zone"": false, ""ignition"": true, ""latitude"": 25.9313116, ""direction"": 256, ""longitude"": -80.117715, ""gsm_signal"": 31, ""sleep_mode"": false, ""staff_mode"": false, ""fault_codes"": [], ""speed_limit"": 70, ""engine_hours"": 1433, ""idc_triggers"": [], ""buzzer_active"": false, ""fuel_level_avg"": 27, ""lock_geo_alert"": false, ""operation_mode"": ""RENT"", ""battery_voltage"": 14.399999618530273, ""in_primary_zone"": false, ""lock_engine_alert"": false, ""in_restricted_zone"": false, ""onboard_geofencing"": false, ""speed_limit_active"": true, ""lock_geo_alert_distance"": 0}"
2023-07-23 20:54:24.576,4431,858,"354616090369062",1582,"{""key"": false, ""flip"": false, ""zone"": false, ""speed"": 7.4079999999999995, ""buzzer"": 0, ""engine"": true, ""in_zone"": false, ""ignition"": true, ""latitude"": 25.931315, ""direction"": 261, ""longitude"": -80.1176982, ""gsm_signal"": 31, ""sleep_mode"": false, ""staff_mode"": false, ""fault_codes"": [], ""speed_limit"": 70, ""engine_hours"": 1433, ""idc_triggers"": [], ""buzzer_active"": false, ""fuel_level_avg"": 27, ""lock_geo_alert"": false, ""operation_mode"": ""RENT"", ""battery_voltage"": 14.399999618530273, ""in_primary_zone"": false, ""lock_engine_alert"": false, ""in_restricted_zone"": false, ""onboard_geofencing"": false, ""speed_limit_active"": true, ""lock_geo_alert_distance"": 0}"
2023-07-23 20:54:23.695,4431,858,"354616090369062",1582,"{""key"": false, ""flip"": false, ""zone"": false, ""speed"": 8.1488, ""buzzer"": 0, ""engine"": true, ""in_zone"": false, ""ignition"": true, ""latitude"": 25.9313166, ""direction"": 258, ""longitude"": -80.1176782, ""gsm_signal"": 31, ""sleep_mode"": false, ""staff_mode"": false, ""fault_codes"": [], ""speed_limit"": 70, ""engine_hours"": 1433, ""idc_triggers"": [], ""buzzer_active"": false, ""fuel_level_avg"": 27, ""lock_geo_alert"": false, ""operation_mode"": ""RENT"", ""battery_voltage"": 14.399999618530273, ""in_primary_zone"": false, ""lock_engine_alert"": false, ""in_restricted_zone"": false, ""onboard_geofencing"": false, ""speed_limit_active"": true, ""lock_geo_alert_distance"": 0}"
2023-07-23 20:54:22.736,4431,858,"354616090369062",1582,"{""key"": false, ""flip"": false, ""zone"": false, ""speed"": 7.222800000000001, ""buzzer"": 0, ""engine"": true, ""in_zone"": false, ""ignition"": true, ""latitude"": 25.9313233, ""direction"": 249, ""longitude"": -80.1176566, ""gsm_signal"": 29, ""sleep_mode"": false, ""staff_mode"": false, ""fault_codes"": [], ""speed_limit"": 70, ""engine_hours"": 1433, ""idc_triggers"": [], ""buzzer_active"": false, ""fuel_level_avg"": 27, ""lock_geo_alert"": false, ""operation_mode"": ""RENT"", ""battery_voltage"": 14.399999618530273, ""in_primary_zone"": false, ""lock_engine_alert"": false, ""in_restricted_zone"": false, ""onboard_geofencing"": false, ""speed_limit_active"": true, ""lock_geo_alert_distance"": 0}"
2023-07-23 20:54:21.536,4431,858,"354616090369062",1582,"{""key"": false, ""flip"": false, ""zone"": false, ""speed"": 5.741200000000001, ""buzzer"": 0, ""engine"": true, ""in_zone"": false, ""ignition"": true, ""latitude"": 25.93133, ""direction"": 261, ""longitude"": -80.11764, ""gsm_signal"": 26, ""sleep_mode"": false, ""staff_mode"": false, ""fault_codes"": [], ""speed_limit"": 70, ""engine_hours"": 1433, ""idc_triggers"": [], ""buzzer_active"": false, ""fuel_level_avg"": 27, ""lock_geo_alert"": false, ""operation_mode"": ""RENT"", ""battery_voltage"": 14.399999618530273, ""in_primary_zone"": false, ""lock_engine_alert"": false, ""in_restricted_zone"": false, ""onboard_geofencing"": false, ""speed_limit_active"": true, ""lock_geo_alert_distance"": 0}"
2023-07-23 20:54:17.615,4431,858,"354616090369062",1582,"{""key"": false, ""flip"": false, ""zone"": false, ""speed"": 5.9264, ""buzzer"": 0, ""engine"": true, ""in_zone"": false, ""ignition"": true, ""latitude"": 25.931345, ""direction"": 267, ""longitude"": -80.1175716, ""gsm_signal"": 27, ""sleep_mode"": false, ""staff_mode"": false, ""fault_codes"": [], ""speed_limit"": 70, ""engine_hours"": 1433, ""idc_triggers"": [""354616090359931""], ""buzzer_active"": false, ""fuel_level_avg"": 27, ""lock_geo_alert"": false, ""operation_mode"": ""RENT"", ""battery_voltage"": 14.399999618530273, ""in_primary_zone"": false, ""lock_engine_alert"": false, ""in_restricted_zone"": false, ""onboard_geofencing"": false, ""speed_limit_active"": true, ""lock_geo_alert_distance"": 0}"
2023-07-23 20:54:16.575,4431,858,"354616090369062",1582,"{""key"": false, ""flip"": false, ""zone"": false, ""speed"": 8.334, ""buzzer"": 2, ""engine"": true, ""in_zone"": false, ""ignition"": true, ""latitude"": 25.9313466, ""direction"": 270, ""longitude"": -80.1175566, ""gsm_signal"": 31, ""sleep_mode"": false, ""staff_mode"": false, ""fault_codes"": [], ""speed_limit"": 70, ""engine_hours"": 1433, ""idc_triggers"": [""354616090359931""], ""buzzer_active"": true, ""fuel_level_avg"": 27, ""lock_geo_alert"": false, ""operation_mode"": ""RENT"", ""battery_voltage"": 14.399999618530273, ""in_primary_zone"": false, ""lock_engine_alert"": false, ""in_restricted_zone"": false, ""onboard_geofencing"": false, ""speed_limit_active"": true, ""lock_geo_alert_distance"": 0}"
2023-07-23 20:54:15.535,4431,858,"354616090369062",1582,"{""key"": false, ""flip"": false, ""zone"": false, ""speed"": 7.7784, ""buzzer"": 2, ""engine"": true, ""in_zone"": false, ""ignition"": true, ""latitude"": 25.9313533, ""direction"": 253, ""longitude"": -80.117535, ""gsm_signal"": 31, ""sleep_mode"": false, ""staff_mode"": false, ""fault_codes"": [], ""speed_limit"": 70, ""engine_hours"": 1433, ""idc_triggers"": [""354616090359931""], ""buzzer_active"": true, ""fuel_level_avg"": 27, ""lock_geo_alert"": false, ""operation_mode"": ""RENT"", ""battery_voltage"": 14.399999618530273, ""in_primary_zone"": false, ""lock_engine_alert"": false, ""in_restricted_zone"": false, ""onboard_geofencing"": false, ""speed_limit_active"": true, ""lock_geo_alert_distance"": 0}"
2023-07-23 20:54:14.576,4431,858,"354616090369062",1582,"{""key"": false, ""flip"": false, ""zone"": false, ""speed"": 5.9264, ""buzzer"": 2, ""engine"": true, ""in_zone"": false, ""ignition"": true, ""latitude"": 25.9313583, ""direction"": 250, ""longitude"": -80.1175182, ""gsm_signal"": 28, ""sleep_mode"": false, ""staff_mode"": false, ""fault_codes"": [], ""speed_limit"": 70, ""engine_hours"": 1433, ""idc_triggers"": [""354616090359931""], ""buzzer_active"": true, ""fuel_level_avg"": 27, ""lock_geo_alert"": false, ""operation_mode"": ""RENT"", ""battery_voltage"": 14.399999618530273, ""in_primary_zone"": false, ""lock_engine_alert"": false, ""in_restricted_zone"": false, ""onboard_geofencing"": false, ""speed_limit_active"": true, ""lock_geo_alert_distance"": 0}"
2023-07-23 20:54:13.615,4431,858,"354616090369062",1582,"{""key"": false, ""flip"": false, ""zone"": false, ""speed"": 5.370800000000001, ""buzzer"": 2, ""engine"": true, ""in_zone"": false, ""ignition"": true, ""latitude"": 25.931365, ""direction"": 252, ""longitude"": -80.1175032, ""gsm_signal"": 27, ""sleep_mode"": false, ""staff_mode"": false, ""fault_codes"": [], ""speed_limit"": 70, ""engine_hours"": 1433, ""idc_triggers"": [""354616090359931""], ""buzzer_active"": true, ""fuel_level_avg"": 27, ""lock_geo_alert"": false, ""operation_mode"": ""RENT"", ""battery_voltage"": 14.399999618530273, ""in_primary_zone"": false, ""lock_engine_alert"": false, ""in_restricted_zone"": false, ""onboard_geofencing"": false, ""speed_limit_active"": true, ""lock_geo_alert_distance"": 0}"
2023-07-23 20:54:12.577,4431,858,"354616090369062",1582,"{""key"": false, ""flip"": false, ""zone"": false, ""speed"": 6.2968, ""buzzer"": 2, ""engine"": true, ""in_zone"": false, ""ignition"": true, ""latitude"": 25.9313666, ""direction"": 255, ""longitude"": -80.1174882, ""gsm_signal"": 30, ""sleep_mode"": false, ""staff_mode"": false, ""fault_codes"": [], ""speed_limit"": 70, ""engine_hours"": 1433, ""idc_triggers"": [""354616090359931""], ""buzzer_active"": true, ""fuel_level_avg"": 27, ""lock_geo_alert"": false, ""operation_mode"": ""RENT"", ""battery_voltage"": 14.399999618530273, ""in_primary_zone"": false, ""lock_engine_alert"": false, ""in_restricted_zone"": false, ""onboard_geofencing"": false, ""speed_limit_active"": true, ""lock_geo_alert_distance"": 0}"
2023-07-23 20:54:11.615,4431,858,"354616090369062",1582,"{""key"": false, ""flip"": false, ""zone"": false, ""speed"": 6.2968, ""buzzer"": 0, ""engine"": true, ""in_zone"": false, ""ignition"": true, ""latitude"": 25.9313716, ""direction"": 255, ""longitude"": -80.1174732, ""gsm_signal"": 31, ""sleep_mode"": false, ""staff_mode"": false, ""fault_codes"": [], ""speed_limit"": 70, ""engine_hours"": 1433, ""idc_triggers"": [""354616090359931""], ""buzzer_active"": false, ""fuel_level_avg"": 27, ""lock_geo_alert"": false, ""operation_mode"": ""RENT"", ""battery_voltage"": 14.399999618530273, ""in_primary_zone"": false, ""lock_engine_alert"": false, ""in_restricted_zone"": false, ""onboard_geofencing"": false, ""speed_limit_active"": true, ""lock_geo_alert_distance"": 0}"
2023-07-23 20:54:09.615,4431,858,"354616090369062",1582,"{""key"": false, ""flip"": false, ""zone"": false, ""speed"": 5.9264, ""buzzer"": 0, ""engine"": true, ""in_zone"": false, ""ignition"": true, ""latitude"": 25.931385, ""direction"": 248, ""longitude"": -80.1174432, ""gsm_signal"": 28, ""sleep_mode"": false, ""staff_mode"": false, ""fault_codes"": [], ""speed_limit"": 70, ""engine_hours"": 1433, ""idc_triggers"": [""354616090359931""], ""buzzer_active"": false, ""fuel_level_avg"": 27, ""lock_geo_alert"": false, ""operation_mode"": ""RENT"", ""battery_voltage"": 14.399999618530273, ""in_primary_zone"": false, ""lock_engine_alert"": false, ""in_restricted_zone"": false, ""onboard_geofencing"": false, ""speed_limit_active"": true, ""lock_geo_alert_distance"": 0}"
2023-07-23 20:54:08.578,4431,858,"354616090369062",1582,"{""key"": false, ""flip"": false, ""zone"": false, ""speed"": 10.3712, ""buzzer"": 0, ""engine"": true, ""in_zone"": false, ""ignition"": true, ""latitude"": 25.93139, ""direction"": 248, ""longitude"": -80.1174266, ""gsm_signal"": 31, ""sleep_mode"": false, ""staff_mode"": false, ""fault_codes"": [], ""speed_limit"": 70, ""engine_hours"": 1433, ""idc_triggers"": [""354616090359931""], ""buzzer_active"": false, ""fuel_level_avg"": 27, ""lock_geo_alert"": false, ""operation_mode"": ""RENT"", ""battery_voltage"": 14.399999618530273, ""in_primary_zone"": false, ""lock_engine_alert"": false, ""in_restricted_zone"": false, ""onboard_geofencing"": false, ""speed_limit_active"": true, ""lock_geo_alert_distance"": 0}"
2023-07-23 20:54:07.536,4431,858,"354616090369062",1582,"{""key"": false, ""flip"": false, ""zone"": false, ""speed"": 16.1124, ""buzzer"": 0, ""engine"": true, ""in_zone"": false, ""ignition"": true, ""latitude"": 25.9314033, ""direction"": 249, ""longitude"": -80.117395, ""gsm_signal"": 28, ""sleep_mode"": false, ""staff_mode"": false, ""fault_codes"": [], ""speed_limit"": 70, ""engine_hours"": 1433, ""idc_triggers"": [""354616090359931""], ""buzzer_active"": false, ""fuel_level_avg"": 27, ""lock_geo_alert"": false, ""operation_mode"": ""RENT"", ""battery_voltage"": 14.399999618530273, ""in_primary_zone"": false, ""lock_engine_alert"": false, ""in_restricted_zone"": false, ""onboard_geofencing"": false, ""speed_limit_active"": true, ""lock_geo_alert_distance"": 0}"
2023-07-23 20:54:06.576,4431,858,"354616090369062",1582,"{""key"": false, ""flip"": false, ""zone"": false, ""speed"": 20.9276, ""buzzer"": 0, ""engine"": true, ""in_zone"": false, ""ignition"": true, ""latitude"": 25.9314183, ""direction"": 252, ""longitude"": -80.117345, ""gsm_signal"": 30, ""sleep_mode"": false, ""staff_mode"": false, ""fault_codes"": [], ""speed_limit"": 70, ""engine_hours"": 1433, ""idc_triggers"": [""354616090359931""], ""buzzer_active"": false, ""fuel_level_avg"": 27, ""lock_geo_alert"": false, ""operation_mode"": ""RENT"", ""battery_voltage"": 14.399999618530273, ""in_primary_zone"": false, ""lock_engine_alert"": false, ""in_restricted_zone"": false, ""onboard_geofencing"": false, ""speed_limit_active"": true, ""lock_geo_alert_distance"": 0}"
2023-07-23 20:54:05.535,4431,858,"354616090369062",1582,"{""key"": false, ""flip"": false, ""zone"": false, ""speed"": 19.2608, ""buzzer"": 0, ""engine"": true, ""in_zone"": false, ""ignition"": true, ""latitude"": 25.9314316, ""direction"": 254, ""longitude"": -80.11729, ""gsm_signal"": 31, ""sleep_mode"": false, ""staff_mode"": false, ""fault_codes"": [], ""speed_limit"": 52, ""engine_hours"": 1433, ""idc_triggers"": [""354616090359931""], ""buzzer_active"": false, ""fuel_level_avg"": 27, ""lock_geo_alert"": false, ""operation_mode"": ""RENT"", ""battery_voltage"": 14.399999618530273, ""in_primary_zone"": false, ""lock_engine_alert"": false, ""in_restricted_zone"": false, ""onboard_geofencing"": false, ""speed_limit_active"": true, ""lock_geo_alert_distance"": 0}"
2023-07-23 20:54:03.696,4431,858,"354616090369062",1582,"{""key"": false, ""flip"": false, ""zone"": false, ""speed"": 12.038, ""buzzer"": 0, ""engine"": true, ""in_zone"": true, ""ignition"": true, ""latitude"": 25.9314566, ""direction"": 256, ""longitude"": -80.1172, ""gsm_signal"": 29, ""sleep_mode"": false, ""staff_mode"": false, ""fault_codes"": [], ""speed_limit"": 52, ""engine_hours"": 1433, ""idc_triggers"": [""354616090359931""], ""buzzer_active"": false, ""fuel_level_avg"": 27, ""lock_geo_alert"": false, ""operation_mode"": ""RENT"", ""battery_voltage"": 14.399999618530273, ""in_primary_zone"": true, ""lock_engine_alert"": false, ""in_restricted_zone"": false, ""onboard_geofencing"": false, ""speed_limit_active"": true, ""lock_geo_alert_distance"": 0}"
2023-07-23 20:54:02.575,4431,858,"354616090369062",1582,"{""key"": false, ""flip"": false, ""zone"": false, ""speed"": 8.334, ""buzzer"": 0, ""engine"": true, ""in_zone"": true, ""ignition"": true, ""latitude"": 25.9314633, ""direction"": 260, ""longitude"": -80.1171666, ""gsm_signal"": 29, ""sleep_mode"": false, ""staff_mode"": false, ""fault_codes"": [], ""speed_limit"": 52, ""engine_hours"": 1433, ""idc_triggers"": [""354616090359931""], ""buzzer_active"": false, ""fuel_level_avg"": 27, ""lock_geo_alert"": false, ""operation_mode"": ""RENT"", ""battery_voltage"": 14.399999618530273, ""in_primary_zone"": true, ""lock_engine_alert"": false, ""in_restricted_zone"": false, ""onboard_geofencing"": false, ""speed_limit_active"": true, ""lock_geo_alert_distance"": 0}"
2023-07-23 20:54:01.616,4431,858,"354616090369062",1582,"{""key"": false, ""flip"": false, ""zone"": false, ""speed"": 7.963600000000001, ""buzzer"": 2, ""engine"": true, ""in_zone"": true, ""ignition"": true, ""latitude"": 25.9314666, ""direction"": 261, ""longitude"": -80.117145, ""gsm_signal"": 29, ""sleep_mode"": false, ""staff_mode"": false, ""fault_codes"": [], ""speed_limit"": 70, ""engine_hours"": 1433, ""idc_triggers"": [""354616090359931""], ""buzzer_active"": true, ""fuel_level_avg"": 27, ""lock_geo_alert"": false, ""operation_mode"": ""RENT"", ""battery_voltage"": 14.399999618530273, ""in_primary_zone"": true, ""lock_engine_alert"": false, ""in_restricted_zone"": false, ""onboard_geofencing"": false, ""speed_limit_active"": true, ""lock_geo_alert_distance"": 0}"
2023-07-23 20:54:00.576,4431,858,"354616090369062",1582,"{""key"": false, ""flip"": false, ""zone"": false, ""speed"": 7.4079999999999995, ""buzzer"": 2, ""engine"": true, ""in_zone"": true, ""ignition"": true, ""latitude"": 25.93147, ""direction"": 255, ""longitude"": -80.117125, ""gsm_signal"": 27, ""sleep_mode"": false, ""staff_mode"": false, ""fault_codes"": [], ""speed_limit"": 70, ""engine_hours"": 1433, ""idc_triggers"": [""354616090359931""], ""buzzer_active"": true, ""fuel_level_avg"": 27, ""lock_geo_alert"": false, ""operation_mode"": ""RENT"", ""battery_voltage"": 14.399999618530273, ""in_primary_zone"": true, ""lock_engine_alert"": false, ""in_restricted_zone"": false, ""onboard_geofencing"": false, ""speed_limit_active"": true, ""lock_geo_alert_distance"": 0}"
2023-07-23 20:53:59.616,4431,858,"354616090369062",1582,"{""key"": false, ""flip"": false, ""zone"": false, ""speed"": 7.4079999999999995, ""buzzer"": 2, ""engine"": true, ""in_zone"": true, ""ignition"": true, ""latitude"": 25.9314766, ""direction"": 243, ""longitude"": -80.1171032, ""gsm_signal"": 28, ""sleep_mode"": false, ""staff_mode"": false, ""fault_codes"": [], ""speed_limit"": 70, ""engine_hours"": 1433, ""idc_triggers"": [""354616090359931""], ""buzzer_active"": true, ""fuel_level_avg"": 27, ""lock_geo_alert"": false, ""operation_mode"": ""RENT"", ""battery_voltage"": 14.399999618530273, ""in_primary_zone"": true, ""lock_engine_alert"": false, ""in_restricted_zone"": false, ""onboard_geofencing"": false, ""speed_limit_active"": true, ""lock_geo_alert_distance"": 0}"
2023-07-23 20:53:58.575,4431,858,"354616090369062",1582,"{""key"": false, ""flip"": false, ""zone"": false, ""speed"": 7.4079999999999995, ""buzzer"": 2, ""engine"": true, ""in_zone"": true, ""ignition"": true, ""latitude"": 25.931485, ""direction"": 249, ""longitude"": -80.117085, ""gsm_signal"": 27, ""sleep_mode"": false, ""staff_mode"": false, ""fault_codes"": [], ""speed_limit"": 70, ""engine_hours"": 1433, ""idc_triggers"": [""354616090359931""], ""buzzer_active"": true, ""fuel_level_avg"": 27, ""lock_geo_alert"": false, ""operation_mode"": ""RENT"", ""battery_voltage"": 14.399999618530273, ""in_primary_zone"": true, ""lock_engine_alert"": false, ""in_restricted_zone"": false, ""onboard_geofencing"": false, ""speed_limit_active"": true, ""lock_geo_alert_distance"": 0}"
2023-07-23 20:53:57.618,4431,858,"354616090369062",1582,"{""key"": false, ""flip"": false, ""zone"": false, ""speed"": 7.5932, ""buzzer"": 2, ""engine"": true, ""in_zone"": true, ""ignition"": true, ""latitude"": 25.9314916, ""direction"": 257, ""longitude"": -80.117065, ""gsm_signal"": 29, ""sleep_mode"": false, ""staff_mode"": false, ""fault_codes"": [], ""speed_limit"": 70, ""engine_hours"": 1433, ""idc_triggers"": [""354616090359931""], ""buzzer_active"": true, ""fuel_level_avg"": 27, ""lock_geo_alert"": false, ""operation_mode"": ""RENT"", ""battery_voltage"": 14.399999618530273, ""in_primary_zone"": true, ""lock_engine_alert"": false, ""in_restricted_zone"": false, ""onboard_geofencing"": false, ""speed_limit_active"": true, ""lock_geo_alert_distance"": 0}"
2023-07-23 20:53:56.575,4431,858,"354616090369062",1582,"{""key"": false, ""flip"": false, ""zone"": false, ""speed"": 9.0748, ""buzzer"": 0, ""engine"": true, ""in_zone"": true, ""ignition"": true, ""latitude"": 25.9314966, ""direction"": 252, ""longitude"": -80.1170416, ""gsm_signal"": 31, ""sleep_mode"": false, ""staff_mode"": false, ""fault_codes"": [], ""speed_limit"": 70, ""engine_hours"": 1433, ""idc_triggers"": [""354616090359931""], ""buzzer_active"": false, ""fuel_level_avg"": 27, ""lock_geo_alert"": false, ""operation_mode"": ""RENT"", ""battery_voltage"": 14.399999618530273, ""in_primary_zone"": true, ""lock_engine_alert"": false, ""in_restricted_zone"": false, ""onboard_geofencing"": false, ""speed_limit_active"": true, ""lock_geo_alert_distance"": 0}"
2023-07-23 20:53:55.535,4431,858,"354616090369062",1582,"{""key"": false, ""flip"": false, ""zone"": false, ""speed"": 7.5932, ""buzzer"": 0, ""engine"": true, ""in_zone"": true, ""ignition"": true, ""latitude"": 25.9315066, ""direction"": 242, ""longitude"": -80.11702, ""gsm_signal"": 28, ""sleep_mode"": false, ""staff_mode"": false, ""fault_codes"": [], ""speed_limit"": 70, ""engine_hours"": 1433, ""idc_triggers"": [""354616090359931""], ""buzzer_active"": false, ""fuel_level_avg"": 27, ""lock_geo_alert"": false, ""operation_mode"": ""RENT"", ""battery_voltage"": 14.399999618530273, ""in_primary_zone"": true, ""lock_engine_alert"": false, ""in_restricted_zone"": false, ""onboard_geofencing"": false, ""speed_limit_active"": true, ""lock_geo_alert_distance"": 0}"
2023-07-23 20:53:54.575,4431,858,"354616090369062",1582,"{""key"": false, ""flip"": false, ""zone"": false, ""speed"": 7.7784, ""buzzer"": 0, ""engine"": true, ""in_zone"": true, ""ignition"": true, ""latitude"": 25.9315166, ""direction"": 240, ""longitude"": -80.117, ""gsm_signal"": 31, ""sleep_mode"": false, ""staff_mode"": false, ""fault_codes"": [], ""speed_limit"": 70, ""engine_hours"": 1433, ""idc_triggers"": [""354616090359931""], ""buzzer_active"": false, ""fuel_level_avg"": 27, ""lock_geo_alert"": false, ""operation_mode"": ""RENT"", ""battery_voltage"": 14.399999618530273, ""in_primary_zone"": true, ""lock_engine_alert"": false, ""in_restricted_zone"": false, ""onboard_geofencing"": false, ""speed_limit_active"": true, ""lock_geo_alert_distance"": 0}"
2023-07-23 20:53:53.617,4431,858,"354616090369062",1582,"{""key"": false, ""flip"": false, ""zone"": false, ""speed"": 11.112, ""buzzer"": 0, ""engine"": true, ""in_zone"": true, ""ignition"": true, ""latitude"": 25.931525, ""direction"": 253, ""longitude"": -80.1169766, ""gsm_signal"": 28, ""sleep_mode"": false, ""staff_mode"": false, ""fault_codes"": [], ""speed_limit"": 70, ""engine_hours"": 1433, ""idc_triggers"": [""354616090359931""], ""buzzer_active"": false, ""fuel_level_avg"": 27, ""lock_geo_alert"": false, ""operation_mode"": ""RENT"", ""battery_voltage"": 14.399999618530273, ""in_primary_zone"": true, ""lock_engine_alert"": false, ""in_restricted_zone"": false, ""onboard_geofencing"": false, ""speed_limit_active"": true, ""lock_geo_alert_distance"": 0}"
2023-07-23 20:53:52.576,4431,858,"354616090369062",1582,"{""key"": false, ""flip"": false, ""zone"": false, ""speed"": 10.5564, ""buzzer"": 0, ""engine"": true, ""in_zone"": true, ""ignition"": true, ""latitude"": 25.9315333, ""direction"": 263, ""longitude"": -80.1169466, ""gsm_signal"": 31, ""sleep_mode"": false, ""staff_mode"": false, ""fault_codes"": [], ""speed_limit"": 51, ""engine_hours"": 1433, ""idc_triggers"": [""354616090359931""], ""buzzer_active"": false, ""fuel_level_avg"": 27, ""lock_geo_alert"": false, ""operation_mode"": ""RENT"", ""battery_voltage"": 14.399999618530273, ""in_primary_zone"": true, ""lock_engine_alert"": false, ""in_restricted_zone"": false, ""onboard_geofencing"": false, ""speed_limit_active"": true, ""lock_geo_alert_distance"": 0}"
2023-07-23 20:53:51.616,4431,858,"354616090369062",1582,"{""key"": false, ""flip"": false, ""zone"": false, ""speed"": 7.963600000000001, ""buzzer"": 0, ""engine"": true, ""in_zone"": true, ""ignition"": true, ""latitude"": 25.9315383, ""direction"": 268, ""longitude"": -80.11692, ""gsm_signal"": 30, ""sleep_mode"": false, ""staff_mode"": false, ""fault_codes"": [], ""speed_limit"": 51, ""engine_hours"": 1433, ""idc_triggers"": [""354616090359931""], ""buzzer_active"": false, ""fuel_level_avg"": 32, ""lock_geo_alert"": false, ""operation_mode"": ""RENT"", ""battery_voltage"": 14.399999618530273, ""in_primary_zone"": true, ""lock_engine_alert"": false, ""in_restricted_zone"": false, ""onboard_geofencing"": false, ""speed_limit_active"": true, ""lock_geo_alert_distance"": 0}"
2023-07-23 20:53:50.575,4431,858,"354616090369062",1582,"{""key"": false, ""flip"": false, ""zone"": false, ""speed"": 9.0748, ""buzzer"": 0, ""engine"": true, ""in_zone"": true, ""ignition"": true, ""latitude"": 25.93154, ""direction"": 271, ""longitude"": -80.1168966, ""gsm_signal"": 31, ""sleep_mode"": false, ""staff_mode"": false, ""fault_codes"": [], ""speed_limit"": 70, ""engine_hours"": 1433, ""idc_triggers"": [""354616090359931""], ""buzzer_active"": false, ""fuel_level_avg"": 32, ""lock_geo_alert"": false, ""operation_mode"": ""RENT"", ""battery_voltage"": 14.399999618530273, ""in_primary_zone"": true, ""lock_engine_alert"": false, ""in_restricted_zone"": false, ""onboard_geofencing"": false, ""speed_limit_active"": true, ""lock_geo_alert_distance"": 0}"
2023-07-23 20:53:49.615,4431,858,"354616090369062",1582,"{""key"": false, ""flip"": false, ""zone"": false, ""speed"": 7.222800000000001, ""buzzer"": 0, ""engine"": true, ""in_zone"": true, ""ignition"": true, ""latitude"": 25.9315483, ""direction"": 259, ""longitude"": -80.116875, ""gsm_signal"": 31, ""sleep_mode"": false, ""staff_mode"": false, ""fault_codes"": [], ""speed_limit"": 70, ""engine_hours"": 1433, ""idc_triggers"": [""354616090359931""], ""buzzer_active"": false, ""fuel_level_avg"": 32, ""lock_geo_alert"": false, ""operation_mode"": ""RENT"", ""battery_voltage"": 14.399999618530273, ""in_primary_zone"": true, ""lock_engine_alert"": false, ""in_restricted_zone"": false, ""onboard_geofencing"": false, ""speed_limit_active"": true, ""lock_geo_alert_distance"": 0}"
2023-07-23 20:53:48.576,4431,858,"354616090369062",1582,"{""key"": false, ""flip"": false, ""zone"": false, ""speed"": 6.667199999999999, ""buzzer"": 0, ""engine"": true, ""in_zone"": true, ""ignition"": true, ""latitude"": 25.931555, ""direction"": 253, ""longitude"": -80.1168566, ""gsm_signal"": 31, ""sleep_mode"": false, ""staff_mode"": false, ""fault_codes"": [], ""speed_limit"": 70, ""engine_hours"": 1433, ""idc_triggers"": [""354616090359931""], ""buzzer_active"": false, ""fuel_level_avg"": 32, ""lock_geo_alert"": false, ""operation_mode"": ""RENT"", ""battery_voltage"": 14.399999618530273, ""in_primary_zone"": true, ""lock_engine_alert"": false, ""in_restricted_zone"": false, ""onboard_geofencing"": false, ""speed_limit_active"": true, ""lock_geo_alert_distance"": 0}"
2023-07-23 20:53:47.616,4431,858,"354616090369062",1582,"{""key"": false, ""flip"": false, ""zone"": false, ""speed"": 10.9268, ""buzzer"": 2, ""engine"": true, ""in_zone"": true, ""ignition"": true, ""latitude"": 25.931565, ""direction"": 254, ""longitude"": -80.11684, ""gsm_signal"": 26, ""sleep_mode"": false, ""staff_mode"": false, ""fault_codes"": [], ""speed_limit"": 70, ""engine_hours"": 1433, ""idc_triggers"": [""354616090359931""], ""buzzer_active"": true, ""fuel_level_avg"": 32, ""lock_geo_alert"": false, ""operation_mode"": ""RENT"", ""battery_voltage"": 14.399999618530273, ""in_primary_zone"": true, ""lock_engine_alert"": false, ""in_restricted_zone"": false, ""onboard_geofencing"": false, ""speed_limit_active"": true, ""lock_geo_alert_distance"": 0}"
2023-07-23 20:53:46.655,4431,858,"354616090369062",1582,"{""key"": false, ""flip"": false, ""zone"": false, ""speed"": 13.149200000000002, ""buzzer"": 2, ""engine"": true, ""in_zone"": true, ""ignition"": true, ""latitude"": 25.931578299999998, ""direction"": 252, ""longitude"": -80.116805, ""gsm_signal"": 31, ""sleep_mode"": false, ""staff_mode"": false, ""fault_codes"": [], ""speed_limit"": 70, ""engine_hours"": 1433, ""idc_triggers"": [""354616090359931""], ""buzzer_active"": true, ""fuel_level_avg"": 32, ""lock_geo_alert"": false, ""operation_mode"": ""RENT"", ""battery_voltage"": 14.399999618530273, ""in_primary_zone"": true, ""lock_engine_alert"": false, ""in_restricted_zone"": false, ""onboard_geofencing"": false, ""speed_limit_active"": true, ""lock_geo_alert_distance"": 0}"
2023-07-23 20:53:45.535,4431,858,"354616090369062",1582,"{""key"": false, ""flip"": false, ""zone"": false, ""speed"": 11.8528, ""buzzer"": 2, ""engine"": true, ""in_zone"": true, ""ignition"": true, ""latitude"": 25.9315883, ""direction"": 251, ""longitude"": -80.11677, ""gsm_signal"": 31, ""sleep_mode"": false, ""staff_mode"": false, ""fault_codes"": [], ""speed_limit"": 0, ""engine_hours"": 1433, ""idc_triggers"": [], ""buzzer_active"": true, ""fuel_level_avg"": 32, ""lock_geo_alert"": false, ""operation_mode"": ""RENT"", ""battery_voltage"": 14.399999618530273, ""in_primary_zone"": true, ""lock_engine_alert"": false, ""in_restricted_zone"": false, ""onboard_geofencing"": false, ""speed_limit_active"": false, ""lock_geo_alert_distance"": 0}"
2023-07-23 20:53:44.735,4431,858,"354616090369062",1582,"{""key"": false, ""flip"": false, ""zone"": false, ""speed"": 13.89, ""buzzer"": 2, ""engine"": true, ""in_zone"": true, ""ignition"": true, ""latitude"": 25.9315983, ""direction"": 249, ""longitude"": -80.1167366, ""gsm_signal"": 27, ""sleep_mode"": false, ""staff_mode"": false, ""fault_codes"": [], ""speed_limit"": 0, ""engine_hours"": 1433, ""idc_triggers"": [], ""buzzer_active"": true, ""fuel_level_avg"": 32, ""lock_geo_alert"": false, ""operation_mode"": ""RENT"", ""battery_voltage"": 14.399999618530273, ""in_primary_zone"": true, ""lock_engine_alert"": false, ""in_restricted_zone"": false, ""onboard_geofencing"": false, ""speed_limit_active"": false, ""lock_geo_alert_distance"": 0}"
2023-07-23 20:53:43.535,4431,858,"354616090369062",1582,"{""key"": false, ""flip"": false, ""zone"": false, ""speed"": 18.1496, ""buzzer"": 2, ""engine"": true, ""in_zone"": true, ""ignition"": true, ""latitude"": 25.9316116, ""direction"": 252, ""longitude"": -80.1166916, ""gsm_signal"": 25, ""sleep_mode"": false, ""staff_mode"": false, ""fault_codes"": [], ""speed_limit"": 0, ""engine_hours"": 1433, ""idc_triggers"": [], ""buzzer_active"": true, ""fuel_level_avg"": 32, ""lock_geo_alert"": false, ""operation_mode"": ""RENT"", ""battery_voltage"": 14.399999618530273, ""in_primary_zone"": true, ""lock_engine_alert"": false, ""in_restricted_zone"": false, ""onboard_geofencing"": false, ""speed_limit_active"": false, ""lock_geo_alert_distance"": 0}"
2023-07-23 20:53:42.577,4431,858,"354616090369062",1582,"{""key"": false, ""flip"": false, ""zone"": false, ""speed"": 22.5944, ""buzzer"": 2, ""engine"": true, ""in_zone"": true, ""ignition"": true, ""latitude"": 25.9316233, ""direction"": 256, ""longitude"": -80.116635, ""gsm_signal"": 28, ""sleep_mode"": false, ""staff_mode"": false, ""fault_codes"": [], ""speed_limit"": 0, ""engine_hours"": 1433, ""idc_triggers"": [], ""buzzer_active"": true, ""fuel_level_avg"": 32, ""lock_geo_alert"": false, ""operation_mode"": ""RENT"", ""battery_voltage"": 14.399999618530273, ""in_primary_zone"": true, ""lock_engine_alert"": false, ""in_restricted_zone"": false, ""onboard_geofencing"": false, ""speed_limit_active"": false, ""lock_geo_alert_distance"": 0}"
2023-07-23 20:53:41.616,4431,858,"354616090369062",1582,"{""key"": false, ""flip"": false, ""zone"": false, ""speed"": 23.520400000000002, ""buzzer"": 0, ""engine"": true, ""in_zone"": true, ""ignition"": true, ""latitude"": 25.931635, ""direction"": 260, ""longitude"": -80.11657, ""gsm_signal"": 31, ""sleep_mode"": false, ""staff_mode"": false, ""fault_codes"": [], ""speed_limit"": 0, ""engine_hours"": 1433, ""idc_triggers"": [], ""buzzer_active"": false, ""fuel_level_avg"": 32, ""lock_geo_alert"": false, ""operation_mode"": ""RENT"", ""battery_voltage"": 14.399999618530273, ""in_primary_zone"": true, ""lock_engine_alert"": false, ""in_restricted_zone"": false, ""onboard_geofencing"": false, ""speed_limit_active"": false, ""lock_geo_alert_distance"": 0}"
2023-07-23 20:53:40.575,4431,858,"354616090369062",1582,"{""key"": false, ""flip"": false, ""zone"": false, ""speed"": 19.446, ""buzzer"": 0, ""engine"": true, ""in_zone"": true, ""ignition"": true, ""latitude"": 25.9316433, ""direction"": 258, ""longitude"": -80.11651, ""gsm_signal"": 31, ""sleep_mode"": false, ""staff_mode"": false, ""fault_codes"": [], ""speed_limit"": 0, ""engine_hours"": 1433, ""idc_triggers"": [], ""buzzer_active"": false, ""fuel_level_avg"": 32, ""lock_geo_alert"": false, ""operation_mode"": ""RENT"", ""battery_voltage"": 14.399999618530273, ""in_primary_zone"": true, ""lock_engine_alert"": false, ""in_restricted_zone"": false, ""onboard_geofencing"": false, ""speed_limit_active"": false, ""lock_geo_alert_distance"": 0}"
2023-07-23 20:53:39.617,4431,858,"354616090369062",1582,"{""key"": false, ""flip"": false, ""zone"": false, ""speed"": 16.8532, ""buzzer"": 0, ""engine"": true, ""in_zone"": true, ""ignition"": true, ""latitude"": 25.931655, ""direction"": 254, ""longitude"": -80.11646, ""gsm_signal"": 31, ""sleep_mode"": false, ""staff_mode"": false, ""fault_codes"": [], ""speed_limit"": 0, ""engine_hours"": 1433, ""idc_triggers"": [], ""buzzer_active"": false, ""fuel_level_avg"": 32, ""lock_geo_alert"": false, ""operation_mode"": ""RENT"", ""battery_voltage"": 14.399999618530273, ""in_primary_zone"": true, ""lock_engine_alert"": false, ""in_restricted_zone"": false, ""onboard_geofencing"": false, ""speed_limit_active"": false, ""lock_geo_alert_distance"": 0}"
2023-07-23 20:53:38.575,4431,858,"354616090369062",1582,"{""key"": false, ""flip"": false, ""zone"": false, ""speed"": 13.89, ""buzzer"": 0, ""engine"": true, ""in_zone"": true, ""ignition"": true, ""latitude"": 25.9316633, ""direction"": 256, ""longitude"": -80.1164166, ""gsm_signal"": 31, ""sleep_mode"": false, ""staff_mode"": false, ""fault_codes"": [], ""speed_limit"": 0, ""engine_hours"": 1433, ""idc_triggers"": [], ""buzzer_active"": false, ""fuel_level_avg"": 32, ""lock_geo_alert"": false, ""operation_mode"": ""RENT"", ""battery_voltage"": 14.399999618530273, ""in_primary_zone"": true, ""lock_engine_alert"": false, ""in_restricted_zone"": false, ""onboard_geofencing"": false, ""speed_limit_active"": false, ""lock_geo_alert_distance"": 0}"
2023-07-23 20:53:37.615,4431,858,"354616090369062",1582,"{""key"": false, ""flip"": false, ""zone"": false, ""speed"": 11.8528, ""buzzer"": 0, ""engine"": true, ""in_zone"": true, ""ignition"": true, ""latitude"": 25.93167, ""direction"": 262, ""longitude"": -80.1163816, ""gsm_signal"": 31, ""sleep_mode"": false, ""staff_mode"": false, ""fault_codes"": [], ""speed_limit"": 0, ""engine_hours"": 1433, ""idc_triggers"": [], ""buzzer_active"": false, ""fuel_level_avg"": 32, ""lock_geo_alert"": false, ""operation_mode"": ""RENT"", ""battery_voltage"": 14.399999618530273, ""in_primary_zone"": true, ""lock_engine_alert"": false, ""in_restricted_zone"": false, ""onboard_geofencing"": false, ""speed_limit_active"": false, ""lock_geo_alert_distance"": 0}"
2023-07-23 20:53:36.575,4431,858,"354616090369062",1582,"{""key"": false, ""flip"": false, ""zone"": false, ""speed"": 10.186, ""buzzer"": 0, ""engine"": true, ""in_zone"": true, ""ignition"": true, ""latitude"": 25.93167, ""direction"": 268, ""longitude"": -80.1163466, ""gsm_signal"": 31, ""sleep_mode"": false, ""staff_mode"": false, ""fault_codes"": [], ""speed_limit"": 0, ""engine_hours"": 1433, ""idc_triggers"": [], ""buzzer_active"": false, ""fuel_level_avg"": 32, ""lock_geo_alert"": false, ""operation_mode"": ""RENT"", ""battery_voltage"": 14.399999618530273, ""in_primary_zone"": true, ""lock_engine_alert"": false, ""in_restricted_zone"": false, ""onboard_geofencing"": false, ""speed_limit_active"": false, ""lock_geo_alert_distance"": 0}"
2023-07-23 20:53:35.616,4431,858,"354616090369062",1582,"{""key"": false, ""flip"": false, ""zone"": false, ""speed"": 10.186, ""buzzer"": 0, ""engine"": true, ""in_zone"": true, ""ignition"": true, ""latitude"": 25.9316633, ""direction"": 274, ""longitude"": -80.11632, ""gsm_signal"": 31, ""sleep_mode"": false, ""staff_mode"": false, ""fault_codes"": [], ""speed_limit"": 0, ""engine_hours"": 1433, ""idc_triggers"": [], ""buzzer_active"": false, ""fuel_level_avg"": 32, ""lock_geo_alert"": false, ""operation_mode"": ""RENT"", ""battery_voltage"": 14.399999618530273, ""in_primary_zone"": true, ""lock_engine_alert"": false, ""in_restricted_zone"": false, ""onboard_geofencing"": false, ""speed_limit_active"": false, ""lock_geo_alert_distance"": 0}"
2023-07-23 20:53:34.577,4431,858,"354616090369062",1582,"{""key"": false, ""flip"": false, ""zone"": false, ""speed"": 9.260000000000002, ""buzzer"": 0, ""engine"": true, ""in_zone"": true, ""ignition"": true, ""latitude"": 25.9316533, ""direction"": 288, ""longitude"": -80.11629, ""gsm_signal"": 31, ""sleep_mode"": false, ""staff_mode"": false, ""fault_codes"": [], ""speed_limit"": 0, ""engine_hours"": 1433, ""idc_triggers"": [], ""buzzer_active"": false, ""fuel_level_avg"": 32, ""lock_geo_alert"": false, ""operation_mode"": ""RENT"", ""battery_voltage"": 14.399999618530273, ""in_primary_zone"": true, ""lock_engine_alert"": false, ""in_restricted_zone"": false, ""onboard_geofencing"": false, ""speed_limit_active"": false, ""lock_geo_alert_distance"": 0}"
2023-07-23 20:53:33.615,4431,858,"354616090369062",1582,"{""key"": false, ""flip"": false, ""zone"": false, ""speed"": 7.963600000000001, ""buzzer"": 0, ""engine"": true, ""in_zone"": true, ""ignition"": true, ""latitude"": 25.9316416, ""direction"": 300, ""longitude"": -80.1162682, ""gsm_signal"": 28, ""sleep_mode"": false, ""staff_mode"": false, ""fault_codes"": [], ""speed_limit"": 0, ""engine_hours"": 1433, ""idc_triggers"": [], ""buzzer_active"": false, ""fuel_level_avg"": 32, ""lock_geo_alert"": false, ""operation_mode"": ""RENT"", ""battery_voltage"": 14.399999618530273, ""in_primary_zone"": true, ""lock_engine_alert"": false, ""in_restricted_zone"": false, ""onboard_geofencing"": false, ""speed_limit_active"": false, ""lock_geo_alert_distance"": 0}"
2023-07-23 20:53:32.575,4431,858,"354616090369062",1582,"{""key"": false, ""flip"": false, ""zone"": false, ""speed"": 7.0376, ""buzzer"": 2, ""engine"": true, ""in_zone"": true, ""ignition"": true, ""latitude"": 25.9316266, ""direction"": 313, ""longitude"": -80.1162516, ""gsm_signal"": 28, ""sleep_mode"": false, ""staff_mode"": false, ""fault_codes"": [], ""speed_limit"": 0, ""engine_hours"": 1433, ""idc_triggers"": [], ""buzzer_active"": true, ""fuel_level_avg"": 32, ""lock_geo_alert"": false, ""operation_mode"": ""RENT"", ""battery_voltage"": 14.399999618530273, ""in_primary_zone"": true, ""lock_engine_alert"": false, ""in_restricted_zone"": false, ""onboard_geofencing"": false, ""speed_limit_active"": false, ""lock_geo_alert_distance"": 0}"
2023-07-23 20:53:31.616,4431,858,"354616090369062",1582,"{""key"": false, ""flip"": false, ""zone"": false, ""speed"": 9.260000000000002, ""buzzer"": 2, ""engine"": true, ""in_zone"": true, ""ignition"": true, ""latitude"": 25.9316133, ""direction"": 305, ""longitude"": -80.116235, ""gsm_signal"": 27, ""sleep_mode"": false, ""staff_mode"": false, ""fault_codes"": [], ""speed_limit"": 0, ""engine_hours"": 1433, ""idc_triggers"": [], ""buzzer_active"": true, ""fuel_level_avg"": 32, ""lock_geo_alert"": false, ""operation_mode"": ""RENT"", ""battery_voltage"": 14.399999618530273, ""in_primary_zone"": true, ""lock_engine_alert"": false, ""in_restricted_zone"": false, ""onboard_geofencing"": false, ""speed_limit_active"": false, ""lock_geo_alert_distance"": 0}"
2023-07-23 20:53:30.575,4431,858,"354616090369062",1582,"{""key"": false, ""flip"": false, ""zone"": false, ""speed"": 9.260000000000002, ""buzzer"": 2, ""engine"": true, ""in_zone"": true, ""ignition"": true, ""latitude"": 25.9316, ""direction"": 291, ""longitude"": -80.1162132, ""gsm_signal"": 28, ""sleep_mode"": false, ""staff_mode"": false, ""fault_codes"": [], ""speed_limit"": 0, ""engine_hours"": 1433, ""idc_triggers"": [], ""buzzer_active"": true, ""fuel_level_avg"": 32, ""lock_geo_alert"": false, ""operation_mode"": ""RENT"", ""battery_voltage"": 14.399999618530273, ""in_primary_zone"": true, ""lock_engine_alert"": false, ""in_restricted_zone"": false, ""onboard_geofencing"": false, ""speed_limit_active"": false, ""lock_geo_alert_distance"": 0}"
2023-07-23 20:53:29.616,4431,858,"354616090369062",1582,"{""key"": false, ""flip"": false, ""zone"": false, ""speed"": 7.5932, ""buzzer"": 2, ""engine"": true, ""in_zone"": true, ""ignition"": true, ""latitude"": 25.93159, ""direction"": 276, ""longitude"": -80.1161982, ""gsm_signal"": 28, ""sleep_mode"": false, ""staff_mode"": false, ""fault_codes"": [], ""speed_limit"": 0, ""engine_hours"": 1433, ""idc_triggers"": [], ""buzzer_active"": true, ""fuel_level_avg"": 32, ""lock_geo_alert"": false, ""operation_mode"": ""RENT"", ""battery_voltage"": 14.399999618530273, ""in_primary_zone"": true, ""lock_engine_alert"": false, ""in_restricted_zone"": false, ""onboard_geofencing"": false, ""speed_limit_active"": false, ""lock_geo_alert_distance"": 0}"
2023-07-23 20:53:28.588,4431,858,"354616090369062",1582,"{""key"": false, ""flip"": false, ""zone"": false, ""speed"": 6.482000000000001, ""buzzer"": 2, ""engine"": true, ""in_zone"": true, ""ignition"": true, ""latitude"": 25.9315883, ""direction"": 272, ""longitude"": -80.1161816, ""gsm_signal"": 28, ""sleep_mode"": false, ""staff_mode"": false, ""fault_codes"": [], ""speed_limit"": 0, ""engine_hours"": 1433, ""idc_triggers"": [], ""buzzer_active"": true, ""fuel_level_avg"": 32, ""lock_geo_alert"": false, ""operation_mode"": ""RENT"", ""battery_voltage"": 14.399999618530273, ""in_primary_zone"": true, ""lock_engine_alert"": false, ""in_restricted_zone"": false, ""onboard_geofencing"": false, ""speed_limit_active"": false, ""lock_geo_alert_distance"": 0}"
2023-07-23 20:53:27.617,4431,858,"354616090369062",1582,"{""key"": false, ""flip"": false, ""zone"": false, ""speed"": 8.8896, ""buzzer"": 2, ""engine"": true, ""in_zone"": true, ""ignition"": true, ""latitude"": 25.9315866, ""direction"": 265, ""longitude"": -80.1161666, ""gsm_signal"": 28, ""sleep_mode"": false, ""staff_mode"": false, ""fault_codes"": [], ""speed_limit"": 0, ""engine_hours"": 1433, ""idc_triggers"": [], ""buzzer_active"": true, ""fuel_level_avg"": 32, ""lock_geo_alert"": false, ""operation_mode"": ""RENT"", ""battery_voltage"": 14.399999618530273, ""in_primary_zone"": true, ""lock_engine_alert"": false, ""in_restricted_zone"": false, ""onboard_geofencing"": false, ""speed_limit_active"": false, ""lock_geo_alert_distance"": 0}"
2023-07-23 20:53:26.575,4431,858,"354616090369062",1582,"{""key"": false, ""flip"": false, ""zone"": false, ""speed"": 7.4079999999999995, ""buzzer"": 0, ""engine"": true, ""in_zone"": true, ""ignition"": true, ""latitude"": 25.9315933, ""direction"": 254, ""longitude"": -80.116145, ""gsm_signal"": 28, ""sleep_mode"": false, ""staff_mode"": false, ""fault_codes"": [], ""speed_limit"": 0, ""engine_hours"": 1433, ""idc_triggers"": [], ""buzzer_active"": false, ""fuel_level_avg"": 32, ""lock_geo_alert"": false, ""operation_mode"": ""RENT"", ""battery_voltage"": 14.399999618530273, ""in_primary_zone"": true, ""lock_engine_alert"": false, ""in_restricted_zone"": false, ""onboard_geofencing"": false, ""speed_limit_active"": false, ""lock_geo_alert_distance"": 0}"
2023-07-23 20:53:25.615,4431,858,"354616090369062",1582,"{""key"": false, ""flip"": false, ""zone"": false, ""speed"": 7.963600000000001, ""buzzer"": 0, ""engine"": true, ""in_zone"": true, ""ignition"": true, ""latitude"": 25.9315983, ""direction"": 251, ""longitude"": -80.116125, ""gsm_signal"": 27, ""sleep_mode"": false, ""staff_mode"": false, ""fault_codes"": [], ""speed_limit"": 70, ""engine_hours"": 1433, ""idc_triggers"": [], ""buzzer_active"": false, ""fuel_level_avg"": 32, ""lock_geo_alert"": false, ""operation_mode"": ""RENT"", ""battery_voltage"": 14.399999618530273, ""in_primary_zone"": true, ""lock_engine_alert"": false, ""in_restricted_zone"": false, ""onboard_geofencing"": false, ""speed_limit_active"": false, ""lock_geo_alert_distance"": 0}"
2023-07-23 20:53:24.587,4431,858,"354616090369062",1582,"{""key"": false, ""flip"": false, ""zone"": false, ""speed"": 7.222800000000001, ""buzzer"": 0, ""engine"": true, ""in_zone"": true, ""ignition"": true, ""latitude"": 25.9316033, ""direction"": 251, ""longitude"": -80.1161066, ""gsm_signal"": 29, ""sleep_mode"": false, ""staff_mode"": false, ""fault_codes"": [], ""speed_limit"": 70, ""engine_hours"": 1433, ""idc_triggers"": [], ""buzzer_active"": false, ""fuel_level_avg"": 32, ""lock_geo_alert"": false, ""operation_mode"": ""RENT"", ""battery_voltage"": 14.399999618530273, ""in_primary_zone"": true, ""lock_engine_alert"": false, ""in_restricted_zone"": false, ""onboard_geofencing"": false, ""speed_limit_active"": false, ""lock_geo_alert_distance"": 0}"
2023-07-23 20:53:23.616,4431,858,"354616090369062",1582,"{""key"": false, ""flip"": false, ""zone"": false, ""speed"": 7.4079999999999995, ""buzzer"": 0, ""engine"": true, ""in_zone"": true, ""ignition"": true, ""latitude"": 25.931605, ""direction"": 250, ""longitude"": -80.1160916, ""gsm_signal"": 30, ""sleep_mode"": false, ""staff_mode"": false, ""fault_codes"": [], ""speed_limit"": 70, ""engine_hours"": 1433, ""idc_triggers"": [], ""buzzer_active"": false, ""fuel_level_avg"": 32, ""lock_geo_alert"": false, ""operation_mode"": ""RENT"", ""battery_voltage"": 14.399999618530273, ""in_primary_zone"": true, ""lock_engine_alert"": false, ""in_restricted_zone"": false, ""onboard_geofencing"": false, ""speed_limit_active"": false, ""lock_geo_alert_distance"": 0}"
2023-07-23 20:53:22.577,4431,858,"354616090369062",1582,"{""key"": false, ""flip"": false, ""zone"": false, ""speed"": 7.963600000000001, ""buzzer"": 0, ""engine"": true, ""in_zone"": true, ""ignition"": true, ""latitude"": 25.9316116, ""direction"": 239, ""longitude"": -80.1160766, ""gsm_signal"": 28, ""sleep_mode"": false, ""staff_mode"": false, ""fault_codes"": [], ""speed_limit"": 70, ""engine_hours"": 1433, ""idc_triggers"": [], ""buzzer_active"": false, ""fuel_level_avg"": 32, ""lock_geo_alert"": false, ""operation_mode"": ""RENT"", ""battery_voltage"": 14.399999618530273, ""in_primary_zone"": true, ""lock_engine_alert"": false, ""in_restricted_zone"": false, ""onboard_geofencing"": false, ""speed_limit_active"": false, ""lock_geo_alert_distance"": 0}"
2023-07-23 20:53:21.616,4431,858,"354616090369062",1582,"{""key"": false, ""flip"": false, ""zone"": false, ""speed"": 6.8524, ""buzzer"": 0, ""engine"": true, ""in_zone"": true, ""ignition"": true, ""latitude"": 25.9316233, ""direction"": 231, ""longitude"": -80.1160582, ""gsm_signal"": 27, ""sleep_mode"": false, ""staff_mode"": false, ""fault_codes"": [], ""speed_limit"": 70, ""engine_hours"": 1433, ""idc_triggers"": [], ""buzzer_active"": false, ""fuel_level_avg"": 32, ""lock_geo_alert"": false, ""operation_mode"": ""RENT"", ""battery_voltage"": 14.399999618530273, ""in_primary_zone"": true, ""lock_engine_alert"": false, ""in_restricted_zone"": false, ""onboard_geofencing"": false, ""speed_limit_active"": false, ""lock_geo_alert_distance"": 0}"
2023-07-23 20:53:20.576,4431,858,"354616090369062",1582,"{""key"": false, ""flip"": false, ""zone"": false, ""speed"": 7.7784, ""buzzer"": 0, ""engine"": true, ""in_zone"": true, ""ignition"": true, ""latitude"": 25.9316366, ""direction"": 240, ""longitude"": -80.1160432, ""gsm_signal"": 25, ""sleep_mode"": false, ""staff_mode"": false, ""fault_codes"": [], ""speed_limit"": 0, ""engine_hours"": 1433, ""idc_triggers"": [], ""buzzer_active"": false, ""fuel_level_avg"": 32, ""lock_geo_alert"": false, ""operation_mode"": ""RENT"", ""battery_voltage"": 14.399999618530273, ""in_primary_zone"": true, ""lock_engine_alert"": false, ""in_restricted_zone"": false, ""onboard_geofencing"": false, ""speed_limit_active"": false, ""lock_geo_alert_distance"": 0}"
2023-07-23 20:53:19.649,4431,858,"354616090369062",1582,"{""key"": false, ""flip"": false, ""zone"": false, ""speed"": 11.8528, ""buzzer"": 0, ""engine"": true, ""in_zone"": true, ""ignition"": true, ""latitude"": 25.9316483, ""direction"": 252, ""longitude"": -80.11602, ""gsm_signal"": 27, ""sleep_mode"": false, ""staff_mode"": false, ""fault_codes"": [], ""speed_limit"": 0, ""engine_hours"": 1433, ""idc_triggers"": [], ""buzzer_active"": false, ""fuel_level_avg"": 32, ""lock_geo_alert"": false, ""operation_mode"": ""RENT"", ""battery_voltage"": 14.399999618530273, ""in_primary_zone"": true, ""lock_engine_alert"": false, ""in_restricted_zone"": false, ""onboard_geofencing"": false, ""speed_limit_active"": false, ""lock_geo_alert_distance"": 0}"
2023-07-23 20:53:18.576,4431,858,"354616090369062",1582,"{""key"": false, ""flip"": false, ""zone"": false, ""speed"": 10.9268, ""buzzer"": 0, ""engine"": true, ""in_zone"": true, ""ignition"": true, ""latitude"": 25.9316583, ""direction"": 254, ""longitude"": -80.115985, ""gsm_signal"": 31, ""sleep_mode"": false, ""staff_mode"": false, ""fault_codes"": [], ""speed_limit"": 0, ""engine_hours"": 1433, ""idc_triggers"": [], ""buzzer_active"": false, ""fuel_level_avg"": 32, ""lock_geo_alert"": false, ""operation_mode"": ""RENT"", ""battery_voltage"": 14.399999618530273, ""in_primary_zone"": true, ""lock_engine_alert"": false, ""in_restricted_zone"": false, ""onboard_geofencing"": false, ""speed_limit_active"": false, ""lock_geo_alert_distance"": 0}"
2023-07-23 20:53:17.535,4431,858,"354616090369062",1582,"{""key"": false, ""flip"": false, ""zone"": false, ""speed"": 7.5932, ""buzzer"": 0, ""engine"": true, ""in_zone"": true, ""ignition"": true, ""latitude"": 25.931665, ""direction"": 260, ""longitude"": -80.1159566, ""gsm_signal"": 25, ""sleep_mode"": false, ""staff_mode"": false, ""fault_codes"": [], ""speed_limit"": 0, ""engine_hours"": 1433, ""idc_triggers"": [], ""buzzer_active"": false, ""fuel_level_avg"": 32, ""lock_geo_alert"": false, ""operation_mode"": ""RENT"", ""battery_voltage"": 14.399999618530273, ""in_primary_zone"": true, ""lock_engine_alert"": false, ""in_restricted_zone"": false, ""onboard_geofencing"": false, ""speed_limit_active"": false, ""lock_geo_alert_distance"": 0}"
2023-07-23 20:53:16.576,4431,858,"354616090369062",1582,"{""key"": false, ""flip"": false, ""zone"": false, ""speed"": 7.222800000000001, ""buzzer"": 2, ""engine"": true, ""in_zone"": true, ""ignition"": true, ""latitude"": 25.9316683, ""direction"": 262, ""longitude"": -80.1159332, ""gsm_signal"": 31, ""sleep_mode"": false, ""staff_mode"": false, ""fault_codes"": [], ""speed_limit"": 0, ""engine_hours"": 1433, ""idc_triggers"": [], ""buzzer_active"": true, ""fuel_level_avg"": 32, ""lock_geo_alert"": false, ""operation_mode"": ""RENT"", ""battery_voltage"": 14.399999618530273, ""in_primary_zone"": true, ""lock_engine_alert"": false, ""in_restricted_zone"": false, ""onboard_geofencing"": false, ""speed_limit_active"": false, ""lock_geo_alert_distance"": 0}"
2023-07-23 20:53:15.615,4431,858,"354616090369062",1582,"{""key"": false, ""flip"": false, ""zone"": false, ""speed"": 7.7784, ""buzzer"": 2, ""engine"": true, ""in_zone"": true, ""ignition"": true, ""latitude"": 25.9316733, ""direction"": 258, ""longitude"": -80.115915, ""gsm_signal"": 29, ""sleep_mode"": false, ""staff_mode"": false, ""fault_codes"": [], ""speed_limit"": 0, ""engine_hours"": 1433, ""idc_triggers"": [], ""buzzer_active"": true, ""fuel_level_avg"": 32, ""lock_geo_alert"": false, ""operation_mode"": ""RENT"", ""battery_voltage"": 14.399999618530273, ""in_primary_zone"": true, ""lock_engine_alert"": false, ""in_restricted_zone"": false, ""onboard_geofencing"": false, ""speed_limit_active"": false, ""lock_geo_alert_distance"": 0}"
2023-07-23 20:53:14.575,4431,858,"354616090369062",1582,"{""key"": false, ""flip"": false, ""zone"": false, ""speed"": 6.667199999999999, ""buzzer"": 2, ""engine"": true, ""in_zone"": true, ""ignition"": true, ""latitude"": 25.9316766, ""direction"": 247, ""longitude"": -80.115895, ""gsm_signal"": 28, ""sleep_mode"": false, ""staff_mode"": false, ""fault_codes"": [], ""speed_limit"": 0, ""engine_hours"": 1433, ""idc_triggers"": [], ""buzzer_active"": true, ""fuel_level_avg"": 32, ""lock_geo_alert"": false, ""operation_mode"": ""RENT"", ""battery_voltage"": 14.399999618530273, ""in_primary_zone"": true, ""lock_engine_alert"": false, ""in_restricted_zone"": false, ""onboard_geofencing"": false, ""speed_limit_active"": false, ""lock_geo_alert_distance"": 0}"
2023-07-23 20:53:13.615,4431,858,"354616090369062",1582,"{""key"": false, ""flip"": false, ""zone"": false, ""speed"": 5.1856, ""buzzer"": 2, ""engine"": true, ""in_zone"": true, ""ignition"": true, ""latitude"": 25.9316833, ""direction"": 238, ""longitude"": -80.1158782, ""gsm_signal"": 31, ""sleep_mode"": false, ""staff_mode"": false, ""fault_codes"": [], ""speed_limit"": 0, ""engine_hours"": 1433, ""idc_triggers"": [], ""buzzer_active"": true, ""fuel_level_avg"": 32, ""lock_geo_alert"": false, ""operation_mode"": ""RENT"", ""battery_voltage"": 14.399999618530273, ""in_primary_zone"": true, ""lock_engine_alert"": false, ""in_restricted_zone"": false, ""onboard_geofencing"": false, ""speed_limit_active"": false, ""lock_geo_alert_distance"": 0}"
2023-07-23 20:53:12.577,4431,858,"354616090369062",1582,"{""key"": false, ""flip"": false, ""zone"": false, ""speed"": 7.963600000000001, ""buzzer"": 2, ""engine"": true, ""in_zone"": true, ""ignition"": true, ""latitude"": 25.93169, ""direction"": 238, ""longitude"": -80.1158616, ""gsm_signal"": 31, ""sleep_mode"": false, ""staff_mode"": false, ""fault_codes"": [], ""speed_limit"": 0, ""engine_hours"": 1433, ""idc_triggers"": [], ""buzzer_active"": true, ""fuel_level_avg"": 32, ""lock_geo_alert"": false, ""operation_mode"": ""RENT"", ""battery_voltage"": 14.399999618530273, ""in_primary_zone"": true, ""lock_engine_alert"": false, ""in_restricted_zone"": false, ""onboard_geofencing"": false, ""speed_limit_active"": false, ""lock_geo_alert_distance"": 0}"
2023-07-23 20:53:11.615,4431,858,"354616090369062",1582,"{""key"": false, ""flip"": false, ""zone"": false, ""speed"": 12.038, ""buzzer"": 0, ""engine"": true, ""in_zone"": true, ""ignition"": true, ""latitude"": 25.9317033, ""direction"": 239, ""longitude"": -80.1158366, ""gsm_signal"": 24, ""sleep_mode"": false, ""staff_mode"": false, ""fault_codes"": [], ""speed_limit"": 0, ""engine_hours"": 1433, ""idc_triggers"": [], ""buzzer_active"": false, ""fuel_level_avg"": 32, ""lock_geo_alert"": false, ""operation_mode"": ""RENT"", ""battery_voltage"": 14.399999618530273, ""in_primary_zone"": true, ""lock_engine_alert"": false, ""in_restricted_zone"": false, ""onboard_geofencing"": false, ""speed_limit_active"": false, ""lock_geo_alert_distance"": 0}"
2023-07-23 20:53:10.575,4431,858,"354616090369062",1582,"{""key"": false, ""flip"": false, ""zone"": false, ""speed"": 15.927200000000003, ""buzzer"": 0, ""engine"": true, ""in_zone"": true, ""ignition"": true, ""latitude"": 25.9317216, ""direction"": 238, ""longitude"": -80.1158, ""gsm_signal"": 28, ""sleep_mode"": false, ""staff_mode"": false, ""fault_codes"": [], ""speed_limit"": 0, ""engine_hours"": 1433, ""idc_triggers"": [], ""buzzer_active"": false, ""fuel_level_avg"": 32, ""lock_geo_alert"": false, ""operation_mode"": ""RENT"", ""battery_voltage"": 14.399999618530273, ""in_primary_zone"": true, ""lock_engine_alert"": false, ""in_restricted_zone"": false, ""onboard_geofencing"": false, ""speed_limit_active"": false, ""lock_geo_alert_distance"": 0}"
2023-07-23 20:53:09.615,4431,858,"354616090369062",1582,"{""key"": false, ""flip"": false, ""zone"": false, ""speed"": 20.1868, ""buzzer"": 0, ""engine"": true, ""in_zone"": true, ""ignition"": true, ""latitude"": 25.9317466, ""direction"": 235, ""longitude"": -80.1157566, ""gsm_signal"": 26, ""sleep_mode"": false, ""staff_mode"": false, ""fault_codes"": [], ""speed_limit"": 0, ""engine_hours"": 1433, ""idc_triggers"": [], ""buzzer_active"": false, ""fuel_level_avg"": 32, ""lock_geo_alert"": false, ""operation_mode"": ""RENT"", ""battery_voltage"": 14.399999618530273, ""in_primary_zone"": true, ""lock_engine_alert"": false, ""in_restricted_zone"": false, ""onboard_geofencing"": false, ""speed_limit_active"": false, ""lock_geo_alert_distance"": 0}"
2023-07-23 20:53:08.575,4431,858,"354616090369062",1582,"{""key"": false, ""flip"": false, ""zone"": false, ""speed"": 24.6316, ""buzzer"": 0, ""engine"": true, ""in_zone"": true, ""ignition"": true, ""latitude"": 25.93178, ""direction"": 240, ""longitude"": -80.1157016, ""gsm_signal"": 24, ""sleep_mode"": false, ""staff_mode"": false, ""fault_codes"": [], ""speed_limit"": 0, ""engine_hours"": 1433, ""idc_triggers"": [], ""buzzer_active"": false, ""fuel_level_avg"": 32, ""lock_geo_alert"": false, ""operation_mode"": ""RENT"", ""battery_voltage"": 14.399999618530273, ""in_primary_zone"": true, ""lock_engine_alert"": false, ""in_restricted_zone"": false, ""onboard_geofencing"": false, ""speed_limit_active"": false, ""lock_geo_alert_distance"": 0}"
2023-07-23 20:53:07.536,4431,858,"354616090369062",1582,"{""key"": false, ""flip"": false, ""zone"": false, ""speed"": 29.0764, ""buzzer"": 0, ""engine"": true, ""in_zone"": true, ""ignition"": true, ""latitude"": 25.93181, ""direction"": 246, ""longitude"": -80.1156316, ""gsm_signal"": 25, ""sleep_mode"": false, ""staff_mode"": false, ""fault_codes"": [], ""speed_limit"": 0, ""engine_hours"": 1433, ""idc_triggers"": [], ""buzzer_active"": false, ""fuel_level_avg"": 32, ""lock_geo_alert"": false, ""operation_mode"": ""RENT"", ""battery_voltage"": 14.399999618530273, ""in_primary_zone"": true, ""lock_engine_alert"": false, ""in_restricted_zone"": false, ""onboard_geofencing"": false, ""speed_limit_active"": false, ""lock_geo_alert_distance"": 0}"
2023-07-23 20:53:06.577,4431,858,"354616090369062",1582,"{""key"": false, ""flip"": false, ""zone"": false, ""speed"": 32.410000000000004, ""buzzer"": 0, ""engine"": true, ""in_zone"": true, ""ignition"": true, ""latitude"": 25.9318366, ""direction"": 253, ""longitude"": -80.11555, ""gsm_signal"": 28, ""sleep_mode"": false, ""staff_mode"": false, ""fault_codes"": [], ""speed_limit"": 0, ""engine_hours"": 1433, ""idc_triggers"": [], ""buzzer_active"": false, ""fuel_level_avg"": 32, ""lock_geo_alert"": false, ""operation_mode"": ""RENT"", ""battery_voltage"": 14.399999618530273, ""in_primary_zone"": true, ""lock_engine_alert"": false, ""in_restricted_zone"": false, ""onboard_geofencing"": false, ""speed_limit_active"": false, ""lock_geo_alert_distance"": 0}"
2023-07-23 20:53:05.615,4431,858,"354616090369062",1582,"{""key"": false, ""flip"": false, ""zone"": false, ""speed"": 31.484, ""buzzer"": 0, ""engine"": true, ""in_zone"": true, ""ignition"": true, ""latitude"": 25.931858300000002, ""direction"": 257, ""longitude"": -80.11546, ""gsm_signal"": 31, ""sleep_mode"": false, ""staff_mode"": false, ""fault_codes"": [], ""speed_limit"": 0, ""engine_hours"": 1433, ""idc_triggers"": [], ""buzzer_active"": false, ""fuel_level_avg"": 32, ""lock_geo_alert"": false, ""operation_mode"": ""RENT"", ""battery_voltage"": 14.399999618530273, ""in_primary_zone"": true, ""lock_engine_alert"": false, ""in_restricted_zone"": false, ""onboard_geofencing"": false, ""speed_limit_active"": false, ""lock_geo_alert_distance"": 0}"
2023-07-23 20:53:03.615,4431,858,"354616090369062",1582,"{""key"": false, ""flip"": false, ""zone"": false, ""speed"": 30.0024, ""buzzer"": 0, ""engine"": true, ""in_zone"": true, ""ignition"": true, ""latitude"": 25.9318933, ""direction"": 258, ""longitude"": -80.1152882, ""gsm_signal"": 30, ""sleep_mode"": false, ""staff_mode"": false, ""fault_codes"": [], ""speed_limit"": 0, ""engine_hours"": 1433, ""idc_triggers"": [], ""buzzer_active"": false, ""fuel_level_avg"": 32, ""lock_geo_alert"": false, ""operation_mode"": ""RENT"", ""battery_voltage"": 14.399999618530273, ""in_primary_zone"": true, ""lock_engine_alert"": false, ""in_restricted_zone"": false, ""onboard_geofencing"": false, ""speed_limit_active"": false, ""lock_geo_alert_distance"": 0}"
2023-07-23 20:53:01.616,4431,858,"354616090369062",1582,"{""key"": false, ""flip"": false, ""zone"": false, ""speed"": 31.484, ""buzzer"": 0, ""engine"": true, ""in_zone"": true, ""ignition"": true, ""latitude"": 25.931925, ""direction"": 259, ""longitude"": -80.1151232, ""gsm_signal"": 31, ""sleep_mode"": false, ""staff_mode"": false, ""fault_codes"": [], ""speed_limit"": 0, ""engine_hours"": 1433, ""idc_triggers"": [], ""buzzer_active"": false, ""fuel_level_avg"": 32, ""lock_geo_alert"": false, ""operation_mode"": ""RENT"", ""battery_voltage"": 14.399999618530273, ""in_primary_zone"": true, ""lock_engine_alert"": false, ""in_restricted_zone"": false, ""onboard_geofencing"": false, ""speed_limit_active"": false, ""lock_geo_alert_distance"": 0}"
2023-07-23 20:52:59.616,4431,858,"354616090369062",1582,"{""key"": false, ""flip"": false, ""zone"": false, ""speed"": 26.668799999999997, ""buzzer"": 0, ""engine"": true, ""in_zone"": true, ""ignition"": true, ""latitude"": 25.93195, ""direction"": 260, ""longitude"": -80.114965, ""gsm_signal"": 31, ""sleep_mode"": false, ""staff_mode"": false, ""fault_codes"": [], ""speed_limit"": 0, ""engine_hours"": 1433, ""idc_triggers"": [], ""buzzer_active"": false, ""fuel_level_avg"": 32, ""lock_geo_alert"": false, ""operation_mode"": ""RENT"", ""battery_voltage"": 14.399999618530273, ""in_primary_zone"": true, ""lock_engine_alert"": false, ""in_restricted_zone"": false, ""onboard_geofencing"": false, ""speed_limit_active"": false, ""lock_geo_alert_distance"": 0}"
2023-07-23 20:52:58.575,4431,858,"354616090369062",1582,"{""key"": false, ""flip"": false, ""zone"": false, ""speed"": 21.6684, ""buzzer"": 0, ""engine"": true, ""in_zone"": true, ""ignition"": true, ""latitude"": 25.93196, ""direction"": 260, ""longitude"": -80.1149032, ""gsm_signal"": 31, ""sleep_mode"": false, ""staff_mode"": false, ""fault_codes"": [], ""speed_limit"": 0, ""engine_hours"": 1433, ""idc_triggers"": [], ""buzzer_active"": false, ""fuel_level_avg"": 32, ""lock_geo_alert"": false, ""operation_mode"": ""RENT"", ""battery_voltage"": 14.399999618530273, ""in_primary_zone"": true, ""lock_engine_alert"": false, ""in_restricted_zone"": false, ""onboard_geofencing"": false, ""speed_limit_active"": false, ""lock_geo_alert_distance"": 0}"
2023-07-23 20:52:57.695,4431,858,"354616090369062",1582,"{""key"": false, ""flip"": false, ""zone"": false, ""speed"": 18.8904, ""buzzer"": 0, ""engine"": true, ""in_zone"": true, ""ignition"": true, ""latitude"": 25.93197, ""direction"": 259, ""longitude"": -80.1148466, ""gsm_signal"": 30, ""sleep_mode"": false, ""staff_mode"": false, ""fault_codes"": [], ""speed_limit"": 0, ""engine_hours"": 1433, ""idc_triggers"": [], ""buzzer_active"": false, ""fuel_level_avg"": 32, ""lock_geo_alert"": false, ""operation_mode"": ""RENT"", ""battery_voltage"": 14.399999618530273, ""in_primary_zone"": true, ""lock_engine_alert"": false, ""in_restricted_zone"": false, ""onboard_geofencing"": false, ""speed_limit_active"": false, ""lock_geo_alert_distance"": 0}"
2023-07-23 20:52:56.575,4431,858,"354616090369062",1582,"{""key"": false, ""flip"": false, ""zone"": false, ""speed"": 15.0012, ""buzzer"": 0, ""engine"": true, ""in_zone"": true, ""ignition"": true, ""latitude"": 25.9319816, ""direction"": 257, ""longitude"": -80.1148016, ""gsm_signal"": 31, ""sleep_mode"": false, ""staff_mode"": false, ""fault_codes"": [], ""speed_limit"": 0, ""engine_hours"": 1433, ""idc_triggers"": [], ""buzzer_active"": false, ""fuel_level_avg"": 32, ""lock_geo_alert"": false, ""operation_mode"": ""RENT"", ""battery_voltage"": 14.399999618530273, ""in_primary_zone"": true, ""lock_engine_alert"": false, ""in_restricted_zone"": false, ""onboard_geofencing"": false, ""speed_limit_active"": false, ""lock_geo_alert_distance"": 0}"
2023-07-23 20:52:55.616,4431,858,"354616090369062",1582,"{""key"": false, ""flip"": false, ""zone"": false, ""speed"": 12.2232, ""buzzer"": 0, ""engine"": true, ""in_zone"": true, ""ignition"": true, ""latitude"": 25.9319916, ""direction"": 253, ""longitude"": -80.114765, ""gsm_signal"": 30, ""sleep_mode"": false, ""staff_mode"": false, ""fault_codes"": [], ""speed_limit"": 0, ""engine_hours"": 1433, ""idc_triggers"": [], ""buzzer_active"": false, ""fuel_level_avg"": 32, ""lock_geo_alert"": false, ""operation_mode"": ""RENT"", ""battery_voltage"": 14.399999618530273, ""in_primary_zone"": true, ""lock_engine_alert"": false, ""in_restricted_zone"": false, ""onboard_geofencing"": false, ""speed_limit_active"": false, ""lock_geo_alert_distance"": 0}"
2023-07-23 20:52:54.578,4431,858,"354616090369062",1582,"{""key"": false, ""flip"": false, ""zone"": false, ""speed"": 11.112, ""buzzer"": 0, ""engine"": true, ""in_zone"": true, ""ignition"": true, ""latitude"": 25.9319983, ""direction"": 252, ""longitude"": -80.1147316, ""gsm_signal"": 29, ""sleep_mode"": false, ""staff_mode"": false, ""fault_codes"": [], ""speed_limit"": 0, ""engine_hours"": 1433, ""idc_triggers"": [], ""buzzer_active"": false, ""fuel_level_avg"": 32, ""lock_geo_alert"": false, ""operation_mode"": ""RENT"", ""battery_voltage"": 14.399999618530273, ""in_primary_zone"": true, ""lock_engine_alert"": false, ""in_restricted_zone"": false, ""onboard_geofencing"": false, ""speed_limit_active"": false, ""lock_geo_alert_distance"": 0}"
2023-07-23 20:52:53.538,4431,858,"354616090369062",1582,"{""key"": false, ""flip"": false, ""zone"": false, ""speed"": 11.112, ""buzzer"": 0, ""engine"": true, ""in_zone"": true, ""ignition"": true, ""latitude"": 25.9320033, ""direction"": 249, ""longitude"": -80.114695, ""gsm_signal"": 27, ""sleep_mode"": false, ""staff_mode"": false, ""fault_codes"": [], ""speed_limit"": 0, ""engine_hours"": 1433, ""idc_triggers"": [], ""buzzer_active"": false, ""fuel_level_avg"": 32, ""lock_geo_alert"": false, ""operation_mode"": ""RENT"", ""battery_voltage"": 14.399999618530273, ""in_primary_zone"": true, ""lock_engine_alert"": false, ""in_restricted_zone"": false, ""onboard_geofencing"": false, ""speed_limit_active"": false, ""lock_geo_alert_distance"": 0}"
2023-07-23 20:52:52.576,4431,858,"354616090369062",1582,"{""key"": false, ""flip"": false, ""zone"": false, ""speed"": 9.8156, ""buzzer"": 0, ""engine"": true, ""in_zone"": true, ""ignition"": true, ""latitude"": 25.93201, ""direction"": 247, ""longitude"": -80.1146666, ""gsm_signal"": 26, ""sleep_mode"": false, ""staff_mode"": false, ""fault_codes"": [], ""speed_limit"": 0, ""engine_hours"": 1433, ""idc_triggers"": [], ""buzzer_active"": false, ""fuel_level_avg"": 32, ""lock_geo_alert"": false, ""operation_mode"": ""RENT"", ""battery_voltage"": 14.399999618530273, ""in_primary_zone"": true, ""lock_engine_alert"": false, ""in_restricted_zone"": false, ""onboard_geofencing"": false, ""speed_limit_active"": false, ""lock_geo_alert_distance"": 0}"
2023-07-23 20:52:51.615,4431,858,"354616090369062",1582,"{""key"": false, ""flip"": false, ""zone"": false, ""speed"": 9.260000000000002, ""buzzer"": 0, ""engine"": true, ""in_zone"": true, ""ignition"": true, ""latitude"": 25.9320166, ""direction"": 255, ""longitude"": -80.11464, ""gsm_signal"": 29, ""sleep_mode"": false, ""staff_mode"": false, ""fault_codes"": [], ""speed_limit"": 0, ""engine_hours"": 1433, ""idc_triggers"": [], ""buzzer_active"": false, ""fuel_level_avg"": 32, ""lock_geo_alert"": false, ""operation_mode"": ""RENT"", ""battery_voltage"": 14.399999618530273, ""in_primary_zone"": true, ""lock_engine_alert"": false, ""in_restricted_zone"": false, ""onboard_geofencing"": false, ""speed_limit_active"": false, ""lock_geo_alert_distance"": 0}"
2023-07-23 20:52:50.575,4431,858,"354616090369062",1582,"{""key"": false, ""flip"": false, ""zone"": false, ""speed"": 7.963600000000001, ""buzzer"": 0, ""engine"": true, ""in_zone"": true, ""ignition"": true, ""latitude"": 25.9320233, ""direction"": 241, ""longitude"": -80.114615, ""gsm_signal"": 23, ""sleep_mode"": false, ""staff_mode"": false, ""fault_codes"": [], ""speed_limit"": 0, ""engine_hours"": 1433, ""idc_triggers"": [], ""buzzer_active"": false, ""fuel_level_avg"": 14, ""lock_geo_alert"": false, ""operation_mode"": ""RENT"", ""battery_voltage"": 14.470000267028809, ""in_primary_zone"": true, ""lock_engine_alert"": false, ""in_restricted_zone"": false, ""onboard_geofencing"": false, ""speed_limit_active"": false, ""lock_geo_alert_distance"": 0}"
2023-07-23 20:52:49.535,4431,858,"354616090369062",1582,"{""key"": false, ""flip"": false, ""zone"": false, ""speed"": 7.963600000000001, ""buzzer"": 0, ""engine"": true, ""in_zone"": true, ""ignition"": true, ""latitude"": 25.93203, ""direction"": 235, ""longitude"": -80.114595, ""gsm_signal"": 27, ""sleep_mode"": false, ""staff_mode"": false, ""fault_codes"": [], ""speed_limit"": 0, ""engine_hours"": 1433, ""idc_triggers"": [], ""buzzer_active"": false, ""fuel_level_avg"": 14, ""lock_geo_alert"": false, ""operation_mode"": ""RENT"", ""battery_voltage"": 14.470000267028809, ""in_primary_zone"": true, ""lock_engine_alert"": false, ""in_restricted_zone"": false, ""onboard_geofencing"": false, ""speed_limit_active"": false, ""lock_geo_alert_distance"": 0}"
2023-07-23 20:52:48.675,4431,858,"354616090369062",1582,"{""key"": false, ""flip"": false, ""zone"": false, ""speed"": 7.222800000000001, ""buzzer"": 0, ""engine"": true, ""in_zone"": true, ""ignition"": true, ""latitude"": 25.9320366, ""direction"": 224, ""longitude"": -80.1145782, ""gsm_signal"": 26, ""sleep_mode"": false, ""staff_mode"": false, ""fault_codes"": [], ""speed_limit"": 0, ""engine_hours"": 1433, ""idc_triggers"": [], ""buzzer_active"": false, ""fuel_level_avg"": 14, ""lock_geo_alert"": false, ""operation_mode"": ""RENT"", ""battery_voltage"": 14.470000267028809, ""in_primary_zone"": true, ""lock_engine_alert"": false, ""in_restricted_zone"": false, ""onboard_geofencing"": false, ""speed_limit_active"": false, ""lock_geo_alert_distance"": 0}"
2023-07-23 20:52:46.576,4431,858,"354616090369062",1582,"{""key"": false, ""flip"": false, ""zone"": false, ""speed"": 6.667199999999999, ""buzzer"": 0, ""engine"": true, ""in_zone"": true, ""ignition"": true, ""latitude"": 25.9320533, ""direction"": 203, ""longitude"": -80.1145516, ""gsm_signal"": 26, ""sleep_mode"": false, ""staff_mode"": false, ""fault_codes"": [], ""speed_limit"": 0, ""engine_hours"": 1433, ""idc_triggers"": [], ""buzzer_active"": false, ""fuel_level_avg"": 14, ""lock_geo_alert"": false, ""operation_mode"": ""RENT"", ""battery_voltage"": 14.470000267028809, ""in_primary_zone"": true, ""lock_engine_alert"": false, ""in_restricted_zone"": false, ""onboard_geofencing"": false, ""speed_limit_active"": false, ""lock_geo_alert_distance"": 0}"
2023-07-23 20:52:45.616,4431,858,"354616090369062",1582,"{""key"": false, ""flip"": false, ""zone"": false, ""speed"": 5.741200000000001, ""buzzer"": 0, ""engine"": true, ""in_zone"": true, ""ignition"": true, ""latitude"": 25.932065, ""direction"": 186, ""longitude"": -80.1145432, ""gsm_signal"": 28, ""sleep_mode"": false, ""staff_mode"": false, ""fault_codes"": [], ""speed_limit"": 0, ""engine_hours"": 1433, ""idc_triggers"": [], ""buzzer_active"": false, ""fuel_level_avg"": 14, ""lock_geo_alert"": false, ""operation_mode"": ""RENT"", ""battery_voltage"": 14.470000267028809, ""in_primary_zone"": true, ""lock_engine_alert"": false, ""in_restricted_zone"": false, ""onboard_geofencing"": false, ""speed_limit_active"": false, ""lock_geo_alert_distance"": 0}"
2023-07-23 20:52:44.576,4431,858,"354616090369062",1582,"{""key"": false, ""flip"": false, ""zone"": false, ""speed"": 5.370800000000001, ""buzzer"": 0, ""engine"": true, ""in_zone"": true, ""ignition"": true, ""latitude"": 25.9320783, ""direction"": 186, ""longitude"": -80.1145432, ""gsm_signal"": 26, ""sleep_mode"": false, ""staff_mode"": false, ""fault_codes"": [], ""speed_limit"": 0, ""engine_hours"": 1433, ""idc_triggers"": [], ""buzzer_active"": false, ""fuel_level_avg"": 14, ""lock_geo_alert"": false, ""operation_mode"": ""RENT"", ""battery_voltage"": 14.470000267028809, ""in_primary_zone"": true, ""lock_engine_alert"": false, ""in_restricted_zone"": false, ""onboard_geofencing"": false, ""speed_limit_active"": false, ""lock_geo_alert_distance"": 0}"
2023-07-23 20:52:43.627,4431,858,"354616090369062",1582,"{""key"": false, ""flip"": false, ""zone"": false, ""speed"": 5.1856, ""buzzer"": 0, ""engine"": true, ""in_zone"": true, ""ignition"": true, ""latitude"": 25.9320883, ""direction"": 160, ""longitude"": -80.114545, ""gsm_signal"": 28, ""sleep_mode"": false, ""staff_mode"": false, ""fault_codes"": [], ""speed_limit"": 0, ""engine_hours"": 1433, ""idc_triggers"": [], ""buzzer_active"": false, ""fuel_level_avg"": 14, ""lock_geo_alert"": false, ""operation_mode"": ""RENT"", ""battery_voltage"": 14.470000267028809, ""in_primary_zone"": true, ""lock_engine_alert"": false, ""in_restricted_zone"": false, ""onboard_geofencing"": false, ""speed_limit_active"": false, ""lock_geo_alert_distance"": 0}"
2023-07-23 20:52:42.576,4431,858,"354616090369062",1582,"{""key"": false, ""flip"": false, ""zone"": false, ""speed"": 4.4448, ""buzzer"": 0, ""engine"": true, ""in_zone"": true, ""ignition"": true, ""latitude"": 25.9321, ""direction"": 160, ""longitude"": -80.1145466, ""gsm_signal"": 26, ""sleep_mode"": false, ""staff_mode"": false, ""fault_codes"": [], ""speed_limit"": 0, ""engine_hours"": 1433, ""idc_triggers"": [], ""buzzer_active"": false, ""fuel_level_avg"": 14, ""lock_geo_alert"": false, ""operation_mode"": ""RENT"", ""battery_voltage"": 14.470000267028809, ""in_primary_zone"": true, ""lock_engine_alert"": false, ""in_restricted_zone"": false, ""onboard_geofencing"": false, ""speed_limit_active"": false, ""lock_geo_alert_distance"": 0}"
2023-07-23 20:52:41.456,4431,858,"354616090369062",1582,"{""key"": false, ""flip"": false, ""zone"": false, ""speed"": 5.741200000000001, ""buzzer"": 0, ""engine"": true, ""in_zone"": true, ""ignition"": true, ""latitude"": 25.93211, ""direction"": 160, ""longitude"": -80.114555, ""gsm_signal"": 27, ""sleep_mode"": false, ""staff_mode"": false, ""fault_codes"": [], ""speed_limit"": 0, ""engine_hours"": 1433, ""idc_triggers"": [], ""buzzer_active"": false, ""fuel_level_avg"": 14, ""lock_geo_alert"": false, ""operation_mode"": ""RENT"", ""battery_voltage"": 14.470000267028809, ""in_primary_zone"": true, ""lock_engine_alert"": false, ""in_restricted_zone"": false, ""onboard_geofencing"": false, ""speed_limit_active"": false, ""lock_geo_alert_distance"": 0}"
2023-07-23 20:52:40.495,4431,858,"354616090369062",1582,"{""key"": false, ""flip"": false, ""zone"": false, ""speed"": 5.9264, ""buzzer"": 0, ""engine"": true, ""in_zone"": true, ""ignition"": true, ""latitude"": 25.9321233, ""direction"": 164, ""longitude"": -80.1145616, ""gsm_signal"": 23, ""sleep_mode"": false, ""staff_mode"": false, ""fault_codes"": [], ""speed_limit"": 0, ""engine_hours"": 1433, ""idc_triggers"": [], ""buzzer_active"": false, ""fuel_level_avg"": 14, ""lock_geo_alert"": false, ""operation_mode"": ""RENT"", ""battery_voltage"": 14.470000267028809, ""in_primary_zone"": true, ""lock_engine_alert"": false, ""in_restricted_zone"": false, ""onboard_geofencing"": false, ""speed_limit_active"": false, ""lock_geo_alert_distance"": 0}"
2023-07-23 20:52:39.535,4431,858,"354616090369062",1582,"{""key"": false, ""flip"": false, ""zone"": false, ""speed"": 5.741200000000001, ""buzzer"": 0, ""engine"": true, ""in_zone"": true, ""ignition"": true, ""latitude"": 25.9321366, ""direction"": 164, ""longitude"": -80.11457, ""gsm_signal"": 24, ""sleep_mode"": false, ""staff_mode"": false, ""fault_codes"": [], ""speed_limit"": 0, ""engine_hours"": 1433, ""idc_triggers"": [], ""buzzer_active"": false, ""fuel_level_avg"": 14, ""lock_geo_alert"": false, ""operation_mode"": ""RENT"", ""battery_voltage"": 14.470000267028809, ""in_primary_zone"": true, ""lock_engine_alert"": false, ""in_restricted_zone"": false, ""onboard_geofencing"": false, ""speed_limit_active"": false, ""lock_geo_alert_distance"": 0}"
2023-07-23 20:52:38.496,4431,858,"354616090369062",1582,"{""key"": false, ""flip"": false, ""zone"": false, ""speed"": 6.2968, ""buzzer"": 0, ""engine"": true, ""in_zone"": true, ""ignition"": true, ""latitude"": 25.93215, ""direction"": 154, ""longitude"": -80.1145782, ""gsm_signal"": 22, ""sleep_mode"": false, ""staff_mode"": false, ""fault_codes"": [], ""speed_limit"": 0, ""engine_hours"": 1433, ""idc_triggers"": [], ""buzzer_active"": false, ""fuel_level_avg"": 14, ""lock_geo_alert"": false, ""operation_mode"": ""RENT"", ""battery_voltage"": 14.470000267028809, ""in_primary_zone"": true, ""lock_engine_alert"": false, ""in_restricted_zone"": false, ""onboard_geofencing"": false, ""speed_limit_active"": false, ""lock_geo_alert_distance"": 0}"
2023-07-23 20:52:37.536,4431,858,"354616090369062",1582,"{""key"": false, ""flip"": false, ""zone"": false, ""speed"": 9.4452, ""buzzer"": 0, ""engine"": true, ""in_zone"": true, ""ignition"": true, ""latitude"": 25.9321683, ""direction"": 156, ""longitude"": -80.1145916, ""gsm_signal"": 24, ""sleep_mode"": false, ""staff_mode"": false, ""fault_codes"": [], ""speed_limit"": 0, ""engine_hours"": 1433, ""idc_triggers"": [], ""buzzer_active"": false, ""fuel_level_avg"": 14, ""lock_geo_alert"": false, ""operation_mode"": ""RENT"", ""battery_voltage"": 14.470000267028809, ""in_primary_zone"": true, ""lock_engine_alert"": false, ""in_restricted_zone"": false, ""onboard_geofencing"": false, ""speed_limit_active"": false, ""lock_geo_alert_distance"": 0}"
2023-07-23 20:52:36.497,4431,858,"354616090369062",1582,"{""key"": false, ""flip"": false, ""zone"": false, ""speed"": 12.5936, ""buzzer"": 0, ""engine"": true, ""in_zone"": true, ""ignition"": true, ""latitude"": 25.932195, ""direction"": 153, ""longitude"": -80.1146066, ""gsm_signal"": 25, ""sleep_mode"": false, ""staff_mode"": false, ""fault_codes"": [], ""speed_limit"": 0, ""engine_hours"": 1433, ""idc_triggers"": [], ""buzzer_active"": false, ""fuel_level_avg"": 14, ""lock_geo_alert"": false, ""operation_mode"": ""RENT"", ""battery_voltage"": 14.470000267028809, ""in_primary_zone"": true, ""lock_engine_alert"": false, ""in_restricted_zone"": false, ""onboard_geofencing"": false, ""speed_limit_active"": false, ""lock_geo_alert_distance"": 0}"
2023-07-23 20:52:35.536,4431,858,"354616090369062",1582,"{""key"": false, ""flip"": false, ""zone"": false, ""speed"": 16.4828, ""buzzer"": 0, ""engine"": true, ""in_zone"": true, ""ignition"": true, ""latitude"": 25.932225, ""direction"": 154, ""longitude"": -80.1146266, ""gsm_signal"": 22, ""sleep_mode"": false, ""staff_mode"": false, ""fault_codes"": [], ""speed_limit"": 0, ""engine_hours"": 1433, ""idc_triggers"": [], ""buzzer_active"": false, ""fuel_level_avg"": 14, ""lock_geo_alert"": false, ""operation_mode"": ""RENT"", ""battery_voltage"": 14.470000267028809, ""in_primary_zone"": true, ""lock_engine_alert"": false, ""in_restricted_zone"": false, ""onboard_geofencing"": false, ""speed_limit_active"": false, ""lock_geo_alert_distance"": 0}"
2023-07-23 20:52:34.576,4431,858,"354616090369062",1582,"{""key"": false, ""flip"": false, ""zone"": false, ""speed"": 20.5572, ""buzzer"": 0, ""engine"": true, ""in_zone"": true, ""ignition"": true, ""latitude"": 25.9322666, ""direction"": 154, ""longitude"": -80.1146532, ""gsm_signal"": 25, ""sleep_mode"": false, ""staff_mode"": false, ""fault_codes"": [], ""speed_limit"": 0, ""engine_hours"": 1433, ""idc_triggers"": [], ""buzzer_active"": false, ""fuel_level_avg"": 14, ""lock_geo_alert"": false, ""operation_mode"": ""RENT"", ""battery_voltage"": 14.470000267028809, ""in_primary_zone"": true, ""lock_engine_alert"": false, ""in_restricted_zone"": false, ""onboard_geofencing"": false, ""speed_limit_active"": false, ""lock_geo_alert_distance"": 0}"
2023-07-23 20:52:33.535,4431,858,"354616090369062",1582,"{""key"": false, ""flip"": false, ""zone"": false, ""speed"": 18.520000000000003, ""buzzer"": 0, ""engine"": true, ""in_zone"": true, ""ignition"": true, ""latitude"": 25.9323083, ""direction"": 162, ""longitude"": -80.1146766, ""gsm_signal"": 26, ""sleep_mode"": false, ""staff_mode"": false, ""fault_codes"": [], ""speed_limit"": 0, ""engine_hours"": 1433, ""idc_triggers"": [], ""buzzer_active"": false, ""fuel_level_avg"": 14, ""lock_geo_alert"": false, ""operation_mode"": ""RENT"", ""battery_voltage"": 14.470000267028809, ""in_primary_zone"": true, ""lock_engine_alert"": false, ""in_restricted_zone"": false, ""onboard_geofencing"": false, ""speed_limit_active"": false, ""lock_geo_alert_distance"": 0}"
2023-07-23 20:52:32.495,4431,858,"354616090369062",1582,"{""key"": false, ""flip"": false, ""zone"": false, ""speed"": 18.3348, ""buzzer"": 0, ""engine"": true, ""in_zone"": true, ""ignition"": true, ""latitude"": 25.9323533, ""direction"": 169, ""longitude"": -80.1146916, ""gsm_signal"": 27, ""sleep_mode"": false, ""staff_mode"": false, ""fault_codes"": [], ""speed_limit"": 0, ""engine_hours"": 1433, ""idc_triggers"": [], ""buzzer_active"": false, ""fuel_level_avg"": 14, ""lock_geo_alert"": false, ""operation_mode"": ""RENT"", ""battery_voltage"": 14.470000267028809, ""in_primary_zone"": true, ""lock_engine_alert"": false, ""in_restricted_zone"": false, ""onboard_geofencing"": false, ""speed_limit_active"": false, ""lock_geo_alert_distance"": 0}"
2023-07-23 20:52:31.471,4431,858,"354616090369062",1582,"{""key"": false, ""flip"": false, ""zone"": false, ""speed"": 21.483200000000004, ""buzzer"": 0, ""engine"": true, ""in_zone"": true, ""ignition"": true, ""latitude"": 25.9324016, ""direction"": 171, ""longitude"": -80.1147032, ""gsm_signal"": 31, ""sleep_mode"": false, ""staff_mode"": false, ""fault_codes"": [], ""speed_limit"": 0, ""engine_hours"": 1433, ""idc_triggers"": [], ""buzzer_active"": false, ""fuel_level_avg"": 14, ""lock_geo_alert"": false, ""operation_mode"": ""RENT"", ""battery_voltage"": 14.470000267028809, ""in_primary_zone"": true, ""lock_engine_alert"": false, ""in_restricted_zone"": false, ""onboard_geofencing"": false, ""speed_limit_active"": false, ""lock_geo_alert_distance"": 0}"
2023-07-23 20:52:30.498,4431,858,"354616090369062",1582,"{""key"": false, ""flip"": false, ""zone"": false, ""speed"": 24.8168, ""buzzer"": 0, ""engine"": true, ""in_zone"": true, ""ignition"": true, ""latitude"": 25.9324566, ""direction"": 172, ""longitude"": -80.1147132, ""gsm_signal"": 25, ""sleep_mode"": false, ""staff_mode"": false, ""fault_codes"": [], ""speed_limit"": 0, ""engine_hours"": 1433, ""idc_triggers"": [], ""buzzer_active"": false, ""fuel_level_avg"": 14, ""lock_geo_alert"": false, ""operation_mode"": ""RENT"", ""battery_voltage"": 14.470000267028809, ""in_primary_zone"": true, ""lock_engine_alert"": false, ""in_restricted_zone"": false, ""onboard_geofencing"": false, ""speed_limit_active"": false, ""lock_geo_alert_distance"": 0}"
2023-07-23 20:52:29.456,4431,858,"354616090369062",1582,"{""key"": false, ""flip"": false, ""zone"": false, ""speed"": 22.779600000000002, ""buzzer"": 0, ""engine"": true, ""in_zone"": true, ""ignition"": true, ""latitude"": 25.9325166, ""direction"": 169, ""longitude"": -80.1147232, ""gsm_signal"": 28, ""sleep_mode"": false, ""staff_mode"": false, ""fault_codes"": [], ""speed_limit"": 0, ""engine_hours"": 1433, ""idc_triggers"": [], ""buzzer_active"": false, ""fuel_level_avg"": 14, ""lock_geo_alert"": false, ""operation_mode"": ""RENT"", ""battery_voltage"": 14.470000267028809, ""in_primary_zone"": true, ""lock_engine_alert"": false, ""in_restricted_zone"": false, ""onboard_geofencing"": false, ""speed_limit_active"": false, ""lock_geo_alert_distance"": 0}"
2023-07-23 20:52:28.496,4431,858,"354616090369062",1582,"{""key"": false, ""flip"": false, ""zone"": false, ""speed"": 19.2608, ""buzzer"": 0, ""engine"": true, ""in_zone"": true, ""ignition"": true, ""latitude"": 25.9325683, ""direction"": 168, ""longitude"": -80.114735, ""gsm_signal"": 31, ""sleep_mode"": false, ""staff_mode"": false, ""fault_codes"": [], ""speed_limit"": 0, ""engine_hours"": 1433, ""idc_triggers"": [], ""buzzer_active"": false, ""fuel_level_avg"": 14, ""lock_geo_alert"": false, ""operation_mode"": ""RENT"", ""battery_voltage"": 14.470000267028809, ""in_primary_zone"": true, ""lock_engine_alert"": false, ""in_restricted_zone"": false, ""onboard_geofencing"": false, ""speed_limit_active"": false, ""lock_geo_alert_distance"": 0}"
2023-07-23 20:52:27.616,4431,858,"354616090369062",1582,"{""key"": false, ""flip"": false, ""zone"": false, ""speed"": 20.372, ""buzzer"": 0, ""engine"": true, ""in_zone"": true, ""ignition"": true, ""latitude"": 25.9326166, ""direction"": 165, ""longitude"": -80.1147482, ""gsm_signal"": 29, ""sleep_mode"": false, ""staff_mode"": false, ""fault_codes"": [], ""speed_limit"": 0, ""engine_hours"": 1433, ""idc_triggers"": [], ""buzzer_active"": false, ""fuel_level_avg"": 14, ""lock_geo_alert"": false, ""operation_mode"": ""RENT"", ""battery_voltage"": 14.470000267028809, ""in_primary_zone"": true, ""lock_engine_alert"": false, ""in_restricted_zone"": false, ""onboard_geofencing"": false, ""speed_limit_active"": false, ""lock_geo_alert_distance"": 0}"
2023-07-23 20:52:26.576,4431,858,"354616090369062",1582,"{""key"": false, ""flip"": false, ""zone"": false, ""speed"": 19.2608, ""buzzer"": 0, ""engine"": true, ""in_zone"": true, ""ignition"": true, ""latitude"": 25.932665, ""direction"": 168, ""longitude"": -80.1147632, ""gsm_signal"": 28, ""sleep_mode"": false, ""staff_mode"": false, ""fault_codes"": [], ""speed_limit"": 0, ""engine_hours"": 1433, ""idc_triggers"": [], ""buzzer_active"": false, ""fuel_level_avg"": 14, ""lock_geo_alert"": false, ""operation_mode"": ""RENT"", ""battery_voltage"": 14.470000267028809, ""in_primary_zone"": true, ""lock_engine_alert"": false, ""in_restricted_zone"": false, ""onboard_geofencing"": false, ""speed_limit_active"": false, ""lock_geo_alert_distance"": 0}"
2023-07-23 20:52:25.615,4431,858,"354616090369062",1582,"{""key"": false, ""flip"": false, ""zone"": false, ""speed"": 17.7792, ""buzzer"": 0, ""engine"": true, ""in_zone"": true, ""ignition"": true, ""latitude"": 25.93271, ""direction"": 166, ""longitude"": -80.1147782, ""gsm_signal"": 31, ""sleep_mode"": false, ""staff_mode"": false, ""fault_codes"": [], ""speed_limit"": 0, ""engine_hours"": 1433, ""idc_triggers"": [], ""buzzer_active"": false, ""fuel_level_avg"": 14, ""lock_geo_alert"": false, ""operation_mode"": ""RENT"", ""battery_voltage"": 14.470000267028809, ""in_primary_zone"": true, ""lock_engine_alert"": false, ""in_restricted_zone"": false, ""onboard_geofencing"": false, ""speed_limit_active"": false, ""lock_geo_alert_distance"": 0}"
2023-07-23 20:52:24.577,4431,858,"354616090369062",1582,"{""key"": false, ""flip"": false, ""zone"": false, ""speed"": 19.0756, ""buzzer"": 0, ""engine"": true, ""in_zone"": true, ""ignition"": true, ""latitude"": 25.9327516, ""direction"": 168, ""longitude"": -80.11479, ""gsm_signal"": 28, ""sleep_mode"": false, ""staff_mode"": false, ""fault_codes"": [], ""speed_limit"": 0, ""engine_hours"": 1433, ""idc_triggers"": [], ""buzzer_active"": false, ""fuel_level_avg"": 14, ""lock_geo_alert"": false, ""operation_mode"": ""RENT"", ""battery_voltage"": 14.470000267028809, ""in_primary_zone"": true, ""lock_engine_alert"": false, ""in_restricted_zone"": false, ""onboard_geofencing"": false, ""speed_limit_active"": false, ""lock_geo_alert_distance"": 0}"
2023-07-23 20:52:23.616,4431,858,"354616090369062",1582,"{""key"": false, ""flip"": false, ""zone"": false, ""speed"": 16.4828, ""buzzer"": 0, ""engine"": true, ""in_zone"": true, ""ignition"": true, ""latitude"": 25.9327933, ""direction"": 169, ""longitude"": -80.1148016, ""gsm_signal"": 31, ""sleep_mode"": false, ""staff_mode"": false, ""fault_codes"": [], ""speed_limit"": 0, ""engine_hours"": 1433, ""idc_triggers"": [], ""buzzer_active"": false, ""fuel_level_avg"": 14, ""lock_geo_alert"": false, ""operation_mode"": ""RENT"", ""battery_voltage"": 14.470000267028809, ""in_primary_zone"": true, ""lock_engine_alert"": false, ""in_restricted_zone"": false, ""onboard_geofencing"": false, ""speed_limit_active"": false, ""lock_geo_alert_distance"": 0}"
2023-07-23 20:52:22.576,4431,858,"354616090369062",1582,"{""key"": false, ""flip"": false, ""zone"": false, ""speed"": 15.1864, ""buzzer"": 0, ""engine"": true, ""in_zone"": true, ""ignition"": true, ""latitude"": 25.9328316, ""direction"": 173, ""longitude"": -80.11481, ""gsm_signal"": 27, ""sleep_mode"": false, ""staff_mode"": false, ""fault_codes"": [], ""speed_limit"": 0, ""engine_hours"": 1433, ""idc_triggers"": [], ""buzzer_active"": false, ""fuel_level_avg"": 14, ""lock_geo_alert"": false, ""operation_mode"": ""RENT"", ""battery_voltage"": 14.470000267028809, ""in_primary_zone"": true, ""lock_engine_alert"": false, ""in_restricted_zone"": false, ""onboard_geofencing"": false, ""speed_limit_active"": false, ""lock_geo_alert_distance"": 0}"
2023-07-23 20:52:21.615,4431,858,"354616090369062",1582,"{""key"": false, ""flip"": false, ""zone"": false, ""speed"": 14.445600000000002, ""buzzer"": 0, ""engine"": true, ""in_zone"": true, ""ignition"": true, ""latitude"": 25.9328666, ""direction"": 180, ""longitude"": -80.1148132, ""gsm_signal"": 28, ""sleep_mode"": false, ""staff_mode"": false, ""fault_codes"": [], ""speed_limit"": 0, ""engine_hours"": 1433, ""idc_triggers"": [], ""buzzer_active"": false, ""fuel_level_avg"": 14, ""lock_geo_alert"": false, ""operation_mode"": ""RENT"", ""battery_voltage"": 14.470000267028809, ""in_primary_zone"": true, ""lock_engine_alert"": false, ""in_restricted_zone"": false, ""onboard_geofencing"": false, ""speed_limit_active"": false, ""lock_geo_alert_distance"": 0}"
2023-07-23 20:52:20.600,4431,858,"354616090369062",1582,"{""key"": false, ""flip"": false, ""zone"": false, ""speed"": 13.7048, ""buzzer"": 0, ""engine"": true, ""in_zone"": true, ""ignition"": true, ""latitude"": 25.9329, ""direction"": 185, ""longitude"": -80.1148116, ""gsm_signal"": 30, ""sleep_mode"": false, ""staff_mode"": false, ""fault_codes"": [], ""speed_limit"": 0, ""engine_hours"": 1433, ""idc_triggers"": [], ""buzzer_active"": false, ""fuel_level_avg"": 14, ""lock_geo_alert"": false, ""operation_mode"": ""RENT"", ""battery_voltage"": 14.470000267028809, ""in_primary_zone"": true, ""lock_engine_alert"": false, ""in_restricted_zone"": false, ""onboard_geofencing"": false, ""speed_limit_active"": false, ""lock_geo_alert_distance"": 0}"
2023-07-23 20:52:19.615,4431,858,"354616090369062",1582,"{""key"": false, ""flip"": false, ""zone"": false, ""speed"": 12.4084, ""buzzer"": 0, ""engine"": true, ""in_zone"": true, ""ignition"": true, ""latitude"": 25.93293, ""direction"": 189, ""longitude"": -80.1148066, ""gsm_signal"": 26, ""sleep_mode"": false, ""staff_mode"": false, ""fault_codes"": [], ""speed_limit"": 0, ""engine_hours"": 1433, ""idc_triggers"": [], ""buzzer_active"": false, ""fuel_level_avg"": 14, ""lock_geo_alert"": false, ""operation_mode"": ""RENT"", ""battery_voltage"": 14.470000267028809, ""in_primary_zone"": true, ""lock_engine_alert"": false, ""in_restricted_zone"": false, ""onboard_geofencing"": false, ""speed_limit_active"": false, ""lock_geo_alert_distance"": 0}"
2023-07-23 20:52:18.581,4431,858,"354616090369062",1582,"{""key"": false, ""flip"": false, ""zone"": false, ""speed"": 11.112, ""buzzer"": 0, ""engine"": true, ""in_zone"": true, ""ignition"": true, ""latitude"": 25.9329583, ""direction"": 194, ""longitude"": -80.1148, ""gsm_signal"": 28, ""sleep_mode"": false, ""staff_mode"": false, ""fault_codes"": [], ""speed_limit"": 0, ""engine_hours"": 1433, ""idc_triggers"": [], ""buzzer_active"": false, ""fuel_level_avg"": 14, ""lock_geo_alert"": false, ""operation_mode"": ""RENT"", ""battery_voltage"": 14.470000267028809, ""in_primary_zone"": true, ""lock_engine_alert"": false, ""in_restricted_zone"": false, ""onboard_geofencing"": false, ""speed_limit_active"": false, ""lock_geo_alert_distance"": 0}"
2023-07-23 20:52:17.627,4431,858,"354616090369062",1582,"{""key"": false, ""flip"": false, ""zone"": false, ""speed"": 9.8156, ""buzzer"": 0, ""engine"": true, ""in_zone"": true, ""ignition"": true, ""latitude"": 25.932985, ""direction"": 194, ""longitude"": -80.1147932, ""gsm_signal"": 29, ""sleep_mode"": false, ""staff_mode"": false, ""fault_codes"": [], ""speed_limit"": 0, ""engine_hours"": 1433, ""idc_triggers"": [], ""buzzer_active"": false, ""fuel_level_avg"": 14, ""lock_geo_alert"": false, ""operation_mode"": ""RENT"", ""battery_voltage"": 14.470000267028809, ""in_primary_zone"": true, ""lock_engine_alert"": false, ""in_restricted_zone"": false, ""onboard_geofencing"": false, ""speed_limit_active"": false, ""lock_geo_alert_distance"": 0}"
2023-07-23 20:52:16.575,4431,858,"354616090369062",1582,"{""key"": false, ""flip"": false, ""zone"": false, ""speed"": 7.7784, ""buzzer"": 0, ""engine"": true, ""in_zone"": true, ""ignition"": true, ""latitude"": 25.9330083, ""direction"": 196, ""longitude"": -80.114785, ""gsm_signal"": 29, ""sleep_mode"": false, ""staff_mode"": false, ""fault_codes"": [], ""speed_limit"": 0, ""engine_hours"": 1433, ""idc_triggers"": [], ""buzzer_active"": false, ""fuel_level_avg"": 14, ""lock_geo_alert"": false, ""operation_mode"": ""RENT"", ""battery_voltage"": 14.470000267028809, ""in_primary_zone"": true, ""lock_engine_alert"": false, ""in_restricted_zone"": false, ""onboard_geofencing"": false, ""speed_limit_active"": false, ""lock_geo_alert_distance"": 0}"
2023-07-23 20:52:15.616,4431,858,"354616090369062",1582,"{""key"": false, ""flip"": false, ""zone"": false, ""speed"": 7.7784, ""buzzer"": 0, ""engine"": true, ""in_zone"": true, ""ignition"": true, ""latitude"": 25.9330283, ""direction"": 197, ""longitude"": -80.1147766, ""gsm_signal"": 27, ""sleep_mode"": false, ""staff_mode"": false, ""fault_codes"": [], ""speed_limit"": 0, ""engine_hours"": 1433, ""idc_triggers"": [], ""buzzer_active"": false, ""fuel_level_avg"": 14, ""lock_geo_alert"": false, ""operation_mode"": ""RENT"", ""battery_voltage"": 14.470000267028809, ""in_primary_zone"": true, ""lock_engine_alert"": false, ""in_restricted_zone"": false, ""onboard_geofencing"": false, ""speed_limit_active"": false, ""lock_geo_alert_distance"": 0}"
2023-07-23 20:52:14.576,4431,858,"354616090369062",1582,"{""key"": false, ""flip"": false, ""zone"": false, ""speed"": 7.7784, ""buzzer"": 0, ""engine"": true, ""in_zone"": true, ""ignition"": true, ""latitude"": 25.9330483, ""direction"": 199, ""longitude"": -80.11477, ""gsm_signal"": 27, ""sleep_mode"": false, ""staff_mode"": false, ""fault_codes"": [], ""speed_limit"": 0, ""engine_hours"": 1433, ""idc_triggers"": [], ""buzzer_active"": false, ""fuel_level_avg"": 14, ""lock_geo_alert"": false, ""operation_mode"": ""RENT"", ""battery_voltage"": 14.470000267028809, ""in_primary_zone"": true, ""lock_engine_alert"": false, ""in_restricted_zone"": false, ""onboard_geofencing"": false, ""speed_limit_active"": false, ""lock_geo_alert_distance"": 0}"
2023-07-23 20:52:13.616,4431,858,"354616090369062",1582,"{""key"": false, ""flip"": false, ""zone"": false, ""speed"": 7.0376, ""buzzer"": 0, ""engine"": true, ""in_zone"": true, ""ignition"": true, ""latitude"": 25.9330683, ""direction"": 193, ""longitude"": -80.1147632, ""gsm_signal"": 26, ""sleep_mode"": false, ""staff_mode"": false, ""fault_codes"": [], ""speed_limit"": 0, ""engine_hours"": 1433, ""idc_triggers"": [], ""buzzer_active"": false, ""fuel_level_avg"": 14, ""lock_geo_alert"": false, ""operation_mode"": ""RENT"", ""battery_voltage"": 14.470000267028809, ""in_primary_zone"": true, ""lock_engine_alert"": false, ""in_restricted_zone"": false, ""onboard_geofencing"": false, ""speed_limit_active"": false, ""lock_geo_alert_distance"": 0}"
2023-07-23 20:52:12.576,4431,858,"354616090369062",1582,"{""key"": false, ""flip"": false, ""zone"": false, ""speed"": 7.0376, ""buzzer"": 0, ""engine"": true, ""in_zone"": true, ""ignition"": true, ""latitude"": 25.9330866, ""direction"": 196, ""longitude"": -80.11476, ""gsm_signal"": 27, ""sleep_mode"": false, ""staff_mode"": false, ""fault_codes"": [], ""speed_limit"": 0, ""engine_hours"": 1433, ""idc_triggers"": [], ""buzzer_active"": false, ""fuel_level_avg"": 14, ""lock_geo_alert"": false, ""operation_mode"": ""RENT"", ""battery_voltage"": 14.470000267028809, ""in_primary_zone"": true, ""lock_engine_alert"": false, ""in_restricted_zone"": false, ""onboard_geofencing"": false, ""speed_limit_active"": false, ""lock_geo_alert_distance"": 0}"
2023-07-23 20:52:11.616,4431,858,"354616090369062",1582,"{""key"": false, ""flip"": false, ""zone"": false, ""speed"": 11.2972, ""buzzer"": 0, ""engine"": true, ""in_zone"": true, ""ignition"": true, ""latitude"": 25.93311, ""direction"": 190, ""longitude"": -80.1147566, ""gsm_signal"": 30, ""sleep_mode"": false, ""staff_mode"": false, ""fault_codes"": [], ""speed_limit"": 0, ""engine_hours"": 1433, ""idc_triggers"": [], ""buzzer_active"": false, ""fuel_level_avg"": 14, ""lock_geo_alert"": false, ""operation_mode"": ""RENT"", ""battery_voltage"": 14.470000267028809, ""in_primary_zone"": true, ""lock_engine_alert"": false, ""in_restricted_zone"": false, ""onboard_geofencing"": false, ""speed_limit_active"": false, ""lock_geo_alert_distance"": 0}"
2023-07-23 20:52:10.576,4431,858,"354616090369062",1582,"{""key"": false, ""flip"": false, ""zone"": false, ""speed"": 16.668, ""buzzer"": 0, ""engine"": true, ""in_zone"": true, ""ignition"": true, ""latitude"": 25.9331416, ""direction"": 187, ""longitude"": -80.1147532, ""gsm_signal"": 25, ""sleep_mode"": false, ""staff_mode"": false, ""fault_codes"": [], ""speed_limit"": 0, ""engine_hours"": 1433, ""idc_triggers"": [], ""buzzer_active"": false, ""fuel_level_avg"": 14, ""lock_geo_alert"": false, ""operation_mode"": ""RENT"", ""battery_voltage"": 14.470000267028809, ""in_primary_zone"": true, ""lock_engine_alert"": false, ""in_restricted_zone"": false, ""onboard_geofencing"": false, ""speed_limit_active"": false, ""lock_geo_alert_distance"": 0}"
2023-07-23 20:52:09.673,4431,858,"354616090369062",1582,"{""key"": false, ""flip"": false, ""zone"": false, ""speed"": 23.520400000000002, ""buzzer"": 0, ""engine"": true, ""in_zone"": true, ""ignition"": true, ""latitude"": 25.9331933, ""direction"": 184, ""longitude"": -80.1147482, ""gsm_signal"": 29, ""sleep_mode"": false, ""staff_mode"": false, ""fault_codes"": [], ""speed_limit"": 0, ""engine_hours"": 1433, ""idc_triggers"": [], ""buzzer_active"": false, ""fuel_level_avg"": 14, ""lock_geo_alert"": false, ""operation_mode"": ""RENT"", ""battery_voltage"": 14.470000267028809, ""in_primary_zone"": true, ""lock_engine_alert"": false, ""in_restricted_zone"": false, ""onboard_geofencing"": false, ""speed_limit_active"": false, ""lock_geo_alert_distance"": 0}"
2023-07-23 20:52:08.575,4431,858,"354616090369062",1582,"{""key"": false, ""flip"": false, ""zone"": false, ""speed"": 25.372400000000003, ""buzzer"": 0, ""engine"": true, ""in_zone"": true, ""ignition"": true, ""latitude"": 25.9332533, ""direction"": 186, ""longitude"": -80.11474, ""gsm_signal"": 28, ""sleep_mode"": false, ""staff_mode"": false, ""fault_codes"": [], ""speed_limit"": 0, ""engine_hours"": 1433, ""idc_triggers"": [], ""buzzer_active"": false, ""fuel_level_avg"": 14, ""lock_geo_alert"": false, ""operation_mode"": ""RENT"", ""battery_voltage"": 14.470000267028809, ""in_primary_zone"": true, ""lock_engine_alert"": false, ""in_restricted_zone"": false, ""onboard_geofencing"": false, ""speed_limit_active"": false, ""lock_geo_alert_distance"": 0}"
2023-07-23 20:52:07.616,4431,858,"354616090369062",1582,"{""key"": false, ""flip"": false, ""zone"": false, ""speed"": 26.668799999999997, ""buzzer"": 0, ""engine"": true, ""in_zone"": true, ""ignition"": true, ""latitude"": 25.9333233, ""direction"": 185, ""longitude"": -80.1147332, ""gsm_signal"": 29, ""sleep_mode"": false, ""staff_mode"": false, ""fault_codes"": [], ""speed_limit"": 0, ""engine_hours"": 1433, ""idc_triggers"": [], ""buzzer_active"": false, ""fuel_level_avg"": 14, ""lock_geo_alert"": false, ""operation_mode"": ""RENT"", ""battery_voltage"": 14.470000267028809, ""in_primary_zone"": true, ""lock_engine_alert"": false, ""in_restricted_zone"": false, ""onboard_geofencing"": false, ""speed_limit_active"": false, ""lock_geo_alert_distance"": 0}"
2023-07-23 20:52:06.576,4431,858,"354616090369062",1582,"{""key"": false, ""flip"": false, ""zone"": false, ""speed"": 28.5208, ""buzzer"": 0, ""engine"": true, ""in_zone"": true, ""ignition"": true, ""latitude"": 25.933396600000002, ""direction"": 183, ""longitude"": -80.1147282, ""gsm_signal"": 31, ""sleep_mode"": false, ""staff_mode"": false, ""fault_codes"": [], ""speed_limit"": 0, ""engine_hours"": 1433, ""idc_triggers"": [], ""buzzer_active"": false, ""fuel_level_avg"": 14, ""lock_geo_alert"": false, ""operation_mode"": ""RENT"", ""battery_voltage"": 14.470000267028809, ""in_primary_zone"": true, ""lock_engine_alert"": false, ""in_restricted_zone"": false, ""onboard_geofencing"": false, ""speed_limit_active"": false, ""lock_geo_alert_distance"": 0}"
2023-07-23 20:52:05.616,4431,858,"354616090369062",1582,"{""key"": false, ""flip"": false, ""zone"": false, ""speed"": 28.5208, ""buzzer"": 0, ""engine"": true, ""in_zone"": true, ""ignition"": true, ""latitude"": 25.9334716, ""direction"": 183, ""longitude"": -80.1147216, ""gsm_signal"": 30, ""sleep_mode"": false, ""staff_mode"": false, ""fault_codes"": [], ""speed_limit"": 0, ""engine_hours"": 1433, ""idc_triggers"": [], ""buzzer_active"": false, ""fuel_level_avg"": 14, ""lock_geo_alert"": false, ""operation_mode"": ""RENT"", ""battery_voltage"": 14.470000267028809, ""in_primary_zone"": true, ""lock_engine_alert"": false, ""in_restricted_zone"": false, ""onboard_geofencing"": false, ""speed_limit_active"": false, ""lock_geo_alert_distance"": 0}"
2023-07-23 20:52:04.575,4431,858,"354616090369062",1582,"{""key"": false, ""flip"": false, ""zone"": false, ""speed"": 28.5208, ""buzzer"": 0, ""engine"": true, ""in_zone"": true, ""ignition"": true, ""latitude"": 25.933548299999998, ""direction"": 183, ""longitude"": -80.1147182, ""gsm_signal"": 31, ""sleep_mode"": false, ""staff_mode"": false, ""fault_codes"": [], ""speed_limit"": 0, ""engine_hours"": 1433, ""idc_triggers"": [], ""buzzer_active"": false, ""fuel_level_avg"": 14, ""lock_geo_alert"": false, ""operation_mode"": ""RENT"", ""battery_voltage"": 14.470000267028809, ""in_primary_zone"": true, ""lock_engine_alert"": false, ""in_restricted_zone"": false, ""onboard_geofencing"": false, ""speed_limit_active"": false, ""lock_geo_alert_distance"": 0}"
2023-07-23 20:52:03.615,4431,858,"354616090369062",1582,"{""key"": false, ""flip"": false, ""zone"": false, ""speed"": 29.817200000000003, ""buzzer"": 0, ""engine"": true, ""in_zone"": true, ""ignition"": true, ""latitude"": 25.933625, ""direction"": 184, ""longitude"": -80.114715, ""gsm_signal"": 29, ""sleep_mode"": false, ""staff_mode"": false, ""fault_codes"": [], ""speed_limit"": 0, ""engine_hours"": 1433, ""idc_triggers"": [], ""buzzer_active"": false, ""fuel_level_avg"": 14, ""lock_geo_alert"": false, ""operation_mode"": ""RENT"", ""battery_voltage"": 14.470000267028809, ""in_primary_zone"": true, ""lock_engine_alert"": false, ""in_restricted_zone"": false, ""onboard_geofencing"": false, ""speed_limit_active"": false, ""lock_geo_alert_distance"": 0}"
2023-07-23 20:52:02.575,4431,858,"354616090369062",1582,"{""key"": false, ""flip"": false, ""zone"": false, ""speed"": 29.261600000000005, ""buzzer"": 0, ""engine"": true, ""in_zone"": true, ""ignition"": true, ""latitude"": 25.9337, ""direction"": 185, ""longitude"": -80.1147082, ""gsm_signal"": 28, ""sleep_mode"": false, ""staff_mode"": false, ""fault_codes"": [], ""speed_limit"": 0, ""engine_hours"": 1433, ""idc_triggers"": [], ""buzzer_active"": false, ""fuel_level_avg"": 14, ""lock_geo_alert"": false, ""operation_mode"": ""RENT"", ""battery_voltage"": 14.470000267028809, ""in_primary_zone"": true, ""lock_engine_alert"": false, ""in_restricted_zone"": false, ""onboard_geofencing"": false, ""speed_limit_active"": false, ""lock_geo_alert_distance"": 0}"
2023-07-23 20:52:01.616,4431,858,"354616090369062",1582,"{""key"": false, ""flip"": false, ""zone"": false, ""speed"": 27.594800000000003, ""buzzer"": 0, ""engine"": true, ""in_zone"": true, ""ignition"": true, ""latitude"": 25.9337766, ""direction"": 186, ""longitude"": -80.114705, ""gsm_signal"": 28, ""sleep_mode"": false, ""staff_mode"": false, ""fault_codes"": [], ""speed_limit"": 0, ""engine_hours"": 1433, ""idc_triggers"": [], ""buzzer_active"": false, ""fuel_level_avg"": 14, ""lock_geo_alert"": false, ""operation_mode"": ""RENT"", ""battery_voltage"": 14.470000267028809, ""in_primary_zone"": true, ""lock_engine_alert"": false, ""in_restricted_zone"": false, ""onboard_geofencing"": false, ""speed_limit_active"": false, ""lock_geo_alert_distance"": 0}"
2023-07-23 20:52:00.577,4431,858,"354616090369062",1582,"{""key"": false, ""flip"": false, ""zone"": false, ""speed"": 24.4464, ""buzzer"": 0, ""engine"": true, ""in_zone"": true, ""ignition"": true, ""latitude"": 25.933845, ""direction"": 185, ""longitude"": -80.1147, ""gsm_signal"": 31, ""sleep_mode"": false, ""staff_mode"": false, ""fault_codes"": [], ""speed_limit"": 0, ""engine_hours"": 1433, ""idc_triggers"": [], ""buzzer_active"": false, ""fuel_level_avg"": 14, ""lock_geo_alert"": false, ""operation_mode"": ""RENT"", ""battery_voltage"": 14.470000267028809, ""in_primary_zone"": true, ""lock_engine_alert"": false, ""in_restricted_zone"": false, ""onboard_geofencing"": false, ""speed_limit_active"": false, ""lock_geo_alert_distance"": 0}"
2023-07-23 20:51:59.627,4431,858,"354616090369062",1582,"{""key"": false, ""flip"": false, ""zone"": false, ""speed"": 21.298000000000002, ""buzzer"": 0, ""engine"": true, ""in_zone"": true, ""ignition"": true, ""latitude"": 25.933905, ""direction"": 186, ""longitude"": -80.114695, ""gsm_signal"": 30, ""sleep_mode"": false, ""staff_mode"": false, ""fault_codes"": [], ""speed_limit"": 0, ""engine_hours"": 1433, ""idc_triggers"": [], ""buzzer_active"": false, ""fuel_level_avg"": 14, ""lock_geo_alert"": false, ""operation_mode"": ""RENT"", ""battery_voltage"": 14.470000267028809, ""in_primary_zone"": true, ""lock_engine_alert"": false, ""in_restricted_zone"": false, ""onboard_geofencing"": false, ""speed_limit_active"": false, ""lock_geo_alert_distance"": 0}"
2023-07-23 20:51:58.575,4431,858,"354616090369062",1582,"{""key"": false, ""flip"": false, ""zone"": false, ""speed"": 18.1496, ""buzzer"": 0, ""engine"": true, ""in_zone"": true, ""ignition"": true, ""latitude"": 25.933955, ""direction"": 185, ""longitude"": -80.11469, ""gsm_signal"": 30, ""sleep_mode"": false, ""staff_mode"": false, ""fault_codes"": [], ""speed_limit"": 0, ""engine_hours"": 1433, ""idc_triggers"": [], ""buzzer_active"": false, ""fuel_level_avg"": 14, ""lock_geo_alert"": false, ""operation_mode"": ""RENT"", ""battery_voltage"": 14.470000267028809, ""in_primary_zone"": true, ""lock_engine_alert"": false, ""in_restricted_zone"": false, ""onboard_geofencing"": false, ""speed_limit_active"": false, ""lock_geo_alert_distance"": 0}"
2023-07-23 20:51:57.649,4431,858,"354616090369062",1582,"{""key"": false, ""flip"": false, ""zone"": false, ""speed"": 14.445600000000002, ""buzzer"": 0, ""engine"": true, ""in_zone"": true, ""ignition"": true, ""latitude"": 25.9339983, ""direction"": 187, ""longitude"": -80.11469, ""gsm_signal"": 29, ""sleep_mode"": false, ""staff_mode"": false, ""fault_codes"": [], ""speed_limit"": 0, ""engine_hours"": 1433, ""idc_triggers"": [], ""buzzer_active"": false, ""fuel_level_avg"": 14, ""lock_geo_alert"": false, ""operation_mode"": ""RENT"", ""battery_voltage"": 14.470000267028809, ""in_primary_zone"": true, ""lock_engine_alert"": false, ""in_restricted_zone"": false, ""onboard_geofencing"": false, ""speed_limit_active"": false, ""lock_geo_alert_distance"": 0}"
2023-07-23 20:51:57.070,4431,858,"354616090369062",1582,"{""key"": false, ""flip"": false, ""zone"": false, ""speed"": 9.4452, ""buzzer"": 0, ""engine"": true, ""in_zone"": true, ""ignition"": true, ""latitude"": 25.9341466, ""direction"": 225, ""longitude"": -80.11463, ""gsm_signal"": 20, ""sleep_mode"": false, ""staff_mode"": false, ""fault_codes"": [], ""speed_limit"": 0, ""engine_hours"": 1433, ""idc_triggers"": [], ""buzzer_active"": false, ""fuel_level_avg"": 14, ""lock_geo_alert"": false, ""operation_mode"": ""RENT"", ""battery_voltage"": 14.470000267028809, ""in_primary_zone"": true, ""lock_engine_alert"": false, ""in_restricted_zone"": false, ""onboard_geofencing"": false, ""speed_limit_active"": false, ""lock_geo_alert_distance"": 0}"
2023-07-23 20:51:57.057,4431,858,"354616090369062",1582,"{""key"": false, ""flip"": false, ""zone"": false, ""speed"": 9.0748, ""buzzer"": 0, ""engine"": true, ""in_zone"": true, ""ignition"": true, ""latitude"": 25.9341666, ""direction"": 223, ""longitude"": -80.114615, ""gsm_signal"": 19, ""sleep_mode"": false, ""staff_mode"": false, ""fault_codes"": [], ""speed_limit"": 0, ""engine_hours"": 1433, ""idc_triggers"": [], ""buzzer_active"": false, ""fuel_level_avg"": 14, ""lock_geo_alert"": false, ""operation_mode"": ""RENT"", ""battery_voltage"": 14.470000267028809, ""in_primary_zone"": true, ""lock_engine_alert"": false, ""in_restricted_zone"": false, ""onboard_geofencing"": false, ""speed_limit_active"": false, ""lock_geo_alert_distance"": 0}"
2023-07-23 20:51:49.532,4431,858,"354616090369062",1582,"{""key"": false, ""flip"": false, ""zone"": false, ""speed"": 12.2232, ""buzzer"": 0, ""engine"": true, ""in_zone"": true, ""ignition"": true, ""latitude"": 25.9341966, ""direction"": 256, ""longitude"": -80.1145632, ""gsm_signal"": 20, ""sleep_mode"": false, ""staff_mode"": false, ""fault_codes"": [], ""speed_limit"": 0, ""engine_hours"": 1433, ""idc_triggers"": [], ""buzzer_active"": false, ""fuel_level_avg"": 19, ""lock_geo_alert"": false, ""operation_mode"": ""RENT"", ""battery_voltage"": 14.5, ""in_primary_zone"": true, ""lock_engine_alert"": false, ""in_restricted_zone"": false, ""onboard_geofencing"": false, ""speed_limit_active"": false, ""lock_geo_alert_distance"": 0}"
2023-07-23 20:51:49.472,4431,858,"354616090369062",1582,"{""key"": false, ""flip"": false, ""zone"": false, ""speed"": 14.2604, ""buzzer"": 0, ""engine"": true, ""in_zone"": true, ""ignition"": true, ""latitude"": 25.9342066, ""direction"": 271, ""longitude"": -80.1145332, ""gsm_signal"": 25, ""sleep_mode"": false, ""staff_mode"": false, ""fault_codes"": [], ""speed_limit"": 0, ""engine_hours"": 1433, ""idc_triggers"": [], ""buzzer_active"": false, ""fuel_level_avg"": 19, ""lock_geo_alert"": false, ""operation_mode"": ""RENT"", ""battery_voltage"": 14.5, ""in_primary_zone"": true, ""lock_engine_alert"": false, ""in_restricted_zone"": false, ""onboard_geofencing"": false, ""speed_limit_active"": false, ""lock_geo_alert_distance"": 0}"
2023-07-23 20:51:48.590,4431,858,"354616090369062",1582,"{""key"": false, ""flip"": false, ""zone"": false, ""speed"": 14.2604, ""buzzer"": 0, ""engine"": true, ""in_zone"": true, ""ignition"": true, ""latitude"": 25.9342066, ""direction"": 271, ""longitude"": -80.1145332, ""gsm_signal"": 25, ""sleep_mode"": false, ""staff_mode"": false, ""fault_codes"": [], ""speed_limit"": 0, ""engine_hours"": 1433, ""idc_triggers"": [], ""buzzer_active"": false, ""fuel_level_avg"": 19, ""lock_geo_alert"": false, ""operation_mode"": ""RENT"", ""battery_voltage"": 14.5, ""in_primary_zone"": true, ""lock_engine_alert"": false, ""in_restricted_zone"": false, ""onboard_geofencing"": false, ""speed_limit_active"": false, ""lock_geo_alert_distance"": 0}"
2023-07-23 20:51:47.538,4431,858,"354616090369062",1582,"{""key"": false, ""flip"": false, ""zone"": false, ""speed"": 21.1128, ""buzzer"": 0, ""engine"": true, ""in_zone"": true, ""ignition"": true, ""latitude"": 25.93421, ""direction"": 283, ""longitude"": -80.1144982, ""gsm_signal"": 24, ""sleep_mode"": false, ""staff_mode"": false, ""fault_codes"": [], ""speed_limit"": 0, ""engine_hours"": 1433, ""idc_triggers"": [], ""buzzer_active"": false, ""fuel_level_avg"": 19, ""lock_geo_alert"": false, ""operation_mode"": ""RENT"", ""battery_voltage"": 14.5, ""in_primary_zone"": true, ""lock_engine_alert"": false, ""in_restricted_zone"": false, ""onboard_geofencing"": false, ""speed_limit_active"": false, ""lock_geo_alert_distance"": 0}"
2023-07-23 20:51:46.578,4431,858,"354616090369062",1582,"{""key"": false, ""flip"": false, ""zone"": false, ""speed"": 28.3356, ""buzzer"": 0, ""engine"": true, ""in_zone"": true, ""ignition"": true, ""latitude"": 25.9342016, ""direction"": 284, ""longitude"": -80.11444, ""gsm_signal"": 23, ""sleep_mode"": false, ""staff_mode"": false, ""fault_codes"": [], ""speed_limit"": 0, ""engine_hours"": 1433, ""idc_triggers"": [], ""buzzer_active"": false, ""fuel_level_avg"": 19, ""lock_geo_alert"": false, ""operation_mode"": ""RENT"", ""battery_voltage"": 14.5, ""in_primary_zone"": true, ""lock_engine_alert"": false, ""in_restricted_zone"": false, ""onboard_geofencing"": false, ""speed_limit_active"": false, ""lock_geo_alert_distance"": 0}"
2023-07-23 20:51:45.618,4431,858,"354616090369062",1582,"{""key"": false, ""flip"": false, ""zone"": false, ""speed"": 33.7064, ""buzzer"": 0, ""engine"": true, ""in_zone"": true, ""ignition"": true, ""latitude"": 25.9341816, ""direction"": 287, ""longitude"": -80.11436, ""gsm_signal"": 23, ""sleep_mode"": false, ""staff_mode"": false, ""fault_codes"": [], ""speed_limit"": 0, ""engine_hours"": 1433, ""idc_triggers"": [], ""buzzer_active"": false, ""fuel_level_avg"": 19, ""lock_geo_alert"": false, ""operation_mode"": ""RENT"", ""battery_voltage"": 14.5, ""in_primary_zone"": true, ""lock_engine_alert"": false, ""in_restricted_zone"": false, ""onboard_geofencing"": false, ""speed_limit_active"": false, ""lock_geo_alert_distance"": 0}"
2023-07-23 20:51:44.577,4431,858,"354616090369062",1582,"{""key"": false, ""flip"": false, ""zone"": false, ""speed"": 39.2624, ""buzzer"": 0, ""engine"": true, ""in_zone"": true, ""ignition"": true, ""latitude"": 25.9341533, ""direction"": 282, ""longitude"": -80.1142532, ""gsm_signal"": 23, ""sleep_mode"": false, ""staff_mode"": false, ""fault_codes"": [], ""speed_limit"": 0, ""engine_hours"": 1433, ""idc_triggers"": [], ""buzzer_active"": false, ""fuel_level_avg"": 19, ""lock_geo_alert"": false, ""operation_mode"": ""RENT"", ""battery_voltage"": 14.5, ""in_primary_zone"": true, ""lock_engine_alert"": false, ""in_restricted_zone"": false, ""onboard_geofencing"": false, ""speed_limit_active"": false, ""lock_geo_alert_distance"": 0}"
2023-07-23 20:51:43.617,4431,858,"354616090369062",1582,"{""key"": false, ""flip"": false, ""zone"": false, ""speed"": 37.966, ""buzzer"": 0, ""engine"": true, ""in_zone"": true, ""ignition"": true, ""latitude"": 25.9341383, ""direction"": 281, ""longitude"": -80.1141366, ""gsm_signal"": 24, ""sleep_mode"": false, ""staff_mode"": false, ""fault_codes"": [], ""speed_limit"": 0, ""engine_hours"": 1433, ""idc_triggers"": [], ""buzzer_active"": false, ""fuel_level_avg"": 19, ""lock_geo_alert"": false, ""operation_mode"": ""RENT"", ""battery_voltage"": 14.5, ""in_primary_zone"": true, ""lock_engine_alert"": false, ""in_restricted_zone"": false, ""onboard_geofencing"": false, ""speed_limit_active"": false, ""lock_geo_alert_distance"": 0}"
2023-07-23 20:51:42.582,4431,858,"354616090369062",1582,"{""key"": false, ""flip"": false, ""zone"": false, ""speed"": 35.188, ""buzzer"": 0, ""engine"": true, ""in_zone"": true, ""ignition"": true, ""latitude"": 25.93412, ""direction"": 281, ""longitude"": -80.114035, ""gsm_signal"": 23, ""sleep_mode"": false, ""staff_mode"": false, ""fault_codes"": [], ""speed_limit"": 0, ""engine_hours"": 1433, ""idc_triggers"": [], ""buzzer_active"": false, ""fuel_level_avg"": 19, ""lock_geo_alert"": false, ""operation_mode"": ""RENT"", ""battery_voltage"": 14.5, ""in_primary_zone"": true, ""lock_engine_alert"": false, ""in_restricted_zone"": false, ""onboard_geofencing"": false, ""speed_limit_active"": false, ""lock_geo_alert_distance"": 0}"
2023-07-23 20:51:41.538,4431,858,"354616090369062",1582,"{""key"": false, ""flip"": false, ""zone"": false, ""speed"": 32.410000000000004, ""buzzer"": 0, ""engine"": true, ""in_zone"": true, ""ignition"": true, ""latitude"": 25.9341066, ""direction"": 280, ""longitude"": -80.1139416, ""gsm_signal"": 22, ""sleep_mode"": false, ""staff_mode"": false, ""fault_codes"": [], ""speed_limit"": 0, ""engine_hours"": 1433, ""idc_triggers"": [], ""buzzer_active"": false, ""fuel_level_avg"": 19, ""lock_geo_alert"": false, ""operation_mode"": ""RENT"", ""battery_voltage"": 14.5, ""in_primary_zone"": true, ""lock_engine_alert"": false, ""in_restricted_zone"": false, ""onboard_geofencing"": false, ""speed_limit_active"": false, ""lock_geo_alert_distance"": 0}"
2023-07-23 20:51:40.577,4431,858,"354616090369062",1582,"{""key"": false, ""flip"": false, ""zone"": false, ""speed"": 30.558000000000003, ""buzzer"": 0, ""engine"": true, ""in_zone"": true, ""ignition"": true, ""latitude"": 25.934095, ""direction"": 281, ""longitude"": -80.113855, ""gsm_signal"": 22, ""sleep_mode"": false, ""staff_mode"": false, ""fault_codes"": [], ""speed_limit"": 0, ""engine_hours"": 1433, ""idc_triggers"": [], ""buzzer_active"": false, ""fuel_level_avg"": 19, ""lock_geo_alert"": false, ""operation_mode"": ""RENT"", ""battery_voltage"": 14.5, ""in_primary_zone"": true, ""lock_engine_alert"": false, ""in_restricted_zone"": false, ""onboard_geofencing"": false, ""speed_limit_active"": false, ""lock_geo_alert_distance"": 0}"
2023-07-23 20:51:39.617,4431,858,"354616090369062",1582,"{""key"": false, ""flip"": false, ""zone"": false, ""speed"": 30.0024, ""buzzer"": 0, ""engine"": true, ""in_zone"": true, ""ignition"": true, ""latitude"": 25.9340833, ""direction"": 284, ""longitude"": -80.11377, ""gsm_signal"": 23, ""sleep_mode"": false, ""staff_mode"": false, ""fault_codes"": [], ""speed_limit"": 0, ""engine_hours"": 1433, ""idc_triggers"": [], ""buzzer_active"": false, ""fuel_level_avg"": 19, ""lock_geo_alert"": false, ""operation_mode"": ""RENT"", ""battery_voltage"": 14.5, ""in_primary_zone"": true, ""lock_engine_alert"": false, ""in_restricted_zone"": false, ""onboard_geofencing"": false, ""speed_limit_active"": false, ""lock_geo_alert_distance"": 0}"
2023-07-23 20:51:38.577,4431,858,"354616090369062",1582,"{""key"": false, ""flip"": false, ""zone"": false, ""speed"": 30.7432, ""buzzer"": 0, ""engine"": true, ""in_zone"": true, ""ignition"": true, ""latitude"": 25.9340633, ""direction"": 290, ""longitude"": -80.1136932, ""gsm_signal"": 23, ""sleep_mode"": false, ""staff_mode"": false, ""fault_codes"": [], ""speed_limit"": 0, ""engine_hours"": 1433, ""idc_triggers"": [], ""buzzer_active"": false, ""fuel_level_avg"": 19, ""lock_geo_alert"": false, ""operation_mode"": ""RENT"", ""battery_voltage"": 14.5, ""in_primary_zone"": true, ""lock_engine_alert"": false, ""in_restricted_zone"": false, ""onboard_geofencing"": false, ""speed_limit_active"": false, ""lock_geo_alert_distance"": 0}"
2023-07-23 20:51:37.617,4431,858,"354616090369062",1582,"{""key"": false, ""flip"": false, ""zone"": false, ""speed"": 33.336, ""buzzer"": 0, ""engine"": true, ""in_zone"": true, ""ignition"": true, ""latitude"": 25.9340316, ""direction"": 293, ""longitude"": -80.1136116, ""gsm_signal"": 22, ""sleep_mode"": false, ""staff_mode"": false, ""fault_codes"": [], ""speed_limit"": 0, ""engine_hours"": 1433, ""idc_triggers"": [], ""buzzer_active"": false, ""fuel_level_avg"": 19, ""lock_geo_alert"": false, ""operation_mode"": ""RENT"", ""battery_voltage"": 14.5, ""in_primary_zone"": true, ""lock_engine_alert"": false, ""in_restricted_zone"": false, ""onboard_geofencing"": false, ""speed_limit_active"": false, ""lock_geo_alert_distance"": 0}"
2023-07-23 20:51:36.577,4431,858,"354616090369062",1582,"{""key"": false, ""flip"": false, ""zone"": false, ""speed"": 35.9288, ""buzzer"": 0, ""engine"": true, ""in_zone"": true, ""ignition"": true, ""latitude"": 25.933995, ""direction"": 295, ""longitude"": -80.11352, ""gsm_signal"": 22, ""sleep_mode"": false, ""staff_mode"": false, ""fault_codes"": [], ""speed_limit"": 0, ""engine_hours"": 1433, ""idc_triggers"": [], ""buzzer_active"": false, ""fuel_level_avg"": 19, ""lock_geo_alert"": false, ""operation_mode"": ""RENT"", ""battery_voltage"": 14.5, ""in_primary_zone"": true, ""lock_engine_alert"": false, ""in_restricted_zone"": false, ""onboard_geofencing"": false, ""speed_limit_active"": false, ""lock_geo_alert_distance"": 0}"
2023-07-23 20:51:35.617,4431,858,"354616090369062",1582,"{""key"": false, ""flip"": false, ""zone"": false, ""speed"": 41.299600000000005, ""buzzer"": 0, ""engine"": true, ""in_zone"": true, ""ignition"": true, ""latitude"": 25.933934999999998, ""direction"": 302, ""longitude"": -80.113425, ""gsm_signal"": 21, ""sleep_mode"": false, ""staff_mode"": false, ""fault_codes"": [], ""speed_limit"": 0, ""engine_hours"": 1433, ""idc_triggers"": [], ""buzzer_active"": false, ""fuel_level_avg"": 19, ""lock_geo_alert"": false, ""operation_mode"": ""RENT"", ""battery_voltage"": 14.5, ""in_primary_zone"": true, ""lock_engine_alert"": false, ""in_restricted_zone"": false, ""onboard_geofencing"": false, ""speed_limit_active"": false, ""lock_geo_alert_distance"": 0}"
2023-07-23 20:51:34.575,4431,858,"354616090369062",1582,"{""key"": false, ""flip"": false, ""zone"": false, ""speed"": 41.4848, ""buzzer"": 0, ""engine"": true, ""in_zone"": true, ""ignition"": true, ""latitude"": 25.93386, ""direction"": 305, ""longitude"": -80.1133266, ""gsm_signal"": 19, ""sleep_mode"": false, ""staff_mode"": false, ""fault_codes"": [], ""speed_limit"": 0, ""engine_hours"": 1433, ""idc_triggers"": [], ""buzzer_active"": false, ""fuel_level_avg"": 19, ""lock_geo_alert"": false, ""operation_mode"": ""RENT"", ""battery_voltage"": 14.5, ""in_primary_zone"": true, ""lock_engine_alert"": false, ""in_restricted_zone"": false, ""onboard_geofencing"": false, ""speed_limit_active"": false, ""lock_geo_alert_distance"": 0}"
2023-07-23 20:51:33.615,4431,858,"354616090369062",1582,"{""key"": false, ""flip"": false, ""zone"": false, ""speed"": 36.2992, ""buzzer"": 0, ""engine"": true, ""in_zone"": true, ""ignition"": true, ""latitude"": 25.9338083, ""direction"": 303, ""longitude"": -80.1132232, ""gsm_signal"": 26, ""sleep_mode"": false, ""staff_mode"": false, ""fault_codes"": [], ""speed_limit"": 0, ""engine_hours"": 1433, ""idc_triggers"": [], ""buzzer_active"": false, ""fuel_level_avg"": 19, ""lock_geo_alert"": false, ""operation_mode"": ""RENT"", ""battery_voltage"": 14.5, ""in_primary_zone"": true, ""lock_engine_alert"": false, ""in_restricted_zone"": false, ""onboard_geofencing"": false, ""speed_limit_active"": false, ""lock_geo_alert_distance"": 0}"
2023-07-23 20:51:32.668,4431,858,"354616090369062",1582,"{""key"": false, ""flip"": false, ""zone"": false, ""speed"": 30.558000000000003, ""buzzer"": 0, ""engine"": true, ""in_zone"": true, ""ignition"": true, ""latitude"": 25.9337583, ""direction"": 304, ""longitude"": -80.1131432, ""gsm_signal"": 25, ""sleep_mode"": false, ""staff_mode"": false, ""fault_codes"": [], ""speed_limit"": 0, ""engine_hours"": 1433, ""idc_triggers"": [], ""buzzer_active"": false, ""fuel_level_avg"": 19, ""lock_geo_alert"": false, ""operation_mode"": ""RENT"", ""battery_voltage"": 14.5, ""in_primary_zone"": true, ""lock_engine_alert"": false, ""in_restricted_zone"": false, ""onboard_geofencing"": false, ""speed_limit_active"": false, ""lock_geo_alert_distance"": 0}"
2023-07-23 20:51:31.696,4431,858,"354616090369062",1582,"{""key"": false, ""flip"": false, ""zone"": false, ""speed"": 25.928000000000004, ""buzzer"": 0, ""engine"": true, ""in_zone"": true, ""ignition"": true, ""latitude"": 25.933715, ""direction"": 304, ""longitude"": -80.1130766, ""gsm_signal"": 24, ""sleep_mode"": false, ""staff_mode"": false, ""fault_codes"": [], ""speed_limit"": 0, ""engine_hours"": 1433, ""idc_triggers"": [], ""buzzer_active"": false, ""fuel_level_avg"": 19, ""lock_geo_alert"": false, ""operation_mode"": ""RENT"", ""battery_voltage"": 14.5, ""in_primary_zone"": true, ""lock_engine_alert"": false, ""in_restricted_zone"": false, ""onboard_geofencing"": false, ""speed_limit_active"": false, ""lock_geo_alert_distance"": 0}"
2023-07-23 20:51:30.668,4431,858,"354616090369062",1582,"{""key"": false, ""flip"": false, ""zone"": false, ""speed"": 23.3352, ""buzzer"": 0, ""engine"": true, ""in_zone"": true, ""ignition"": true, ""latitude"": 25.9336783, ""direction"": 303, ""longitude"": -80.11302, ""gsm_signal"": 26, ""sleep_mode"": false, ""staff_mode"": false, ""fault_codes"": [], ""speed_limit"": 0, ""engine_hours"": 1433, ""idc_triggers"": [], ""buzzer_active"": false, ""fuel_level_avg"": 19, ""lock_geo_alert"": false, ""operation_mode"": ""RENT"", ""battery_voltage"": 14.5, ""in_primary_zone"": true, ""lock_engine_alert"": false, ""in_restricted_zone"": false, ""onboard_geofencing"": false, ""speed_limit_active"": false, ""lock_geo_alert_distance"": 0}"
2023-07-23 20:51:29.616,4431,858,"354616090369062",1582,"{""key"": false, ""flip"": false, ""zone"": false, ""speed"": 21.1128, ""buzzer"": 0, ""engine"": true, ""in_zone"": true, ""ignition"": true, ""latitude"": 25.9336433, ""direction"": 304, ""longitude"": -80.1129666, ""gsm_signal"": 25, ""sleep_mode"": false, ""staff_mode"": false, ""fault_codes"": [], ""speed_limit"": 0, ""engine_hours"": 1433, ""idc_triggers"": [], ""buzzer_active"": false, ""fuel_level_avg"": 19, ""lock_geo_alert"": false, ""operation_mode"": ""RENT"", ""battery_voltage"": 14.5, ""in_primary_zone"": true, ""lock_engine_alert"": false, ""in_restricted_zone"": false, ""onboard_geofencing"": false, ""speed_limit_active"": false, ""lock_geo_alert_distance"": 0}"
2023-07-23 20:51:28.576,4431,858,"354616090369062",1582,"{""key"": false, ""flip"": false, ""zone"": false, ""speed"": 19.8164, ""buzzer"": 0, ""engine"": true, ""in_zone"": true, ""ignition"": true, ""latitude"": 25.93361, ""direction"": 304, ""longitude"": -80.1129166, ""gsm_signal"": 25, ""sleep_mode"": false, ""staff_mode"": false, ""fault_codes"": [], ""speed_limit"": 0, ""engine_hours"": 1433, ""idc_triggers"": [], ""buzzer_active"": false, ""fuel_level_avg"": 19, ""lock_geo_alert"": false, ""operation_mode"": ""RENT"", ""battery_voltage"": 14.5, ""in_primary_zone"": true, ""lock_engine_alert"": false, ""in_restricted_zone"": false, ""onboard_geofencing"": false, ""speed_limit_active"": false, ""lock_geo_alert_distance"": 0}"
2023-07-23 20:51:27.709,4431,858,"354616090369062",1582,"{""key"": false, ""flip"": false, ""zone"": false, ""speed"": 19.6312, ""buzzer"": 0, ""engine"": true, ""in_zone"": true, ""ignition"": true, ""latitude"": 25.9335783, ""direction"": 306, ""longitude"": -80.1128716, ""gsm_signal"": 24, ""sleep_mode"": false, ""staff_mode"": false, ""fault_codes"": [], ""speed_limit"": 0, ""engine_hours"": 1433, ""idc_triggers"": [], ""buzzer_active"": false, ""fuel_level_avg"": 19, ""lock_geo_alert"": false, ""operation_mode"": ""RENT"", ""battery_voltage"": 14.5, ""in_primary_zone"": true, ""lock_engine_alert"": false, ""in_restricted_zone"": false, ""onboard_geofencing"": false, ""speed_limit_active"": false, ""lock_geo_alert_distance"": 0}"
2023-07-23 20:51:26.575,4431,858,"354616090369062",1582,"{""key"": false, ""flip"": false, ""zone"": false, ""speed"": 17.2236, ""buzzer"": 0, ""engine"": true, ""in_zone"": true, ""ignition"": true, ""latitude"": 25.933548299999998, ""direction"": 305, ""longitude"": -80.11283, ""gsm_signal"": 23, ""sleep_mode"": false, ""staff_mode"": false, ""fault_codes"": [], ""speed_limit"": 0, ""engine_hours"": 1433, ""idc_triggers"": [], ""buzzer_active"": false, ""fuel_level_avg"": 19, ""lock_geo_alert"": false, ""operation_mode"": ""RENT"", ""battery_voltage"": 14.5, ""in_primary_zone"": true, ""lock_engine_alert"": false, ""in_restricted_zone"": false, ""onboard_geofencing"": false, ""speed_limit_active"": false, ""lock_geo_alert_distance"": 0}"
2023-07-23 20:51:25.615,4431,858,"354616090369062",1582,"{""key"": false, ""flip"": false, ""zone"": false, ""speed"": 14.630800000000002, ""buzzer"": 0, ""engine"": true, ""in_zone"": true, ""ignition"": true, ""latitude"": 25.9335216, ""direction"": 306, ""longitude"": -80.1127916, ""gsm_signal"": 22, ""sleep_mode"": false, ""staff_mode"": false, ""fault_codes"": [], ""speed_limit"": 0, ""engine_hours"": 1433, ""idc_triggers"": [], ""buzzer_active"": false, ""fuel_level_avg"": 19, ""lock_geo_alert"": false, ""operation_mode"": ""RENT"", ""battery_voltage"": 14.5, ""in_primary_zone"": true, ""lock_engine_alert"": false, ""in_restricted_zone"": false, ""onboard_geofencing"": false, ""speed_limit_active"": false, ""lock_geo_alert_distance"": 0}"
2023-07-23 20:51:24.575,4431,858,"354616090369062",1582,"{""key"": false, ""flip"": false, ""zone"": false, ""speed"": 11.8528, ""buzzer"": 0, ""engine"": true, ""in_zone"": true, ""ignition"": true, ""latitude"": 25.9335, ""direction"": 307, ""longitude"": -80.1127616, ""gsm_signal"": 22, ""sleep_mode"": false, ""staff_mode"": false, ""fault_codes"": [], ""speed_limit"": 0, ""engine_hours"": 1433, ""idc_triggers"": [], ""buzzer_active"": false, ""fuel_level_avg"": 19, ""lock_geo_alert"": false, ""operation_mode"": ""RENT"", ""battery_voltage"": 14.5, ""in_primary_zone"": true, ""lock_engine_alert"": false, ""in_restricted_zone"": false, ""onboard_geofencing"": false, ""speed_limit_active"": false, ""lock_geo_alert_distance"": 0}"
2023-07-23 20:51:23.627,4431,858,"354616090369062",1582,"{""key"": false, ""flip"": false, ""zone"": false, ""speed"": 9.8156, ""buzzer"": 0, ""engine"": true, ""in_zone"": true, ""ignition"": true, ""latitude"": 25.9334816, ""direction"": 307, ""longitude"": -80.1127366, ""gsm_signal"": 22, ""sleep_mode"": false, ""staff_mode"": false, ""fault_codes"": [], ""speed_limit"": 0, ""engine_hours"": 1433, ""idc_triggers"": [], ""buzzer_active"": false, ""fuel_level_avg"": 19, ""lock_geo_alert"": false, ""operation_mode"": ""RENT"", ""battery_voltage"": 14.5, ""in_primary_zone"": true, ""lock_engine_alert"": false, ""in_restricted_zone"": false, ""onboard_geofencing"": false, ""speed_limit_active"": false, ""lock_geo_alert_distance"": 0}"
2023-07-23 20:51:22.575,4431,858,"354616090369062",1582,"{""key"": false, ""flip"": false, ""zone"": false, ""speed"": 8.334, ""buzzer"": 0, ""engine"": true, ""in_zone"": true, ""ignition"": true, ""latitude"": 25.933464999999998, ""direction"": 302, ""longitude"": -80.1127132, ""gsm_signal"": 23, ""sleep_mode"": false, ""staff_mode"": false, ""fault_codes"": [], ""speed_limit"": 0, ""engine_hours"": 1433, ""idc_triggers"": [], ""buzzer_active"": false, ""fuel_level_avg"": 19, ""lock_geo_alert"": false, ""operation_mode"": ""RENT"", ""battery_voltage"": 14.5, ""in_primary_zone"": true, ""lock_engine_alert"": false, ""in_restricted_zone"": false, ""onboard_geofencing"": false, ""speed_limit_active"": false, ""lock_geo_alert_distance"": 0}"
2023-07-23 20:51:21.615,4431,858,"354616090369062",1582,"{""key"": false, ""flip"": false, ""zone"": false, ""speed"": 8.704400000000001, ""buzzer"": 0, ""engine"": true, ""in_zone"": true, ""ignition"": true, ""latitude"": 25.9334483, ""direction"": 299, ""longitude"": -80.1126916, ""gsm_signal"": 23, ""sleep_mode"": false, ""staff_mode"": false, ""fault_codes"": [], ""speed_limit"": 0, ""engine_hours"": 1433, ""idc_triggers"": [], ""buzzer_active"": false, ""fuel_level_avg"": 19, ""lock_geo_alert"": false, ""operation_mode"": ""RENT"", ""battery_voltage"": 14.5, ""in_primary_zone"": true, ""lock_engine_alert"": false, ""in_restricted_zone"": false, ""onboard_geofencing"": false, ""speed_limit_active"": false, ""lock_geo_alert_distance"": 0}"
2023-07-23 20:51:20.575,4431,858,"354616090369062",1582,"{""key"": false, ""flip"": false, ""zone"": false, ""speed"": 7.4079999999999995, ""buzzer"": 0, ""engine"": true, ""in_zone"": true, ""ignition"": true, ""latitude"": 25.9334366, ""direction"": 289, ""longitude"": -80.11267, ""gsm_signal"": 23, ""sleep_mode"": false, ""staff_mode"": false, ""fault_codes"": [], ""speed_limit"": 0, ""engine_hours"": 1433, ""idc_triggers"": [], ""buzzer_active"": false, ""fuel_level_avg"": 19, ""lock_geo_alert"": false, ""operation_mode"": ""RENT"", ""battery_voltage"": 14.5, ""in_primary_zone"": true, ""lock_engine_alert"": false, ""in_restricted_zone"": false, ""onboard_geofencing"": false, ""speed_limit_active"": false, ""lock_geo_alert_distance"": 0}"
2023-07-23 20:51:20.096,4431,858,"354616090369062",1582,"{""key"": false, ""flip"": false, ""zone"": false, ""speed"": 5.741200000000001, ""buzzer"": 0, ""engine"": true, ""in_zone"": true, ""ignition"": true, ""latitude"": 25.933435, ""direction"": 261, ""longitude"": -80.112655, ""gsm_signal"": 23, ""sleep_mode"": false, ""staff_mode"": false, ""fault_codes"": [], ""speed_limit"": 0, ""engine_hours"": 1433, ""idc_triggers"": [], ""buzzer_active"": false, ""fuel_level_avg"": 19, ""lock_geo_alert"": false, ""operation_mode"": ""RENT"", ""battery_voltage"": 14.5, ""in_primary_zone"": true, ""lock_engine_alert"": false, ""in_restricted_zone"": false, ""onboard_geofencing"": false, ""speed_limit_active"": false, ""lock_geo_alert_distance"": 0}"
2023-07-23 20:51:18.587,4431,858,"354616090369062",1582,"{""key"": false, ""flip"": false, ""zone"": false, ""speed"": 5.9264, ""buzzer"": 0, ""engine"": true, ""in_zone"": true, ""ignition"": true, ""latitude"": 25.9334433, ""direction"": 266, ""longitude"": -80.1126416, ""gsm_signal"": 23, ""sleep_mode"": false, ""staff_mode"": false, ""fault_codes"": [], ""speed_limit"": 0, ""engine_hours"": 1433, ""idc_triggers"": [], ""buzzer_active"": false, ""fuel_level_avg"": 19, ""lock_geo_alert"": false, ""operation_mode"": ""RENT"", ""battery_voltage"": 14.5, ""in_primary_zone"": true, ""lock_engine_alert"": false, ""in_restricted_zone"": false, ""onboard_geofencing"": false, ""speed_limit_active"": false, ""lock_geo_alert_distance"": 0}"
2023-07-23 20:51:17.708,4431,858,"354616090369062",1582,"{""key"": false, ""flip"": false, ""zone"": false, ""speed"": 7.963600000000001, ""buzzer"": 0, ""engine"": true, ""in_zone"": true, ""ignition"": true, ""latitude"": 25.9334483, ""direction"": 244, ""longitude"": -80.1126232, ""gsm_signal"": 25, ""sleep_mode"": false, ""staff_mode"": false, ""fault_codes"": [], ""speed_limit"": 0, ""engine_hours"": 1433, ""idc_triggers"": [], ""buzzer_active"": false, ""fuel_level_avg"": 19, ""lock_geo_alert"": false, ""operation_mode"": ""RENT"", ""battery_voltage"": 14.5, ""in_primary_zone"": true, ""lock_engine_alert"": false, ""in_restricted_zone"": false, ""onboard_geofencing"": false, ""speed_limit_active"": false, ""lock_geo_alert_distance"": 0}"
2023-07-23 20:51:16.575,4431,858,"354616090369062",1582,"{""key"": false, ""flip"": false, ""zone"": false, ""speed"": 8.8896, ""buzzer"": 0, ""engine"": true, ""in_zone"": true, ""ignition"": true, ""latitude"": 25.9334583, ""direction"": 231, ""longitude"": -80.1126016, ""gsm_signal"": 24, ""sleep_mode"": false, ""staff_mode"": false, ""fault_codes"": [], ""speed_limit"": 0, ""engine_hours"": 1433, ""idc_triggers"": [], ""buzzer_active"": false, ""fuel_level_avg"": 19, ""lock_geo_alert"": false, ""operation_mode"": ""RENT"", ""battery_voltage"": 14.5, ""in_primary_zone"": true, ""lock_engine_alert"": false, ""in_restricted_zone"": false, ""onboard_geofencing"": false, ""speed_limit_active"": false, ""lock_geo_alert_distance"": 0}"
2023-07-23 20:51:15.696,4431,858,"354616090369062",1582,"{""key"": false, ""flip"": false, ""zone"": false, ""speed"": 8.1488, ""buzzer"": 0, ""engine"": true, ""in_zone"": true, ""ignition"": true, ""latitude"": 25.9334716, ""direction"": 236, ""longitude"": -80.1125816, ""gsm_signal"": 25, ""sleep_mode"": false, ""staff_mode"": false, ""fault_codes"": [], ""speed_limit"": 0, ""engine_hours"": 1433, ""idc_triggers"": [], ""buzzer_active"": false, ""fuel_level_avg"": 19, ""lock_geo_alert"": false, ""operation_mode"": ""RENT"", ""battery_voltage"": 14.5, ""in_primary_zone"": true, ""lock_engine_alert"": false, ""in_restricted_zone"": false, ""onboard_geofencing"": false, ""speed_limit_active"": false, ""lock_geo_alert_distance"": 0}"
2023-07-23 20:51:14.575,4431,858,"354616090369062",1582,"{""key"": false, ""flip"": false, ""zone"": false, ""speed"": 0.0, ""buzzer"": 0, ""engine"": true, ""in_zone"": true, ""ignition"": true, ""latitude"": 25.9334833, ""direction"": 124, ""longitude"": -80.1125632, ""gsm_signal"": 26, ""sleep_mode"": false, ""staff_mode"": false, ""fault_codes"": [], ""speed_limit"": 0, ""engine_hours"": 1433, ""idc_triggers"": [], ""buzzer_active"": false, ""fuel_level_avg"": 19, ""lock_geo_alert"": false, ""operation_mode"": ""RENT"", ""battery_voltage"": 14.5, ""in_primary_zone"": true, ""lock_engine_alert"": false, ""in_restricted_zone"": false, ""onboard_geofencing"": false, ""speed_limit_active"": false, ""lock_geo_alert_distance"": 0}"
2023-07-23 20:51:13.536,4431,858,"354616090369062",1582,"{""key"": false, ""flip"": false, ""zone"": false, ""speed"": 0.0, ""buzzer"": 0, ""engine"": true, ""in_zone"": true, ""ignition"": true, ""latitude"": 25.9335, ""direction"": 124, ""longitude"": -80.1125416, ""gsm_signal"": 25, ""sleep_mode"": false, ""staff_mode"": false, ""fault_codes"": [], ""speed_limit"": 0, ""engine_hours"": 1433, ""idc_triggers"": [], ""buzzer_active"": false, ""fuel_level_avg"": 19, ""lock_geo_alert"": false, ""operation_mode"": ""RENT"", ""battery_voltage"": 14.5, ""in_primary_zone"": true, ""lock_engine_alert"": false, ""in_restricted_zone"": false, ""onboard_geofencing"": false, ""speed_limit_active"": false, ""lock_geo_alert_distance"": 0}"
2023-07-23 20:51:12.576,4431,858,"354616090369062",1582,"{""key"": false, ""flip"": false, ""zone"": false, ""speed"": 0.0, ""buzzer"": 0, ""engine"": true, ""in_zone"": true, ""ignition"": true, ""latitude"": 25.93351, ""direction"": 124, ""longitude"": -80.1125366, ""gsm_signal"": 22, ""sleep_mode"": false, ""staff_mode"": false, ""fault_codes"": [], ""speed_limit"": 0, ""engine_hours"": 1433, ""idc_triggers"": [], ""buzzer_active"": false, ""fuel_level_avg"": 19, ""lock_geo_alert"": false, ""operation_mode"": ""RENT"", ""battery_voltage"": 14.5, ""in_primary_zone"": true, ""lock_engine_alert"": false, ""in_restricted_zone"": false, ""onboard_geofencing"": false, ""speed_limit_active"": false, ""lock_geo_alert_distance"": 0}"
2023-07-23 20:51:11.548,4431,858,"354616090369062",1582,"{""key"": false, ""flip"": false, ""zone"": false, ""speed"": 0.0, ""buzzer"": 0, ""engine"": true, ""in_zone"": true, ""ignition"": true, ""latitude"": 25.9335183, ""direction"": 124, ""longitude"": -80.112535, ""gsm_signal"": 23, ""sleep_mode"": false, ""staff_mode"": false, ""fault_codes"": [], ""speed_limit"": 0, ""engine_hours"": 1433, ""idc_triggers"": [], ""buzzer_active"": false, ""fuel_level_avg"": 19, ""lock_geo_alert"": false, ""operation_mode"": ""RENT"", ""battery_voltage"": 14.5, ""in_primary_zone"": true, ""lock_engine_alert"": false, ""in_restricted_zone"": false, ""onboard_geofencing"": false, ""speed_limit_active"": false, ""lock_geo_alert_distance"": 0}"
2023-07-23 20:51:10.579,4431,858,"354616090369062",1582,"{""key"": false, ""flip"": false, ""zone"": false, ""speed"": 3.8892, ""buzzer"": 0, ""engine"": true, ""in_zone"": true, ""ignition"": true, ""latitude"": 25.93353, ""direction"": 124, ""longitude"": -80.112535, ""gsm_signal"": 20, ""sleep_mode"": false, ""staff_mode"": false, ""fault_codes"": [], ""speed_limit"": 0, ""engine_hours"": 1433, ""idc_triggers"": [], ""buzzer_active"": false, ""fuel_level_avg"": 19, ""lock_geo_alert"": false, ""operation_mode"": ""RENT"", ""battery_voltage"": 14.5, ""in_primary_zone"": true, ""lock_engine_alert"": false, ""in_restricted_zone"": false, ""onboard_geofencing"": false, ""speed_limit_active"": false, ""lock_geo_alert_distance"": 0}"
2023-07-23 20:51:09.618,4431,858,"354616090369062",1582,"{""key"": false, ""flip"": false, ""zone"": false, ""speed"": 3.3335999999999997, ""buzzer"": 0, ""engine"": true, ""in_zone"": true, ""ignition"": true, ""latitude"": 25.9335383, ""direction"": 124, ""longitude"": -80.1125382, ""gsm_signal"": 20, ""sleep_mode"": false, ""staff_mode"": false, ""fault_codes"": [], ""speed_limit"": 0, ""engine_hours"": 1433, ""idc_triggers"": [], ""buzzer_active"": false, ""fuel_level_avg"": 19, ""lock_geo_alert"": false, ""operation_mode"": ""RENT"", ""battery_voltage"": 14.5, ""in_primary_zone"": true, ""lock_engine_alert"": false, ""in_restricted_zone"": false, ""onboard_geofencing"": false, ""speed_limit_active"": false, ""lock_geo_alert_distance"": 0}"
2023-07-23 20:51:08.579,4431,858,"354616090369062",1582,"{""key"": false, ""flip"": false, ""zone"": false, ""speed"": 4.4448, ""buzzer"": 0, ""engine"": true, ""in_zone"": true, ""ignition"": true, ""latitude"": 25.933548299999998, ""direction"": 124, ""longitude"": -80.1125466, ""gsm_signal"": 17, ""sleep_mode"": false, ""staff_mode"": false, ""fault_codes"": [], ""speed_limit"": 0, ""engine_hours"": 1433, ""idc_triggers"": [], ""buzzer_active"": false, ""fuel_level_avg"": 19, ""lock_geo_alert"": false, ""operation_mode"": ""RENT"", ""battery_voltage"": 14.5, ""in_primary_zone"": true, ""lock_engine_alert"": false, ""in_restricted_zone"": false, ""onboard_geofencing"": false, ""speed_limit_active"": false, ""lock_geo_alert_distance"": 0}"
2023-07-23 20:51:07.619,4431,858,"354616090369062",1582,"{""key"": false, ""flip"": false, ""zone"": false, ""speed"": 5.556, ""buzzer"": 0, ""engine"": true, ""in_zone"": true, ""ignition"": true, ""latitude"": 25.9335583, ""direction"": 124, ""longitude"": -80.1125566, ""gsm_signal"": 18, ""sleep_mode"": false, ""staff_mode"": false, ""fault_codes"": [], ""speed_limit"": 0, ""engine_hours"": 1433, ""idc_triggers"": [], ""buzzer_active"": false, ""fuel_level_avg"": 19, ""lock_geo_alert"": false, ""operation_mode"": ""RENT"", ""battery_voltage"": 14.5, ""in_primary_zone"": true, ""lock_engine_alert"": false, ""in_restricted_zone"": false, ""onboard_geofencing"": false, ""speed_limit_active"": false, ""lock_geo_alert_distance"": 0}"
2023-07-23 20:51:06.578,4431,858,"354616090369062",1582,"{""key"": false, ""flip"": false, ""zone"": false, ""speed"": 5.741200000000001, ""buzzer"": 0, ""engine"": true, ""in_zone"": true, ""ignition"": true, ""latitude"": 25.933565, ""direction"": 112, ""longitude"": -80.112565, ""gsm_signal"": 19, ""sleep_mode"": false, ""staff_mode"": false, ""fault_codes"": [], ""speed_limit"": 0, ""engine_hours"": 1433, ""idc_triggers"": [], ""buzzer_active"": false, ""fuel_level_avg"": 19, ""lock_geo_alert"": false, ""operation_mode"": ""RENT"", ""battery_voltage"": 14.5, ""in_primary_zone"": true, ""lock_engine_alert"": false, ""in_restricted_zone"": false, ""onboard_geofencing"": false, ""speed_limit_active"": false, ""lock_geo_alert_distance"": 0}"
2023-07-23 20:51:05.618,4431,858,"354616090369062",1582,"{""key"": false, ""flip"": false, ""zone"": false, ""speed"": 6.1116, ""buzzer"": 0, ""engine"": true, ""in_zone"": true, ""ignition"": true, ""latitude"": 25.93357, ""direction"": 117, ""longitude"": -80.1125766, ""gsm_signal"": 15, ""sleep_mode"": false, ""staff_mode"": false, ""fault_codes"": [], ""speed_limit"": 0, ""engine_hours"": 1433, ""idc_triggers"": [], ""buzzer_active"": false, ""fuel_level_avg"": 19, ""lock_geo_alert"": false, ""operation_mode"": ""RENT"", ""battery_voltage"": 14.5, ""in_primary_zone"": true, ""lock_engine_alert"": false, ""in_restricted_zone"": false, ""onboard_geofencing"": false, ""speed_limit_active"": false, ""lock_geo_alert_distance"": 0}"
2023-07-23 20:51:04.578,4431,858,"354616090369062",1582,"{""key"": false, ""flip"": false, ""zone"": false, ""speed"": 9.8156, ""buzzer"": 0, ""engine"": true, ""in_zone"": true, ""ignition"": true, ""latitude"": 25.933575, ""direction"": 107, ""longitude"": -80.1125916, ""gsm_signal"": 15, ""sleep_mode"": false, ""staff_mode"": false, ""fault_codes"": [], ""speed_limit"": 0, ""engine_hours"": 1433, ""idc_triggers"": [], ""buzzer_active"": false, ""fuel_level_avg"": 19, ""lock_geo_alert"": false, ""operation_mode"": ""RENT"", ""battery_voltage"": 14.5, ""in_primary_zone"": true, ""lock_engine_alert"": false, ""in_restricted_zone"": false, ""onboard_geofencing"": false, ""speed_limit_active"": false, ""lock_geo_alert_distance"": 0}"
2023-07-23 20:51:03.623,4431,858,"354616090369062",1582,"{""key"": false, ""flip"": false, ""zone"": false, ""speed"": 15.742, ""buzzer"": 0, ""engine"": true, ""in_zone"": true, ""ignition"": true, ""latitude"": 25.9335816, ""direction"": 107, ""longitude"": -80.1126216, ""gsm_signal"": 19, ""sleep_mode"": false, ""staff_mode"": false, ""fault_codes"": [], ""speed_limit"": 0, ""engine_hours"": 1433, ""idc_triggers"": [], ""buzzer_active"": false, ""fuel_level_avg"": 19, ""lock_geo_alert"": false, ""operation_mode"": ""RENT"", ""battery_voltage"": 14.5, ""in_primary_zone"": true, ""lock_engine_alert"": false, ""in_restricted_zone"": false, ""onboard_geofencing"": false, ""speed_limit_active"": false, ""lock_geo_alert_distance"": 0}"
2023-07-23 20:51:02.578,4431,858,"354616090369062",1582,"{""key"": false, ""flip"": false, ""zone"": false, ""speed"": 22.779600000000002, ""buzzer"": 0, ""engine"": true, ""in_zone"": true, ""ignition"": true, ""latitude"": 25.9335983, ""direction"": 108, ""longitude"": -80.1126716, ""gsm_signal"": 17, ""sleep_mode"": false, ""staff_mode"": false, ""fault_codes"": [], ""speed_limit"": 0, ""engine_hours"": 1433, ""idc_triggers"": [], ""buzzer_active"": false, ""fuel_level_avg"": 19, ""lock_geo_alert"": false, ""operation_mode"": ""RENT"", ""battery_voltage"": 14.5, ""in_primary_zone"": true, ""lock_engine_alert"": false, ""in_restricted_zone"": false, ""onboard_geofencing"": false, ""speed_limit_active"": false, ""lock_geo_alert_distance"": 0}"
2023-07-23 20:51:01.618,4431,858,"354616090369062",1582,"{""key"": false, ""flip"": false, ""zone"": false, ""speed"": 26.668799999999997, ""buzzer"": 0, ""engine"": true, ""in_zone"": true, ""ignition"": true, ""latitude"": 25.9336166, ""direction"": 106, ""longitude"": -80.11274, ""gsm_signal"": 20, ""sleep_mode"": false, ""staff_mode"": false, ""fault_codes"": [], ""speed_limit"": 0, ""engine_hours"": 1433, ""idc_triggers"": [], ""buzzer_active"": false, ""fuel_level_avg"": 19, ""lock_geo_alert"": false, ""operation_mode"": ""RENT"", ""battery_voltage"": 14.5, ""in_primary_zone"": true, ""lock_engine_alert"": false, ""in_restricted_zone"": false, ""onboard_geofencing"": false, ""speed_limit_active"": false, ""lock_geo_alert_distance"": 0}"
2023-07-23 20:51:00.658,4431,858,"354616090369062",1582,"{""key"": false, ""flip"": false, ""zone"": false, ""speed"": 29.631999999999998, ""buzzer"": 0, ""engine"": true, ""in_zone"": true, ""ignition"": true, ""latitude"": 25.93364, ""direction"": 109, ""longitude"": -80.1128132, ""gsm_signal"": 13, ""sleep_mode"": false, ""staff_mode"": false, ""fault_codes"": [], ""speed_limit"": 0, ""engine_hours"": 1433, ""idc_triggers"": [], ""buzzer_active"": false, ""fuel_level_avg"": 19, ""lock_geo_alert"": false, ""operation_mode"": ""RENT"", ""battery_voltage"": 14.5, ""in_primary_zone"": true, ""lock_engine_alert"": false, ""in_restricted_zone"": false, ""onboard_geofencing"": false, ""speed_limit_active"": false, ""lock_geo_alert_distance"": 0}"
2023-07-23 20:50:59.705,4431,858,"354616090369062",1582,"{""key"": false, ""flip"": false, ""zone"": false, ""speed"": 29.817200000000003, ""buzzer"": 0, ""engine"": true, ""in_zone"": true, ""ignition"": true, ""latitude"": 25.9336683, ""direction"": 112, ""longitude"": -80.1128932, ""gsm_signal"": 21, ""sleep_mode"": false, ""staff_mode"": false, ""fault_codes"": [], ""speed_limit"": 0, ""engine_hours"": 1433, ""idc_triggers"": [], ""buzzer_active"": false, ""fuel_level_avg"": 19, ""lock_geo_alert"": false, ""operation_mode"": ""RENT"", ""battery_voltage"": 14.5, ""in_primary_zone"": true, ""lock_engine_alert"": false, ""in_restricted_zone"": false, ""onboard_geofencing"": false, ""speed_limit_active"": false, ""lock_geo_alert_distance"": 0}"
2023-07-23 20:50:59.616,4431,858,"354616090369062",1582,"{""key"": false, ""flip"": false, ""zone"": false, ""speed"": 29.817200000000003, ""buzzer"": 0, ""engine"": true, ""in_zone"": true, ""ignition"": true, ""latitude"": 25.9336683, ""direction"": 112, ""longitude"": -80.1128932, ""gsm_signal"": 21, ""sleep_mode"": false, ""staff_mode"": false, ""fault_codes"": [], ""speed_limit"": 0, ""engine_hours"": 1433, ""idc_triggers"": [], ""buzzer_active"": false, ""fuel_level_avg"": 19, ""lock_geo_alert"": false, ""operation_mode"": ""RENT"", ""battery_voltage"": 14.5, ""in_primary_zone"": true, ""lock_engine_alert"": false, ""in_restricted_zone"": false, ""onboard_geofencing"": false, ""speed_limit_active"": false, ""lock_geo_alert_distance"": 0}"
2023-07-23 20:50:56.575,4431,858,"354616090369062",1582,"{""key"": false, ""flip"": false, ""zone"": false, ""speed"": 31.6692, ""buzzer"": 0, ""engine"": true, ""in_zone"": true, ""ignition"": true, ""latitude"": 25.9337716, ""direction"": 119, ""longitude"": -80.1131332, ""gsm_signal"": 20, ""sleep_mode"": false, ""staff_mode"": false, ""fault_codes"": [], ""speed_limit"": 0, ""engine_hours"": 1433, ""idc_triggers"": [], ""buzzer_active"": false, ""fuel_level_avg"": 19, ""lock_geo_alert"": false, ""operation_mode"": ""RENT"", ""battery_voltage"": 14.5, ""in_primary_zone"": true, ""lock_engine_alert"": false, ""in_restricted_zone"": false, ""onboard_geofencing"": false, ""speed_limit_active"": false, ""lock_geo_alert_distance"": 0}"
2023-07-23 20:50:55.616,4431,858,"354616090369062",1582,"{""key"": false, ""flip"": false, ""zone"": false, ""speed"": 30.7432, ""buzzer"": 0, ""engine"": true, ""in_zone"": true, ""ignition"": true, ""latitude"": 25.9338133, ""direction"": 122, ""longitude"": -80.1132082, ""gsm_signal"": 25, ""sleep_mode"": false, ""staff_mode"": false, ""fault_codes"": [], ""speed_limit"": 0, ""engine_hours"": 1433, ""idc_triggers"": [], ""buzzer_active"": false, ""fuel_level_avg"": 19, ""lock_geo_alert"": false, ""operation_mode"": ""RENT"", ""battery_voltage"": 14.5, ""in_primary_zone"": true, ""lock_engine_alert"": false, ""in_restricted_zone"": false, ""onboard_geofencing"": false, ""speed_limit_active"": false, ""lock_geo_alert_distance"": 0}"
2023-07-23 20:50:54.593,4431,858,"354616090369062",1582,"{""key"": false, ""flip"": false, ""zone"": false, ""speed"": 27.4096, ""buzzer"": 0, ""engine"": true, ""in_zone"": true, ""ignition"": true, ""latitude"": 25.933855, ""direction"": 117, ""longitude"": -80.1132816, ""gsm_signal"": 24, ""sleep_mode"": false, ""staff_mode"": false, ""fault_codes"": [], ""speed_limit"": 0, ""engine_hours"": 1433, ""idc_triggers"": [], ""buzzer_active"": false, ""fuel_level_avg"": 19, ""lock_geo_alert"": false, ""operation_mode"": ""RENT"", ""battery_voltage"": 14.5, ""in_primary_zone"": true, ""lock_engine_alert"": false, ""in_restricted_zone"": false, ""onboard_geofencing"": false, ""speed_limit_active"": false, ""lock_geo_alert_distance"": 0}"
2023-07-23 20:50:53.615,4431,858,"354616090369062",1582,"{""key"": false, ""flip"": false, ""zone"": false, ""speed"": 24.4464, ""buzzer"": 0, ""engine"": true, ""in_zone"": true, ""ignition"": true, ""latitude"": 25.9338883, ""direction"": 122, ""longitude"": -80.1133466, ""gsm_signal"": 23, ""sleep_mode"": false, ""staff_mode"": false, ""fault_codes"": [], ""speed_limit"": 0, ""engine_hours"": 1433, ""idc_triggers"": [], ""buzzer_active"": false, ""fuel_level_avg"": 19, ""lock_geo_alert"": false, ""operation_mode"": ""RENT"", ""battery_voltage"": 14.5, ""in_primary_zone"": true, ""lock_engine_alert"": false, ""in_restricted_zone"": false, ""onboard_geofencing"": false, ""speed_limit_active"": false, ""lock_geo_alert_distance"": 0}"
2023-07-23 20:50:52.655,4431,858,"354616090369062",1582,"{""key"": false, ""flip"": false, ""zone"": false, ""speed"": 20.7424, ""buzzer"": 0, ""engine"": true, ""in_zone"": true, ""ignition"": true, ""latitude"": 25.9339183, ""direction"": 121, ""longitude"": -80.1134, ""gsm_signal"": 25, ""sleep_mode"": false, ""staff_mode"": false, ""fault_codes"": [], ""speed_limit"": 0, ""engine_hours"": 1433, ""idc_triggers"": [], ""buzzer_active"": false, ""fuel_level_avg"": 19, ""lock_geo_alert"": false, ""operation_mode"": ""RENT"", ""battery_voltage"": 14.5, ""in_primary_zone"": true, ""lock_engine_alert"": false, ""in_restricted_zone"": false, ""onboard_geofencing"": false, ""speed_limit_active"": false, ""lock_geo_alert_distance"": 0}"
2023-07-23 20:50:51.615,4431,858,"354616090369062",1582,"{""key"": false, ""flip"": false, ""zone"": false, ""speed"": 21.8536, ""buzzer"": 0, ""engine"": true, ""in_zone"": true, ""ignition"": true, ""latitude"": 25.9339483, ""direction"": 124, ""longitude"": -80.1134516, ""gsm_signal"": 23, ""sleep_mode"": false, ""staff_mode"": false, ""fault_codes"": [], ""speed_limit"": 0, ""engine_hours"": 1433, ""idc_triggers"": [], ""buzzer_active"": false, ""fuel_level_avg"": 19, ""lock_geo_alert"": false, ""operation_mode"": ""RENT"", ""battery_voltage"": 14.5, ""in_primary_zone"": true, ""lock_engine_alert"": false, ""in_restricted_zone"": false, ""onboard_geofencing"": false, ""speed_limit_active"": false, ""lock_geo_alert_distance"": 0}"
2023-07-23 20:50:50.662,4431,858,"354616090369062",1582,"{""key"": false, ""flip"": false, ""zone"": false, ""speed"": 22.038800000000002, ""buzzer"": 0, ""engine"": true, ""in_zone"": true, ""ignition"": true, ""latitude"": 25.9339783, ""direction"": 123, ""longitude"": -80.113505, ""gsm_signal"": 25, ""sleep_mode"": false, ""staff_mode"": false, ""fault_codes"": [], ""speed_limit"": 0, ""engine_hours"": 1433, ""idc_triggers"": [], ""buzzer_active"": false, ""fuel_level_avg"": 19, ""lock_geo_alert"": false, ""operation_mode"": ""RENT"", ""battery_voltage"": 14.5, ""in_primary_zone"": true, ""lock_engine_alert"": false, ""in_restricted_zone"": false, ""onboard_geofencing"": false, ""speed_limit_active"": false, ""lock_geo_alert_distance"": 0}"
2023-07-23 20:50:49.617,4431,858,"354616090369062",1582,"{""key"": false, ""flip"": false, ""zone"": false, ""speed"": 22.038800000000002, ""buzzer"": 0, ""engine"": true, ""in_zone"": true, ""ignition"": true, ""latitude"": 25.9340083, ""direction"": 122, ""longitude"": -80.1135566, ""gsm_signal"": 22, ""sleep_mode"": false, ""staff_mode"": false, ""fault_codes"": [], ""speed_limit"": 0, ""engine_hours"": 1433, ""idc_triggers"": [], ""buzzer_active"": false, ""fuel_level_avg"": 19, ""lock_geo_alert"": false, ""operation_mode"": ""RENT"", ""battery_voltage"": 14.5, ""in_primary_zone"": true, ""lock_engine_alert"": false, ""in_restricted_zone"": false, ""onboard_geofencing"": false, ""speed_limit_active"": false, ""lock_geo_alert_distance"": 0}"
2023-07-23 20:50:47.696,4431,858,"354616090369062",1582,"{""key"": false, ""flip"": false, ""zone"": false, ""speed"": 16.668, ""buzzer"": 0, ""engine"": true, ""in_zone"": true, ""ignition"": true, ""latitude"": 25.9340566, ""direction"": 122, ""longitude"": -80.113645, ""gsm_signal"": 25, ""sleep_mode"": false, ""staff_mode"": false, ""fault_codes"": [], ""speed_limit"": 0, ""engine_hours"": 1433, ""idc_triggers"": [], ""buzzer_active"": false, ""fuel_level_avg"": 30, ""lock_geo_alert"": false, ""operation_mode"": ""RENT"", ""battery_voltage"": 14.399999618530273, ""in_primary_zone"": true, ""lock_engine_alert"": false, ""in_restricted_zone"": false, ""onboard_geofencing"": false, ""speed_limit_active"": false, ""lock_geo_alert_distance"": 0}"
2023-07-23 20:50:46.575,4431,858,"354616090369062",1582,"{""key"": false, ""flip"": false, ""zone"": false, ""speed"": 13.7048, ""buzzer"": 0, ""engine"": true, ""in_zone"": true, ""ignition"": true, ""latitude"": 25.9340766, ""direction"": 119, ""longitude"": -80.1136816, ""gsm_signal"": 25, ""sleep_mode"": false, ""staff_mode"": false, ""fault_codes"": [], ""speed_limit"": 0, ""engine_hours"": 1433, ""idc_triggers"": [], ""buzzer_active"": false, ""fuel_level_avg"": 30, ""lock_geo_alert"": false, ""operation_mode"": ""RENT"", ""battery_voltage"": 14.399999618530273, ""in_primary_zone"": true, ""lock_engine_alert"": false, ""in_restricted_zone"": false, ""onboard_geofencing"": false, ""speed_limit_active"": false, ""lock_geo_alert_distance"": 0}"
2023-07-23 20:50:45.695,4431,858,"354616090369062",1582,"{""key"": false, ""flip"": false, ""zone"": false, ""speed"": 12.7788, ""buzzer"": 0, ""engine"": true, ""in_zone"": true, ""ignition"": true, ""latitude"": 25.9340933, ""direction"": 119, ""longitude"": -80.1137132, ""gsm_signal"": 24, ""sleep_mode"": false, ""staff_mode"": false, ""fault_codes"": [], ""speed_limit"": 0, ""engine_hours"": 1433, ""idc_triggers"": [], ""buzzer_active"": false, ""fuel_level_avg"": 30, ""lock_geo_alert"": false, ""operation_mode"": ""RENT"", ""battery_voltage"": 14.399999618530273, ""in_primary_zone"": true, ""lock_engine_alert"": false, ""in_restricted_zone"": false, ""onboard_geofencing"": false, ""speed_limit_active"": false, ""lock_geo_alert_distance"": 0}"
2023-07-23 20:50:44.575,4431,858,"354616090369062",1582,"{""key"": false, ""flip"": false, ""zone"": false, ""speed"": 10.186, ""buzzer"": 0, ""engine"": true, ""in_zone"": true, ""ignition"": true, ""latitude"": 25.9341066, ""direction"": 117, ""longitude"": -80.11374, ""gsm_signal"": 22, ""sleep_mode"": false, ""staff_mode"": false, ""fault_codes"": [], ""speed_limit"": 0, ""engine_hours"": 1433, ""idc_triggers"": [], ""buzzer_active"": false, ""fuel_level_avg"": 30, ""lock_geo_alert"": false, ""operation_mode"": ""RENT"", ""battery_voltage"": 14.399999618530273, ""in_primary_zone"": true, ""lock_engine_alert"": false, ""in_restricted_zone"": false, ""onboard_geofencing"": false, ""speed_limit_active"": false, ""lock_geo_alert_distance"": 0}"
2023-07-23 20:50:43.615,4431,858,"354616090369062",1582,"{""key"": false, ""flip"": false, ""zone"": false, ""speed"": 8.519200000000001, ""buzzer"": 0, ""engine"": true, ""in_zone"": true, ""ignition"": true, ""latitude"": 25.9341166, ""direction"": 120, ""longitude"": -80.1137582, ""gsm_signal"": 22, ""sleep_mode"": false, ""staff_mode"": false, ""fault_codes"": [], ""speed_limit"": 0, ""engine_hours"": 1433, ""idc_triggers"": [], ""buzzer_active"": false, ""fuel_level_avg"": 30, ""lock_geo_alert"": false, ""operation_mode"": ""RENT"", ""battery_voltage"": 14.399999618530273, ""in_primary_zone"": true, ""lock_engine_alert"": false, ""in_restricted_zone"": false, ""onboard_geofencing"": false, ""speed_limit_active"": false, ""lock_geo_alert_distance"": 0}"
2023-07-23 20:50:42.576,4431,858,"354616090369062",1582,"{""key"": false, ""flip"": false, ""zone"": false, ""speed"": 8.704400000000001, ""buzzer"": 0, ""engine"": true, ""in_zone"": true, ""ignition"": true, ""latitude"": 25.934125, ""direction"": 115, ""longitude"": -80.1137782, ""gsm_signal"": 25, ""sleep_mode"": false, ""staff_mode"": false, ""fault_codes"": [], ""speed_limit"": 0, ""engine_hours"": 1433, ""idc_triggers"": [], ""buzzer_active"": false, ""fuel_level_avg"": 30, ""lock_geo_alert"": false, ""operation_mode"": ""RENT"", ""battery_voltage"": 14.399999618530273, ""in_primary_zone"": true, ""lock_engine_alert"": false, ""in_restricted_zone"": false, ""onboard_geofencing"": false, ""speed_limit_active"": false, ""lock_geo_alert_distance"": 0}"
2023-07-23 20:50:42.367,4431,858,"354616090369062",1582,"{""key"": false, ""flip"": false, ""zone"": false, ""speed"": 7.963600000000001, ""buzzer"": 0, ""engine"": true, ""in_zone"": true, ""ignition"": true, ""latitude"": 25.9341316, ""direction"": 107, ""longitude"": -80.1137966, ""gsm_signal"": 22, ""sleep_mode"": false, ""staff_mode"": false, ""fault_codes"": [], ""speed_limit"": 0, ""engine_hours"": 1433, ""idc_triggers"": [], ""buzzer_active"": false, ""fuel_level_avg"": 30, ""lock_geo_alert"": false, ""operation_mode"": ""RENT"", ""battery_voltage"": 14.399999618530273, ""in_primary_zone"": true, ""lock_engine_alert"": false, ""in_restricted_zone"": false, ""onboard_geofencing"": false, ""speed_limit_active"": false, ""lock_geo_alert_distance"": 0}"
2023-07-23 20:50:37.547,4431,858,"354616090369062",1582,"{""key"": false, ""flip"": false, ""zone"": false, ""speed"": 5.741200000000001, ""buzzer"": 0, ""engine"": true, ""in_zone"": true, ""ignition"": true, ""latitude"": 25.934135, ""direction"": 81, ""longitude"": -80.11387, ""gsm_signal"": 24, ""sleep_mode"": false, ""staff_mode"": false, ""fault_codes"": [], ""speed_limit"": 0, ""engine_hours"": 1433, ""idc_triggers"": [], ""buzzer_active"": false, ""fuel_level_avg"": 30, ""lock_geo_alert"": false, ""operation_mode"": ""RENT"", ""battery_voltage"": 14.399999618530273, ""in_primary_zone"": true, ""lock_engine_alert"": false, ""in_restricted_zone"": false, ""onboard_geofencing"": false, ""speed_limit_active"": false, ""lock_geo_alert_distance"": 0}"
2023-07-23 20:50:35.635,4431,858,"354616090369062",1582,"{""key"": false, ""flip"": false, ""zone"": false, ""speed"": 15.5568, ""buzzer"": 0, ""engine"": true, ""in_zone"": true, ""ignition"": true, ""latitude"": 25.9341266, ""direction"": 78, ""longitude"": -80.1139116, ""gsm_signal"": 21, ""sleep_mode"": false, ""staff_mode"": false, ""fault_codes"": [], ""speed_limit"": 0, ""engine_hours"": 1433, ""idc_triggers"": [], ""buzzer_active"": false, ""fuel_level_avg"": 30, ""lock_geo_alert"": false, ""operation_mode"": ""RENT"", ""battery_voltage"": 14.399999618530273, ""in_primary_zone"": true, ""lock_engine_alert"": false, ""in_restricted_zone"": false, ""onboard_geofencing"": false, ""speed_limit_active"": false, ""lock_geo_alert_distance"": 0}"
2023-07-23 20:50:34.587,4431,858,"354616090369062",1582,"{""key"": false, ""flip"": false, ""zone"": false, ""speed"": 22.409200000000002, ""buzzer"": 0, ""engine"": true, ""in_zone"": true, ""ignition"": true, ""latitude"": 25.9341233, ""direction"": 83, ""longitude"": -80.11396, ""gsm_signal"": 18, ""sleep_mode"": false, ""staff_mode"": false, ""fault_codes"": [], ""speed_limit"": 0, ""engine_hours"": 1433, ""idc_triggers"": [], ""buzzer_active"": false, ""fuel_level_avg"": 30, ""lock_geo_alert"": false, ""operation_mode"": ""RENT"", ""battery_voltage"": 14.399999618530273, ""in_primary_zone"": true, ""lock_engine_alert"": false, ""in_restricted_zone"": false, ""onboard_geofencing"": false, ""speed_limit_active"": false, ""lock_geo_alert_distance"": 0}"
2023-07-23 20:50:33.650,4431,858,"354616090369062",1582,"{""key"": false, ""flip"": false, ""zone"": false, ""speed"": 25.1872, ""buzzer"": 0, ""engine"": true, ""in_zone"": true, ""ignition"": true, ""latitude"": 25.9341166, ""direction"": 82, ""longitude"": -80.114025, ""gsm_signal"": 22, ""sleep_mode"": false, ""staff_mode"": false, ""fault_codes"": [], ""speed_limit"": 0, ""engine_hours"": 1433, ""idc_triggers"": [], ""buzzer_active"": false, ""fuel_level_avg"": 30, ""lock_geo_alert"": false, ""operation_mode"": ""RENT"", ""battery_voltage"": 14.399999618530273, ""in_primary_zone"": true, ""lock_engine_alert"": false, ""in_restricted_zone"": false, ""onboard_geofencing"": false, ""speed_limit_active"": false, ""lock_geo_alert_distance"": 0}"
2023-07-23 20:50:32.585,4431,858,"354616090369062",1582,"{""key"": false, ""flip"": false, ""zone"": false, ""speed"": 29.446800000000003, ""buzzer"": 0, ""engine"": true, ""in_zone"": true, ""ignition"": true, ""latitude"": 25.934115, ""direction"": 86, ""longitude"": -80.1141, ""gsm_signal"": 19, ""sleep_mode"": false, ""staff_mode"": false, ""fault_codes"": [], ""speed_limit"": 0, ""engine_hours"": 1433, ""idc_triggers"": [], ""buzzer_active"": false, ""fuel_level_avg"": 30, ""lock_geo_alert"": false, ""operation_mode"": ""RENT"", ""battery_voltage"": 14.399999618530273, ""in_primary_zone"": true, ""lock_engine_alert"": false, ""in_restricted_zone"": false, ""onboard_geofencing"": false, ""speed_limit_active"": false, ""lock_geo_alert_distance"": 0}"
2023-07-23 20:50:31.626,4431,858,"354616090369062",1582,"{""key"": false, ""flip"": false, ""zone"": false, ""speed"": 32.9656, ""buzzer"": 0, ""engine"": true, ""in_zone"": true, ""ignition"": true, ""latitude"": 25.9341116, ""direction"": 88, ""longitude"": -80.114185, ""gsm_signal"": 19, ""sleep_mode"": false, ""staff_mode"": false, ""fault_codes"": [], ""speed_limit"": 0, ""engine_hours"": 1433, ""idc_triggers"": [], ""buzzer_active"": false, ""fuel_level_avg"": 30, ""lock_geo_alert"": false, ""operation_mode"": ""RENT"", ""battery_voltage"": 14.399999618530273, ""in_primary_zone"": true, ""lock_engine_alert"": false, ""in_restricted_zone"": false, ""onboard_geofencing"": false, ""speed_limit_active"": false, ""lock_geo_alert_distance"": 0}"
2023-07-23 20:50:30.585,4431,858,"354616090369062",1582,"{""key"": false, ""flip"": false, ""zone"": false, ""speed"": 31.1136, ""buzzer"": 0, ""engine"": true, ""in_zone"": true, ""ignition"": true, ""latitude"": 25.9341133, ""direction"": 92, ""longitude"": -80.114275, ""gsm_signal"": 19, ""sleep_mode"": false, ""staff_mode"": false, ""fault_codes"": [], ""speed_limit"": 0, ""engine_hours"": 1433, ""idc_triggers"": [], ""buzzer_active"": false, ""fuel_level_avg"": 30, ""lock_geo_alert"": false, ""operation_mode"": ""RENT"", ""battery_voltage"": 14.399999618530273, ""in_primary_zone"": true, ""lock_engine_alert"": false, ""in_restricted_zone"": false, ""onboard_geofencing"": false, ""speed_limit_active"": false, ""lock_geo_alert_distance"": 0}"
2023-07-23 20:50:29.626,4431,858,"354616090369062",1582,"{""key"": false, ""flip"": false, ""zone"": false, ""speed"": 30.558000000000003, ""buzzer"": 0, ""engine"": true, ""in_zone"": true, ""ignition"": true, ""latitude"": 25.934115, ""direction"": 94, ""longitude"": -80.11436, ""gsm_signal"": 21, ""sleep_mode"": false, ""staff_mode"": false, ""fault_codes"": [], ""speed_limit"": 0, ""engine_hours"": 1433, ""idc_triggers"": [], ""buzzer_active"": false, ""fuel_level_avg"": 30, ""lock_geo_alert"": false, ""operation_mode"": ""RENT"", ""battery_voltage"": 14.399999618530273, ""in_primary_zone"": true, ""lock_engine_alert"": false, ""in_restricted_zone"": false, ""onboard_geofencing"": false, ""speed_limit_active"": false, ""lock_geo_alert_distance"": 0}"
2023-07-23 20:50:28.578,4431,858,"354616090369062",1582,"{""key"": false, ""flip"": false, ""zone"": false, ""speed"": 31.1136, ""buzzer"": 0, ""engine"": true, ""in_zone"": true, ""ignition"": true, ""latitude"": 25.9341216, ""direction"": 94, ""longitude"": -80.1144432, ""gsm_signal"": 20, ""sleep_mode"": false, ""staff_mode"": false, ""fault_codes"": [], ""speed_limit"": 0, ""engine_hours"": 1433, ""idc_triggers"": [], ""buzzer_active"": false, ""fuel_level_avg"": 30, ""lock_geo_alert"": false, ""operation_mode"": ""RENT"", ""battery_voltage"": 14.399999618530273, ""in_primary_zone"": true, ""lock_engine_alert"": false, ""in_restricted_zone"": false, ""onboard_geofencing"": false, ""speed_limit_active"": false, ""lock_geo_alert_distance"": 0}"
2023-07-23 20:50:27.618,4431,858,"354616090369062",1582,"{""key"": false, ""flip"": false, ""zone"": false, ""speed"": 32.410000000000004, ""buzzer"": 0, ""engine"": true, ""in_zone"": true, ""ignition"": true, ""latitude"": 25.9341316, ""direction"": 95, ""longitude"": -80.1145316, ""gsm_signal"": 20, ""sleep_mode"": false, ""staff_mode"": false, ""fault_codes"": [], ""speed_limit"": 0, ""engine_hours"": 1433, ""idc_triggers"": [], ""buzzer_active"": false, ""fuel_level_avg"": 30, ""lock_geo_alert"": false, ""operation_mode"": ""RENT"", ""battery_voltage"": 14.399999618530273, ""in_primary_zone"": true, ""lock_engine_alert"": false, ""in_restricted_zone"": false, ""onboard_geofencing"": false, ""speed_limit_active"": false, ""lock_geo_alert_distance"": 0}"
2023-07-23 20:50:26.578,4431,858,"354616090369062",1582,"{""key"": false, ""flip"": false, ""zone"": false, ""speed"": 31.484, ""buzzer"": 0, ""engine"": true, ""in_zone"": true, ""ignition"": true, ""latitude"": 25.9341416, ""direction"": 98, ""longitude"": -80.1146216, ""gsm_signal"": 21, ""sleep_mode"": false, ""staff_mode"": false, ""fault_codes"": [], ""speed_limit"": 0, ""engine_hours"": 1433, ""idc_triggers"": [], ""buzzer_active"": false, ""fuel_level_avg"": 30, ""lock_geo_alert"": false, ""operation_mode"": ""RENT"", ""battery_voltage"": 14.399999618530273, ""in_primary_zone"": true, ""lock_engine_alert"": false, ""in_restricted_zone"": false, ""onboard_geofencing"": false, ""speed_limit_active"": false, ""lock_geo_alert_distance"": 0}"
2023-07-23 20:50:25.618,4431,858,"354616090369062",1582,"{""key"": false, ""flip"": false, ""zone"": false, ""speed"": 29.261600000000005, ""buzzer"": 0, ""engine"": true, ""in_zone"": true, ""ignition"": true, ""latitude"": 25.9341533, ""direction"": 99, ""longitude"": -80.114705, ""gsm_signal"": 21, ""sleep_mode"": false, ""staff_mode"": false, ""fault_codes"": [], ""speed_limit"": 0, ""engine_hours"": 1433, ""idc_triggers"": [], ""buzzer_active"": false, ""fuel_level_avg"": 30, ""lock_geo_alert"": false, ""operation_mode"": ""RENT"", ""battery_voltage"": 14.399999618530273, ""in_primary_zone"": true, ""lock_engine_alert"": false, ""in_restricted_zone"": false, ""onboard_geofencing"": false, ""speed_limit_active"": false, ""lock_geo_alert_distance"": 0}"
2023-07-23 20:50:24.579,4431,858,"354616090369062",1582,"{""key"": false, ""flip"": false, ""zone"": false, ""speed"": 27.224400000000003, ""buzzer"": 0, ""engine"": true, ""in_zone"": true, ""ignition"": true, ""latitude"": 25.9341633, ""direction"": 100, ""longitude"": -80.1147832, ""gsm_signal"": 22, ""sleep_mode"": false, ""staff_mode"": false, ""fault_codes"": [], ""speed_limit"": 0, ""engine_hours"": 1433, ""idc_triggers"": [], ""buzzer_active"": false, ""fuel_level_avg"": 30, ""lock_geo_alert"": false, ""operation_mode"": ""RENT"", ""battery_voltage"": 14.399999618530273, ""in_primary_zone"": true, ""lock_engine_alert"": false, ""in_restricted_zone"": false, ""onboard_geofencing"": false, ""speed_limit_active"": false, ""lock_geo_alert_distance"": 0}"
2023-07-23 20:50:23.618,4431,858,"354616090369062",1582,"{""key"": false, ""flip"": false, ""zone"": false, ""speed"": 24.076, ""buzzer"": 0, ""engine"": true, ""in_zone"": true, ""ignition"": true, ""latitude"": 25.9341733, ""direction"": 99, ""longitude"": -80.1148516, ""gsm_signal"": 22, ""sleep_mode"": false, ""staff_mode"": false, ""fault_codes"": [], ""speed_limit"": 0, ""engine_hours"": 1433, ""idc_triggers"": [], ""buzzer_active"": false, ""fuel_level_avg"": 30, ""lock_geo_alert"": false, ""operation_mode"": ""RENT"", ""battery_voltage"": 14.399999618530273, ""in_primary_zone"": true, ""lock_engine_alert"": false, ""in_restricted_zone"": false, ""onboard_geofencing"": false, ""speed_limit_active"": false, ""lock_geo_alert_distance"": 0}"
2023-07-23 20:50:22.579,4431,858,"354616090369062",1582,"{""key"": false, ""flip"": false, ""zone"": false, ""speed"": 20.5572, ""buzzer"": 0, ""engine"": true, ""in_zone"": true, ""ignition"": true, ""latitude"": 25.934185, ""direction"": 103, ""longitude"": -80.1149132, ""gsm_signal"": 22, ""sleep_mode"": false, ""staff_mode"": false, ""fault_codes"": [], ""speed_limit"": 0, ""engine_hours"": 1433, ""idc_triggers"": [], ""buzzer_active"": false, ""fuel_level_avg"": 30, ""lock_geo_alert"": false, ""operation_mode"": ""RENT"", ""battery_voltage"": 14.399999618530273, ""in_primary_zone"": true, ""lock_engine_alert"": false, ""in_restricted_zone"": false, ""onboard_geofencing"": false, ""speed_limit_active"": false, ""lock_geo_alert_distance"": 0}"
2023-07-23 20:50:21.618,4431,858,"354616090369062",1582,"{""key"": false, ""flip"": false, ""zone"": false, ""speed"": 16.668, ""buzzer"": 0, ""engine"": true, ""in_zone"": true, ""ignition"": true, ""latitude"": 25.9341933, ""direction"": 97, ""longitude"": -80.1149632, ""gsm_signal"": 23, ""sleep_mode"": false, ""staff_mode"": false, ""fault_codes"": [], ""speed_limit"": 0, ""engine_hours"": 1433, ""idc_triggers"": [], ""buzzer_active"": false, ""fuel_level_avg"": 30, ""lock_geo_alert"": false, ""operation_mode"": ""RENT"", ""battery_voltage"": 14.399999618530273, ""in_primary_zone"": true, ""lock_engine_alert"": false, ""in_restricted_zone"": false, ""onboard_geofencing"": false, ""speed_limit_active"": false, ""lock_geo_alert_distance"": 0}"
2023-07-23 20:50:20.592,4431,858,"354616090369062",1582,"{""key"": false, ""flip"": false, ""zone"": false, ""speed"": 17.7792, ""buzzer"": 0, ""engine"": true, ""in_zone"": true, ""ignition"": true, ""latitude"": 25.9342, ""direction"": 103, ""longitude"": -80.1150132, ""gsm_signal"": 22, ""sleep_mode"": false, ""staff_mode"": false, ""fault_codes"": [], ""speed_limit"": 0, ""engine_hours"": 1433, ""idc_triggers"": [], ""buzzer_active"": false, ""fuel_level_avg"": 30, ""lock_geo_alert"": false, ""operation_mode"": ""RENT"", ""battery_voltage"": 14.399999618530273, ""in_primary_zone"": true, ""lock_engine_alert"": false, ""in_restricted_zone"": false, ""onboard_geofencing"": false, ""speed_limit_active"": false, ""lock_geo_alert_distance"": 0}"
2023-07-23 20:50:19.652,4431,858,"354616090369062",1582,"{""key"": false, ""flip"": false, ""zone"": false, ""speed"": 18.8904, ""buzzer"": 0, ""engine"": true, ""in_zone"": true, ""ignition"": true, ""latitude"": 25.9342116, ""direction"": 102, ""longitude"": -80.1150616, ""gsm_signal"": 23, ""sleep_mode"": false, ""staff_mode"": false, ""fault_codes"": [], ""speed_limit"": 0, ""engine_hours"": 1433, ""idc_triggers"": [], ""buzzer_active"": false, ""fuel_level_avg"": 30, ""lock_geo_alert"": false, ""operation_mode"": ""RENT"", ""battery_voltage"": 14.399999618530273, ""in_primary_zone"": true, ""lock_engine_alert"": false, ""in_restricted_zone"": false, ""onboard_geofencing"": false, ""speed_limit_active"": false, ""lock_geo_alert_distance"": 0}"
2023-07-23 20:50:18.609,4431,858,"354616090369062",1582,"{""key"": false, ""flip"": false, ""zone"": false, ""speed"": 20.7424, ""buzzer"": 0, ""engine"": true, ""in_zone"": true, ""ignition"": true, ""latitude"": 25.93422, ""direction"": 99, ""longitude"": -80.115115, ""gsm_signal"": 23, ""sleep_mode"": false, ""staff_mode"": false, ""fault_codes"": [], ""speed_limit"": 0, ""engine_hours"": 1433, ""idc_triggers"": [], ""buzzer_active"": false, ""fuel_level_avg"": 30, ""lock_geo_alert"": false, ""operation_mode"": ""RENT"", ""battery_voltage"": 14.399999618530273, ""in_primary_zone"": true, ""lock_engine_alert"": false, ""in_restricted_zone"": false, ""onboard_geofencing"": false, ""speed_limit_active"": false, ""lock_geo_alert_distance"": 0}"
2023-07-23 20:50:17.688,4431,858,"354616090369062",1582,"{""key"": false, ""flip"": false, ""zone"": false, ""speed"": 22.224, ""buzzer"": 0, ""engine"": true, ""in_zone"": true, ""ignition"": true, ""latitude"": 25.93423, ""direction"": 101, ""longitude"": -80.115175, ""gsm_signal"": 22, ""sleep_mode"": false, ""staff_mode"": false, ""fault_codes"": [], ""speed_limit"": 0, ""engine_hours"": 1433, ""idc_triggers"": [], ""buzzer_active"": false, ""fuel_level_avg"": 30, ""lock_geo_alert"": false, ""operation_mode"": ""RENT"", ""battery_voltage"": 14.399999618530273, ""in_primary_zone"": true, ""lock_engine_alert"": false, ""in_restricted_zone"": false, ""onboard_geofencing"": false, ""speed_limit_active"": false, ""lock_geo_alert_distance"": 0}"
2023-07-23 20:50:16.605,4431,858,"354616090369062",1582,"{""key"": false, ""flip"": false, ""zone"": false, ""speed"": 21.8536, ""buzzer"": 0, ""engine"": true, ""in_zone"": true, ""ignition"": true, ""latitude"": 25.93424, ""direction"": 104, ""longitude"": -80.1152332, ""gsm_signal"": 23, ""sleep_mode"": false, ""staff_mode"": false, ""fault_codes"": [], ""speed_limit"": 0, ""engine_hours"": 1433, ""idc_triggers"": [], ""buzzer_active"": false, ""fuel_level_avg"": 30, ""lock_geo_alert"": false, ""operation_mode"": ""RENT"", ""battery_voltage"": 14.399999618530273, ""in_primary_zone"": true, ""lock_engine_alert"": false, ""in_restricted_zone"": false, ""onboard_geofencing"": false, ""speed_limit_active"": false, ""lock_geo_alert_distance"": 0}"
2023-07-23 20:50:15.625,4431,858,"354616090369062",1582,"{""key"": false, ""flip"": false, ""zone"": false, ""speed"": 20.1868, ""buzzer"": 0, ""engine"": true, ""in_zone"": true, ""ignition"": true, ""latitude"": 25.9342533, ""direction"": 106, ""longitude"": -80.1152916, ""gsm_signal"": 24, ""sleep_mode"": false, ""staff_mode"": false, ""fault_codes"": [], ""speed_limit"": 0, ""engine_hours"": 1433, ""idc_triggers"": [], ""buzzer_active"": false, ""fuel_level_avg"": 30, ""lock_geo_alert"": false, ""operation_mode"": ""RENT"", ""battery_voltage"": 14.399999618530273, ""in_primary_zone"": true, ""lock_engine_alert"": false, ""in_restricted_zone"": false, ""onboard_geofencing"": false, ""speed_limit_active"": false, ""lock_geo_alert_distance"": 0}"
2023-07-23 20:50:14.594,4431,858,"354616090369062",1582,"{""key"": false, ""flip"": false, ""zone"": false, ""speed"": 17.594, ""buzzer"": 0, ""engine"": true, ""in_zone"": true, ""ignition"": true, ""latitude"": 25.9342683, ""direction"": 107, ""longitude"": -80.1153432, ""gsm_signal"": 22, ""sleep_mode"": false, ""staff_mode"": false, ""fault_codes"": [], ""speed_limit"": 0, ""engine_hours"": 1433, ""idc_triggers"": [], ""buzzer_active"": false, ""fuel_level_avg"": 30, ""lock_geo_alert"": false, ""operation_mode"": ""RENT"", ""battery_voltage"": 14.399999618530273, ""in_primary_zone"": true, ""lock_engine_alert"": false, ""in_restricted_zone"": false, ""onboard_geofencing"": false, ""speed_limit_active"": false, ""lock_geo_alert_distance"": 0}"
2023-07-23 20:50:13.625,4431,858,"354616090369062",1582,"{""key"": false, ""flip"": false, ""zone"": false, ""speed"": 15.5568, ""buzzer"": 0, ""engine"": true, ""in_zone"": true, ""ignition"": true, ""latitude"": 25.9342816, ""direction"": 107, ""longitude"": -80.1153882, ""gsm_signal"": 23, ""sleep_mode"": false, ""staff_mode"": false, ""fault_codes"": [], ""speed_limit"": 0, ""engine_hours"": 1433, ""idc_triggers"": [], ""buzzer_active"": false, ""fuel_level_avg"": 30, ""lock_geo_alert"": false, ""operation_mode"": ""RENT"", ""battery_voltage"": 14.399999618530273, ""in_primary_zone"": true, ""lock_engine_alert"": false, ""in_restricted_zone"": false, ""onboard_geofencing"": false, ""speed_limit_active"": false, ""lock_geo_alert_distance"": 0}"
2023-07-23 20:50:12.586,4431,858,"354616090369062",1582,"{""key"": false, ""flip"": false, ""zone"": false, ""speed"": 13.7048, ""buzzer"": 0, ""engine"": true, ""in_zone"": true, ""ignition"": true, ""latitude"": 25.934295, ""direction"": 106, ""longitude"": -80.1154266, ""gsm_signal"": 22, ""sleep_mode"": false, ""staff_mode"": false, ""fault_codes"": [], ""speed_limit"": 0, ""engine_hours"": 1433, ""idc_triggers"": [], ""buzzer_active"": false, ""fuel_level_avg"": 30, ""lock_geo_alert"": false, ""operation_mode"": ""RENT"", ""battery_voltage"": 14.399999618530273, ""in_primary_zone"": true, ""lock_engine_alert"": false, ""in_restricted_zone"": false, ""onboard_geofencing"": false, ""speed_limit_active"": false, ""lock_geo_alert_distance"": 0}"
2023-07-23 20:50:11.625,4431,858,"354616090369062",1582,"{""key"": false, ""flip"": false, ""zone"": false, ""speed"": 11.2972, ""buzzer"": 0, ""engine"": true, ""in_zone"": true, ""ignition"": true, ""latitude"": 25.934305, ""direction"": 106, ""longitude"": -80.11546, ""gsm_signal"": 23, ""sleep_mode"": false, ""staff_mode"": false, ""fault_codes"": [], ""speed_limit"": 0, ""engine_hours"": 1433, ""idc_triggers"": [], ""buzzer_active"": false, ""fuel_level_avg"": 30, ""lock_geo_alert"": false, ""operation_mode"": ""RENT"", ""battery_voltage"": 14.399999618530273, ""in_primary_zone"": true, ""lock_engine_alert"": false, ""in_restricted_zone"": false, ""onboard_geofencing"": false, ""speed_limit_active"": false, ""lock_geo_alert_distance"": 0}"
2023-07-23 20:50:10.827,4431,858,"354616090369062",1582,"{""key"": false, ""flip"": false, ""zone"": false, ""speed"": 9.0748, ""buzzer"": 0, ""engine"": true, ""in_zone"": true, ""ignition"": true, ""latitude"": 25.9343116, ""direction"": 99, ""longitude"": -80.115485, ""gsm_signal"": 21, ""sleep_mode"": false, ""staff_mode"": false, ""fault_codes"": [], ""speed_limit"": 0, ""engine_hours"": 1433, ""idc_triggers"": [], ""buzzer_active"": false, ""fuel_level_avg"": 30, ""lock_geo_alert"": false, ""operation_mode"": ""RENT"", ""battery_voltage"": 14.399999618530273, ""in_primary_zone"": true, ""lock_engine_alert"": false, ""in_restricted_zone"": false, ""onboard_geofencing"": false, ""speed_limit_active"": false, ""lock_geo_alert_distance"": 0}"
2023-07-23 20:50:08.662,4431,858,"354616090369062",1582,"{""key"": false, ""flip"": false, ""zone"": false, ""speed"": 13.7048, ""buzzer"": 0, ""engine"": true, ""in_zone"": true, ""ignition"": true, ""latitude"": 25.9343166, ""direction"": 99, ""longitude"": -80.11554, ""gsm_signal"": 26, ""sleep_mode"": false, ""staff_mode"": false, ""fault_codes"": [], ""speed_limit"": 0, ""engine_hours"": 1433, ""idc_triggers"": [], ""buzzer_active"": false, ""fuel_level_avg"": 30, ""lock_geo_alert"": false, ""operation_mode"": ""RENT"", ""battery_voltage"": 14.399999618530273, ""in_primary_zone"": true, ""lock_engine_alert"": false, ""in_restricted_zone"": false, ""onboard_geofencing"": false, ""speed_limit_active"": false, ""lock_geo_alert_distance"": 0}"
2023-07-23 20:50:08.547,4431,858,"354616090369062",1582,"{""key"": false, ""flip"": false, ""zone"": false, ""speed"": 13.7048, ""buzzer"": 0, ""engine"": true, ""in_zone"": true, ""ignition"": true, ""latitude"": 25.9343166, ""direction"": 99, ""longitude"": -80.11554, ""gsm_signal"": 26, ""sleep_mode"": false, ""staff_mode"": false, ""fault_codes"": [], ""speed_limit"": 0, ""engine_hours"": 1433, ""idc_triggers"": [], ""buzzer_active"": false, ""fuel_level_avg"": 30, ""lock_geo_alert"": false, ""operation_mode"": ""RENT"", ""battery_voltage"": 14.399999618530273, ""in_primary_zone"": true, ""lock_engine_alert"": false, ""in_restricted_zone"": false, ""onboard_geofencing"": false, ""speed_limit_active"": false, ""lock_geo_alert_distance"": 0}"
2023-07-23 20:50:07.627,4431,858,"354616090369062",1582,"{""key"": false, ""flip"": false, ""zone"": false, ""speed"": 11.8528, ""buzzer"": 0, ""engine"": true, ""in_zone"": true, ""ignition"": true, ""latitude"": 25.934315, ""direction"": 88, ""longitude"": -80.1155766, ""gsm_signal"": 27, ""sleep_mode"": false, ""staff_mode"": false, ""fault_codes"": [], ""speed_limit"": 0, ""engine_hours"": 1433, ""idc_triggers"": [], ""buzzer_active"": false, ""fuel_level_avg"": 30, ""lock_geo_alert"": false, ""operation_mode"": ""RENT"", ""battery_voltage"": 14.399999618530273, ""in_primary_zone"": true, ""lock_engine_alert"": false, ""in_restricted_zone"": false, ""onboard_geofencing"": false, ""speed_limit_active"": false, ""lock_geo_alert_distance"": 0}"
2023-07-23 20:50:06.736,4431,858,"354616090369062",1582,"{""key"": false, ""flip"": false, ""zone"": false, ""speed"": 10.3712, ""buzzer"": 0, ""engine"": true, ""in_zone"": true, ""ignition"": true, ""latitude"": 25.9343116, ""direction"": 86, ""longitude"": -80.1156082, ""gsm_signal"": 27, ""sleep_mode"": false, ""staff_mode"": false, ""fault_codes"": [], ""speed_limit"": 0, ""engine_hours"": 1433, ""idc_triggers"": [], ""buzzer_active"": false, ""fuel_level_avg"": 30, ""lock_geo_alert"": false, ""operation_mode"": ""RENT"", ""battery_voltage"": 14.399999618530273, ""in_primary_zone"": true, ""lock_engine_alert"": false, ""in_restricted_zone"": false, ""onboard_geofencing"": false, ""speed_limit_active"": false, ""lock_geo_alert_distance"": 0}"
2023-07-23 20:50:05.616,4431,858,"354616090369062",1582,"{""key"": false, ""flip"": false, ""zone"": false, ""speed"": 9.0748, ""buzzer"": 0, ""engine"": true, ""in_zone"": true, ""ignition"": true, ""latitude"": 25.93431, ""direction"": 81, ""longitude"": -80.115635, ""gsm_signal"": 26, ""sleep_mode"": false, ""staff_mode"": false, ""fault_codes"": [], ""speed_limit"": 0, ""engine_hours"": 1433, ""idc_triggers"": [], ""buzzer_active"": false, ""fuel_level_avg"": 30, ""lock_geo_alert"": false, ""operation_mode"": ""RENT"", ""battery_voltage"": 14.399999618530273, ""in_primary_zone"": true, ""lock_engine_alert"": false, ""in_restricted_zone"": false, ""onboard_geofencing"": false, ""speed_limit_active"": false, ""lock_geo_alert_distance"": 0}"
2023-07-23 20:50:04.576,4431,858,"354616090369062",1582,"{""key"": false, ""flip"": false, ""zone"": false, ""speed"": 8.704400000000001, ""buzzer"": 0, ""engine"": true, ""in_zone"": true, ""ignition"": true, ""latitude"": 25.9343033, ""direction"": 72, ""longitude"": -80.1156582, ""gsm_signal"": 28, ""sleep_mode"": false, ""staff_mode"": false, ""fault_codes"": [], ""speed_limit"": 0, ""engine_hours"": 1433, ""idc_triggers"": [], ""buzzer_active"": false, ""fuel_level_avg"": 30, ""lock_geo_alert"": false, ""operation_mode"": ""RENT"", ""battery_voltage"": 14.399999618530273, ""in_primary_zone"": true, ""lock_engine_alert"": false, ""in_restricted_zone"": false, ""onboard_geofencing"": false, ""speed_limit_active"": false, ""lock_geo_alert_distance"": 0}"
2023-07-23 20:50:03.617,4431,858,"354616090369062",1582,"{""key"": false, ""flip"": false, ""zone"": false, ""speed"": 10.3712, ""buzzer"": 0, ""engine"": true, ""in_zone"": true, ""ignition"": true, ""latitude"": 25.9342933, ""direction"": 64, ""longitude"": -80.1156816, ""gsm_signal"": 31, ""sleep_mode"": false, ""staff_mode"": false, ""fault_codes"": [], ""speed_limit"": 0, ""engine_hours"": 1433, ""idc_triggers"": [], ""buzzer_active"": false, ""fuel_level_avg"": 30, ""lock_geo_alert"": false, ""operation_mode"": ""RENT"", ""battery_voltage"": 14.399999618530273, ""in_primary_zone"": true, ""lock_engine_alert"": false, ""in_restricted_zone"": false, ""onboard_geofencing"": false, ""speed_limit_active"": false, ""lock_geo_alert_distance"": 0}"
2023-07-23 20:50:02.580,4431,858,"354616090369062",1582,"{""key"": false, ""flip"": false, ""zone"": false, ""speed"": 12.4084, ""buzzer"": 0, ""engine"": true, ""in_zone"": true, ""ignition"": true, ""latitude"": 25.93428, ""direction"": 59, ""longitude"": -80.1157082, ""gsm_signal"": 29, ""sleep_mode"": false, ""staff_mode"": false, ""fault_codes"": [], ""speed_limit"": 0, ""engine_hours"": 1433, ""idc_triggers"": [], ""buzzer_active"": false, ""fuel_level_avg"": 30, ""lock_geo_alert"": false, ""operation_mode"": ""RENT"", ""battery_voltage"": 14.399999618530273, ""in_primary_zone"": true, ""lock_engine_alert"": false, ""in_restricted_zone"": false, ""onboard_geofencing"": false, ""speed_limit_active"": false, ""lock_geo_alert_distance"": 0}"
2023-07-23 20:50:01.616,4431,858,"354616090369062",1582,"{""key"": false, ""flip"": false, ""zone"": false, ""speed"": 13.89, ""buzzer"": 0, ""engine"": true, ""in_zone"": true, ""ignition"": true, ""latitude"": 25.9342566, ""direction"": 48, ""longitude"": -80.1157366, ""gsm_signal"": 31, ""sleep_mode"": false, ""staff_mode"": false, ""fault_codes"": [], ""speed_limit"": 0, ""engine_hours"": 1433, ""idc_triggers"": [], ""buzzer_active"": false, ""fuel_level_avg"": 30, ""lock_geo_alert"": false, ""operation_mode"": ""RENT"", ""battery_voltage"": 14.399999618530273, ""in_primary_zone"": true, ""lock_engine_alert"": false, ""in_restricted_zone"": false, ""onboard_geofencing"": false, ""speed_limit_active"": false, ""lock_geo_alert_distance"": 0}"
2023-07-23 20:50:00.576,4431,858,"354616090369062",1582,"{""key"": false, ""flip"": false, ""zone"": false, ""speed"": 13.89, ""buzzer"": 0, ""engine"": true, ""in_zone"": true, ""ignition"": true, ""latitude"": 25.9342333, ""direction"": 45, ""longitude"": -80.1157632, ""gsm_signal"": 30, ""sleep_mode"": false, ""staff_mode"": false, ""fault_codes"": [], ""speed_limit"": 0, ""engine_hours"": 1433, ""idc_triggers"": [], ""buzzer_active"": false, ""fuel_level_avg"": 30, ""lock_geo_alert"": false, ""operation_mode"": ""RENT"", ""battery_voltage"": 14.399999618530273, ""in_primary_zone"": true, ""lock_engine_alert"": false, ""in_restricted_zone"": false, ""onboard_geofencing"": false, ""speed_limit_active"": false, ""lock_geo_alert_distance"": 0}"
2023-07-23 20:49:59.616,4431,858,"354616090369062",1582,"{""key"": false, ""flip"": false, ""zone"": false, ""speed"": 13.5196, ""buzzer"": 0, ""engine"": true, ""in_zone"": true, ""ignition"": true, ""latitude"": 25.93421, ""direction"": 42, ""longitude"": -80.11579, ""gsm_signal"": 29, ""sleep_mode"": false, ""staff_mode"": false, ""fault_codes"": [], ""speed_limit"": 0, ""engine_hours"": 1433, ""idc_triggers"": [], ""buzzer_active"": false, ""fuel_level_avg"": 30, ""lock_geo_alert"": false, ""operation_mode"": ""RENT"", ""battery_voltage"": 14.399999618530273, ""in_primary_zone"": true, ""lock_engine_alert"": false, ""in_restricted_zone"": false, ""onboard_geofencing"": false, ""speed_limit_active"": false, ""lock_geo_alert_distance"": 0}"
2023-07-23 20:49:58.595,4431,858,"354616090369062",1582,"{""key"": false, ""flip"": false, ""zone"": false, ""speed"": 12.4084, ""buzzer"": 0, ""engine"": true, ""in_zone"": true, ""ignition"": true, ""latitude"": 25.9341866, ""direction"": 38, ""longitude"": -80.115815, ""gsm_signal"": 29, ""sleep_mode"": false, ""staff_mode"": false, ""fault_codes"": [], ""speed_limit"": 0, ""engine_hours"": 1433, ""idc_triggers"": [], ""buzzer_active"": false, ""fuel_level_avg"": 30, ""lock_geo_alert"": false, ""operation_mode"": ""RENT"", ""battery_voltage"": 14.399999618530273, ""in_primary_zone"": true, ""lock_engine_alert"": false, ""in_restricted_zone"": false, ""onboard_geofencing"": false, ""speed_limit_active"": false, ""lock_geo_alert_distance"": 0}"
2023-07-23 20:49:57.616,4431,858,"354616090369062",1582,"{""key"": false, ""flip"": false, ""zone"": false, ""speed"": 11.2972, ""buzzer"": 0, ""engine"": true, ""in_zone"": true, ""ignition"": true, ""latitude"": 25.9341666, ""direction"": 47, ""longitude"": -80.115835, ""gsm_signal"": 27, ""sleep_mode"": false, ""staff_mode"": false, ""fault_codes"": [], ""speed_limit"": 0, ""engine_hours"": 1433, ""idc_triggers"": [], ""buzzer_active"": false, ""fuel_level_avg"": 30, ""lock_geo_alert"": false, ""operation_mode"": ""RENT"", ""battery_voltage"": 14.399999618530273, ""in_primary_zone"": true, ""lock_engine_alert"": false, ""in_restricted_zone"": false, ""onboard_geofencing"": false, ""speed_limit_active"": false, ""lock_geo_alert_distance"": 0}"
2023-07-23 20:49:56.576,4431,858,"354616090369062",1582,"{""key"": false, ""flip"": false, ""zone"": false, ""speed"": 11.2972, ""buzzer"": 0, ""engine"": true, ""in_zone"": true, ""ignition"": true, ""latitude"": 25.93415, ""direction"": 47, ""longitude"": -80.1158582, ""gsm_signal"": 28, ""sleep_mode"": false, ""staff_mode"": false, ""fault_codes"": [], ""speed_limit"": 0, ""engine_hours"": 1433, ""idc_triggers"": [], ""buzzer_active"": false, ""fuel_level_avg"": 30, ""lock_geo_alert"": false, ""operation_mode"": ""RENT"", ""battery_voltage"": 14.399999618530273, ""in_primary_zone"": true, ""lock_engine_alert"": false, ""in_restricted_zone"": false, ""onboard_geofencing"": false, ""speed_limit_active"": false, ""lock_geo_alert_distance"": 0}"
2023-07-23 20:49:55.616,4431,858,"354616090369062",1582,"{""key"": false, ""flip"": false, ""zone"": false, ""speed"": 11.2972, ""buzzer"": 0, ""engine"": true, ""in_zone"": true, ""ignition"": true, ""latitude"": 25.9341316, ""direction"": 47, ""longitude"": -80.1158816, ""gsm_signal"": 31, ""sleep_mode"": false, ""staff_mode"": false, ""fault_codes"": [], ""speed_limit"": 0, ""engine_hours"": 1433, ""idc_triggers"": [], ""buzzer_active"": false, ""fuel_level_avg"": 30, ""lock_geo_alert"": false, ""operation_mode"": ""RENT"", ""battery_voltage"": 14.399999618530273, ""in_primary_zone"": true, ""lock_engine_alert"": false, ""in_restricted_zone"": false, ""onboard_geofencing"": false, ""speed_limit_active"": false, ""lock_geo_alert_distance"": 0}"
2023-07-23 20:49:54.496,4431,858,"354616090369062",1582,"{""key"": false, ""flip"": false, ""zone"": false, ""speed"": 11.8528, ""buzzer"": 0, ""engine"": true, ""in_zone"": true, ""ignition"": true, ""latitude"": 25.9341166, ""direction"": 54, ""longitude"": -80.1159082, ""gsm_signal"": 28, ""sleep_mode"": false, ""staff_mode"": false, ""fault_codes"": [], ""speed_limit"": 0, ""engine_hours"": 1433, ""idc_triggers"": [], ""buzzer_active"": false, ""fuel_level_avg"": 30, ""lock_geo_alert"": false, ""operation_mode"": ""RENT"", ""battery_voltage"": 14.399999618530273, ""in_primary_zone"": true, ""lock_engine_alert"": false, ""in_restricted_zone"": false, ""onboard_geofencing"": false, ""speed_limit_active"": false, ""lock_geo_alert_distance"": 0}"
2023-07-23 20:49:53.456,4431,858,"354616090369062",1582,"{""key"": false, ""flip"": false, ""zone"": false, ""speed"": 11.482400000000002, ""buzzer"": 0, ""engine"": true, ""in_zone"": true, ""ignition"": true, ""latitude"": 25.934101599999998, ""direction"": 48, ""longitude"": -80.1159366, ""gsm_signal"": 29, ""sleep_mode"": false, ""staff_mode"": false, ""fault_codes"": [], ""speed_limit"": 0, ""engine_hours"": 1433, ""idc_triggers"": [], ""buzzer_active"": false, ""fuel_level_avg"": 30, ""lock_geo_alert"": false, ""operation_mode"": ""RENT"", ""battery_voltage"": 14.399999618530273, ""in_primary_zone"": true, ""lock_engine_alert"": false, ""in_restricted_zone"": false, ""onboard_geofencing"": false, ""speed_limit_active"": false, ""lock_geo_alert_distance"": 0}"
2023-07-23 20:49:52.497,4431,858,"354616090369062",1582,"{""key"": false, ""flip"": false, ""zone"": false, ""speed"": 10.5564, ""buzzer"": 0, ""engine"": true, ""in_zone"": true, ""ignition"": true, ""latitude"": 25.9340833, ""direction"": 55, ""longitude"": -80.115965, ""gsm_signal"": 30, ""sleep_mode"": false, ""staff_mode"": false, ""fault_codes"": [], ""speed_limit"": 0, ""engine_hours"": 1433, ""idc_triggers"": [], ""buzzer_active"": false, ""fuel_level_avg"": 30, ""lock_geo_alert"": false, ""operation_mode"": ""RENT"", ""battery_voltage"": 14.399999618530273, ""in_primary_zone"": true, ""lock_engine_alert"": false, ""in_restricted_zone"": false, ""onboard_geofencing"": false, ""speed_limit_active"": false, ""lock_geo_alert_distance"": 0}"
2023-07-23 20:49:51.459,4431,858,"354616090369062",1582,"{""key"": false, ""flip"": false, ""zone"": false, ""speed"": 10.741600000000002, ""buzzer"": 0, ""engine"": true, ""in_zone"": true, ""ignition"": true, ""latitude"": 25.93407, ""direction"": 55, ""longitude"": -80.1159916, ""gsm_signal"": 31, ""sleep_mode"": false, ""staff_mode"": false, ""fault_codes"": [], ""speed_limit"": 0, ""engine_hours"": 1433, ""idc_triggers"": [], ""buzzer_active"": false, ""fuel_level_avg"": 30, ""lock_geo_alert"": false, ""operation_mode"": ""RENT"", ""battery_voltage"": 14.399999618530273, ""in_primary_zone"": true, ""lock_engine_alert"": false, ""in_restricted_zone"": false, ""onboard_geofencing"": false, ""speed_limit_active"": false, ""lock_geo_alert_distance"": 0}"
2023-07-23 20:49:50.497,4431,858,"354616090369062",1582,"{""key"": false, ""flip"": false, ""zone"": false, ""speed"": 9.6304, ""buzzer"": 0, ""engine"": true, ""in_zone"": true, ""ignition"": true, ""latitude"": 25.934055, ""direction"": 56, ""longitude"": -80.116015, ""gsm_signal"": 31, ""sleep_mode"": false, ""staff_mode"": false, ""fault_codes"": [], ""speed_limit"": 0, ""engine_hours"": 1433, ""idc_triggers"": [], ""buzzer_active"": false, ""fuel_level_avg"": 30, ""lock_geo_alert"": false, ""operation_mode"": ""RENT"", ""battery_voltage"": 14.399999618530273, ""in_primary_zone"": true, ""lock_engine_alert"": false, ""in_restricted_zone"": false, ""onboard_geofencing"": false, ""speed_limit_active"": false, ""lock_geo_alert_distance"": 0}"
2023-07-23 20:49:49.456,4431,858,"354616090369062",1582,"{""key"": false, ""flip"": false, ""zone"": false, ""speed"": 8.704400000000001, ""buzzer"": 0, ""engine"": true, ""in_zone"": true, ""ignition"": true, ""latitude"": 25.9340433, ""direction"": 53, ""longitude"": -80.116035, ""gsm_signal"": 30, ""sleep_mode"": false, ""staff_mode"": false, ""fault_codes"": [], ""speed_limit"": 0, ""engine_hours"": 1433, ""idc_triggers"": [], ""buzzer_active"": false, ""fuel_level_avg"": 30, ""lock_geo_alert"": false, ""operation_mode"": ""RENT"", ""battery_voltage"": 14.399999618530273, ""in_primary_zone"": true, ""lock_engine_alert"": false, ""in_restricted_zone"": false, ""onboard_geofencing"": false, ""speed_limit_active"": false, ""lock_geo_alert_distance"": 0}"
2023-07-23 20:49:48.576,4431,858,"354616090369062",1582,"{""key"": false, ""flip"": false, ""zone"": false, ""speed"": 9.4452, ""buzzer"": 0, ""engine"": true, ""in_zone"": true, ""ignition"": true, ""latitude"": 25.9340316, ""direction"": 57, ""longitude"": -80.1160566, ""gsm_signal"": 31, ""sleep_mode"": false, ""staff_mode"": false, ""fault_codes"": [], ""speed_limit"": 0, ""engine_hours"": 1433, ""idc_triggers"": [], ""buzzer_active"": false, ""fuel_level_avg"": 30, ""lock_geo_alert"": false, ""operation_mode"": ""RENT"", ""battery_voltage"": 14.399999618530273, ""in_primary_zone"": true, ""lock_engine_alert"": false, ""in_restricted_zone"": false, ""onboard_geofencing"": false, ""speed_limit_active"": false, ""lock_geo_alert_distance"": 0}"
2023-07-23 20:49:47.457,4431,858,"354616090369062",1582,"{""key"": false, ""flip"": false, ""zone"": false, ""speed"": 9.0748, ""buzzer"": 0, ""engine"": true, ""in_zone"": true, ""ignition"": true, ""latitude"": 25.9340216, ""direction"": 62, ""longitude"": -80.1160782, ""gsm_signal"": 31, ""sleep_mode"": false, ""staff_mode"": false, ""fault_codes"": [], ""speed_limit"": 0, ""engine_hours"": 1433, ""idc_triggers"": [], ""buzzer_active"": false, ""fuel_level_avg"": 30, ""lock_geo_alert"": false, ""operation_mode"": ""RENT"", ""battery_voltage"": 14.399999618530273, ""in_primary_zone"": true, ""lock_engine_alert"": false, ""in_restricted_zone"": false, ""onboard_geofencing"": false, ""speed_limit_active"": false, ""lock_geo_alert_distance"": 0}"
2023-07-23 20:49:46.496,4431,858,"354616090369062",1582,"{""key"": false, ""flip"": false, ""zone"": false, ""speed"": 8.519200000000001, ""buzzer"": 0, ""engine"": true, ""in_zone"": true, ""ignition"": true, ""latitude"": 25.9340116, ""direction"": 62, ""longitude"": -80.1161032, ""gsm_signal"": 31, ""sleep_mode"": false, ""staff_mode"": false, ""fault_codes"": [], ""speed_limit"": 0, ""engine_hours"": 1433, ""idc_triggers"": [], ""buzzer_active"": false, ""fuel_level_avg"": 14, ""lock_geo_alert"": false, ""operation_mode"": ""RENT"", ""battery_voltage"": 14.300000190734863, ""in_primary_zone"": true, ""lock_engine_alert"": false, ""in_restricted_zone"": false, ""onboard_geofencing"": false, ""speed_limit_active"": false, ""lock_geo_alert_distance"": 0}"
2023-07-23 20:49:45.457,4431,858,"354616090369062",1582,"{""key"": false, ""flip"": false, ""zone"": false, ""speed"": 8.519200000000001, ""buzzer"": 0, ""engine"": true, ""in_zone"": true, ""ignition"": true, ""latitude"": 25.934, ""direction"": 53, ""longitude"": -80.1161232, ""gsm_signal"": 31, ""sleep_mode"": false, ""staff_mode"": false, ""fault_codes"": [], ""speed_limit"": 0, ""engine_hours"": 1433, ""idc_triggers"": [], ""buzzer_active"": false, ""fuel_level_avg"": 14, ""lock_geo_alert"": false, ""operation_mode"": ""RENT"", ""battery_voltage"": 14.300000190734863, ""in_primary_zone"": true, ""lock_engine_alert"": false, ""in_restricted_zone"": false, ""onboard_geofencing"": false, ""speed_limit_active"": false, ""lock_geo_alert_distance"": 0}"
2023-07-23 20:49:44.496,4431,858,"354616090369062",1582,"{""key"": false, ""flip"": false, ""zone"": false, ""speed"": 9.4452, ""buzzer"": 0, ""engine"": true, ""in_zone"": true, ""ignition"": true, ""latitude"": 25.9339866, ""direction"": 51, ""longitude"": -80.1161416, ""gsm_signal"": 31, ""sleep_mode"": false, ""staff_mode"": false, ""fault_codes"": [], ""speed_limit"": 0, ""engine_hours"": 1433, ""idc_triggers"": [], ""buzzer_active"": false, ""fuel_level_avg"": 14, ""lock_geo_alert"": false, ""operation_mode"": ""RENT"", ""battery_voltage"": 14.300000190734863, ""in_primary_zone"": true, ""lock_engine_alert"": false, ""in_restricted_zone"": false, ""onboard_geofencing"": false, ""speed_limit_active"": false, ""lock_geo_alert_distance"": 0}"
2023-07-23 20:49:43.456,4431,858,"354616090369062",1582,"{""key"": false, ""flip"": false, ""zone"": false, ""speed"": 7.222800000000001, ""buzzer"": 0, ""engine"": true, ""in_zone"": true, ""ignition"": true, ""latitude"": 25.933975, ""direction"": 53, ""longitude"": -80.1161582, ""gsm_signal"": 28, ""sleep_mode"": false, ""staff_mode"": false, ""fault_codes"": [], ""speed_limit"": 0, ""engine_hours"": 1433, ""idc_triggers"": [], ""buzzer_active"": false, ""fuel_level_avg"": 14, ""lock_geo_alert"": false, ""operation_mode"": ""RENT"", ""battery_voltage"": 14.300000190734863, ""in_primary_zone"": true, ""lock_engine_alert"": false, ""in_restricted_zone"": false, ""onboard_geofencing"": false, ""speed_limit_active"": false, ""lock_geo_alert_distance"": 0}"
2023-07-23 20:49:42.497,4431,858,"354616090369062",1582,"{""key"": false, ""flip"": false, ""zone"": false, ""speed"": 8.519200000000001, ""buzzer"": 0, ""engine"": true, ""in_zone"": true, ""ignition"": true, ""latitude"": 25.9339666, ""direction"": 48, ""longitude"": -80.1161716, ""gsm_signal"": 31, ""sleep_mode"": false, ""staff_mode"": false, ""fault_codes"": [], ""speed_limit"": 0, ""engine_hours"": 1433, ""idc_triggers"": [], ""buzzer_active"": false, ""fuel_level_avg"": 14, ""lock_geo_alert"": false, ""operation_mode"": ""RENT"", ""battery_voltage"": 14.300000190734863, ""in_primary_zone"": true, ""lock_engine_alert"": false, ""in_restricted_zone"": false, ""onboard_geofencing"": false, ""speed_limit_active"": false, ""lock_geo_alert_distance"": 0}"
2023-07-23 20:49:41.616,4431,858,"354616090369062",1582,"{""key"": false, ""flip"": false, ""zone"": false, ""speed"": 9.8156, ""buzzer"": 0, ""engine"": true, ""in_zone"": true, ""ignition"": true, ""latitude"": 25.933955, ""direction"": 33, ""longitude"": -80.1161882, ""gsm_signal"": 31, ""sleep_mode"": false, ""staff_mode"": false, ""fault_codes"": [], ""speed_limit"": 0, ""engine_hours"": 1433, ""idc_triggers"": [], ""buzzer_active"": false, ""fuel_level_avg"": 14, ""lock_geo_alert"": false, ""operation_mode"": ""RENT"", ""battery_voltage"": 14.300000190734863, ""in_primary_zone"": true, ""lock_engine_alert"": false, ""in_restricted_zone"": false, ""onboard_geofencing"": false, ""speed_limit_active"": false, ""lock_geo_alert_distance"": 0}"
2023-07-23 20:49:40.576,4431,858,"354616090369062",1582,"{""key"": false, ""flip"": false, ""zone"": false, ""speed"": 7.7784, ""buzzer"": 0, ""engine"": true, ""in_zone"": true, ""ignition"": true, ""latitude"": 25.93394, ""direction"": 42, ""longitude"": -80.116205, ""gsm_signal"": 31, ""sleep_mode"": false, ""staff_mode"": false, ""fault_codes"": [], ""speed_limit"": 0, ""engine_hours"": 1433, ""idc_triggers"": [], ""buzzer_active"": false, ""fuel_level_avg"": 14, ""lock_geo_alert"": false, ""operation_mode"": ""RENT"", ""battery_voltage"": 14.300000190734863, ""in_primary_zone"": true, ""lock_engine_alert"": false, ""in_restricted_zone"": false, ""onboard_geofencing"": false, ""speed_limit_active"": false, ""lock_geo_alert_distance"": 0}"
2023-07-23 20:49:39.619,4431,858,"354616090369062",1582,"{""key"": false, ""flip"": false, ""zone"": false, ""speed"": 7.4079999999999995, ""buzzer"": 0, ""engine"": true, ""in_zone"": true, ""ignition"": true, ""latitude"": 25.93393, ""direction"": 58, ""longitude"": -80.11622, ""gsm_signal"": 31, ""sleep_mode"": false, ""staff_mode"": false, ""fault_codes"": [], ""speed_limit"": 0, ""engine_hours"": 1433, ""idc_triggers"": [], ""buzzer_active"": false, ""fuel_level_avg"": 14, ""lock_geo_alert"": false, ""operation_mode"": ""RENT"", ""battery_voltage"": 14.300000190734863, ""in_primary_zone"": true, ""lock_engine_alert"": false, ""in_restricted_zone"": false, ""onboard_geofencing"": false, ""speed_limit_active"": false, ""lock_geo_alert_distance"": 0}"
2023-07-23 20:49:38.576,4431,858,"354616090369062",1582,"{""key"": false, ""flip"": false, ""zone"": false, ""speed"": 8.334, ""buzzer"": 0, ""engine"": true, ""in_zone"": true, ""ignition"": true, ""latitude"": 25.9339266, ""direction"": 48, ""longitude"": -80.116235, ""gsm_signal"": 31, ""sleep_mode"": false, ""staff_mode"": false, ""fault_codes"": [], ""speed_limit"": 0, ""engine_hours"": 1433, ""idc_triggers"": [], ""buzzer_active"": false, ""fuel_level_avg"": 14, ""lock_geo_alert"": false, ""operation_mode"": ""RENT"", ""battery_voltage"": 14.300000190734863, ""in_primary_zone"": true, ""lock_engine_alert"": false, ""in_restricted_zone"": false, ""onboard_geofencing"": false, ""speed_limit_active"": false, ""lock_geo_alert_distance"": 0}"
2023-07-23 20:49:37.617,4431,858,"354616090369062",1582,"{""key"": false, ""flip"": false, ""zone"": false, ""speed"": 10.186, ""buzzer"": 0, ""engine"": true, ""in_zone"": true, ""ignition"": true, ""latitude"": 25.933925, ""direction"": 36, ""longitude"": -80.116255, ""gsm_signal"": 31, ""sleep_mode"": false, ""staff_mode"": false, ""fault_codes"": [], ""speed_limit"": 0, ""engine_hours"": 1433, ""idc_triggers"": [], ""buzzer_active"": false, ""fuel_level_avg"": 14, ""lock_geo_alert"": false, ""operation_mode"": ""RENT"", ""battery_voltage"": 14.300000190734863, ""in_primary_zone"": true, ""lock_engine_alert"": false, ""in_restricted_zone"": false, ""onboard_geofencing"": false, ""speed_limit_active"": false, ""lock_geo_alert_distance"": 0}"
2023-07-23 20:49:36.576,4431,858,"354616090369062",1582,"{""key"": false, ""flip"": false, ""zone"": false, ""speed"": 17.9644, ""buzzer"": 0, ""engine"": true, ""in_zone"": true, ""ignition"": true, ""latitude"": 25.9339283, ""direction"": 18, ""longitude"": -80.11628, ""gsm_signal"": 29, ""sleep_mode"": false, ""staff_mode"": false, ""fault_codes"": [], ""speed_limit"": 0, ""engine_hours"": 1433, ""idc_triggers"": [], ""buzzer_active"": false, ""fuel_level_avg"": 14, ""lock_geo_alert"": false, ""operation_mode"": ""RENT"", ""battery_voltage"": 14.300000190734863, ""in_primary_zone"": true, ""lock_engine_alert"": false, ""in_restricted_zone"": false, ""onboard_geofencing"": false, ""speed_limit_active"": false, ""lock_geo_alert_distance"": 0}"
2023-07-23 20:49:35.538,4431,858,"354616090369062",1582,"{""key"": false, ""flip"": false, ""zone"": false, ""speed"": 22.964800000000004, ""buzzer"": 0, ""engine"": true, ""in_zone"": true, ""ignition"": true, ""latitude"": 25.9339066, ""direction"": 13, ""longitude"": -80.1162966, ""gsm_signal"": 31, ""sleep_mode"": false, ""staff_mode"": false, ""fault_codes"": [], ""speed_limit"": 0, ""engine_hours"": 1433, ""idc_triggers"": [], ""buzzer_active"": false, ""fuel_level_avg"": 14, ""lock_geo_alert"": false, ""operation_mode"": ""RENT"", ""battery_voltage"": 14.300000190734863, ""in_primary_zone"": true, ""lock_engine_alert"": false, ""in_restricted_zone"": false, ""onboard_geofencing"": false, ""speed_limit_active"": false, ""lock_geo_alert_distance"": 0}"
2023-07-23 20:49:34.587,4431,858,"354616090369062",1582,"{""key"": false, ""flip"": false, ""zone"": false, ""speed"": 27.4096, ""buzzer"": 0, ""engine"": true, ""in_zone"": true, ""ignition"": true, ""latitude"": 25.9338683, ""direction"": 7, ""longitude"": -80.116325, ""gsm_signal"": 30, ""sleep_mode"": false, ""staff_mode"": false, ""fault_codes"": [], ""speed_limit"": 0, ""engine_hours"": 1433, ""idc_triggers"": [], ""buzzer_active"": false, ""fuel_level_avg"": 14, ""lock_geo_alert"": false, ""operation_mode"": ""RENT"", ""battery_voltage"": 14.300000190734863, ""in_primary_zone"": true, ""lock_engine_alert"": false, ""in_restricted_zone"": false, ""onboard_geofencing"": false, ""speed_limit_active"": false, ""lock_geo_alert_distance"": 0}"
2023-07-23 20:49:33.647,4431,858,"354616090369062",1582,"{""key"": false, ""flip"": false, ""zone"": false, ""speed"": 32.0396, ""buzzer"": 0, ""engine"": true, ""in_zone"": true, ""ignition"": true, ""latitude"": 25.933795, ""direction"": 3, ""longitude"": -80.1163432, ""gsm_signal"": 30, ""sleep_mode"": false, ""staff_mode"": false, ""fault_codes"": [], ""speed_limit"": 0, ""engine_hours"": 1433, ""idc_triggers"": [], ""buzzer_active"": false, ""fuel_level_avg"": 14, ""lock_geo_alert"": false, ""operation_mode"": ""RENT"", ""battery_voltage"": 14.300000190734863, ""in_primary_zone"": true, ""lock_engine_alert"": false, ""in_restricted_zone"": false, ""onboard_geofencing"": false, ""speed_limit_active"": false, ""lock_geo_alert_distance"": 0}"
2023-07-23 20:49:32.576,4431,858,"354616090369062",1582,"{""key"": false, ""flip"": false, ""zone"": false, ""speed"": 36.4844, ""buzzer"": 0, ""engine"": true, ""in_zone"": true, ""ignition"": true, ""latitude"": 25.9337216, ""direction"": 356, ""longitude"": -80.11637, ""gsm_signal"": 30, ""sleep_mode"": false, ""staff_mode"": false, ""fault_codes"": [], ""speed_limit"": 0, ""engine_hours"": 1433, ""idc_triggers"": [], ""buzzer_active"": false, ""fuel_level_avg"": 14, ""lock_geo_alert"": false, ""operation_mode"": ""RENT"", ""battery_voltage"": 14.300000190734863, ""in_primary_zone"": true, ""lock_engine_alert"": false, ""in_restricted_zone"": false, ""onboard_geofencing"": false, ""speed_limit_active"": false, ""lock_geo_alert_distance"": 0}"
2023-07-23 20:49:31.628,4431,858,"354616090369062",1582,"{""key"": false, ""flip"": false, ""zone"": false, ""speed"": 37.595600000000005, ""buzzer"": 0, ""engine"": true, ""in_zone"": true, ""ignition"": true, ""latitude"": 25.933635, ""direction"": 358, ""longitude"": -80.1163632, ""gsm_signal"": 31, ""sleep_mode"": false, ""staff_mode"": false, ""fault_codes"": [], ""speed_limit"": 0, ""engine_hours"": 1433, ""idc_triggers"": [], ""buzzer_active"": false, ""fuel_level_avg"": 14, ""lock_geo_alert"": false, ""operation_mode"": ""RENT"", ""battery_voltage"": 14.300000190734863, ""in_primary_zone"": true, ""lock_engine_alert"": false, ""in_restricted_zone"": false, ""onboard_geofencing"": false, ""speed_limit_active"": false, ""lock_geo_alert_distance"": 0}"
2023-07-23 20:49:30.577,4431,858,"354616090369062",1582,"{""key"": false, ""flip"": false, ""zone"": false, ""speed"": 38.336400000000005, ""buzzer"": 0, ""engine"": true, ""in_zone"": true, ""ignition"": true, ""latitude"": 25.9335416, ""direction"": 0, ""longitude"": -80.1163632, ""gsm_signal"": 31, ""sleep_mode"": false, ""staff_mode"": false, ""fault_codes"": [], ""speed_limit"": 0, ""engine_hours"": 1433, ""idc_triggers"": [], ""buzzer_active"": false, ""fuel_level_avg"": 14, ""lock_geo_alert"": false, ""operation_mode"": ""RENT"", ""battery_voltage"": 14.300000190734863, ""in_primary_zone"": true, ""lock_engine_alert"": false, ""in_restricted_zone"": false, ""onboard_geofencing"": false, ""speed_limit_active"": false, ""lock_geo_alert_distance"": 0}"
2023-07-23 20:49:29.616,4431,858,"354616090369062",1582,"{""key"": false, ""flip"": false, ""zone"": false, ""speed"": 38.892, ""buzzer"": 0, ""engine"": true, ""in_zone"": true, ""ignition"": true, ""latitude"": 25.93345, ""direction"": 355, ""longitude"": -80.1163466, ""gsm_signal"": 31, ""sleep_mode"": false, ""staff_mode"": false, ""fault_codes"": [], ""speed_limit"": 0, ""engine_hours"": 1433, ""idc_triggers"": [], ""buzzer_active"": false, ""fuel_level_avg"": 14, ""lock_geo_alert"": false, ""operation_mode"": ""RENT"", ""battery_voltage"": 14.300000190734863, ""in_primary_zone"": true, ""lock_engine_alert"": false, ""in_restricted_zone"": false, ""onboard_geofencing"": false, ""speed_limit_active"": false, ""lock_geo_alert_distance"": 0}"
2023-07-23 20:49:28.577,4431,858,"354616090369062",1582,"{""key"": false, ""flip"": false, ""zone"": false, ""speed"": 41.8552, ""buzzer"": 0, ""engine"": true, ""in_zone"": true, ""ignition"": true, ""latitude"": 25.93334, ""direction"": 354, ""longitude"": -80.116335, ""gsm_signal"": 31, ""sleep_mode"": false, ""staff_mode"": false, ""fault_codes"": [], ""speed_limit"": 0, ""engine_hours"": 1433, ""idc_triggers"": [], ""buzzer_active"": false, ""fuel_level_avg"": 14, ""lock_geo_alert"": false, ""operation_mode"": ""RENT"", ""battery_voltage"": 14.300000190734863, ""in_primary_zone"": true, ""lock_engine_alert"": false, ""in_restricted_zone"": false, ""onboard_geofencing"": false, ""speed_limit_active"": false, ""lock_geo_alert_distance"": 0}"
2023-07-23 20:49:27.627,4431,858,"354616090369062",1582,"{""key"": false, ""flip"": false, ""zone"": false, ""speed"": 42.96640000000001, ""buzzer"": 0, ""engine"": true, ""in_zone"": true, ""ignition"": true, ""latitude"": 25.9332316, ""direction"": 350, ""longitude"": -80.1163266, ""gsm_signal"": 31, ""sleep_mode"": false, ""staff_mode"": false, ""fault_codes"": [], ""speed_limit"": 0, ""engine_hours"": 1433, ""idc_triggers"": [], ""buzzer_active"": false, ""fuel_level_avg"": 14, ""lock_geo_alert"": false, ""operation_mode"": ""RENT"", ""battery_voltage"": 14.300000190734863, ""in_primary_zone"": true, ""lock_engine_alert"": false, ""in_restricted_zone"": false, ""onboard_geofencing"": false, ""speed_limit_active"": false, ""lock_geo_alert_distance"": 0}"
2023-07-23 20:49:26.577,4431,858,"354616090369062",1582,"{""key"": false, ""flip"": false, ""zone"": false, ""speed"": 40.00320000000001, ""buzzer"": 0, ""engine"": true, ""in_zone"": true, ""ignition"": true, ""latitude"": 25.9331233, ""direction"": 349, ""longitude"": -80.1163, ""gsm_signal"": 31, ""sleep_mode"": false, ""staff_mode"": false, ""fault_codes"": [], ""speed_limit"": 0, ""engine_hours"": 1433, ""idc_triggers"": [], ""buzzer_active"": false, ""fuel_level_avg"": 14, ""lock_geo_alert"": false, ""operation_mode"": ""RENT"", ""battery_voltage"": 14.300000190734863, ""in_primary_zone"": true, ""lock_engine_alert"": false, ""in_restricted_zone"": false, ""onboard_geofencing"": false, ""speed_limit_active"": false, ""lock_geo_alert_distance"": 0}"
2023-07-23 20:49:25.617,4431,858,"354616090369062",1582,"{""key"": false, ""flip"": false, ""zone"": false, ""speed"": 37.040000000000006, ""buzzer"": 0, ""engine"": true, ""in_zone"": true, ""ignition"": true, ""latitude"": 25.9330183, ""direction"": 350, ""longitude"": -80.1162832, ""gsm_signal"": 31, ""sleep_mode"": false, ""staff_mode"": false, ""fault_codes"": [], ""speed_limit"": 0, ""engine_hours"": 1433, ""idc_triggers"": [], ""buzzer_active"": false, ""fuel_level_avg"": 14, ""lock_geo_alert"": false, ""operation_mode"": ""RENT"", ""battery_voltage"": 14.300000190734863, ""in_primary_zone"": true, ""lock_engine_alert"": false, ""in_restricted_zone"": false, ""onboard_geofencing"": false, ""speed_limit_active"": false, ""lock_geo_alert_distance"": 0}"
2023-07-23 20:49:24.577,4431,858,"354616090369062",1582,"{""key"": false, ""flip"": false, ""zone"": false, ""speed"": 34.262, ""buzzer"": 0, ""engine"": true, ""in_zone"": true, ""ignition"": true, ""latitude"": 25.93292, ""direction"": 351, ""longitude"": -80.116265, ""gsm_signal"": 31, ""sleep_mode"": false, ""staff_mode"": false, ""fault_codes"": [], ""speed_limit"": 0, ""engine_hours"": 1433, ""idc_triggers"": [], ""buzzer_active"": false, ""fuel_level_avg"": 14, ""lock_geo_alert"": false, ""operation_mode"": ""RENT"", ""battery_voltage"": 14.300000190734863, ""in_primary_zone"": true, ""lock_engine_alert"": false, ""in_restricted_zone"": false, ""onboard_geofencing"": false, ""speed_limit_active"": false, ""lock_geo_alert_distance"": 0}"
2023-07-23 20:49:23.617,4431,858,"354616090369062",1582,"{""key"": false, ""flip"": false, ""zone"": false, ""speed"": 32.410000000000004, ""buzzer"": 0, ""engine"": true, ""in_zone"": true, ""ignition"": true, ""latitude"": 25.9328316, ""direction"": 352, ""longitude"": -80.116255, ""gsm_signal"": 31, ""sleep_mode"": false, ""staff_mode"": false, ""fault_codes"": [], ""speed_limit"": 0, ""engine_hours"": 1433, ""idc_triggers"": [], ""buzzer_active"": false, ""fuel_level_avg"": 14, ""lock_geo_alert"": false, ""operation_mode"": ""RENT"", ""battery_voltage"": 14.300000190734863, ""in_primary_zone"": true, ""lock_engine_alert"": false, ""in_restricted_zone"": false, ""onboard_geofencing"": false, ""speed_limit_active"": false, ""lock_geo_alert_distance"": 0}"
2023-07-23 20:49:22.577,4431,858,"354616090369062",1582,"{""key"": false, ""flip"": false, ""zone"": false, ""speed"": 33.5212, ""buzzer"": 0, ""engine"": true, ""in_zone"": true, ""ignition"": true, ""latitude"": 25.932745, ""direction"": 352, ""longitude"": -80.1162432, ""gsm_signal"": 31, ""sleep_mode"": false, ""staff_mode"": false, ""fault_codes"": [], ""speed_limit"": 0, ""engine_hours"": 1433, ""idc_triggers"": [], ""buzzer_active"": false, ""fuel_level_avg"": 14, ""lock_geo_alert"": false, ""operation_mode"": ""RENT"", ""battery_voltage"": 14.300000190734863, ""in_primary_zone"": true, ""lock_engine_alert"": false, ""in_restricted_zone"": false, ""onboard_geofencing"": false, ""speed_limit_active"": false, ""lock_geo_alert_distance"": 0}"
2023-07-23 20:49:21.649,4431,858,"354616090369062",1582,"{""key"": false, ""flip"": false, ""zone"": false, ""speed"": 34.632400000000004, ""buzzer"": 0, ""engine"": true, ""in_zone"": true, ""ignition"": true, ""latitude"": 25.9326583, ""direction"": 350, ""longitude"": -80.11623, ""gsm_signal"": 31, ""sleep_mode"": false, ""staff_mode"": false, ""fault_codes"": [], ""speed_limit"": 0, ""engine_hours"": 1433, ""idc_triggers"": [], ""buzzer_active"": false, ""fuel_level_avg"": 14, ""lock_geo_alert"": false, ""operation_mode"": ""RENT"", ""battery_voltage"": 14.300000190734863, ""in_primary_zone"": true, ""lock_engine_alert"": false, ""in_restricted_zone"": false, ""onboard_geofencing"": false, ""speed_limit_active"": false, ""lock_geo_alert_distance"": 0}"
2023-07-23 20:49:20.576,4431,858,"354616090369062",1582,"{""key"": false, ""flip"": false, ""zone"": false, ""speed"": 33.8916, ""buzzer"": 0, ""engine"": true, ""in_zone"": true, ""ignition"": true, ""latitude"": 25.93257, ""direction"": 346, ""longitude"": -80.1162132, ""gsm_signal"": 31, ""sleep_mode"": false, ""staff_mode"": false, ""fault_codes"": [], ""speed_limit"": 0, ""engine_hours"": 1433, ""idc_triggers"": [], ""buzzer_active"": false, ""fuel_level_avg"": 14, ""lock_geo_alert"": false, ""operation_mode"": ""RENT"", ""battery_voltage"": 14.300000190734863, ""in_primary_zone"": true, ""lock_engine_alert"": false, ""in_restricted_zone"": false, ""onboard_geofencing"": false, ""speed_limit_active"": false, ""lock_geo_alert_distance"": 0}"
2023-07-23 20:49:19.616,4431,858,"354616090369062",1582,"{""key"": false, ""flip"": false, ""zone"": false, ""speed"": 33.5212, ""buzzer"": 0, ""engine"": true, ""in_zone"": true, ""ignition"": true, ""latitude"": 25.9324833, ""direction"": 348, ""longitude"": -80.1161916, ""gsm_signal"": 31, ""sleep_mode"": false, ""staff_mode"": false, ""fault_codes"": [], ""speed_limit"": 0, ""engine_hours"": 1433, ""idc_triggers"": [], ""buzzer_active"": false, ""fuel_level_avg"": 14, ""lock_geo_alert"": false, ""operation_mode"": ""RENT"", ""battery_voltage"": 14.300000190734863, ""in_primary_zone"": true, ""lock_engine_alert"": false, ""in_restricted_zone"": false, ""onboard_geofencing"": false, ""speed_limit_active"": false, ""lock_geo_alert_distance"": 0}"
2023-07-23 20:49:18.576,4431,858,"354616090369062",1582,"{""key"": false, ""flip"": false, ""zone"": false, ""speed"": 31.6692, ""buzzer"": 0, ""engine"": true, ""in_zone"": true, ""ignition"": true, ""latitude"": 25.9324, ""direction"": 347, ""longitude"": -80.1161732, ""gsm_signal"": 31, ""sleep_mode"": false, ""staff_mode"": false, ""fault_codes"": [], ""speed_limit"": 0, ""engine_hours"": 1433, ""idc_triggers"": [], ""buzzer_active"": false, ""fuel_level_avg"": 14, ""lock_geo_alert"": false, ""operation_mode"": ""RENT"", ""battery_voltage"": 14.300000190734863, ""in_primary_zone"": true, ""lock_engine_alert"": false, ""in_restricted_zone"": false, ""onboard_geofencing"": false, ""speed_limit_active"": false, ""lock_geo_alert_distance"": 0}"
2023-07-23 20:49:17.616,4431,858,"354616090369062",1582,"{""key"": false, ""flip"": false, ""zone"": false, ""speed"": 27.4096, ""buzzer"": 0, ""engine"": true, ""in_zone"": true, ""ignition"": true, ""latitude"": 25.932325, ""direction"": 347, ""longitude"": -80.1161566, ""gsm_signal"": 31, ""sleep_mode"": false, ""staff_mode"": false, ""fault_codes"": [], ""speed_limit"": 0, ""engine_hours"": 1433, ""idc_triggers"": [], ""buzzer_active"": false, ""fuel_level_avg"": 14, ""lock_geo_alert"": false, ""operation_mode"": ""RENT"", ""battery_voltage"": 14.300000190734863, ""in_primary_zone"": true, ""lock_engine_alert"": false, ""in_restricted_zone"": false, ""onboard_geofencing"": false, ""speed_limit_active"": false, ""lock_geo_alert_distance"": 0}"
2023-07-23 20:49:16.576,4431,858,"354616090369062",1582,"{""key"": false, ""flip"": false, ""zone"": false, ""speed"": 23.520400000000002, ""buzzer"": 0, ""engine"": true, ""in_zone"": true, ""ignition"": true, ""latitude"": 25.9322616, ""direction"": 347, ""longitude"": -80.1161416, ""gsm_signal"": 31, ""sleep_mode"": false, ""staff_mode"": false, ""fault_codes"": [], ""speed_limit"": 0, ""engine_hours"": 1433, ""idc_triggers"": [], ""buzzer_active"": false, ""fuel_level_avg"": 14, ""lock_geo_alert"": false, ""operation_mode"": ""RENT"", ""battery_voltage"": 14.300000190734863, ""in_primary_zone"": true, ""lock_engine_alert"": false, ""in_restricted_zone"": false, ""onboard_geofencing"": false, ""speed_limit_active"": false, ""lock_geo_alert_distance"": 0}"
2023-07-23 20:49:15.616,4431,858,"354616090369062",1582,"{""key"": false, ""flip"": false, ""zone"": false, ""speed"": 22.5944, ""buzzer"": 0, ""engine"": true, ""in_zone"": true, ""ignition"": true, ""latitude"": 25.9322033, ""direction"": 351, ""longitude"": -80.11613, ""gsm_signal"": 31, ""sleep_mode"": false, ""staff_mode"": false, ""fault_codes"": [], ""speed_limit"": 0, ""engine_hours"": 1433, ""idc_triggers"": [], ""buzzer_active"": false, ""fuel_level_avg"": 14, ""lock_geo_alert"": false, ""operation_mode"": ""RENT"", ""battery_voltage"": 14.300000190734863, ""in_primary_zone"": true, ""lock_engine_alert"": false, ""in_restricted_zone"": false, ""onboard_geofencing"": false, ""speed_limit_active"": false, ""lock_geo_alert_distance"": 0}"
2023-07-23 20:49:13.616,4431,858,"354616090369062",1582,"{""key"": false, ""flip"": false, ""zone"": false, ""speed"": 19.2608, ""buzzer"": 0, ""engine"": true, ""in_zone"": true, ""ignition"": true, ""latitude"": 25.9320933, ""direction"": 355, ""longitude"": -80.11612, ""gsm_signal"": 31, ""sleep_mode"": false, ""staff_mode"": false, ""fault_codes"": [], ""speed_limit"": 0, ""engine_hours"": 1433, ""idc_triggers"": [], ""buzzer_active"": false, ""fuel_level_avg"": 14, ""lock_geo_alert"": false, ""operation_mode"": ""RENT"", ""battery_voltage"": 14.300000190734863, ""in_primary_zone"": true, ""lock_engine_alert"": false, ""in_restricted_zone"": false, ""onboard_geofencing"": false, ""speed_limit_active"": false, ""lock_geo_alert_distance"": 0}"
2023-07-23 20:49:12.576,4431,858,"354616090369062",1582,"{""key"": false, ""flip"": false, ""zone"": false, ""speed"": 23.15, ""buzzer"": 0, ""engine"": true, ""in_zone"": true, ""ignition"": true, ""latitude"": 25.93204, ""direction"": 359, ""longitude"": -80.1161166, ""gsm_signal"": 31, ""sleep_mode"": false, ""staff_mode"": false, ""fault_codes"": [], ""speed_limit"": 0, ""engine_hours"": 1433, ""idc_triggers"": [], ""buzzer_active"": false, ""fuel_level_avg"": 14, ""lock_geo_alert"": false, ""operation_mode"": ""RENT"", ""battery_voltage"": 14.300000190734863, ""in_primary_zone"": true, ""lock_engine_alert"": false, ""in_restricted_zone"": false, ""onboard_geofencing"": false, ""speed_limit_active"": false, ""lock_geo_alert_distance"": 0}"
2023-07-23 20:49:11.616,4431,858,"354616090369062",1582,"{""key"": false, ""flip"": false, ""zone"": false, ""speed"": 29.0764, ""buzzer"": 0, ""engine"": true, ""in_zone"": true, ""ignition"": true, ""latitude"": 25.9319716, ""direction"": 0, ""longitude"": -80.1161166, ""gsm_signal"": 31, ""sleep_mode"": false, ""staff_mode"": false, ""fault_codes"": [], ""speed_limit"": 0, ""engine_hours"": 1433, ""idc_triggers"": [], ""buzzer_active"": false, ""fuel_level_avg"": 14, ""lock_geo_alert"": false, ""operation_mode"": ""RENT"", ""battery_voltage"": 14.300000190734863, ""in_primary_zone"": true, ""lock_engine_alert"": false, ""in_restricted_zone"": false, ""onboard_geofencing"": false, ""speed_limit_active"": false, ""lock_geo_alert_distance"": 0}"
2023-07-23 20:49:10.576,4431,858,"354616090369062",1582,"{""key"": false, ""flip"": false, ""zone"": false, ""speed"": 30.9284, ""buzzer"": 0, ""engine"": true, ""in_zone"": true, ""ignition"": true, ""latitude"": 25.931895, ""direction"": 2, ""longitude"": -80.1161216, ""gsm_signal"": 31, ""sleep_mode"": false, ""staff_mode"": false, ""fault_codes"": [], ""speed_limit"": 0, ""engine_hours"": 1433, ""idc_triggers"": [], ""buzzer_active"": false, ""fuel_level_avg"": 14, ""lock_geo_alert"": false, ""operation_mode"": ""RENT"", ""battery_voltage"": 14.300000190734863, ""in_primary_zone"": true, ""lock_engine_alert"": false, ""in_restricted_zone"": false, ""onboard_geofencing"": false, ""speed_limit_active"": false, ""lock_geo_alert_distance"": 0}"
2023-07-23 20:49:09.617,4431,858,"354616090369062",1582,"{""key"": false, ""flip"": false, ""zone"": false, ""speed"": 28.891200000000005, ""buzzer"": 0, ""engine"": true, ""in_zone"": true, ""ignition"": true, ""latitude"": 25.9318183, ""direction"": 0, ""longitude"": -80.1161232, ""gsm_signal"": 31, ""sleep_mode"": false, ""staff_mode"": false, ""fault_codes"": [], ""speed_limit"": 0, ""engine_hours"": 1433, ""idc_triggers"": [], ""buzzer_active"": false, ""fuel_level_avg"": 14, ""lock_geo_alert"": false, ""operation_mode"": ""RENT"", ""battery_voltage"": 14.300000190734863, ""in_primary_zone"": true, ""lock_engine_alert"": false, ""in_restricted_zone"": false, ""onboard_geofencing"": false, ""speed_limit_active"": false, ""lock_geo_alert_distance"": 0}"
2023-07-23 20:49:08.577,4431,858,"354616090369062",1582,"{""key"": false, ""flip"": false, ""zone"": false, ""speed"": 25.1872, ""buzzer"": 0, ""engine"": true, ""in_zone"": true, ""ignition"": true, ""latitude"": 25.9317483, ""direction"": 0, ""longitude"": -80.1161216, ""gsm_signal"": 31, ""sleep_mode"": false, ""staff_mode"": false, ""fault_codes"": [], ""speed_limit"": 0, ""engine_hours"": 1433, ""idc_triggers"": [], ""buzzer_active"": false, ""fuel_level_avg"": 14, ""lock_geo_alert"": false, ""operation_mode"": ""RENT"", ""battery_voltage"": 14.300000190734863, ""in_primary_zone"": true, ""lock_engine_alert"": false, ""in_restricted_zone"": false, ""onboard_geofencing"": false, ""speed_limit_active"": false, ""lock_geo_alert_distance"": 0}"
2023-07-23 20:49:07.616,4431,858,"354616090369062",1582,"{""key"": false, ""flip"": false, ""zone"": false, ""speed"": 22.224, ""buzzer"": 0, ""engine"": true, ""in_zone"": true, ""ignition"": true, ""latitude"": 25.9316866, ""direction"": 357, ""longitude"": -80.1161216, ""gsm_signal"": 31, ""sleep_mode"": false, ""staff_mode"": false, ""fault_codes"": [], ""speed_limit"": 0, ""engine_hours"": 1433, ""idc_triggers"": [], ""buzzer_active"": false, ""fuel_level_avg"": 14, ""lock_geo_alert"": false, ""operation_mode"": ""RENT"", ""battery_voltage"": 14.300000190734863, ""in_primary_zone"": true, ""lock_engine_alert"": false, ""in_restricted_zone"": false, ""onboard_geofencing"": false, ""speed_limit_active"": false, ""lock_geo_alert_distance"": 0}"
2023-07-23 20:49:06.576,4431,858,"354616090369062",1582,"{""key"": false, ""flip"": false, ""zone"": false, ""speed"": 18.8904, ""buzzer"": 0, ""engine"": true, ""in_zone"": true, ""ignition"": true, ""latitude"": 25.93163, ""direction"": 0, ""longitude"": -80.1161182, ""gsm_signal"": 31, ""sleep_mode"": false, ""staff_mode"": false, ""fault_codes"": [], ""speed_limit"": 0, ""engine_hours"": 1433, ""idc_triggers"": [], ""buzzer_active"": false, ""fuel_level_avg"": 14, ""lock_geo_alert"": false, ""operation_mode"": ""RENT"", ""battery_voltage"": 14.300000190734863, ""in_primary_zone"": true, ""lock_engine_alert"": false, ""in_restricted_zone"": false, ""onboard_geofencing"": false, ""speed_limit_active"": false, ""lock_geo_alert_distance"": 0}"
2023-07-23 20:49:05.616,4431,858,"354616090369062",1582,"{""key"": false, ""flip"": false, ""zone"": false, ""speed"": 14.630800000000002, ""buzzer"": 0, ""engine"": true, ""in_zone"": true, ""ignition"": true, ""latitude"": 25.9315866, ""direction"": 356, ""longitude"": -80.116115, ""gsm_signal"": 31, ""sleep_mode"": false, ""staff_mode"": false, ""fault_codes"": [], ""speed_limit"": 0, ""engine_hours"": 1433, ""idc_triggers"": [], ""buzzer_active"": false, ""fuel_level_avg"": 14, ""lock_geo_alert"": false, ""operation_mode"": ""RENT"", ""battery_voltage"": 14.300000190734863, ""in_primary_zone"": true, ""lock_engine_alert"": false, ""in_restricted_zone"": false, ""onboard_geofencing"": false, ""speed_limit_active"": false, ""lock_geo_alert_distance"": 0}"
2023-07-23 20:49:04.595,4431,858,"354616090369062",1582,"{""key"": false, ""flip"": false, ""zone"": false, ""speed"": 13.5196, ""buzzer"": 0, ""engine"": true, ""in_zone"": true, ""ignition"": true, ""latitude"": 25.9315483, ""direction"": 350, ""longitude"": -80.11611, ""gsm_signal"": 31, ""sleep_mode"": false, ""staff_mode"": false, ""fault_codes"": [], ""speed_limit"": 0, ""engine_hours"": 1433, ""idc_triggers"": [], ""buzzer_active"": false, ""fuel_level_avg"": 14, ""lock_geo_alert"": false, ""operation_mode"": ""RENT"", ""battery_voltage"": 14.300000190734863, ""in_primary_zone"": true, ""lock_engine_alert"": false, ""in_restricted_zone"": false, ""onboard_geofencing"": false, ""speed_limit_active"": false, ""lock_geo_alert_distance"": 0}"
2023-07-23 20:49:03.616,4431,858,"354616090369062",1582,"{""key"": false, ""flip"": false, ""zone"": false, ""speed"": 12.4084, ""buzzer"": 0, ""engine"": true, ""in_zone"": true, ""ignition"": true, ""latitude"": 25.9315133, ""direction"": 344, ""longitude"": -80.1160982, ""gsm_signal"": 31, ""sleep_mode"": false, ""staff_mode"": false, ""fault_codes"": [], ""speed_limit"": 0, ""engine_hours"": 1433, ""idc_triggers"": [], ""buzzer_active"": false, ""fuel_level_avg"": 14, ""lock_geo_alert"": false, ""operation_mode"": ""RENT"", ""battery_voltage"": 14.300000190734863, ""in_primary_zone"": true, ""lock_engine_alert"": false, ""in_restricted_zone"": false, ""onboard_geofencing"": false, ""speed_limit_active"": false, ""lock_geo_alert_distance"": 0}"
2023-07-23 20:49:02.591,4431,858,"354616090369062",1582,"{""key"": false, ""flip"": false, ""zone"": false, ""speed"": 10.741600000000002, ""buzzer"": 0, ""engine"": true, ""in_zone"": true, ""ignition"": true, ""latitude"": 25.9314816, ""direction"": 330, ""longitude"": -80.1160832, ""gsm_signal"": 27, ""sleep_mode"": false, ""staff_mode"": false, ""fault_codes"": [], ""speed_limit"": 0, ""engine_hours"": 1433, ""idc_triggers"": [], ""buzzer_active"": false, ""fuel_level_avg"": 14, ""lock_geo_alert"": false, ""operation_mode"": ""RENT"", ""battery_voltage"": 14.300000190734863, ""in_primary_zone"": true, ""lock_engine_alert"": false, ""in_restricted_zone"": false, ""onboard_geofencing"": false, ""speed_limit_active"": false, ""lock_geo_alert_distance"": 0}"
2023-07-23 20:49:01.616,4431,858,"354616090369062",1582,"{""key"": false, ""flip"": false, ""zone"": false, ""speed"": 9.6304, ""buzzer"": 0, ""engine"": true, ""in_zone"": true, ""ignition"": true, ""latitude"": 25.9314616, ""direction"": 317, ""longitude"": -80.1160682, ""gsm_signal"": 26, ""sleep_mode"": false, ""staff_mode"": false, ""fault_codes"": [], ""speed_limit"": 0, ""engine_hours"": 1433, ""idc_triggers"": [], ""buzzer_active"": false, ""fuel_level_avg"": 14, ""lock_geo_alert"": false, ""operation_mode"": ""RENT"", ""battery_voltage"": 14.300000190734863, ""in_primary_zone"": true, ""lock_engine_alert"": false, ""in_restricted_zone"": false, ""onboard_geofencing"": false, ""speed_limit_active"": false, ""lock_geo_alert_distance"": 0}"
2023-07-23 20:49:00.580,4431,858,"354616090369062",1582,"{""key"": false, ""flip"": false, ""zone"": false, ""speed"": 8.704400000000001, ""buzzer"": 0, ""engine"": true, ""in_zone"": true, ""ignition"": true, ""latitude"": 25.9314483, ""direction"": 302, ""longitude"": -80.11605, ""gsm_signal"": 26, ""sleep_mode"": false, ""staff_mode"": false, ""fault_codes"": [], ""speed_limit"": 0, ""engine_hours"": 1433, ""idc_triggers"": [], ""buzzer_active"": false, ""fuel_level_avg"": 14, ""lock_geo_alert"": false, ""operation_mode"": ""RENT"", ""battery_voltage"": 14.300000190734863, ""in_primary_zone"": true, ""lock_engine_alert"": false, ""in_restricted_zone"": false, ""onboard_geofencing"": false, ""speed_limit_active"": false, ""lock_geo_alert_distance"": 0}"
2023-07-23 20:48:59.630,4431,858,"354616090369062",1582,"{""key"": false, ""flip"": false, ""zone"": false, ""speed"": 8.519200000000001, ""buzzer"": 0, ""engine"": true, ""in_zone"": true, ""ignition"": true, ""latitude"": 25.9314383, ""direction"": 301, ""longitude"": -80.1160282, ""gsm_signal"": 28, ""sleep_mode"": false, ""staff_mode"": false, ""fault_codes"": [], ""speed_limit"": 0, ""engine_hours"": 1433, ""idc_triggers"": [], ""buzzer_active"": false, ""fuel_level_avg"": 14, ""lock_geo_alert"": false, ""operation_mode"": ""RENT"", ""battery_voltage"": 14.300000190734863, ""in_primary_zone"": true, ""lock_engine_alert"": false, ""in_restricted_zone"": false, ""onboard_geofencing"": false, ""speed_limit_active"": false, ""lock_geo_alert_distance"": 0}"
2023-07-23 20:48:58.607,4431,858,"354616090369062",1582,"{""key"": false, ""flip"": false, ""zone"": false, ""speed"": 7.222800000000001, ""buzzer"": 0, ""engine"": true, ""in_zone"": true, ""ignition"": true, ""latitude"": 25.9314283, ""direction"": 291, ""longitude"": -80.116005, ""gsm_signal"": 29, ""sleep_mode"": false, ""staff_mode"": false, ""fault_codes"": [], ""speed_limit"": 0, ""engine_hours"": 1433, ""idc_triggers"": [], ""buzzer_active"": false, ""fuel_level_avg"": 14, ""lock_geo_alert"": false, ""operation_mode"": ""RENT"", ""battery_voltage"": 14.300000190734863, ""in_primary_zone"": true, ""lock_engine_alert"": false, ""in_restricted_zone"": false, ""onboard_geofencing"": false, ""speed_limit_active"": false, ""lock_geo_alert_distance"": 0}"
2023-07-23 20:48:57.537,4431,858,"354616090369062",1582,"{""key"": false, ""flip"": false, ""zone"": false, ""speed"": 6.482000000000001, ""buzzer"": 0, ""engine"": true, ""in_zone"": true, ""ignition"": true, ""latitude"": 25.9314216, ""direction"": 278, ""longitude"": -80.115985, ""gsm_signal"": 29, ""sleep_mode"": false, ""staff_mode"": false, ""fault_codes"": [], ""speed_limit"": 0, ""engine_hours"": 1433, ""idc_triggers"": [], ""buzzer_active"": false, ""fuel_level_avg"": 14, ""lock_geo_alert"": false, ""operation_mode"": ""RENT"", ""battery_voltage"": 14.300000190734863, ""in_primary_zone"": true, ""lock_engine_alert"": false, ""in_restricted_zone"": false, ""onboard_geofencing"": false, ""speed_limit_active"": false, ""lock_geo_alert_distance"": 0}"
2023-07-23 20:48:56.576,4431,858,"354616090369062",1582,"{""key"": false, ""flip"": false, ""zone"": false, ""speed"": 4.4448, ""buzzer"": 0, ""engine"": true, ""in_zone"": true, ""ignition"": true, ""latitude"": 25.93141, ""direction"": 225, ""longitude"": -80.115975, ""gsm_signal"": 30, ""sleep_mode"": false, ""staff_mode"": false, ""fault_codes"": [], ""speed_limit"": 0, ""engine_hours"": 1433, ""idc_triggers"": [], ""buzzer_active"": false, ""fuel_level_avg"": 14, ""lock_geo_alert"": false, ""operation_mode"": ""RENT"", ""battery_voltage"": 14.300000190734863, ""in_primary_zone"": true, ""lock_engine_alert"": false, ""in_restricted_zone"": false, ""onboard_geofencing"": false, ""speed_limit_active"": false, ""lock_geo_alert_distance"": 0}"
2023-07-23 20:48:55.537,4431,858,"354616090369062",1582,"{""key"": false, ""flip"": false, ""zone"": false, ""speed"": 5.1856, ""buzzer"": 0, ""engine"": true, ""in_zone"": true, ""ignition"": true, ""latitude"": 25.93141, ""direction"": 225, ""longitude"": -80.1159616, ""gsm_signal"": 31, ""sleep_mode"": false, ""staff_mode"": false, ""fault_codes"": [], ""speed_limit"": 0, ""engine_hours"": 1433, ""idc_triggers"": [], ""buzzer_active"": false, ""fuel_level_avg"": 14, ""lock_geo_alert"": false, ""operation_mode"": ""RENT"", ""battery_voltage"": 14.300000190734863, ""in_primary_zone"": true, ""lock_engine_alert"": false, ""in_restricted_zone"": false, ""onboard_geofencing"": false, ""speed_limit_active"": false, ""lock_geo_alert_distance"": 0}"
2023-07-23 20:48:54.576,4431,858,"354616090369062",1582,"{""key"": false, ""flip"": false, ""zone"": false, ""speed"": 5.9264, ""buzzer"": 0, ""engine"": true, ""in_zone"": true, ""ignition"": true, ""latitude"": 25.9314166, ""direction"": 225, ""longitude"": -80.11595, ""gsm_signal"": 27, ""sleep_mode"": false, ""staff_mode"": false, ""fault_codes"": [], ""speed_limit"": 0, ""engine_hours"": 1433, ""idc_triggers"": [], ""buzzer_active"": false, ""fuel_level_avg"": 14, ""lock_geo_alert"": false, ""operation_mode"": ""RENT"", ""battery_voltage"": 14.300000190734863, ""in_primary_zone"": true, ""lock_engine_alert"": false, ""in_restricted_zone"": false, ""onboard_geofencing"": false, ""speed_limit_active"": false, ""lock_geo_alert_distance"": 0}"
2023-07-23 20:48:53.537,4431,858,"354616090369062",1582,"{""key"": false, ""flip"": false, ""zone"": false, ""speed"": 4.8152, ""buzzer"": 0, ""engine"": true, ""in_zone"": true, ""ignition"": true, ""latitude"": 25.931425, ""direction"": 213, ""longitude"": -80.1159366, ""gsm_signal"": 28, ""sleep_mode"": false, ""staff_mode"": false, ""fault_codes"": [], ""speed_limit"": 0, ""engine_hours"": 1433, ""idc_triggers"": [], ""buzzer_active"": false, ""fuel_level_avg"": 14, ""lock_geo_alert"": false, ""operation_mode"": ""RENT"", ""battery_voltage"": 14.300000190734863, ""in_primary_zone"": true, ""lock_engine_alert"": false, ""in_restricted_zone"": false, ""onboard_geofencing"": false, ""speed_limit_active"": false, ""lock_geo_alert_distance"": 0}"
2023-07-23 20:48:52.576,4431,858,"354616090369062",1582,"{""key"": false, ""flip"": false, ""zone"": false, ""speed"": 4.4448, ""buzzer"": 0, ""engine"": true, ""in_zone"": true, ""ignition"": true, ""latitude"": 25.9314366, ""direction"": 213, ""longitude"": -80.1159282, ""gsm_signal"": 27, ""sleep_mode"": false, ""staff_mode"": false, ""fault_codes"": [], ""speed_limit"": 0, ""engine_hours"": 1433, ""idc_triggers"": [], ""buzzer_active"": false, ""fuel_level_avg"": 14, ""lock_geo_alert"": false, ""operation_mode"": ""RENT"", ""battery_voltage"": 14.300000190734863, ""in_primary_zone"": true, ""lock_engine_alert"": false, ""in_restricted_zone"": false, ""onboard_geofencing"": false, ""speed_limit_active"": false, ""lock_geo_alert_distance"": 0}"
2023-07-23 20:48:51.616,4431,858,"354616090369062",1582,"{""key"": false, ""flip"": false, ""zone"": false, ""speed"": 5.1856, ""buzzer"": 0, ""engine"": true, ""in_zone"": true, ""ignition"": true, ""latitude"": 25.9314483, ""direction"": 213, ""longitude"": -80.11592, ""gsm_signal"": 31, ""sleep_mode"": false, ""staff_mode"": false, ""fault_codes"": [], ""speed_limit"": 0, ""engine_hours"": 1433, ""idc_triggers"": [], ""buzzer_active"": false, ""fuel_level_avg"": 14, ""lock_geo_alert"": false, ""operation_mode"": ""RENT"", ""battery_voltage"": 14.300000190734863, ""in_primary_zone"": true, ""lock_engine_alert"": false, ""in_restricted_zone"": false, ""onboard_geofencing"": false, ""speed_limit_active"": false, ""lock_geo_alert_distance"": 0}"
2023-07-23 20:48:50.576,4431,858,"354616090369062",1582,"{""key"": false, ""flip"": false, ""zone"": false, ""speed"": 5.9264, ""buzzer"": 0, ""engine"": true, ""in_zone"": true, ""ignition"": true, ""latitude"": 25.93146, ""direction"": 213, ""longitude"": -80.1159116, ""gsm_signal"": 31, ""sleep_mode"": false, ""staff_mode"": false, ""fault_codes"": [], ""speed_limit"": 0, ""engine_hours"": 1433, ""idc_triggers"": [], ""buzzer_active"": false, ""fuel_level_avg"": 14, ""lock_geo_alert"": false, ""operation_mode"": ""RENT"", ""battery_voltage"": 14.300000190734863, ""in_primary_zone"": true, ""lock_engine_alert"": false, ""in_restricted_zone"": false, ""onboard_geofencing"": false, ""speed_limit_active"": false, ""lock_geo_alert_distance"": 0}"
2023-07-23 20:48:49.616,4431,858,"354616090369062",1582,"{""key"": false, ""flip"": false, ""zone"": false, ""speed"": 4.8152, ""buzzer"": 0, ""engine"": true, ""in_zone"": true, ""ignition"": true, ""latitude"": 25.9314716, ""direction"": 203, ""longitude"": -80.1159032, ""gsm_signal"": 29, ""sleep_mode"": false, ""staff_mode"": false, ""fault_codes"": [], ""speed_limit"": 0, ""engine_hours"": 1433, ""idc_triggers"": [], ""buzzer_active"": false, ""fuel_level_avg"": 14, ""lock_geo_alert"": false, ""operation_mode"": ""RENT"", ""battery_voltage"": 14.300000190734863, ""in_primary_zone"": true, ""lock_engine_alert"": false, ""in_restricted_zone"": false, ""onboard_geofencing"": false, ""speed_limit_active"": false, ""lock_geo_alert_distance"": 0}"
2023-07-23 20:48:48.576,4431,858,"354616090369062",1582,"{""key"": false, ""flip"": false, ""zone"": false, ""speed"": 5.9264, ""buzzer"": 0, ""engine"": true, ""in_zone"": true, ""ignition"": true, ""latitude"": 25.931485, ""direction"": 203, ""longitude"": -80.1158966, ""gsm_signal"": 29, ""sleep_mode"": false, ""staff_mode"": false, ""fault_codes"": [], ""speed_limit"": 0, ""engine_hours"": 1433, ""idc_triggers"": [], ""buzzer_active"": false, ""fuel_level_avg"": 14, ""lock_geo_alert"": false, ""operation_mode"": ""RENT"", ""battery_voltage"": 14.300000190734863, ""in_primary_zone"": true, ""lock_engine_alert"": false, ""in_restricted_zone"": false, ""onboard_geofencing"": false, ""speed_limit_active"": false, ""lock_geo_alert_distance"": 0}"
2023-07-23 20:48:47.616,4431,858,"354616090369062",1582,"{""key"": false, ""flip"": false, ""zone"": false, ""speed"": 11.8528, ""buzzer"": 0, ""engine"": true, ""in_zone"": true, ""ignition"": true, ""latitude"": 25.931505, ""direction"": 201, ""longitude"": -80.11589, ""gsm_signal"": 29, ""sleep_mode"": false, ""staff_mode"": false, ""fault_codes"": [], ""speed_limit"": 0, ""engine_hours"": 1433, ""idc_triggers"": [], ""buzzer_active"": false, ""fuel_level_avg"": 14, ""lock_geo_alert"": false, ""operation_mode"": ""RENT"", ""battery_voltage"": 14.300000190734863, ""in_primary_zone"": true, ""lock_engine_alert"": false, ""in_restricted_zone"": false, ""onboard_geofencing"": false, ""speed_limit_active"": false, ""lock_geo_alert_distance"": 0}"
2023-07-23 20:48:46.576,4431,858,"354616090369062",1582,"{""key"": false, ""flip"": false, ""zone"": false, ""speed"": 18.7052, ""buzzer"": 0, ""engine"": true, ""in_zone"": true, ""ignition"": true, ""latitude"": 25.9315383, ""direction"": 201, ""longitude"": -80.115875, ""gsm_signal"": 29, ""sleep_mode"": false, ""staff_mode"": false, ""fault_codes"": [], ""speed_limit"": 0, ""engine_hours"": 1433, ""idc_triggers"": [], ""buzzer_active"": false, ""fuel_level_avg"": 14, ""lock_geo_alert"": false, ""operation_mode"": ""RENT"", ""battery_voltage"": 14.300000190734863, ""in_primary_zone"": true, ""lock_engine_alert"": false, ""in_restricted_zone"": false, ""onboard_geofencing"": false, ""speed_limit_active"": false, ""lock_geo_alert_distance"": 0}"
2023-07-23 20:48:45.616,4431,858,"354616090369062",1582,"{""key"": false, ""flip"": false, ""zone"": false, ""speed"": 24.076, ""buzzer"": 0, ""engine"": true, ""in_zone"": true, ""ignition"": true, ""latitude"": 25.9315883, ""direction"": 204, ""longitude"": -80.1158516, ""gsm_signal"": 30, ""sleep_mode"": false, ""staff_mode"": false, ""fault_codes"": [], ""speed_limit"": 0, ""engine_hours"": 1433, ""idc_triggers"": [], ""buzzer_active"": false, ""fuel_level_avg"": 9, ""lock_geo_alert"": false, ""operation_mode"": ""RENT"", ""battery_voltage"": 14.5, ""in_primary_zone"": true, ""lock_engine_alert"": false, ""in_restricted_zone"": false, ""onboard_geofencing"": false, ""speed_limit_active"": false, ""lock_geo_alert_distance"": 0}"
2023-07-23 20:48:44.656,4431,858,"354616090369062",1582,"{""key"": false, ""flip"": false, ""zone"": false, ""speed"": 25.5576, ""buzzer"": 0, ""engine"": true, ""in_zone"": true, ""ignition"": true, ""latitude"": 25.9316483, ""direction"": 201, ""longitude"": -80.115825, ""gsm_signal"": 31, ""sleep_mode"": false, ""staff_mode"": false, ""fault_codes"": [], ""speed_limit"": 0, ""engine_hours"": 1433, ""idc_triggers"": [], ""buzzer_active"": false, ""fuel_level_avg"": 9, ""lock_geo_alert"": false, ""operation_mode"": ""RENT"", ""battery_voltage"": 14.5, ""in_primary_zone"": true, ""lock_engine_alert"": false, ""in_restricted_zone"": false, ""onboard_geofencing"": false, ""speed_limit_active"": false, ""lock_geo_alert_distance"": 0}"
2023-07-23 20:48:43.616,4431,858,"354616090369062",1582,"{""key"": false, ""flip"": false, ""zone"": false, ""speed"": 27.9652, ""buzzer"": 0, ""engine"": true, ""in_zone"": true, ""ignition"": true, ""latitude"": 25.9317116, ""direction"": 199, ""longitude"": -80.1158, ""gsm_signal"": 31, ""sleep_mode"": false, ""staff_mode"": false, ""fault_codes"": [], ""speed_limit"": 0, ""engine_hours"": 1433, ""idc_triggers"": [], ""buzzer_active"": false, ""fuel_level_avg"": 9, ""lock_geo_alert"": false, ""operation_mode"": ""RENT"", ""battery_voltage"": 14.5, ""in_primary_zone"": true, ""lock_engine_alert"": false, ""in_restricted_zone"": false, ""onboard_geofencing"": false, ""speed_limit_active"": false, ""lock_geo_alert_distance"": 0}"
2023-07-23 20:48:42.577,4431,858,"354616090369062",1582,"{""key"": false, ""flip"": false, ""zone"": false, ""speed"": 28.891200000000005, ""buzzer"": 0, ""engine"": true, ""in_zone"": true, ""ignition"": true, ""latitude"": 25.9317816, ""direction"": 198, ""longitude"": -80.115775, ""gsm_signal"": 31, ""sleep_mode"": false, ""staff_mode"": false, ""fault_codes"": [], ""speed_limit"": 0, ""engine_hours"": 1433, ""idc_triggers"": [], ""buzzer_active"": false, ""fuel_level_avg"": 9, ""lock_geo_alert"": false, ""operation_mode"": ""RENT"", ""battery_voltage"": 14.5, ""in_primary_zone"": true, ""lock_engine_alert"": false, ""in_restricted_zone"": false, ""onboard_geofencing"": false, ""speed_limit_active"": false, ""lock_geo_alert_distance"": 0}"
2023-07-23 20:48:41.616,4431,858,"354616090369062",1582,"{""key"": false, ""flip"": false, ""zone"": false, ""speed"": 27.78, ""buzzer"": 0, ""engine"": true, ""in_zone"": true, ""ignition"": true, ""latitude"": 25.9318516, ""direction"": 199, ""longitude"": -80.11575, ""gsm_signal"": 31, ""sleep_mode"": false, ""staff_mode"": false, ""fault_codes"": [], ""speed_limit"": 0, ""engine_hours"": 1433, ""idc_triggers"": [], ""buzzer_active"": false, ""fuel_level_avg"": 9, ""lock_geo_alert"": false, ""operation_mode"": ""RENT"", ""battery_voltage"": 14.5, ""in_primary_zone"": true, ""lock_engine_alert"": false, ""in_restricted_zone"": false, ""onboard_geofencing"": false, ""speed_limit_active"": false, ""lock_geo_alert_distance"": 0}"
2023-07-23 20:48:40.577,4431,858,"354616090369062",1582,"{""key"": false, ""flip"": false, ""zone"": false, ""speed"": 25.1872, ""buzzer"": 0, ""engine"": true, ""in_zone"": true, ""ignition"": true, ""latitude"": 25.9319166, ""direction"": 197, ""longitude"": -80.115725, ""gsm_signal"": 31, ""sleep_mode"": false, ""staff_mode"": false, ""fault_codes"": [], ""speed_limit"": 0, ""engine_hours"": 1433, ""idc_triggers"": [], ""buzzer_active"": false, ""fuel_level_avg"": 9, ""lock_geo_alert"": false, ""operation_mode"": ""RENT"", ""battery_voltage"": 14.5, ""in_primary_zone"": true, ""lock_engine_alert"": false, ""in_restricted_zone"": false, ""onboard_geofencing"": false, ""speed_limit_active"": false, ""lock_geo_alert_distance"": 0}"
2023-07-23 20:48:39.616,4431,858,"354616090369062",1582,"{""key"": false, ""flip"": false, ""zone"": false, ""speed"": 24.6316, ""buzzer"": 0, ""engine"": true, ""in_zone"": true, ""ignition"": true, ""latitude"": 25.9319783, ""direction"": 197, ""longitude"": -80.1157032, ""gsm_signal"": 31, ""sleep_mode"": false, ""staff_mode"": false, ""fault_codes"": [], ""speed_limit"": 0, ""engine_hours"": 1433, ""idc_triggers"": [], ""buzzer_active"": false, ""fuel_level_avg"": 9, ""lock_geo_alert"": false, ""operation_mode"": ""RENT"", ""battery_voltage"": 14.5, ""in_primary_zone"": true, ""lock_engine_alert"": false, ""in_restricted_zone"": false, ""onboard_geofencing"": false, ""speed_limit_active"": false, ""lock_geo_alert_distance"": 0}"
2023-07-23 20:48:38.576,4431,858,"354616090369062",1582,"{""key"": false, ""flip"": false, ""zone"": false, ""speed"": 22.779600000000002, ""buzzer"": 0, ""engine"": true, ""in_zone"": true, ""ignition"": true, ""latitude"": 25.932035, ""direction"": 198, ""longitude"": -80.1156816, ""gsm_signal"": 31, ""sleep_mode"": false, ""staff_mode"": false, ""fault_codes"": [], ""speed_limit"": 0, ""engine_hours"": 1433, ""idc_triggers"": [], ""buzzer_active"": false, ""fuel_level_avg"": 9, ""lock_geo_alert"": false, ""operation_mode"": ""RENT"", ""battery_voltage"": 14.5, ""in_primary_zone"": true, ""lock_engine_alert"": false, ""in_restricted_zone"": false, ""onboard_geofencing"": false, ""speed_limit_active"": false, ""lock_geo_alert_distance"": 0}"
2023-07-23 20:48:37.617,4431,858,"354616090369062",1582,"{""key"": false, ""flip"": false, ""zone"": false, ""speed"": 20.372, ""buzzer"": 0, ""engine"": true, ""in_zone"": true, ""ignition"": true, ""latitude"": 25.9320883, ""direction"": 197, ""longitude"": -80.1156616, ""gsm_signal"": 31, ""sleep_mode"": false, ""staff_mode"": false, ""fault_codes"": [], ""speed_limit"": 0, ""engine_hours"": 1433, ""idc_triggers"": [], ""buzzer_active"": false, ""fuel_level_avg"": 9, ""lock_geo_alert"": false, ""operation_mode"": ""RENT"", ""battery_voltage"": 14.5, ""in_primary_zone"": true, ""lock_engine_alert"": false, ""in_restricted_zone"": false, ""onboard_geofencing"": false, ""speed_limit_active"": false, ""lock_geo_alert_distance"": 0}"
2023-07-23 20:48:36.576,4431,858,"354616090369062",1582,"{""key"": false, ""flip"": false, ""zone"": false, ""speed"": 18.7052, ""buzzer"": 0, ""engine"": true, ""in_zone"": true, ""ignition"": true, ""latitude"": 25.932135, ""direction"": 196, ""longitude"": -80.115645, ""gsm_signal"": 31, ""sleep_mode"": false, ""staff_mode"": false, ""fault_codes"": [], ""speed_limit"": 0, ""engine_hours"": 1433, ""idc_triggers"": [], ""buzzer_active"": false, ""fuel_level_avg"": 9, ""lock_geo_alert"": false, ""operation_mode"": ""RENT"", ""battery_voltage"": 14.5, ""in_primary_zone"": true, ""lock_engine_alert"": false, ""in_restricted_zone"": false, ""onboard_geofencing"": false, ""speed_limit_active"": false, ""lock_geo_alert_distance"": 0}"
2023-07-23 20:48:35.617,4431,858,"354616090369062",1582,"{""key"": false, ""flip"": false, ""zone"": false, ""speed"": 16.4828, ""buzzer"": 0, ""engine"": true, ""in_zone"": true, ""ignition"": true, ""latitude"": 25.9321783, ""direction"": 196, ""longitude"": -80.1156316, ""gsm_signal"": 31, ""sleep_mode"": false, ""staff_mode"": false, ""fault_codes"": [], ""speed_limit"": 0, ""engine_hours"": 1433, ""idc_triggers"": [], ""buzzer_active"": false, ""fuel_level_avg"": 9, ""lock_geo_alert"": false, ""operation_mode"": ""RENT"", ""battery_voltage"": 14.5, ""in_primary_zone"": true, ""lock_engine_alert"": false, ""in_restricted_zone"": false, ""onboard_geofencing"": false, ""speed_limit_active"": false, ""lock_geo_alert_distance"": 0}"
2023-07-23 20:48:34.594,4431,858,"354616090369062",1582,"{""key"": false, ""flip"": false, ""zone"": false, ""speed"": 17.594, ""buzzer"": 0, ""engine"": true, ""in_zone"": true, ""ignition"": true, ""latitude"": 25.9322183, ""direction"": 201, ""longitude"": -80.11562, ""gsm_signal"": 31, ""sleep_mode"": false, ""staff_mode"": false, ""fault_codes"": [], ""speed_limit"": 0, ""engine_hours"": 1433, ""idc_triggers"": [], ""buzzer_active"": false, ""fuel_level_avg"": 9, ""lock_geo_alert"": false, ""operation_mode"": ""RENT"", ""battery_voltage"": 14.5, ""in_primary_zone"": true, ""lock_engine_alert"": false, ""in_restricted_zone"": false, ""onboard_geofencing"": false, ""speed_limit_active"": false, ""lock_geo_alert_distance"": 0}"
2023-07-23 20:48:33.618,4431,858,"354616090369062",1582,"{""key"": false, ""flip"": false, ""zone"": false, ""speed"": 21.6684, ""buzzer"": 0, ""engine"": true, ""in_zone"": true, ""ignition"": true, ""latitude"": 25.932265, ""direction"": 199, ""longitude"": -80.1156016, ""gsm_signal"": 31, ""sleep_mode"": false, ""staff_mode"": false, ""fault_codes"": [], ""speed_limit"": 0, ""engine_hours"": 1433, ""idc_triggers"": [], ""buzzer_active"": false, ""fuel_level_avg"": 9, ""lock_geo_alert"": false, ""operation_mode"": ""RENT"", ""battery_voltage"": 14.5, ""in_primary_zone"": true, ""lock_engine_alert"": false, ""in_restricted_zone"": false, ""onboard_geofencing"": false, ""speed_limit_active"": false, ""lock_geo_alert_distance"": 0}"
2023-07-23 20:48:32.576,4431,858,"354616090369062",1582,"{""key"": false, ""flip"": false, ""zone"": false, ""speed"": 27.4096, ""buzzer"": 0, ""engine"": true, ""in_zone"": true, ""ignition"": true, ""latitude"": 25.9323233, ""direction"": 199, ""longitude"": -80.11558, ""gsm_signal"": 31, ""sleep_mode"": false, ""staff_mode"": false, ""fault_codes"": [], ""speed_limit"": 0, ""engine_hours"": 1433, ""idc_triggers"": [], ""buzzer_active"": false, ""fuel_level_avg"": 9, ""lock_geo_alert"": false, ""operation_mode"": ""RENT"", ""battery_voltage"": 14.5, ""in_primary_zone"": true, ""lock_engine_alert"": false, ""in_restricted_zone"": false, ""onboard_geofencing"": false, ""speed_limit_active"": false, ""lock_geo_alert_distance"": 0}"
2023-07-23 20:48:31.673,4431,858,"354616090369062",1582,"{""key"": false, ""flip"": false, ""zone"": false, ""speed"": 31.484, ""buzzer"": 0, ""engine"": true, ""in_zone"": true, ""ignition"": true, ""latitude"": 25.9323916, ""direction"": 198, ""longitude"": -80.1155532, ""gsm_signal"": 29, ""sleep_mode"": false, ""staff_mode"": false, ""fault_codes"": [], ""speed_limit"": 0, ""engine_hours"": 1433, ""idc_triggers"": [], ""buzzer_active"": false, ""fuel_level_avg"": 9, ""lock_geo_alert"": false, ""operation_mode"": ""RENT"", ""battery_voltage"": 14.5, ""in_primary_zone"": true, ""lock_engine_alert"": false, ""in_restricted_zone"": false, ""onboard_geofencing"": false, ""speed_limit_active"": false, ""lock_geo_alert_distance"": 0}"
2023-07-23 20:48:30.576,4431,858,"354616090369062",1582,"{""key"": false, ""flip"": false, ""zone"": false, ""speed"": 31.6692, ""buzzer"": 0, ""engine"": true, ""in_zone"": true, ""ignition"": true, ""latitude"": 25.9324683, ""direction"": 197, ""longitude"": -80.115525, ""gsm_signal"": 31, ""sleep_mode"": false, ""staff_mode"": false, ""fault_codes"": [], ""speed_limit"": 0, ""engine_hours"": 1433, ""idc_triggers"": [], ""buzzer_active"": false, ""fuel_level_avg"": 9, ""lock_geo_alert"": false, ""operation_mode"": ""RENT"", ""battery_voltage"": 14.5, ""in_primary_zone"": true, ""lock_engine_alert"": false, ""in_restricted_zone"": false, ""onboard_geofencing"": false, ""speed_limit_active"": false, ""lock_geo_alert_distance"": 0}"
2023-07-23 20:48:29.616,4431,858,"354616090369062",1582,"{""key"": false, ""flip"": false, ""zone"": false, ""speed"": 30.3728, ""buzzer"": 0, ""engine"": true, ""in_zone"": true, ""ignition"": true, ""latitude"": 25.9325416, ""direction"": 197, ""longitude"": -80.1154982, ""gsm_signal"": 31, ""sleep_mode"": false, ""staff_mode"": false, ""fault_codes"": [], ""speed_limit"": 0, ""engine_hours"": 1433, ""idc_triggers"": [], ""buzzer_active"": false, ""fuel_level_avg"": 9, ""lock_geo_alert"": false, ""operation_mode"": ""RENT"", ""battery_voltage"": 14.5, ""in_primary_zone"": true, ""lock_engine_alert"": false, ""in_restricted_zone"": false, ""onboard_geofencing"": false, ""speed_limit_active"": false, ""lock_geo_alert_distance"": 0}"
2023-07-23 20:48:28.576,4431,858,"354616090369062",1582,"{""key"": false, ""flip"": false, ""zone"": false, ""speed"": 28.891200000000005, ""buzzer"": 0, ""engine"": true, ""in_zone"": true, ""ignition"": true, ""latitude"": 25.9326133, ""direction"": 198, ""longitude"": -80.1154716, ""gsm_signal"": 31, ""sleep_mode"": false, ""staff_mode"": false, ""fault_codes"": [], ""speed_limit"": 0, ""engine_hours"": 1433, ""idc_triggers"": [], ""buzzer_active"": false, ""fuel_level_avg"": 9, ""lock_geo_alert"": false, ""operation_mode"": ""RENT"", ""battery_voltage"": 14.5, ""in_primary_zone"": true, ""lock_engine_alert"": false, ""in_restricted_zone"": false, ""onboard_geofencing"": false, ""speed_limit_active"": false, ""lock_geo_alert_distance"": 0}"
2023-07-23 20:48:27.616,4431,858,"354616090369062",1582,"{""key"": false, ""flip"": false, ""zone"": false, ""speed"": 27.224400000000003, ""buzzer"": 0, ""engine"": true, ""in_zone"": true, ""ignition"": true, ""latitude"": 25.93268, ""direction"": 198, ""longitude"": -80.115445, ""gsm_signal"": 31, ""sleep_mode"": false, ""staff_mode"": false, ""fault_codes"": [], ""speed_limit"": 0, ""engine_hours"": 1433, ""idc_triggers"": [], ""buzzer_active"": false, ""fuel_level_avg"": 9, ""lock_geo_alert"": false, ""operation_mode"": ""RENT"", ""battery_voltage"": 14.5, ""in_primary_zone"": true, ""lock_engine_alert"": false, ""in_restricted_zone"": false, ""onboard_geofencing"": false, ""speed_limit_active"": false, ""lock_geo_alert_distance"": 0}"
2023-07-23 20:48:26.576,4431,858,"354616090369062",1582,"{""key"": false, ""flip"": false, ""zone"": false, ""speed"": 25.7428, ""buzzer"": 0, ""engine"": true, ""in_zone"": true, ""ignition"": true, ""latitude"": 25.9327433, ""direction"": 197, ""longitude"": -80.11542, ""gsm_signal"": 31, ""sleep_mode"": false, ""staff_mode"": false, ""fault_codes"": [], ""speed_limit"": 0, ""engine_hours"": 1433, ""idc_triggers"": [], ""buzzer_active"": false, ""fuel_level_avg"": 9, ""lock_geo_alert"": false, ""operation_mode"": ""RENT"", ""battery_voltage"": 14.5, ""in_primary_zone"": true, ""lock_engine_alert"": false, ""in_restricted_zone"": false, ""onboard_geofencing"": false, ""speed_limit_active"": false, ""lock_geo_alert_distance"": 0}"
2023-07-23 20:48:25.634,4431,858,"354616090369062",1582,"{""key"": false, ""flip"": false, ""zone"": false, ""speed"": 23.520400000000002, ""buzzer"": 0, ""engine"": true, ""in_zone"": true, ""ignition"": true, ""latitude"": 25.9328033, ""direction"": 196, ""longitude"": -80.1153982, ""gsm_signal"": 31, ""sleep_mode"": false, ""staff_mode"": false, ""fault_codes"": [], ""speed_limit"": 0, ""engine_hours"": 1433, ""idc_triggers"": [], ""buzzer_active"": false, ""fuel_level_avg"": 9, ""lock_geo_alert"": false, ""operation_mode"": ""RENT"", ""battery_voltage"": 14.5, ""in_primary_zone"": true, ""lock_engine_alert"": false, ""in_restricted_zone"": false, ""onboard_geofencing"": false, ""speed_limit_active"": false, ""lock_geo_alert_distance"": 0}"
2023-07-23 20:48:23.538,4431,858,"354616090369062",1582,"{""key"": false, ""flip"": false, ""zone"": false, ""speed"": 27.224400000000003, ""buzzer"": 0, ""engine"": true, ""in_zone"": true, ""ignition"": true, ""latitude"": 25.9329316, ""direction"": 188, ""longitude"": -80.115365, ""gsm_signal"": 31, ""sleep_mode"": false, ""staff_mode"": false, ""fault_codes"": [], ""speed_limit"": 0, ""engine_hours"": 1433, ""idc_triggers"": [], ""buzzer_active"": false, ""fuel_level_avg"": 9, ""lock_geo_alert"": false, ""operation_mode"": ""RENT"", ""battery_voltage"": 14.5, ""in_primary_zone"": true, ""lock_engine_alert"": false, ""in_restricted_zone"": false, ""onboard_geofencing"": false, ""speed_limit_active"": false, ""lock_geo_alert_distance"": 0}"
2023-07-23 20:48:22.577,4431,858,"354616090369062",1582,"{""key"": false, ""flip"": false, ""zone"": false, ""speed"": 28.706, ""buzzer"": 0, ""engine"": true, ""in_zone"": true, ""ignition"": true, ""latitude"": 25.9330033, ""direction"": 187, ""longitude"": -80.115355, ""gsm_signal"": 31, ""sleep_mode"": false, ""staff_mode"": false, ""fault_codes"": [], ""speed_limit"": 0, ""engine_hours"": 1433, ""idc_triggers"": [], ""buzzer_active"": false, ""fuel_level_avg"": 9, ""lock_geo_alert"": false, ""operation_mode"": ""RENT"", ""battery_voltage"": 14.5, ""in_primary_zone"": true, ""lock_engine_alert"": false, ""in_restricted_zone"": false, ""onboard_geofencing"": false, ""speed_limit_active"": false, ""lock_geo_alert_distance"": 0}"
2023-07-23 20:48:21.628,4431,858,"354616090369062",1582,"{""key"": false, ""flip"": false, ""zone"": false, ""speed"": 26.298400000000004, ""buzzer"": 0, ""engine"": true, ""in_zone"": true, ""ignition"": true, ""latitude"": 25.9330733, ""direction"": 184, ""longitude"": -80.1153482, ""gsm_signal"": 30, ""sleep_mode"": false, ""staff_mode"": false, ""fault_codes"": [], ""speed_limit"": 0, ""engine_hours"": 1433, ""idc_triggers"": [], ""buzzer_active"": false, ""fuel_level_avg"": 9, ""lock_geo_alert"": false, ""operation_mode"": ""RENT"", ""battery_voltage"": 14.5, ""in_primary_zone"": true, ""lock_engine_alert"": false, ""in_restricted_zone"": false, ""onboard_geofencing"": false, ""speed_limit_active"": false, ""lock_geo_alert_distance"": 0}"
2023-07-23 20:48:20.576,4431,858,"354616090369062",1582,"{""key"": false, ""flip"": false, ""zone"": false, ""speed"": 22.224, ""buzzer"": 0, ""engine"": true, ""in_zone"": true, ""ignition"": true, ""latitude"": 25.933135, ""direction"": 182, ""longitude"": -80.1153432, ""gsm_signal"": 29, ""sleep_mode"": false, ""staff_mode"": false, ""fault_codes"": [], ""speed_limit"": 0, ""engine_hours"": 1433, ""idc_triggers"": [], ""buzzer_active"": false, ""fuel_level_avg"": 9, ""lock_geo_alert"": false, ""operation_mode"": ""RENT"", ""battery_voltage"": 14.5, ""in_primary_zone"": true, ""lock_engine_alert"": false, ""in_restricted_zone"": false, ""onboard_geofencing"": false, ""speed_limit_active"": false, ""lock_geo_alert_distance"": 0}"
2023-07-23 20:48:19.617,4431,858,"354616090369062",1582,"{""key"": false, ""flip"": false, ""zone"": false, ""speed"": 19.8164, ""buzzer"": 0, ""engine"": true, ""in_zone"": true, ""ignition"": true, ""latitude"": 25.93319, ""direction"": 181, ""longitude"": -80.1153416, ""gsm_signal"": 31, ""sleep_mode"": false, ""staff_mode"": false, ""fault_codes"": [], ""speed_limit"": 0, ""engine_hours"": 1433, ""idc_triggers"": [], ""buzzer_active"": false, ""fuel_level_avg"": 9, ""lock_geo_alert"": false, ""operation_mode"": ""RENT"", ""battery_voltage"": 14.5, ""in_primary_zone"": true, ""lock_engine_alert"": false, ""in_restricted_zone"": false, ""onboard_geofencing"": false, ""speed_limit_active"": false, ""lock_geo_alert_distance"": 0}"
2023-07-23 20:48:18.576,4431,858,"354616090369062",1582,"{""key"": false, ""flip"": false, ""zone"": false, ""speed"": 19.0756, ""buzzer"": 0, ""engine"": true, ""in_zone"": true, ""ignition"": true, ""latitude"": 25.9332383, ""direction"": 181, ""longitude"": -80.11534, ""gsm_signal"": 28, ""sleep_mode"": false, ""staff_mode"": false, ""fault_codes"": [], ""speed_limit"": 0, ""engine_hours"": 1433, ""idc_triggers"": [], ""buzzer_active"": false, ""fuel_level_avg"": 9, ""lock_geo_alert"": false, ""operation_mode"": ""RENT"", ""battery_voltage"": 14.5, ""in_primary_zone"": true, ""lock_engine_alert"": false, ""in_restricted_zone"": false, ""onboard_geofencing"": false, ""speed_limit_active"": false, ""lock_geo_alert_distance"": 0}"
2023-07-23 20:48:17.616,4431,858,"354616090369062",1582,"{""key"": false, ""flip"": false, ""zone"": false, ""speed"": 20.5572, ""buzzer"": 0, ""engine"": true, ""in_zone"": true, ""ignition"": true, ""latitude"": 25.9332883, ""direction"": 184, ""longitude"": -80.1153366, ""gsm_signal"": 30, ""sleep_mode"": false, ""staff_mode"": false, ""fault_codes"": [], ""speed_limit"": 0, ""engine_hours"": 1433, ""idc_triggers"": [], ""buzzer_active"": false, ""fuel_level_avg"": 9, ""lock_geo_alert"": false, ""operation_mode"": ""RENT"", ""battery_voltage"": 14.5, ""in_primary_zone"": true, ""lock_engine_alert"": false, ""in_restricted_zone"": false, ""onboard_geofencing"": false, ""speed_limit_active"": false, ""lock_geo_alert_distance"": 0}"
2023-07-23 20:48:16.576,4431,858,"354616090369062",1582,"{""key"": false, ""flip"": false, ""zone"": false, ""speed"": 20.5572, ""buzzer"": 0, ""engine"": true, ""in_zone"": true, ""ignition"": true, ""latitude"": 25.93334, ""direction"": 183, ""longitude"": -80.1153332, ""gsm_signal"": 31, ""sleep_mode"": false, ""staff_mode"": false, ""fault_codes"": [], ""speed_limit"": 0, ""engine_hours"": 1433, ""idc_triggers"": [], ""buzzer_active"": false, ""fuel_level_avg"": 9, ""lock_geo_alert"": false, ""operation_mode"": ""RENT"", ""battery_voltage"": 14.5, ""in_primary_zone"": true, ""lock_engine_alert"": false, ""in_restricted_zone"": false, ""onboard_geofencing"": false, ""speed_limit_active"": false, ""lock_geo_alert_distance"": 0}"
2023-07-23 20:48:15.616,4431,858,"354616090369062",1582,"{""key"": false, ""flip"": false, ""zone"": false, ""speed"": 19.0756, ""buzzer"": 0, ""engine"": true, ""in_zone"": true, ""ignition"": true, ""latitude"": 25.9333883, ""direction"": 185, ""longitude"": -80.11533, ""gsm_signal"": 30, ""sleep_mode"": false, ""staff_mode"": false, ""fault_codes"": [], ""speed_limit"": 0, ""engine_hours"": 1433, ""idc_triggers"": [], ""buzzer_active"": false, ""fuel_level_avg"": 9, ""lock_geo_alert"": false, ""operation_mode"": ""RENT"", ""battery_voltage"": 14.5, ""in_primary_zone"": true, ""lock_engine_alert"": false, ""in_restricted_zone"": false, ""onboard_geofencing"": false, ""speed_limit_active"": false, ""lock_geo_alert_distance"": 0}"
2023-07-23 20:48:14.576,4431,858,"354616090369062",1582,"{""key"": false, ""flip"": false, ""zone"": false, ""speed"": 18.520000000000003, ""buzzer"": 0, ""engine"": true, ""in_zone"": true, ""ignition"": true, ""latitude"": 25.933435, ""direction"": 185, ""longitude"": -80.1153232, ""gsm_signal"": 31, ""sleep_mode"": false, ""staff_mode"": false, ""fault_codes"": [], ""speed_limit"": 0, ""engine_hours"": 1433, ""idc_triggers"": [], ""buzzer_active"": false, ""fuel_level_avg"": 9, ""lock_geo_alert"": false, ""operation_mode"": ""RENT"", ""battery_voltage"": 14.5, ""in_primary_zone"": true, ""lock_engine_alert"": false, ""in_restricted_zone"": false, ""onboard_geofencing"": false, ""speed_limit_active"": false, ""lock_geo_alert_distance"": 0}"
2023-07-23 20:48:13.616,4431,858,"354616090369062",1582,"{""key"": false, ""flip"": false, ""zone"": false, ""speed"": 17.9644, ""buzzer"": 0, ""engine"": true, ""in_zone"": true, ""ignition"": true, ""latitude"": 25.9334783, ""direction"": 187, ""longitude"": -80.1153182, ""gsm_signal"": 29, ""sleep_mode"": false, ""staff_mode"": false, ""fault_codes"": [], ""speed_limit"": 0, ""engine_hours"": 1433, ""idc_triggers"": [], ""buzzer_active"": false, ""fuel_level_avg"": 9, ""lock_geo_alert"": false, ""operation_mode"": ""RENT"", ""battery_voltage"": 14.5, ""in_primary_zone"": true, ""lock_engine_alert"": false, ""in_restricted_zone"": false, ""onboard_geofencing"": false, ""speed_limit_active"": false, ""lock_geo_alert_distance"": 0}"
2023-07-23 20:48:12.576,4431,858,"354616090369062",1582,"{""key"": false, ""flip"": false, ""zone"": false, ""speed"": 17.2236, ""buzzer"": 0, ""engine"": true, ""in_zone"": true, ""ignition"": true, ""latitude"": 25.9335233, ""direction"": 187, ""longitude"": -80.1153116, ""gsm_signal"": 31, ""sleep_mode"": false, ""staff_mode"": false, ""fault_codes"": [], ""speed_limit"": 0, ""engine_hours"": 1433, ""idc_triggers"": [], ""buzzer_active"": false, ""fuel_level_avg"": 9, ""lock_geo_alert"": false, ""operation_mode"": ""RENT"", ""battery_voltage"": 14.5, ""in_primary_zone"": true, ""lock_engine_alert"": false, ""in_restricted_zone"": false, ""onboard_geofencing"": false, ""speed_limit_active"": false, ""lock_geo_alert_distance"": 0}"
2023-07-23 20:48:11.617,4431,858,"354616090369062",1582,"{""key"": false, ""flip"": false, ""zone"": false, ""speed"": 14.2604, ""buzzer"": 0, ""engine"": true, ""in_zone"": true, ""ignition"": true, ""latitude"": 25.9335616, ""direction"": 186, ""longitude"": -80.1153066, ""gsm_signal"": 31, ""sleep_mode"": false, ""staff_mode"": false, ""fault_codes"": [], ""speed_limit"": 0, ""engine_hours"": 1433, ""idc_triggers"": [], ""buzzer_active"": false, ""fuel_level_avg"": 9, ""lock_geo_alert"": false, ""operation_mode"": ""RENT"", ""battery_voltage"": 14.5, ""in_primary_zone"": true, ""lock_engine_alert"": false, ""in_restricted_zone"": false, ""onboard_geofencing"": false, ""speed_limit_active"": false, ""lock_geo_alert_distance"": 0}"
2023-07-23 20:48:10.576,4431,858,"354616090369062",1582,"{""key"": false, ""flip"": false, ""zone"": false, ""speed"": 12.2232, ""buzzer"": 0, ""engine"": true, ""in_zone"": true, ""ignition"": true, ""latitude"": 25.9335966, ""direction"": 188, ""longitude"": -80.1153032, ""gsm_signal"": 30, ""sleep_mode"": false, ""staff_mode"": false, ""fault_codes"": [], ""speed_limit"": 0, ""engine_hours"": 1433, ""idc_triggers"": [], ""buzzer_active"": false, ""fuel_level_avg"": 9, ""lock_geo_alert"": false, ""operation_mode"": ""RENT"", ""battery_voltage"": 14.5, ""in_primary_zone"": true, ""lock_engine_alert"": false, ""in_restricted_zone"": false, ""onboard_geofencing"": false, ""speed_limit_active"": false, ""lock_geo_alert_distance"": 0}"
2023-07-23 20:48:09.616,4431,858,"354616090369062",1582,"{""key"": false, ""flip"": false, ""zone"": false, ""speed"": 10.000800000000002, ""buzzer"": 0, ""engine"": true, ""in_zone"": true, ""ignition"": true, ""latitude"": 25.933625, ""direction"": 191, ""longitude"": -80.1152966, ""gsm_signal"": 29, ""sleep_mode"": false, ""staff_mode"": false, ""fault_codes"": [], ""speed_limit"": 0, ""engine_hours"": 1433, ""idc_triggers"": [], ""buzzer_active"": false, ""fuel_level_avg"": 9, ""lock_geo_alert"": false, ""operation_mode"": ""RENT"", ""battery_voltage"": 14.5, ""in_primary_zone"": true, ""lock_engine_alert"": false, ""in_restricted_zone"": false, ""onboard_geofencing"": false, ""speed_limit_active"": false, ""lock_geo_alert_distance"": 0}"
2023-07-23 20:48:08.587,4431,858,"354616090369062",1582,"{""key"": false, ""flip"": false, ""zone"": false, ""speed"": 11.112, ""buzzer"": 0, ""engine"": true, ""in_zone"": true, ""ignition"": true, ""latitude"": 25.93365, ""direction"": 189, ""longitude"": -80.1152916, ""gsm_signal"": 28, ""sleep_mode"": false, ""staff_mode"": false, ""fault_codes"": [], ""speed_limit"": 0, ""engine_hours"": 1433, ""idc_triggers"": [], ""buzzer_active"": false, ""fuel_level_avg"": 9, ""lock_geo_alert"": false, ""operation_mode"": ""RENT"", ""battery_voltage"": 14.5, ""in_primary_zone"": true, ""lock_engine_alert"": false, ""in_restricted_zone"": false, ""onboard_geofencing"": false, ""speed_limit_active"": false, ""lock_geo_alert_distance"": 0}"
2023-07-23 20:48:07.537,4431,858,"354616090369062",1582,"{""key"": false, ""flip"": false, ""zone"": false, ""speed"": 10.000800000000002, ""buzzer"": 0, ""engine"": true, ""in_zone"": true, ""ignition"": true, ""latitude"": 25.933675, ""direction"": 191, ""longitude"": -80.1152866, ""gsm_signal"": 28, ""sleep_mode"": false, ""staff_mode"": false, ""fault_codes"": [], ""speed_limit"": 0, ""engine_hours"": 1433, ""idc_triggers"": [], ""buzzer_active"": false, ""fuel_level_avg"": 9, ""lock_geo_alert"": false, ""operation_mode"": ""RENT"", ""battery_voltage"": 14.5, ""in_primary_zone"": true, ""lock_engine_alert"": false, ""in_restricted_zone"": false, ""onboard_geofencing"": false, ""speed_limit_active"": false, ""lock_geo_alert_distance"": 0}"
2023-07-23 20:48:06.576,4431,858,"354616090369062",1582,"{""key"": false, ""flip"": false, ""zone"": false, ""speed"": 10.186, ""buzzer"": 0, ""engine"": true, ""in_zone"": true, ""ignition"": true, ""latitude"": 25.9337016, ""direction"": 190, ""longitude"": -80.11528, ""gsm_signal"": 30, ""sleep_mode"": false, ""staff_mode"": false, ""fault_codes"": [], ""speed_limit"": 0, ""engine_hours"": 1433, ""idc_triggers"": [], ""buzzer_active"": false, ""fuel_level_avg"": 9, ""lock_geo_alert"": false, ""operation_mode"": ""RENT"", ""battery_voltage"": 14.5, ""in_primary_zone"": true, ""lock_engine_alert"": false, ""in_restricted_zone"": false, ""onboard_geofencing"": false, ""speed_limit_active"": false, ""lock_geo_alert_distance"": 0}"
2023-07-23 20:48:05.537,4431,858,"354616090369062",1582,"{""key"": false, ""flip"": false, ""zone"": false, ""speed"": 9.8156, ""buzzer"": 0, ""engine"": true, ""in_zone"": true, ""ignition"": true, ""latitude"": 25.9337266, ""direction"": 197, ""longitude"": -80.1152732, ""gsm_signal"": 28, ""sleep_mode"": false, ""staff_mode"": false, ""fault_codes"": [], ""speed_limit"": 0, ""engine_hours"": 1433, ""idc_triggers"": [], ""buzzer_active"": false, ""fuel_level_avg"": 9, ""lock_geo_alert"": false, ""operation_mode"": ""RENT"", ""battery_voltage"": 14.5, ""in_primary_zone"": true, ""lock_engine_alert"": false, ""in_restricted_zone"": false, ""onboard_geofencing"": false, ""speed_limit_active"": false, ""lock_geo_alert_distance"": 0}"
2023-07-23 20:48:04.577,4431,858,"354616090369062",1582,"{""key"": false, ""flip"": false, ""zone"": false, ""speed"": 9.260000000000002, ""buzzer"": 0, ""engine"": true, ""in_zone"": true, ""ignition"": true, ""latitude"": 25.9337516, ""direction"": 190, ""longitude"": -80.1152666, ""gsm_signal"": 28, ""sleep_mode"": false, ""staff_mode"": false, ""fault_codes"": [], ""speed_limit"": 0, ""engine_hours"": 1433, ""idc_triggers"": [], ""buzzer_active"": false, ""fuel_level_avg"": 9, ""lock_geo_alert"": false, ""operation_mode"": ""RENT"", ""battery_voltage"": 14.5, ""in_primary_zone"": true, ""lock_engine_alert"": false, ""in_restricted_zone"": false, ""onboard_geofencing"": false, ""speed_limit_active"": false, ""lock_geo_alert_distance"": 0}"
2023-07-23 20:48:03.616,4431,858,"354616090369062",1582,"{""key"": false, ""flip"": false, ""zone"": false, ""speed"": 8.519200000000001, ""buzzer"": 0, ""engine"": true, ""in_zone"": true, ""ignition"": true, ""latitude"": 25.933775, ""direction"": 186, ""longitude"": -80.1152632, ""gsm_signal"": 31, ""sleep_mode"": false, ""staff_mode"": false, ""fault_codes"": [], ""speed_limit"": 0, ""engine_hours"": 1433, ""idc_triggers"": [], ""buzzer_active"": false, ""fuel_level_avg"": 9, ""lock_geo_alert"": false, ""operation_mode"": ""RENT"", ""battery_voltage"": 14.5, ""in_primary_zone"": true, ""lock_engine_alert"": false, ""in_restricted_zone"": false, ""onboard_geofencing"": false, ""speed_limit_active"": false, ""lock_geo_alert_distance"": 0}"
2023-07-23 20:48:02.576,4431,858,"354616090369062",1582,"{""key"": false, ""flip"": false, ""zone"": false, ""speed"": 8.519200000000001, ""buzzer"": 0, ""engine"": true, ""in_zone"": true, ""ignition"": true, ""latitude"": 25.933795, ""direction"": 184, ""longitude"": -80.1152616, ""gsm_signal"": 27, ""sleep_mode"": false, ""staff_mode"": false, ""fault_codes"": [], ""speed_limit"": 0, ""engine_hours"": 1433, ""idc_triggers"": [], ""buzzer_active"": false, ""fuel_level_avg"": 9, ""lock_geo_alert"": false, ""operation_mode"": ""RENT"", ""battery_voltage"": 14.5, ""in_primary_zone"": true, ""lock_engine_alert"": false, ""in_restricted_zone"": false, ""onboard_geofencing"": false, ""speed_limit_active"": false, ""lock_geo_alert_distance"": 0}"
2023-07-23 20:48:01.616,4431,858,"354616090369062",1582,"{""key"": false, ""flip"": false, ""zone"": false, ""speed"": 9.4452, ""buzzer"": 0, ""engine"": true, ""in_zone"": true, ""ignition"": true, ""latitude"": 25.9338183, ""direction"": 181, ""longitude"": -80.1152616, ""gsm_signal"": 28, ""sleep_mode"": false, ""staff_mode"": false, ""fault_codes"": [], ""speed_limit"": 0, ""engine_hours"": 1433, ""idc_triggers"": [], ""buzzer_active"": false, ""fuel_level_avg"": 9, ""lock_geo_alert"": false, ""operation_mode"": ""RENT"", ""battery_voltage"": 14.5, ""in_primary_zone"": true, ""lock_engine_alert"": false, ""in_restricted_zone"": false, ""onboard_geofencing"": false, ""speed_limit_active"": false, ""lock_geo_alert_distance"": 0}"
2023-07-23 20:48:00.576,4431,858,"354616090369062",1582,"{""key"": false, ""flip"": false, ""zone"": false, ""speed"": 9.4452, ""buzzer"": 0, ""engine"": true, ""in_zone"": true, ""ignition"": true, ""latitude"": 25.9338416, ""direction"": 187, ""longitude"": -80.11526, ""gsm_signal"": 27, ""sleep_mode"": false, ""staff_mode"": false, ""fault_codes"": [], ""speed_limit"": 0, ""engine_hours"": 1433, ""idc_triggers"": [], ""buzzer_active"": false, ""fuel_level_avg"": 9, ""lock_geo_alert"": false, ""operation_mode"": ""RENT"", ""battery_voltage"": 14.5, ""in_primary_zone"": true, ""lock_engine_alert"": false, ""in_restricted_zone"": false, ""onboard_geofencing"": false, ""speed_limit_active"": false, ""lock_geo_alert_distance"": 0}"
2023-07-23 20:47:59.616,4431,858,"354616090369062",1582,"{""key"": false, ""flip"": false, ""zone"": false, ""speed"": 8.334, ""buzzer"": 0, ""engine"": true, ""in_zone"": true, ""ignition"": true, ""latitude"": 25.9338633, ""direction"": 191, ""longitude"": -80.115255, ""gsm_signal"": 29, ""sleep_mode"": false, ""staff_mode"": false, ""fault_codes"": [], ""speed_limit"": 0, ""engine_hours"": 1433, ""idc_triggers"": [], ""buzzer_active"": false, ""fuel_level_avg"": 9, ""lock_geo_alert"": false, ""operation_mode"": ""RENT"", ""battery_voltage"": 14.5, ""in_primary_zone"": true, ""lock_engine_alert"": false, ""in_restricted_zone"": false, ""onboard_geofencing"": false, ""speed_limit_active"": false, ""lock_geo_alert_distance"": 0}"
2023-07-23 20:47:58.577,4431,858,"354616090369062",1582,"{""key"": false, ""flip"": false, ""zone"": false, ""speed"": 6.8524, ""buzzer"": 0, ""engine"": true, ""in_zone"": true, ""ignition"": true, ""latitude"": 25.9338833, ""direction"": 185, ""longitude"": -80.11525, ""gsm_signal"": 28, ""sleep_mode"": false, ""staff_mode"": false, ""fault_codes"": [], ""speed_limit"": 0, ""engine_hours"": 1433, ""idc_triggers"": [], ""buzzer_active"": false, ""fuel_level_avg"": 9, ""lock_geo_alert"": false, ""operation_mode"": ""RENT"", ""battery_voltage"": 14.5, ""in_primary_zone"": true, ""lock_engine_alert"": false, ""in_restricted_zone"": false, ""onboard_geofencing"": false, ""speed_limit_active"": false, ""lock_geo_alert_distance"": 0}"
2023-07-23 20:47:57.616,4431,858,"354616090369062",1582,"{""key"": false, ""flip"": false, ""zone"": false, ""speed"": 7.7784, ""buzzer"": 0, ""engine"": true, ""in_zone"": true, ""ignition"": true, ""latitude"": 25.9339016, ""direction"": 184, ""longitude"": -80.115245, ""gsm_signal"": 26, ""sleep_mode"": false, ""staff_mode"": false, ""fault_codes"": [], ""speed_limit"": 0, ""engine_hours"": 1433, ""idc_triggers"": [], ""buzzer_active"": false, ""fuel_level_avg"": 9, ""lock_geo_alert"": false, ""operation_mode"": ""RENT"", ""battery_voltage"": 14.5, ""in_primary_zone"": true, ""lock_engine_alert"": false, ""in_restricted_zone"": false, ""onboard_geofencing"": false, ""speed_limit_active"": false, ""lock_geo_alert_distance"": 0}"
2023-07-23 20:47:56.577,4431,858,"354616090369062",1582,"{""key"": false, ""flip"": false, ""zone"": false, ""speed"": 6.1116, ""buzzer"": 0, ""engine"": true, ""in_zone"": true, ""ignition"": true, ""latitude"": 25.9339166, ""direction"": 186, ""longitude"": -80.1152432, ""gsm_signal"": 30, ""sleep_mode"": false, ""staff_mode"": false, ""fault_codes"": [], ""speed_limit"": 0, ""engine_hours"": 1433, ""idc_triggers"": [], ""buzzer_active"": false, ""fuel_level_avg"": 9, ""lock_geo_alert"": false, ""operation_mode"": ""RENT"", ""battery_voltage"": 14.5, ""in_primary_zone"": true, ""lock_engine_alert"": false, ""in_restricted_zone"": false, ""onboard_geofencing"": false, ""speed_limit_active"": false, ""lock_geo_alert_distance"": 0}"
2023-07-23 20:47:55.629,4431,858,"354616090369062",1582,"{""key"": false, ""flip"": false, ""zone"": false, ""speed"": 6.8524, ""buzzer"": 0, ""engine"": true, ""in_zone"": true, ""ignition"": true, ""latitude"": 25.93393, ""direction"": 186, ""longitude"": -80.11524, ""gsm_signal"": 25, ""sleep_mode"": false, ""staff_mode"": false, ""fault_codes"": [], ""speed_limit"": 0, ""engine_hours"": 1433, ""idc_triggers"": [], ""buzzer_active"": false, ""fuel_level_avg"": 9, ""lock_geo_alert"": false, ""operation_mode"": ""RENT"", ""battery_voltage"": 14.5, ""in_primary_zone"": true, ""lock_engine_alert"": false, ""in_restricted_zone"": false, ""onboard_geofencing"": false, ""speed_limit_active"": false, ""lock_geo_alert_distance"": 0}"
2023-07-23 20:47:54.577,4431,858,"354616090369062",1582,"{""key"": false, ""flip"": false, ""zone"": false, ""speed"": 7.4079999999999995, ""buzzer"": 0, ""engine"": true, ""in_zone"": true, ""ignition"": true, ""latitude"": 25.9339466, ""direction"": 190, ""longitude"": -80.1152366, ""gsm_signal"": 28, ""sleep_mode"": false, ""staff_mode"": false, ""fault_codes"": [], ""speed_limit"": 0, ""engine_hours"": 1433, ""idc_triggers"": [], ""buzzer_active"": false, ""fuel_level_avg"": 9, ""lock_geo_alert"": false, ""operation_mode"": ""RENT"", ""battery_voltage"": 14.5, ""in_primary_zone"": true, ""lock_engine_alert"": false, ""in_restricted_zone"": false, ""onboard_geofencing"": false, ""speed_limit_active"": false, ""lock_geo_alert_distance"": 0}"
2023-07-23 20:47:53.617,4431,858,"354616090369062",1582,"{""key"": false, ""flip"": false, ""zone"": false, ""speed"": 6.2968, ""buzzer"": 0, ""engine"": true, ""in_zone"": true, ""ignition"": true, ""latitude"": 25.9339633, ""direction"": 191, ""longitude"": -80.1152332, ""gsm_signal"": 28, ""sleep_mode"": false, ""staff_mode"": false, ""fault_codes"": [], ""speed_limit"": 0, ""engine_hours"": 1433, ""idc_triggers"": [], ""buzzer_active"": false, ""fuel_level_avg"": 9, ""lock_geo_alert"": false, ""operation_mode"": ""RENT"", ""battery_voltage"": 14.5, ""in_primary_zone"": true, ""lock_engine_alert"": false, ""in_restricted_zone"": false, ""onboard_geofencing"": false, ""speed_limit_active"": false, ""lock_geo_alert_distance"": 0}"
2023-07-23 20:47:52.576,4431,858,"354616090369062",1582,"{""key"": false, ""flip"": false, ""zone"": false, ""speed"": 9.0748, ""buzzer"": 0, ""engine"": true, ""in_zone"": true, ""ignition"": true, ""latitude"": 25.9339816, ""direction"": 187, ""longitude"": -80.1152282, ""gsm_signal"": 25, ""sleep_mode"": false, ""staff_mode"": false, ""fault_codes"": [], ""speed_limit"": 0, ""engine_hours"": 1433, ""idc_triggers"": [], ""buzzer_active"": false, ""fuel_level_avg"": 9, ""lock_geo_alert"": false, ""operation_mode"": ""RENT"", ""battery_voltage"": 14.5, ""in_primary_zone"": true, ""lock_engine_alert"": false, ""in_restricted_zone"": false, ""onboard_geofencing"": false, ""speed_limit_active"": false, ""lock_geo_alert_distance"": 0}"
2023-07-23 20:47:51.551,4431,858,"354616090369062",1582,"{""key"": false, ""flip"": false, ""zone"": false, ""speed"": 16.4828, ""buzzer"": 0, ""engine"": true, ""in_zone"": true, ""ignition"": true, ""latitude"": 25.934015, ""direction"": 186, ""longitude"": -80.1152232, ""gsm_signal"": 29, ""sleep_mode"": false, ""staff_mode"": false, ""fault_codes"": [], ""speed_limit"": 0, ""engine_hours"": 1433, ""idc_triggers"": [], ""buzzer_active"": false, ""fuel_level_avg"": 9, ""lock_geo_alert"": false, ""operation_mode"": ""RENT"", ""battery_voltage"": 14.5, ""in_primary_zone"": true, ""lock_engine_alert"": false, ""in_restricted_zone"": false, ""onboard_geofencing"": false, ""speed_limit_active"": false, ""lock_geo_alert_distance"": 0}"
2023-07-23 20:47:50.576,4431,858,"354616090369062",1582,"{""key"": false, ""flip"": false, ""zone"": false, ""speed"": 23.7056, ""buzzer"": 0, ""engine"": true, ""in_zone"": true, ""ignition"": true, ""latitude"": 25.9340633, ""direction"": 187, ""longitude"": -80.1152182, ""gsm_signal"": 27, ""sleep_mode"": false, ""staff_mode"": false, ""fault_codes"": [], ""speed_limit"": 0, ""engine_hours"": 1433, ""idc_triggers"": [], ""buzzer_active"": false, ""fuel_level_avg"": 9, ""lock_geo_alert"": false, ""operation_mode"": ""RENT"", ""battery_voltage"": 14.5, ""in_primary_zone"": true, ""lock_engine_alert"": false, ""in_restricted_zone"": false, ""onboard_geofencing"": false, ""speed_limit_active"": false, ""lock_geo_alert_distance"": 0}"
2023-07-23 20:47:49.616,4431,858,"354616090369062",1582,"{""key"": false, ""flip"": false, ""zone"": false, ""speed"": 29.446800000000003, ""buzzer"": 0, ""engine"": true, ""in_zone"": true, ""ignition"": true, ""latitude"": 25.9341316, ""direction"": 188, ""longitude"": -80.1152066, ""gsm_signal"": 27, ""sleep_mode"": false, ""staff_mode"": false, ""fault_codes"": [], ""speed_limit"": 0, ""engine_hours"": 1433, ""idc_triggers"": [], ""buzzer_active"": false, ""fuel_level_avg"": 9, ""lock_geo_alert"": false, ""operation_mode"": ""RENT"", ""battery_voltage"": 14.5, ""in_primary_zone"": true, ""lock_engine_alert"": false, ""in_restricted_zone"": false, ""onboard_geofencing"": false, ""speed_limit_active"": false, ""lock_geo_alert_distance"": 0}"
2023-07-23 20:47:48.576,4431,858,"354616090369062",1582,"{""key"": false, ""flip"": false, ""zone"": false, ""speed"": 28.3356, ""buzzer"": 0, ""engine"": true, ""in_zone"": true, ""ignition"": true, ""latitude"": 25.9342066, ""direction"": 189, ""longitude"": -80.11519, ""gsm_signal"": 30, ""sleep_mode"": false, ""staff_mode"": false, ""fault_codes"": [], ""speed_limit"": 0, ""engine_hours"": 1433, ""idc_triggers"": [], ""buzzer_active"": false, ""fuel_level_avg"": 9, ""lock_geo_alert"": false, ""operation_mode"": ""RENT"", ""battery_voltage"": 14.5, ""in_primary_zone"": true, ""lock_engine_alert"": false, ""in_restricted_zone"": false, ""onboard_geofencing"": false, ""speed_limit_active"": false, ""lock_geo_alert_distance"": 0}"
2023-07-23 20:47:47.616,4431,858,"354616090369062",1582,"{""key"": false, ""flip"": false, ""zone"": false, ""speed"": 27.9652, ""buzzer"": 0, ""engine"": true, ""in_zone"": true, ""ignition"": true, ""latitude"": 25.93428, ""direction"": 188, ""longitude"": -80.1151782, ""gsm_signal"": 31, ""sleep_mode"": false, ""staff_mode"": false, ""fault_codes"": [], ""speed_limit"": 0, ""engine_hours"": 1433, ""idc_triggers"": [], ""buzzer_active"": false, ""fuel_level_avg"": 9, ""lock_geo_alert"": false, ""operation_mode"": ""RENT"", ""battery_voltage"": 14.5, ""in_primary_zone"": true, ""lock_engine_alert"": false, ""in_restricted_zone"": false, ""onboard_geofencing"": false, ""speed_limit_active"": false, ""lock_geo_alert_distance"": 0}"
2023-07-23 20:47:45.616,4431,858,"354616090369062",1582,"{""key"": false, ""flip"": false, ""zone"": false, ""speed"": 20.5572, ""buzzer"": 0, ""engine"": true, ""in_zone"": true, ""ignition"": true, ""latitude"": 25.9344083, ""direction"": 184, ""longitude"": -80.1151632, ""gsm_signal"": 31, ""sleep_mode"": false, ""staff_mode"": false, ""fault_codes"": [], ""speed_limit"": 0, ""engine_hours"": 1433, ""idc_triggers"": [], ""buzzer_active"": false, ""fuel_level_avg"": 9, ""lock_geo_alert"": false, ""operation_mode"": ""RENT"", ""battery_voltage"": 14.5, ""in_primary_zone"": true, ""lock_engine_alert"": false, ""in_restricted_zone"": false, ""onboard_geofencing"": false, ""speed_limit_active"": false, ""lock_geo_alert_distance"": 0}"
2023-07-23 20:47:44.579,4431,858,"354616090369062",1582,"{""key"": false, ""flip"": false, ""zone"": false, ""speed"": 17.408800000000003, ""buzzer"": 0, ""engine"": true, ""in_zone"": true, ""ignition"": true, ""latitude"": 25.9344566, ""direction"": 181, ""longitude"": -80.11516, ""gsm_signal"": 29, ""sleep_mode"": false, ""staff_mode"": false, ""fault_codes"": [], ""speed_limit"": 0, ""engine_hours"": 1433, ""idc_triggers"": [], ""buzzer_active"": false, ""fuel_level_avg"": 30, ""lock_geo_alert"": false, ""operation_mode"": ""RENT"", ""battery_voltage"": 14.300000190734863, ""in_primary_zone"": true, ""lock_engine_alert"": false, ""in_restricted_zone"": false, ""onboard_geofencing"": false, ""speed_limit_active"": false, ""lock_geo_alert_distance"": 0}"
2023-07-23 20:47:43.616,4431,858,"354616090369062",1582,"{""key"": false, ""flip"": false, ""zone"": false, ""speed"": 15.0012, ""buzzer"": 0, ""engine"": true, ""in_zone"": true, ""ignition"": true, ""latitude"": 25.934495, ""direction"": 181, ""longitude"": -80.1151616, ""gsm_signal"": 31, ""sleep_mode"": false, ""staff_mode"": false, ""fault_codes"": [], ""speed_limit"": 0, ""engine_hours"": 1433, ""idc_triggers"": [], ""buzzer_active"": false, ""fuel_level_avg"": 30, ""lock_geo_alert"": false, ""operation_mode"": ""RENT"", ""battery_voltage"": 14.300000190734863, ""in_primary_zone"": true, ""lock_engine_alert"": false, ""in_restricted_zone"": false, ""onboard_geofencing"": false, ""speed_limit_active"": false, ""lock_geo_alert_distance"": 0}"
2023-07-23 20:47:42.576,4431,858,"354616090369062",1582,"{""key"": false, ""flip"": false, ""zone"": false, ""speed"": 17.038400000000003, ""buzzer"": 0, ""engine"": true, ""in_zone"": true, ""ignition"": true, ""latitude"": 25.934535, ""direction"": 181, ""longitude"": -80.1151582, ""gsm_signal"": 28, ""sleep_mode"": false, ""staff_mode"": false, ""fault_codes"": [], ""speed_limit"": 0, ""engine_hours"": 1433, ""idc_triggers"": [], ""buzzer_active"": false, ""fuel_level_avg"": 30, ""lock_geo_alert"": false, ""operation_mode"": ""RENT"", ""battery_voltage"": 14.300000190734863, ""in_primary_zone"": true, ""lock_engine_alert"": false, ""in_restricted_zone"": false, ""onboard_geofencing"": false, ""speed_limit_active"": false, ""lock_geo_alert_distance"": 0}"
2023-07-23 20:47:41.616,4431,858,"354616090369062",1582,"{""key"": false, ""flip"": false, ""zone"": false, ""speed"": 17.594, ""buzzer"": 0, ""engine"": true, ""in_zone"": true, ""ignition"": true, ""latitude"": 25.9345816, ""direction"": 179, ""longitude"": -80.1151582, ""gsm_signal"": 31, ""sleep_mode"": false, ""staff_mode"": false, ""fault_codes"": [], ""speed_limit"": 0, ""engine_hours"": 1433, ""idc_triggers"": [], ""buzzer_active"": false, ""fuel_level_avg"": 30, ""lock_geo_alert"": false, ""operation_mode"": ""RENT"", ""battery_voltage"": 14.300000190734863, ""in_primary_zone"": true, ""lock_engine_alert"": false, ""in_restricted_zone"": false, ""onboard_geofencing"": false, ""speed_limit_active"": false, ""lock_geo_alert_distance"": 0}"
2023-07-23 20:47:40.577,4431,858,"354616090369062",1582,"{""key"": false, ""flip"": false, ""zone"": false, ""speed"": 18.1496, ""buzzer"": 0, ""engine"": true, ""in_zone"": true, ""ignition"": true, ""latitude"": 25.9346266, ""direction"": 177, ""longitude"": -80.1151566, ""gsm_signal"": 31, ""sleep_mode"": false, ""staff_mode"": false, ""fault_codes"": [], ""speed_limit"": 0, ""engine_hours"": 1433, ""idc_triggers"": [], ""buzzer_active"": false, ""fuel_level_avg"": 30, ""lock_geo_alert"": false, ""operation_mode"": ""RENT"", ""battery_voltage"": 14.300000190734863, ""in_primary_zone"": true, ""lock_engine_alert"": false, ""in_restricted_zone"": false, ""onboard_geofencing"": false, ""speed_limit_active"": false, ""lock_geo_alert_distance"": 0}"
2023-07-23 20:47:39.617,4431,858,"354616090369062",1582,"{""key"": false, ""flip"": false, ""zone"": false, ""speed"": 17.2236, ""buzzer"": 0, ""engine"": true, ""in_zone"": true, ""ignition"": true, ""latitude"": 25.93467, ""direction"": 174, ""longitude"": -80.11516, ""gsm_signal"": 29, ""sleep_mode"": false, ""staff_mode"": false, ""fault_codes"": [], ""speed_limit"": 0, ""engine_hours"": 1433, ""idc_triggers"": [], ""buzzer_active"": false, ""fuel_level_avg"": 30, ""lock_geo_alert"": false, ""operation_mode"": ""RENT"", ""battery_voltage"": 14.300000190734863, ""in_primary_zone"": true, ""lock_engine_alert"": false, ""in_restricted_zone"": false, ""onboard_geofencing"": false, ""speed_limit_active"": false, ""lock_geo_alert_distance"": 0}"
2023-07-23 20:47:38.576,4431,858,"354616090369062",1582,"{""key"": false, ""flip"": false, ""zone"": false, ""speed"": 17.2236, ""buzzer"": 0, ""engine"": true, ""in_zone"": true, ""ignition"": true, ""latitude"": 25.934715, ""direction"": 178, ""longitude"": -80.1151632, ""gsm_signal"": 28, ""sleep_mode"": false, ""staff_mode"": false, ""fault_codes"": [], ""speed_limit"": 0, ""engine_hours"": 1433, ""idc_triggers"": [], ""buzzer_active"": false, ""fuel_level_avg"": 30, ""lock_geo_alert"": false, ""operation_mode"": ""RENT"", ""battery_voltage"": 14.300000190734863, ""in_primary_zone"": true, ""lock_engine_alert"": false, ""in_restricted_zone"": false, ""onboard_geofencing"": false, ""speed_limit_active"": false, ""lock_geo_alert_distance"": 0}"
2023-07-23 20:47:37.617,4431,858,"354616090369062",1582,"{""key"": false, ""flip"": false, ""zone"": false, ""speed"": 20.372, ""buzzer"": 0, ""engine"": true, ""in_zone"": true, ""ignition"": true, ""latitude"": 25.93476, ""direction"": 184, ""longitude"": -80.1151616, ""gsm_signal"": 27, ""sleep_mode"": false, ""staff_mode"": false, ""fault_codes"": [], ""speed_limit"": 0, ""engine_hours"": 1433, ""idc_triggers"": [], ""buzzer_active"": false, ""fuel_level_avg"": 30, ""lock_geo_alert"": false, ""operation_mode"": ""RENT"", ""battery_voltage"": 14.300000190734863, ""in_primary_zone"": true, ""lock_engine_alert"": false, ""in_restricted_zone"": false, ""onboard_geofencing"": false, ""speed_limit_active"": false, ""lock_geo_alert_distance"": 0}"
2023-07-23 20:47:36.576,4431,858,"354616090369062",1582,"{""key"": false, ""flip"": false, ""zone"": false, ""speed"": 20.1868, ""buzzer"": 0, ""engine"": true, ""in_zone"": true, ""ignition"": true, ""latitude"": 25.9348133, ""direction"": 186, ""longitude"": -80.115155, ""gsm_signal"": 28, ""sleep_mode"": false, ""staff_mode"": false, ""fault_codes"": [], ""speed_limit"": 0, ""engine_hours"": 1433, ""idc_triggers"": [], ""buzzer_active"": false, ""fuel_level_avg"": 30, ""lock_geo_alert"": false, ""operation_mode"": ""RENT"", ""battery_voltage"": 14.300000190734863, ""in_primary_zone"": true, ""lock_engine_alert"": false, ""in_restricted_zone"": false, ""onboard_geofencing"": false, ""speed_limit_active"": false, ""lock_geo_alert_distance"": 0}"
2023-07-23 20:47:35.616,4431,858,"354616090369062",1582,"{""key"": false, ""flip"": false, ""zone"": false, ""speed"": 18.520000000000003, ""buzzer"": 0, ""engine"": true, ""in_zone"": true, ""ignition"": true, ""latitude"": 25.9348633, ""direction"": 189, ""longitude"": -80.115145, ""gsm_signal"": 29, ""sleep_mode"": false, ""staff_mode"": false, ""fault_codes"": [], ""speed_limit"": 0, ""engine_hours"": 1433, ""idc_triggers"": [], ""buzzer_active"": false, ""fuel_level_avg"": 30, ""lock_geo_alert"": false, ""operation_mode"": ""RENT"", ""battery_voltage"": 14.300000190734863, ""in_primary_zone"": true, ""lock_engine_alert"": false, ""in_restricted_zone"": false, ""onboard_geofencing"": false, ""speed_limit_active"": false, ""lock_geo_alert_distance"": 0}"
2023-07-23 20:47:34.577,4431,858,"354616090369062",1582,"{""key"": false, ""flip"": false, ""zone"": false, ""speed"": 16.1124, ""buzzer"": 0, ""engine"": true, ""in_zone"": true, ""ignition"": true, ""latitude"": 25.93491, ""direction"": 188, ""longitude"": -80.1151366, ""gsm_signal"": 29, ""sleep_mode"": false, ""staff_mode"": false, ""fault_codes"": [], ""speed_limit"": 0, ""engine_hours"": 1433, ""idc_triggers"": [], ""buzzer_active"": false, ""fuel_level_avg"": 30, ""lock_geo_alert"": false, ""operation_mode"": ""RENT"", ""battery_voltage"": 14.300000190734863, ""in_primary_zone"": true, ""lock_engine_alert"": false, ""in_restricted_zone"": false, ""onboard_geofencing"": false, ""speed_limit_active"": false, ""lock_geo_alert_distance"": 0}"
2023-07-23 20:47:33.617,4431,858,"354616090369062",1582,"{""key"": false, ""flip"": false, ""zone"": false, ""speed"": 13.7048, ""buzzer"": 0, ""engine"": true, ""in_zone"": true, ""ignition"": true, ""latitude"": 25.9349533, ""direction"": 185, ""longitude"": -80.1151316, ""gsm_signal"": 31, ""sleep_mode"": false, ""staff_mode"": false, ""fault_codes"": [], ""speed_limit"": 0, ""engine_hours"": 1433, ""idc_triggers"": [], ""buzzer_active"": false, ""fuel_level_avg"": 30, ""lock_geo_alert"": false, ""operation_mode"": ""RENT"", ""battery_voltage"": 14.300000190734863, ""in_primary_zone"": true, ""lock_engine_alert"": false, ""in_restricted_zone"": false, ""onboard_geofencing"": false, ""speed_limit_active"": false, ""lock_geo_alert_distance"": 0}"
2023-07-23 20:47:32.576,4431,858,"354616090369062",1582,"{""key"": false, ""flip"": false, ""zone"": false, ""speed"": 11.2972, ""buzzer"": 0, ""engine"": true, ""in_zone"": true, ""ignition"": true, ""latitude"": 25.9349883, ""direction"": 179, ""longitude"": -80.11513, ""gsm_signal"": 30, ""sleep_mode"": false, ""staff_mode"": false, ""fault_codes"": [], ""speed_limit"": 0, ""engine_hours"": 1433, ""idc_triggers"": [], ""buzzer_active"": false, ""fuel_level_avg"": 30, ""lock_geo_alert"": false, ""operation_mode"": ""RENT"", ""battery_voltage"": 14.300000190734863, ""in_primary_zone"": true, ""lock_engine_alert"": false, ""in_restricted_zone"": false, ""onboard_geofencing"": false, ""speed_limit_active"": false, ""lock_geo_alert_distance"": 0}"
2023-07-23 20:47:31.616,4431,858,"354616090369062",1582,"{""key"": false, ""flip"": false, ""zone"": false, ""speed"": 10.5564, ""buzzer"": 0, ""engine"": true, ""in_zone"": true, ""ignition"": true, ""latitude"": 25.93502, ""direction"": 177, ""longitude"": -80.1151282, ""gsm_signal"": 27, ""sleep_mode"": false, ""staff_mode"": false, ""fault_codes"": [], ""speed_limit"": 0, ""engine_hours"": 1433, ""idc_triggers"": [], ""buzzer_active"": false, ""fuel_level_avg"": 30, ""lock_geo_alert"": false, ""operation_mode"": ""RENT"", ""battery_voltage"": 14.300000190734863, ""in_primary_zone"": true, ""lock_engine_alert"": false, ""in_restricted_zone"": false, ""onboard_geofencing"": false, ""speed_limit_active"": false, ""lock_geo_alert_distance"": 0}"
2023-07-23 20:47:30.595,4431,858,"354616090369062",1582,"{""key"": false, ""flip"": false, ""zone"": false, ""speed"": 9.260000000000002, ""buzzer"": 0, ""engine"": true, ""in_zone"": true, ""ignition"": true, ""latitude"": 25.9350483, ""direction"": 171, ""longitude"": -80.11513, ""gsm_signal"": 28, ""sleep_mode"": false, ""staff_mode"": false, ""fault_codes"": [], ""speed_limit"": 0, ""engine_hours"": 1433, ""idc_triggers"": [], ""buzzer_active"": false, ""fuel_level_avg"": 30, ""lock_geo_alert"": false, ""operation_mode"": ""RENT"", ""battery_voltage"": 14.300000190734863, ""in_primary_zone"": true, ""lock_engine_alert"": false, ""in_restricted_zone"": false, ""onboard_geofencing"": false, ""speed_limit_active"": false, ""lock_geo_alert_distance"": 0}"
2023-07-23 20:47:29.617,4431,858,"354616090369062",1582,"{""key"": false, ""flip"": false, ""zone"": false, ""speed"": 9.260000000000002, ""buzzer"": 0, ""engine"": true, ""in_zone"": true, ""ignition"": true, ""latitude"": 25.935075, ""direction"": 173, ""longitude"": -80.1151316, ""gsm_signal"": 28, ""sleep_mode"": false, ""staff_mode"": false, ""fault_codes"": [], ""speed_limit"": 0, ""engine_hours"": 1433, ""idc_triggers"": [], ""buzzer_active"": false, ""fuel_level_avg"": 30, ""lock_geo_alert"": false, ""operation_mode"": ""RENT"", ""battery_voltage"": 14.300000190734863, ""in_primary_zone"": true, ""lock_engine_alert"": false, ""in_restricted_zone"": false, ""onboard_geofencing"": false, ""speed_limit_active"": false, ""lock_geo_alert_distance"": 0}"
2023-07-23 20:47:28.576,4431,858,"354616090369062",1582,"{""key"": false, ""flip"": false, ""zone"": false, ""speed"": 7.5932, ""buzzer"": 0, ""engine"": true, ""in_zone"": true, ""ignition"": true, ""latitude"": 25.9350983, ""direction"": 167, ""longitude"": -80.1151332, ""gsm_signal"": 27, ""sleep_mode"": false, ""staff_mode"": false, ""fault_codes"": [], ""speed_limit"": 0, ""engine_hours"": 1433, ""idc_triggers"": [], ""buzzer_active"": false, ""fuel_level_avg"": 30, ""lock_geo_alert"": false, ""operation_mode"": ""RENT"", ""battery_voltage"": 14.300000190734863, ""in_primary_zone"": true, ""lock_engine_alert"": false, ""in_restricted_zone"": false, ""onboard_geofencing"": false, ""speed_limit_active"": false, ""lock_geo_alert_distance"": 0}"
2023-07-23 20:47:27.616,4431,858,"354616090369062",1582,"{""key"": false, ""flip"": false, ""zone"": false, ""speed"": 6.667199999999999, ""buzzer"": 0, ""engine"": true, ""in_zone"": true, ""ignition"": true, ""latitude"": 25.93512, ""direction"": 170, ""longitude"": -80.1151366, ""gsm_signal"": 27, ""sleep_mode"": false, ""staff_mode"": false, ""fault_codes"": [], ""speed_limit"": 0, ""engine_hours"": 1433, ""idc_triggers"": [], ""buzzer_active"": false, ""fuel_level_avg"": 30, ""lock_geo_alert"": false, ""operation_mode"": ""RENT"", ""battery_voltage"": 14.300000190734863, ""in_primary_zone"": true, ""lock_engine_alert"": false, ""in_restricted_zone"": false, ""onboard_geofencing"": false, ""speed_limit_active"": false, ""lock_geo_alert_distance"": 0}"
2023-07-23 20:47:26.576,4431,858,"354616090369062",1582,"{""key"": false, ""flip"": false, ""zone"": false, ""speed"": 5.1856, ""buzzer"": 0, ""engine"": true, ""in_zone"": true, ""ignition"": true, ""latitude"": 25.9351366, ""direction"": 51, ""longitude"": -80.1151382, ""gsm_signal"": 28, ""sleep_mode"": false, ""staff_mode"": false, ""fault_codes"": [], ""speed_limit"": 0, ""engine_hours"": 1433, ""idc_triggers"": [], ""buzzer_active"": false, ""fuel_level_avg"": 30, ""lock_geo_alert"": false, ""operation_mode"": ""RENT"", ""battery_voltage"": 14.300000190734863, ""in_primary_zone"": true, ""lock_engine_alert"": false, ""in_restricted_zone"": false, ""onboard_geofencing"": false, ""speed_limit_active"": false, ""lock_geo_alert_distance"": 0}"
2023-07-23 20:47:25.617,4431,858,"354616090369062",1582,"{""key"": false, ""flip"": false, ""zone"": false, ""speed"": 4.0744, ""buzzer"": 0, ""engine"": true, ""in_zone"": true, ""ignition"": true, ""latitude"": 25.9351516, ""direction"": 51, ""longitude"": -80.1151432, ""gsm_signal"": 26, ""sleep_mode"": false, ""staff_mode"": false, ""fault_codes"": [], ""speed_limit"": 0, ""engine_hours"": 1433, ""idc_triggers"": [], ""buzzer_active"": false, ""fuel_level_avg"": 30, ""lock_geo_alert"": false, ""operation_mode"": ""RENT"", ""battery_voltage"": 14.300000190734863, ""in_primary_zone"": true, ""lock_engine_alert"": false, ""in_restricted_zone"": false, ""onboard_geofencing"": false, ""speed_limit_active"": false, ""lock_geo_alert_distance"": 0}"
2023-07-23 20:47:24.587,4431,858,"354616090369062",1582,"{""key"": false, ""flip"": false, ""zone"": false, ""speed"": 4.8152, ""buzzer"": 0, ""engine"": true, ""in_zone"": true, ""ignition"": true, ""latitude"": 25.9351616, ""direction"": 51, ""longitude"": -80.1151532, ""gsm_signal"": 25, ""sleep_mode"": false, ""staff_mode"": false, ""fault_codes"": [], ""speed_limit"": 0, ""engine_hours"": 1433, ""idc_triggers"": [], ""buzzer_active"": false, ""fuel_level_avg"": 30, ""lock_geo_alert"": false, ""operation_mode"": ""RENT"", ""battery_voltage"": 14.300000190734863, ""in_primary_zone"": true, ""lock_engine_alert"": false, ""in_restricted_zone"": false, ""onboard_geofencing"": false, ""speed_limit_active"": false, ""lock_geo_alert_distance"": 0}"
2023-07-23 20:47:23.617,4431,858,"354616090369062",1582,"{""key"": false, ""flip"": false, ""zone"": false, ""speed"": 3.8892, ""buzzer"": 0, ""engine"": true, ""in_zone"": true, ""ignition"": true, ""latitude"": 25.93517, ""direction"": 51, ""longitude"": -80.115165, ""gsm_signal"": 23, ""sleep_mode"": false, ""staff_mode"": false, ""fault_codes"": [], ""speed_limit"": 0, ""engine_hours"": 1433, ""idc_triggers"": [], ""buzzer_active"": false, ""fuel_level_avg"": 30, ""lock_geo_alert"": false, ""operation_mode"": ""RENT"", ""battery_voltage"": 14.300000190734863, ""in_primary_zone"": true, ""lock_engine_alert"": false, ""in_restricted_zone"": false, ""onboard_geofencing"": false, ""speed_limit_active"": false, ""lock_geo_alert_distance"": 0}"
2023-07-23 20:47:22.576,4431,858,"354616090369062",1582,"{""key"": false, ""flip"": false, ""zone"": false, ""speed"": 4.4448, ""buzzer"": 0, ""engine"": true, ""in_zone"": true, ""ignition"": true, ""latitude"": 25.9351733, ""direction"": 51, ""longitude"": -80.1151732, ""gsm_signal"": 23, ""sleep_mode"": false, ""staff_mode"": false, ""fault_codes"": [], ""speed_limit"": 0, ""engine_hours"": 1433, ""idc_triggers"": [], ""buzzer_active"": false, ""fuel_level_avg"": 30, ""lock_geo_alert"": false, ""operation_mode"": ""RENT"", ""battery_voltage"": 14.300000190734863, ""in_primary_zone"": true, ""lock_engine_alert"": false, ""in_restricted_zone"": false, ""onboard_geofencing"": false, ""speed_limit_active"": false, ""lock_geo_alert_distance"": 0}"
2023-07-23 20:47:21.635,4431,858,"354616090369062",1582,"{""key"": false, ""flip"": false, ""zone"": false, ""speed"": 4.0744, ""buzzer"": 0, ""engine"": true, ""in_zone"": true, ""ignition"": true, ""latitude"": 25.93517, ""direction"": 51, ""longitude"": -80.1151866, ""gsm_signal"": 23, ""sleep_mode"": false, ""staff_mode"": false, ""fault_codes"": [], ""speed_limit"": 0, ""engine_hours"": 1433, ""idc_triggers"": [], ""buzzer_active"": false, ""fuel_level_avg"": 30, ""lock_geo_alert"": false, ""operation_mode"": ""RENT"", ""battery_voltage"": 14.300000190734863, ""in_primary_zone"": true, ""lock_engine_alert"": false, ""in_restricted_zone"": false, ""onboard_geofencing"": false, ""speed_limit_active"": false, ""lock_geo_alert_distance"": 0}"
2023-07-23 20:47:20.576,4431,858,"354616090369062",1582,"{""key"": false, ""flip"": false, ""zone"": false, ""speed"": 5.741200000000001, ""buzzer"": 0, ""engine"": true, ""in_zone"": true, ""ignition"": true, ""latitude"": 25.9351633, ""direction"": 51, ""longitude"": -80.1152016, ""gsm_signal"": 27, ""sleep_mode"": false, ""staff_mode"": false, ""fault_codes"": [], ""speed_limit"": 0, ""engine_hours"": 1433, ""idc_triggers"": [], ""buzzer_active"": false, ""fuel_level_avg"": 30, ""lock_geo_alert"": false, ""operation_mode"": ""RENT"", ""battery_voltage"": 14.300000190734863, ""in_primary_zone"": true, ""lock_engine_alert"": false, ""in_restricted_zone"": false, ""onboard_geofencing"": false, ""speed_limit_active"": false, ""lock_geo_alert_distance"": 0}"
2023-07-23 20:47:19.709,4431,858,"354616090369062",1582,"{""key"": false, ""flip"": false, ""zone"": false, ""speed"": 5.741200000000001, ""buzzer"": 0, ""engine"": true, ""in_zone"": true, ""ignition"": true, ""latitude"": 25.9351566, ""direction"": 42, ""longitude"": -80.11522, ""gsm_signal"": 29, ""sleep_mode"": false, ""staff_mode"": false, ""fault_codes"": [], ""speed_limit"": 0, ""engine_hours"": 1433, ""idc_triggers"": [], ""buzzer_active"": false, ""fuel_level_avg"": 30, ""lock_geo_alert"": false, ""operation_mode"": ""RENT"", ""battery_voltage"": 14.300000190734863, ""in_primary_zone"": true, ""lock_engine_alert"": false, ""in_restricted_zone"": false, ""onboard_geofencing"": false, ""speed_limit_active"": false, ""lock_geo_alert_distance"": 0}"
2023-07-23 20:47:18.576,4431,858,"354616090369062",1582,"{""key"": false, ""flip"": false, ""zone"": false, ""speed"": 4.8152, ""buzzer"": 0, ""engine"": true, ""in_zone"": true, ""ignition"": true, ""latitude"": 25.9351516, ""direction"": 4, ""longitude"": -80.1152366, ""gsm_signal"": 27, ""sleep_mode"": false, ""staff_mode"": false, ""fault_codes"": [], ""speed_limit"": 0, ""engine_hours"": 1433, ""idc_triggers"": [], ""buzzer_active"": false, ""fuel_level_avg"": 30, ""lock_geo_alert"": false, ""operation_mode"": ""RENT"", ""battery_voltage"": 14.300000190734863, ""in_primary_zone"": true, ""lock_engine_alert"": false, ""in_restricted_zone"": false, ""onboard_geofencing"": false, ""speed_limit_active"": false, ""lock_geo_alert_distance"": 0}"
2023-07-23 20:47:17.617,4431,858,"354616090369062",1582,"{""key"": false, ""flip"": false, ""zone"": false, ""speed"": 7.5932, ""buzzer"": 0, ""engine"": true, ""in_zone"": true, ""ignition"": true, ""latitude"": 25.935145, ""direction"": 4, ""longitude"": -80.1152432, ""gsm_signal"": 28, ""sleep_mode"": false, ""staff_mode"": false, ""fault_codes"": [], ""speed_limit"": 0, ""engine_hours"": 1433, ""idc_triggers"": [], ""buzzer_active"": false, ""fuel_level_avg"": 30, ""lock_geo_alert"": false, ""operation_mode"": ""RENT"", ""battery_voltage"": 14.300000190734863, ""in_primary_zone"": true, ""lock_engine_alert"": false, ""in_restricted_zone"": false, ""onboard_geofencing"": false, ""speed_limit_active"": false, ""lock_geo_alert_distance"": 0}"
2023-07-23 20:47:16.597,4431,858,"354616090369062",1582,"{""key"": false, ""flip"": false, ""zone"": false, ""speed"": 8.704400000000001, ""buzzer"": 0, ""engine"": true, ""in_zone"": true, ""ignition"": true, ""latitude"": 25.9351266, ""direction"": 13, ""longitude"": -80.1152482, ""gsm_signal"": 31, ""sleep_mode"": false, ""staff_mode"": false, ""fault_codes"": [], ""speed_limit"": 0, ""engine_hours"": 1433, ""idc_triggers"": [], ""buzzer_active"": false, ""fuel_level_avg"": 30, ""lock_geo_alert"": false, ""operation_mode"": ""RENT"", ""battery_voltage"": 14.300000190734863, ""in_primary_zone"": true, ""lock_engine_alert"": false, ""in_restricted_zone"": false, ""onboard_geofencing"": false, ""speed_limit_active"": false, ""lock_geo_alert_distance"": 0}"
2023-07-23 20:47:15.630,4431,858,"354616090369062",1582,"{""key"": false, ""flip"": false, ""zone"": false, ""speed"": 10.741600000000002, ""buzzer"": 0, ""engine"": true, ""in_zone"": true, ""ignition"": true, ""latitude"": 25.93511, ""direction"": 9, ""longitude"": -80.1152582, ""gsm_signal"": 29, ""sleep_mode"": false, ""staff_mode"": false, ""fault_codes"": [], ""speed_limit"": 0, ""engine_hours"": 1433, ""idc_triggers"": [], ""buzzer_active"": false, ""fuel_level_avg"": 30, ""lock_geo_alert"": false, ""operation_mode"": ""RENT"", ""battery_voltage"": 14.300000190734863, ""in_primary_zone"": true, ""lock_engine_alert"": false, ""in_restricted_zone"": false, ""onboard_geofencing"": false, ""speed_limit_active"": false, ""lock_geo_alert_distance"": 0}"
2023-07-23 20:47:14.675,4431,858,"354616090369062",1582,"{""key"": false, ""flip"": false, ""zone"": false, ""speed"": 16.2976, ""buzzer"": 0, ""engine"": true, ""in_zone"": true, ""ignition"": true, ""latitude"": 25.9350816, ""direction"": 0, ""longitude"": -80.1152632, ""gsm_signal"": 29, ""sleep_mode"": false, ""staff_mode"": false, ""fault_codes"": [], ""speed_limit"": 0, ""engine_hours"": 1433, ""idc_triggers"": [], ""buzzer_active"": false, ""fuel_level_avg"": 30, ""lock_geo_alert"": false, ""operation_mode"": ""RENT"", ""battery_voltage"": 14.300000190734863, ""in_primary_zone"": true, ""lock_engine_alert"": false, ""in_restricted_zone"": false, ""onboard_geofencing"": false, ""speed_limit_active"": false, ""lock_geo_alert_distance"": 0}"
2023-07-23 20:47:13.708,4431,858,"354616090369062",1582,"{""key"": false, ""flip"": false, ""zone"": false, ""speed"": 22.5944, ""buzzer"": 0, ""engine"": true, ""in_zone"": true, ""ignition"": true, ""latitude"": 25.9350366, ""direction"": 358, ""longitude"": -80.1152632, ""gsm_signal"": 29, ""sleep_mode"": false, ""staff_mode"": false, ""fault_codes"": [], ""speed_limit"": 0, ""engine_hours"": 1433, ""idc_triggers"": [], ""buzzer_active"": false, ""fuel_level_avg"": 30, ""lock_geo_alert"": false, ""operation_mode"": ""RENT"", ""battery_voltage"": 14.300000190734863, ""in_primary_zone"": true, ""lock_engine_alert"": false, ""in_restricted_zone"": false, ""onboard_geofencing"": false, ""speed_limit_active"": false, ""lock_geo_alert_distance"": 0}"
2023-07-23 20:47:12.576,4431,858,"354616090369062",1582,"{""key"": false, ""flip"": false, ""zone"": false, ""speed"": 29.631999999999998, ""buzzer"": 0, ""engine"": true, ""in_zone"": true, ""ignition"": true, ""latitude"": 25.934975, ""direction"": 352, ""longitude"": -80.1152566, ""gsm_signal"": 29, ""sleep_mode"": false, ""staff_mode"": false, ""fault_codes"": [], ""speed_limit"": 0, ""engine_hours"": 1433, ""idc_triggers"": [], ""buzzer_active"": false, ""fuel_level_avg"": 30, ""lock_geo_alert"": false, ""operation_mode"": ""RENT"", ""battery_voltage"": 14.300000190734863, ""in_primary_zone"": true, ""lock_engine_alert"": false, ""in_restricted_zone"": false, ""onboard_geofencing"": false, ""speed_limit_active"": false, ""lock_geo_alert_distance"": 0}"
2023-07-23 20:47:11.636,4431,858,"354616090369062",1582,"{""key"": false, ""flip"": false, ""zone"": false, ""speed"": 34.4472, ""buzzer"": 0, ""engine"": true, ""in_zone"": true, ""ignition"": true, ""latitude"": 25.934895, ""direction"": 349, ""longitude"": -80.1152432, ""gsm_signal"": 29, ""sleep_mode"": false, ""staff_mode"": false, ""fault_codes"": [], ""speed_limit"": 0, ""engine_hours"": 1433, ""idc_triggers"": [], ""buzzer_active"": false, ""fuel_level_avg"": 30, ""lock_geo_alert"": false, ""operation_mode"": ""RENT"", ""battery_voltage"": 14.300000190734863, ""in_primary_zone"": true, ""lock_engine_alert"": false, ""in_restricted_zone"": false, ""onboard_geofencing"": false, ""speed_limit_active"": false, ""lock_geo_alert_distance"": 0}"
2023-07-23 20:47:10.577,4431,858,"354616090369062",1582,"{""key"": false, ""flip"": false, ""zone"": false, ""speed"": 32.410000000000004, ""buzzer"": 0, ""engine"": true, ""in_zone"": true, ""ignition"": true, ""latitude"": 25.93481, ""direction"": 348, ""longitude"": -80.1152232, ""gsm_signal"": 31, ""sleep_mode"": false, ""staff_mode"": false, ""fault_codes"": [], ""speed_limit"": 0, ""engine_hours"": 1433, ""idc_triggers"": [], ""buzzer_active"": false, ""fuel_level_avg"": 30, ""lock_geo_alert"": false, ""operation_mode"": ""RENT"", ""battery_voltage"": 14.300000190734863, ""in_primary_zone"": true, ""lock_engine_alert"": false, ""in_restricted_zone"": false, ""onboard_geofencing"": false, ""speed_limit_active"": false, ""lock_geo_alert_distance"": 0}"
2023-07-23 20:47:08.497,4431,858,"354616090369062",1582,"{""key"": false, ""flip"": false, ""zone"": false, ""speed"": 27.0392, ""buzzer"": 0, ""engine"": true, ""in_zone"": true, ""ignition"": true, ""latitude"": 25.9346616, ""direction"": 348, ""longitude"": -80.1151866, ""gsm_signal"": 31, ""sleep_mode"": false, ""staff_mode"": false, ""fault_codes"": [], ""speed_limit"": 0, ""engine_hours"": 1433, ""idc_triggers"": [], ""buzzer_active"": false, ""fuel_level_avg"": 30, ""lock_geo_alert"": false, ""operation_mode"": ""RENT"", ""battery_voltage"": 14.300000190734863, ""in_primary_zone"": true, ""lock_engine_alert"": false, ""in_restricted_zone"": false, ""onboard_geofencing"": false, ""speed_limit_active"": false, ""lock_geo_alert_distance"": 0}"
2023-07-23 20:47:07.537,4431,858,"354616090369062",1582,"{""key"": false, ""flip"": false, ""zone"": false, ""speed"": 27.4096, ""buzzer"": 0, ""engine"": true, ""in_zone"": true, ""ignition"": true, ""latitude"": 25.9345933, ""direction"": 347, ""longitude"": -80.11517, ""gsm_signal"": 28, ""sleep_mode"": false, ""staff_mode"": false, ""fault_codes"": [], ""speed_limit"": 0, ""engine_hours"": 1433, ""idc_triggers"": [], ""buzzer_active"": false, ""fuel_level_avg"": 30, ""lock_geo_alert"": false, ""operation_mode"": ""RENT"", ""battery_voltage"": 14.300000190734863, ""in_primary_zone"": true, ""lock_engine_alert"": false, ""in_restricted_zone"": false, ""onboard_geofencing"": false, ""speed_limit_active"": false, ""lock_geo_alert_distance"": 0}"
2023-07-23 20:47:06.497,4431,858,"354616090369062",1582,"{""key"": false, ""flip"": false, ""zone"": false, ""speed"": 27.9652, ""buzzer"": 0, ""engine"": true, ""in_zone"": true, ""ignition"": true, ""latitude"": 25.9345266, ""direction"": 345, ""longitude"": -80.1151516, ""gsm_signal"": 31, ""sleep_mode"": false, ""staff_mode"": false, ""fault_codes"": [], ""speed_limit"": 0, ""engine_hours"": 1433, ""idc_triggers"": [], ""buzzer_active"": false, ""fuel_level_avg"": 30, ""lock_geo_alert"": false, ""operation_mode"": ""RENT"", ""battery_voltage"": 14.300000190734863, ""in_primary_zone"": true, ""lock_engine_alert"": false, ""in_restricted_zone"": false, ""onboard_geofencing"": false, ""speed_limit_active"": false, ""lock_geo_alert_distance"": 0}"
2023-07-23 20:47:05.635,4431,858,"354616090369062",1582,"{""key"": false, ""flip"": false, ""zone"": false, ""speed"": 29.631999999999998, ""buzzer"": 0, ""engine"": true, ""in_zone"": true, ""ignition"": true, ""latitude"": 25.934455, ""direction"": 346, ""longitude"": -80.1151316, ""gsm_signal"": 31, ""sleep_mode"": false, ""staff_mode"": false, ""fault_codes"": [], ""speed_limit"": 0, ""engine_hours"": 1433, ""idc_triggers"": [], ""buzzer_active"": false, ""fuel_level_avg"": 30, ""lock_geo_alert"": false, ""operation_mode"": ""RENT"", ""battery_voltage"": 14.300000190734863, ""in_primary_zone"": true, ""lock_engine_alert"": false, ""in_restricted_zone"": false, ""onboard_geofencing"": false, ""speed_limit_active"": false, ""lock_geo_alert_distance"": 0}"
2023-07-23 20:47:04.496,4431,858,"354616090369062",1582,"{""key"": false, ""flip"": false, ""zone"": false, ""speed"": 28.5208, ""buzzer"": 0, ""engine"": true, ""in_zone"": true, ""ignition"": true, ""latitude"": 25.9343783, ""direction"": 350, ""longitude"": -80.115115, ""gsm_signal"": 31, ""sleep_mode"": false, ""staff_mode"": false, ""fault_codes"": [], ""speed_limit"": 0, ""engine_hours"": 1433, ""idc_triggers"": [], ""buzzer_active"": false, ""fuel_level_avg"": 30, ""lock_geo_alert"": false, ""operation_mode"": ""RENT"", ""battery_voltage"": 14.300000190734863, ""in_primary_zone"": true, ""lock_engine_alert"": false, ""in_restricted_zone"": false, ""onboard_geofencing"": false, ""speed_limit_active"": false, ""lock_geo_alert_distance"": 0}"
2023-07-23 20:47:03.537,4431,858,"354616090369062",1582,"{""key"": false, ""flip"": false, ""zone"": false, ""speed"": 26.1132, ""buzzer"": 0, ""engine"": true, ""in_zone"": true, ""ignition"": true, ""latitude"": 25.9343066, ""direction"": 351, ""longitude"": -80.1151016, ""gsm_signal"": 31, ""sleep_mode"": false, ""staff_mode"": false, ""fault_codes"": [], ""speed_limit"": 0, ""engine_hours"": 1433, ""idc_triggers"": [], ""buzzer_active"": false, ""fuel_level_avg"": 30, ""lock_geo_alert"": false, ""operation_mode"": ""RENT"", ""battery_voltage"": 14.300000190734863, ""in_primary_zone"": true, ""lock_engine_alert"": false, ""in_restricted_zone"": false, ""onboard_geofencing"": false, ""speed_limit_active"": false, ""lock_geo_alert_distance"": 0}"
2023-07-23 20:47:02.507,4431,858,"354616090369062",1582,"{""key"": false, ""flip"": false, ""zone"": false, ""speed"": 22.5944, ""buzzer"": 0, ""engine"": true, ""in_zone"": true, ""ignition"": true, ""latitude"": 25.9342433, ""direction"": 351, ""longitude"": -80.1150882, ""gsm_signal"": 31, ""sleep_mode"": false, ""staff_mode"": false, ""fault_codes"": [], ""speed_limit"": 0, ""engine_hours"": 1433, ""idc_triggers"": [], ""buzzer_active"": false, ""fuel_level_avg"": 30, ""lock_geo_alert"": false, ""operation_mode"": ""RENT"", ""battery_voltage"": 14.300000190734863, ""in_primary_zone"": true, ""lock_engine_alert"": false, ""in_restricted_zone"": false, ""onboard_geofencing"": false, ""speed_limit_active"": false, ""lock_geo_alert_distance"": 0}"
2023-07-23 20:47:01.537,4431,858,"354616090369062",1582,"{""key"": false, ""flip"": false, ""zone"": false, ""speed"": 19.2608, ""buzzer"": 0, ""engine"": true, ""in_zone"": true, ""ignition"": true, ""latitude"": 25.9341866, ""direction"": 350, ""longitude"": -80.1150766, ""gsm_signal"": 31, ""sleep_mode"": false, ""staff_mode"": false, ""fault_codes"": [], ""speed_limit"": 0, ""engine_hours"": 1433, ""idc_triggers"": [], ""buzzer_active"": false, ""fuel_level_avg"": 30, ""lock_geo_alert"": false, ""operation_mode"": ""RENT"", ""battery_voltage"": 14.300000190734863, ""in_primary_zone"": true, ""lock_engine_alert"": false, ""in_restricted_zone"": false, ""onboard_geofencing"": false, ""speed_limit_active"": false, ""lock_geo_alert_distance"": 0}"
2023-07-23 20:46:59.537,4431,858,"354616090369062",1582,"{""key"": false, ""flip"": false, ""zone"": false, ""speed"": 16.8532, ""buzzer"": 0, ""engine"": true, ""in_zone"": true, ""ignition"": true, ""latitude"": 25.9340916, ""direction"": 352, ""longitude"": -80.1150566, ""gsm_signal"": 29, ""sleep_mode"": false, ""staff_mode"": false, ""fault_codes"": [], ""speed_limit"": 0, ""engine_hours"": 1433, ""idc_triggers"": [], ""buzzer_active"": false, ""fuel_level_avg"": 30, ""lock_geo_alert"": false, ""operation_mode"": ""RENT"", ""battery_voltage"": 14.300000190734863, ""in_primary_zone"": true, ""lock_engine_alert"": false, ""in_restricted_zone"": false, ""onboard_geofencing"": false, ""speed_limit_active"": false, ""lock_geo_alert_distance"": 0}"
2023-07-23 20:46:58.497,4431,858,"354616090369062",1582,"{""key"": false, ""flip"": false, ""zone"": false, ""speed"": 15.5568, ""buzzer"": 0, ""engine"": true, ""in_zone"": true, ""ignition"": true, ""latitude"": 25.93405, ""direction"": 345, ""longitude"": -80.1150482, ""gsm_signal"": 29, ""sleep_mode"": false, ""staff_mode"": false, ""fault_codes"": [], ""speed_limit"": 0, ""engine_hours"": 1433, ""idc_triggers"": [], ""buzzer_active"": false, ""fuel_level_avg"": 30, ""lock_geo_alert"": false, ""operation_mode"": ""RENT"", ""battery_voltage"": 14.300000190734863, ""in_primary_zone"": true, ""lock_engine_alert"": false, ""in_restricted_zone"": false, ""onboard_geofencing"": false, ""speed_limit_active"": false, ""lock_geo_alert_distance"": 0}"
2023-07-23 20:46:57.457,4431,858,"354616090369062",1582,"{""key"": false, ""flip"": false, ""zone"": false, ""speed"": 16.668, ""buzzer"": 0, ""engine"": true, ""in_zone"": true, ""ignition"": true, ""latitude"": 25.9340083, ""direction"": 342, ""longitude"": -80.1150332, ""gsm_signal"": 29, ""sleep_mode"": false, ""staff_mode"": false, ""fault_codes"": [], ""speed_limit"": 0, ""engine_hours"": 1433, ""idc_triggers"": [], ""buzzer_active"": false, ""fuel_level_avg"": 30, ""lock_geo_alert"": false, ""operation_mode"": ""RENT"", ""battery_voltage"": 14.300000190734863, ""in_primary_zone"": true, ""lock_engine_alert"": false, ""in_restricted_zone"": false, ""onboard_geofencing"": false, ""speed_limit_active"": false, ""lock_geo_alert_distance"": 0}"
2023-07-23 20:46:56.497,4431,858,"354616090369062",1582,"{""key"": false, ""flip"": false, ""zone"": false, ""speed"": 15.3716, ""buzzer"": 0, ""engine"": true, ""in_zone"": true, ""ignition"": true, ""latitude"": 25.9339633, ""direction"": 344, ""longitude"": -80.1150166, ""gsm_signal"": 30, ""sleep_mode"": false, ""staff_mode"": false, ""fault_codes"": [], ""speed_limit"": 0, ""engine_hours"": 1433, ""idc_triggers"": [], ""buzzer_active"": false, ""fuel_level_avg"": 30, ""lock_geo_alert"": false, ""operation_mode"": ""RENT"", ""battery_voltage"": 14.300000190734863, ""in_primary_zone"": true, ""lock_engine_alert"": false, ""in_restricted_zone"": false, ""onboard_geofencing"": false, ""speed_limit_active"": false, ""lock_geo_alert_distance"": 0}"
2023-07-23 20:46:55.616,4431,858,"354616090369062",1582,"{""key"": false, ""flip"": false, ""zone"": false, ""speed"": 15.5568, ""buzzer"": 0, ""engine"": true, ""in_zone"": true, ""ignition"": true, ""latitude"": 25.9339233, ""direction"": 350, ""longitude"": -80.1150082, ""gsm_signal"": 31, ""sleep_mode"": false, ""staff_mode"": false, ""fault_codes"": [], ""speed_limit"": 0, ""engine_hours"": 1433, ""idc_triggers"": [], ""buzzer_active"": false, ""fuel_level_avg"": 30, ""lock_geo_alert"": false, ""operation_mode"": ""RENT"", ""battery_voltage"": 14.300000190734863, ""in_primary_zone"": true, ""lock_engine_alert"": false, ""in_restricted_zone"": false, ""onboard_geofencing"": false, ""speed_limit_active"": false, ""lock_geo_alert_distance"": 0}"
2023-07-23 20:46:54.576,4431,858,"354616090369062",1582,"{""key"": false, ""flip"": false, ""zone"": false, ""speed"": 16.8532, ""buzzer"": 0, ""engine"": true, ""in_zone"": true, ""ignition"": true, ""latitude"": 25.9338766, ""direction"": 354, ""longitude"": -80.115, ""gsm_signal"": 29, ""sleep_mode"": false, ""staff_mode"": false, ""fault_codes"": [], ""speed_limit"": 0, ""engine_hours"": 1433, ""idc_triggers"": [], ""buzzer_active"": false, ""fuel_level_avg"": 30, ""lock_geo_alert"": false, ""operation_mode"": ""RENT"", ""battery_voltage"": 14.300000190734863, ""in_primary_zone"": true, ""lock_engine_alert"": false, ""in_restricted_zone"": false, ""onboard_geofencing"": false, ""speed_limit_active"": false, ""lock_geo_alert_distance"": 0}"
2023-07-23 20:46:53.616,4431,858,"354616090369062",1582,"{""key"": false, ""flip"": false, ""zone"": false, ""speed"": 16.1124, ""buzzer"": 0, ""engine"": true, ""in_zone"": true, ""ignition"": true, ""latitude"": 25.9338316, ""direction"": 350, ""longitude"": -80.114995, ""gsm_signal"": 29, ""sleep_mode"": false, ""staff_mode"": false, ""fault_codes"": [], ""speed_limit"": 0, ""engine_hours"": 1433, ""idc_triggers"": [], ""buzzer_active"": false, ""fuel_level_avg"": 30, ""lock_geo_alert"": false, ""operation_mode"": ""RENT"", ""battery_voltage"": 14.300000190734863, ""in_primary_zone"": true, ""lock_engine_alert"": false, ""in_restricted_zone"": false, ""onboard_geofencing"": false, ""speed_limit_active"": false, ""lock_geo_alert_distance"": 0}"
2023-07-23 20:46:52.576,4431,858,"354616090369062",1582,"{""key"": false, ""flip"": false, ""zone"": false, ""speed"": 15.927200000000003, ""buzzer"": 0, ""engine"": true, ""in_zone"": true, ""ignition"": true, ""latitude"": 25.933785, ""direction"": 354, ""longitude"": -80.1149932, ""gsm_signal"": 30, ""sleep_mode"": false, ""staff_mode"": false, ""fault_codes"": [], ""speed_limit"": 0, ""engine_hours"": 1433, ""idc_triggers"": [], ""buzzer_active"": false, ""fuel_level_avg"": 30, ""lock_geo_alert"": false, ""operation_mode"": ""RENT"", ""battery_voltage"": 14.300000190734863, ""in_primary_zone"": true, ""lock_engine_alert"": false, ""in_restricted_zone"": false, ""onboard_geofencing"": false, ""speed_limit_active"": false, ""lock_geo_alert_distance"": 0}"
2023-07-23 20:46:51.645,4431,858,"354616090369062",1582,"{""key"": false, ""flip"": false, ""zone"": false, ""speed"": 13.7048, ""buzzer"": 0, ""engine"": true, ""in_zone"": true, ""ignition"": true, ""latitude"": 25.933745000000002, ""direction"": 355, ""longitude"": -80.1149916, ""gsm_signal"": 28, ""sleep_mode"": false, ""staff_mode"": false, ""fault_codes"": [], ""speed_limit"": 0, ""engine_hours"": 1433, ""idc_triggers"": [], ""buzzer_active"": false, ""fuel_level_avg"": 30, ""lock_geo_alert"": false, ""operation_mode"": ""RENT"", ""battery_voltage"": 14.300000190734863, ""in_primary_zone"": true, ""lock_engine_alert"": false, ""in_restricted_zone"": false, ""onboard_geofencing"": false, ""speed_limit_active"": false, ""lock_geo_alert_distance"": 0}"
2023-07-23 20:46:50.576,4431,858,"354616090369062",1582,"{""key"": false, ""flip"": false, ""zone"": false, ""speed"": 10.5564, ""buzzer"": 0, ""engine"": true, ""in_zone"": true, ""ignition"": true, ""latitude"": 25.93371, ""direction"": 358, ""longitude"": -80.114995, ""gsm_signal"": 29, ""sleep_mode"": false, ""staff_mode"": false, ""fault_codes"": [], ""speed_limit"": 0, ""engine_hours"": 1433, ""idc_triggers"": [], ""buzzer_active"": false, ""fuel_level_avg"": 30, ""lock_geo_alert"": false, ""operation_mode"": ""RENT"", ""battery_voltage"": 14.300000190734863, ""in_primary_zone"": true, ""lock_engine_alert"": false, ""in_restricted_zone"": false, ""onboard_geofencing"": false, ""speed_limit_active"": false, ""lock_geo_alert_distance"": 0}"
2023-07-23 20:46:49.617,4431,858,"354616090369062",1582,"{""key"": false, ""flip"": false, ""zone"": false, ""speed"": 7.0376, ""buzzer"": 0, ""engine"": true, ""in_zone"": true, ""ignition"": true, ""latitude"": 25.9336816, ""direction"": 4, ""longitude"": -80.115, ""gsm_signal"": 27, ""sleep_mode"": false, ""staff_mode"": false, ""fault_codes"": [], ""speed_limit"": 0, ""engine_hours"": 1433, ""idc_triggers"": [], ""buzzer_active"": false, ""fuel_level_avg"": 30, ""lock_geo_alert"": false, ""operation_mode"": ""RENT"", ""battery_voltage"": 14.300000190734863, ""in_primary_zone"": true, ""lock_engine_alert"": false, ""in_restricted_zone"": false, ""onboard_geofencing"": false, ""speed_limit_active"": false, ""lock_geo_alert_distance"": 0}"
2023-07-23 20:46:48.576,4431,858,"354616090369062",1582,"{""key"": false, ""flip"": false, ""zone"": false, ""speed"": 0.0, ""buzzer"": 0, ""engine"": true, ""in_zone"": true, ""ignition"": true, ""latitude"": 25.93365, ""direction"": 176, ""longitude"": -80.1150082, ""gsm_signal"": 31, ""sleep_mode"": false, ""staff_mode"": false, ""fault_codes"": [], ""speed_limit"": 0, ""engine_hours"": 1433, ""idc_triggers"": [], ""buzzer_active"": false, ""fuel_level_avg"": 30, ""lock_geo_alert"": false, ""operation_mode"": ""RENT"", ""battery_voltage"": 14.300000190734863, ""in_primary_zone"": true, ""lock_engine_alert"": false, ""in_restricted_zone"": false, ""onboard_geofencing"": false, ""speed_limit_active"": false, ""lock_geo_alert_distance"": 0}"
2023-07-23 20:46:47.537,4431,858,"354616090369062",1582,"{""key"": false, ""flip"": false, ""zone"": false, ""speed"": 0.0, ""buzzer"": 0, ""engine"": true, ""in_zone"": true, ""ignition"": true, ""latitude"": 25.9336333, ""direction"": 176, ""longitude"": -80.1150082, ""gsm_signal"": 31, ""sleep_mode"": false, ""staff_mode"": false, ""fault_codes"": [], ""speed_limit"": 0, ""engine_hours"": 1433, ""idc_triggers"": [], ""buzzer_active"": false, ""fuel_level_avg"": 30, ""lock_geo_alert"": false, ""operation_mode"": ""RENT"", ""battery_voltage"": 14.300000190734863, ""in_primary_zone"": true, ""lock_engine_alert"": false, ""in_restricted_zone"": false, ""onboard_geofencing"": false, ""speed_limit_active"": false, ""lock_geo_alert_distance"": 0}"
2023-07-23 20:46:46.577,4431,858,"354616090369062",1582,"{""key"": false, ""flip"": false, ""zone"": false, ""speed"": 0.0, ""buzzer"": 0, ""engine"": true, ""in_zone"": true, ""ignition"": true, ""latitude"": 25.933625, ""direction"": 176, ""longitude"": -80.1150132, ""gsm_signal"": 28, ""sleep_mode"": false, ""staff_mode"": false, ""fault_codes"": [], ""speed_limit"": 0, ""engine_hours"": 1433, ""idc_triggers"": [], ""buzzer_active"": false, ""fuel_level_avg"": 30, ""lock_geo_alert"": false, ""operation_mode"": ""RENT"", ""battery_voltage"": 14.300000190734863, ""in_primary_zone"": true, ""lock_engine_alert"": false, ""in_restricted_zone"": false, ""onboard_geofencing"": false, ""speed_limit_active"": false, ""lock_geo_alert_distance"": 0}"
2023-07-23 20:46:45.617,4431,858,"354616090369062",1582,"{""key"": false, ""flip"": false, ""zone"": false, ""speed"": 0.0, ""buzzer"": 0, ""engine"": true, ""in_zone"": true, ""ignition"": true, ""latitude"": 25.933625, ""direction"": 176, ""longitude"": -80.1150182, ""gsm_signal"": 29, ""sleep_mode"": false, ""staff_mode"": false, ""fault_codes"": [], ""speed_limit"": 0, ""engine_hours"": 1433, ""idc_triggers"": [], ""buzzer_active"": false, ""fuel_level_avg"": 30, ""lock_geo_alert"": false, ""operation_mode"": ""RENT"", ""battery_voltage"": 14.300000190734863, ""in_primary_zone"": true, ""lock_engine_alert"": false, ""in_restricted_zone"": false, ""onboard_geofencing"": false, ""speed_limit_active"": false, ""lock_geo_alert_distance"": 0}"
2023-07-23 20:46:44.576,4431,858,"354616090369062",1582,"{""key"": false, ""flip"": false, ""zone"": false, ""speed"": 0.0, ""buzzer"": 0, ""engine"": true, ""in_zone"": true, ""ignition"": true, ""latitude"": 25.933625, ""direction"": 176, ""longitude"": -80.1150216, ""gsm_signal"": 31, ""sleep_mode"": false, ""staff_mode"": false, ""fault_codes"": [], ""speed_limit"": 0, ""engine_hours"": 1433, ""idc_triggers"": [], ""buzzer_active"": false, ""fuel_level_avg"": 30, ""lock_geo_alert"": false, ""operation_mode"": ""RENT"", ""battery_voltage"": 14.300000190734863, ""in_primary_zone"": true, ""lock_engine_alert"": false, ""in_restricted_zone"": false, ""onboard_geofencing"": false, ""speed_limit_active"": false, ""lock_geo_alert_distance"": 0}"
2023-07-23 20:46:43.617,4431,858,"354616090369062",1582,"{""key"": false, ""flip"": false, ""zone"": false, ""speed"": 0.0, ""buzzer"": 0, ""engine"": true, ""in_zone"": true, ""ignition"": true, ""latitude"": 25.9336266, ""direction"": 176, ""longitude"": -80.115025, ""gsm_signal"": 30, ""sleep_mode"": false, ""staff_mode"": false, ""fault_codes"": [], ""speed_limit"": 0, ""engine_hours"": 1433, ""idc_triggers"": [], ""buzzer_active"": false, ""fuel_level_avg"": 22, ""lock_geo_alert"": false, ""operation_mode"": ""RENT"", ""battery_voltage"": 14.399999618530273, ""in_primary_zone"": true, ""lock_engine_alert"": false, ""in_restricted_zone"": false, ""onboard_geofencing"": false, ""speed_limit_active"": false, ""lock_geo_alert_distance"": 0}"
2023-07-23 20:46:42.576,4431,858,"354616090369062",1582,"{""key"": false, ""flip"": false, ""zone"": false, ""speed"": 2.9632, ""buzzer"": 0, ""engine"": true, ""in_zone"": true, ""ignition"": true, ""latitude"": 25.9336283, ""direction"": 176, ""longitude"": -80.11503, ""gsm_signal"": 25, ""sleep_mode"": false, ""staff_mode"": false, ""fault_codes"": [], ""speed_limit"": 0, ""engine_hours"": 1433, ""idc_triggers"": [], ""buzzer_active"": false, ""fuel_level_avg"": 22, ""lock_geo_alert"": false, ""operation_mode"": ""RENT"", ""battery_voltage"": 14.399999618530273, ""in_primary_zone"": true, ""lock_engine_alert"": false, ""in_restricted_zone"": false, ""onboard_geofencing"": false, ""speed_limit_active"": false, ""lock_geo_alert_distance"": 0}"
2023-07-23 20:46:41.697,4431,858,"354616090369062",1582,"{""key"": false, ""flip"": false, ""zone"": false, ""speed"": 2.778, ""buzzer"": 0, ""engine"": true, ""in_zone"": true, ""ignition"": true, ""latitude"": 25.9336333, ""direction"": 176, ""longitude"": -80.115035, ""gsm_signal"": 35, ""sleep_mode"": false, ""staff_mode"": false, ""fault_codes"": [], ""speed_limit"": 0, ""engine_hours"": 1433, ""idc_triggers"": [], ""buzzer_active"": false, ""fuel_level_avg"": 22, ""lock_geo_alert"": false, ""operation_mode"": ""RENT"", ""battery_voltage"": 14.399999618530273, ""in_primary_zone"": true, ""lock_engine_alert"": false, ""in_restricted_zone"": false, ""onboard_geofencing"": false, ""speed_limit_active"": false, ""lock_geo_alert_distance"": 0}"
2023-07-23 20:46:40.576,4431,858,"354616090369062",1582,"{""key"": false, ""flip"": false, ""zone"": false, ""speed"": 4.4448, ""buzzer"": 0, ""engine"": true, ""in_zone"": true, ""ignition"": true, ""latitude"": 25.9336283, ""direction"": 176, ""longitude"": -80.1150416, ""gsm_signal"": 26, ""sleep_mode"": false, ""staff_mode"": false, ""fault_codes"": [], ""speed_limit"": 0, ""engine_hours"": 1433, ""idc_triggers"": [], ""buzzer_active"": false, ""fuel_level_avg"": 22, ""lock_geo_alert"": false, ""operation_mode"": ""RENT"", ""battery_voltage"": 14.399999618530273, ""in_primary_zone"": true, ""lock_engine_alert"": false, ""in_restricted_zone"": false, ""onboard_geofencing"": false, ""speed_limit_active"": false, ""lock_geo_alert_distance"": 0}"
2023-07-23 20:46:39.617,4431,858,"354616090369062",1582,"{""key"": false, ""flip"": false, ""zone"": false, ""speed"": 4.4448, ""buzzer"": 0, ""engine"": true, ""in_zone"": true, ""ignition"": true, ""latitude"": 25.933635, ""direction"": 176, ""longitude"": -80.1150482, ""gsm_signal"": 25, ""sleep_mode"": false, ""staff_mode"": false, ""fault_codes"": [], ""speed_limit"": 0, ""engine_hours"": 1433, ""idc_triggers"": [], ""buzzer_active"": false, ""fuel_level_avg"": 22, ""lock_geo_alert"": false, ""operation_mode"": ""RENT"", ""battery_voltage"": 14.399999618530273, ""in_primary_zone"": true, ""lock_engine_alert"": false, ""in_restricted_zone"": false, ""onboard_geofencing"": false, ""speed_limit_active"": false, ""lock_geo_alert_distance"": 0}"
2023-07-23 20:46:38.576,4431,858,"354616090369062",1582,"{""key"": false, ""flip"": false, ""zone"": false, ""speed"": 3.7039999999999997, ""buzzer"": 0, ""engine"": true, ""in_zone"": true, ""ignition"": true, ""latitude"": 25.9336483, ""direction"": 176, ""longitude"": -80.1150516, ""gsm_signal"": 24, ""sleep_mode"": false, ""staff_mode"": false, ""fault_codes"": [], ""speed_limit"": 0, ""engine_hours"": 1433, ""idc_triggers"": [], ""buzzer_active"": false, ""fuel_level_avg"": 22, ""lock_geo_alert"": false, ""operation_mode"": ""RENT"", ""battery_voltage"": 14.399999618530273, ""in_primary_zone"": true, ""lock_engine_alert"": false, ""in_restricted_zone"": false, ""onboard_geofencing"": false, ""speed_limit_active"": false, ""lock_geo_alert_distance"": 0}"
2023-07-23 20:46:37.617,4431,858,"354616090369062",1582,"{""key"": false, ""flip"": false, ""zone"": false, ""speed"": 4.4448, ""buzzer"": 0, ""engine"": true, ""in_zone"": true, ""ignition"": true, ""latitude"": 25.93366, ""direction"": 176, ""longitude"": -80.1150516, ""gsm_signal"": 25, ""sleep_mode"": false, ""staff_mode"": false, ""fault_codes"": [], ""speed_limit"": 0, ""engine_hours"": 1433, ""idc_triggers"": [], ""buzzer_active"": false, ""fuel_level_avg"": 22, ""lock_geo_alert"": false, ""operation_mode"": ""RENT"", ""battery_voltage"": 14.399999618530273, ""in_primary_zone"": true, ""lock_engine_alert"": false, ""in_restricted_zone"": false, ""onboard_geofencing"": false, ""speed_limit_active"": false, ""lock_geo_alert_distance"": 0}"
2023-07-23 20:46:36.595,4431,858,"354616090369062",1582,"{""key"": false, ""flip"": false, ""zone"": false, ""speed"": 4.259600000000001, ""buzzer"": 0, ""engine"": true, ""in_zone"": true, ""ignition"": true, ""latitude"": 25.9336716, ""direction"": 176, ""longitude"": -80.1150516, ""gsm_signal"": 27, ""sleep_mode"": false, ""staff_mode"": false, ""fault_codes"": [], ""speed_limit"": 0, ""engine_hours"": 1433, ""idc_triggers"": [], ""buzzer_active"": false, ""fuel_level_avg"": 22, ""lock_geo_alert"": false, ""operation_mode"": ""RENT"", ""battery_voltage"": 14.399999618530273, ""in_primary_zone"": true, ""lock_engine_alert"": false, ""in_restricted_zone"": false, ""onboard_geofencing"": false, ""speed_limit_active"": false, ""lock_geo_alert_distance"": 0}"
2023-07-23 20:46:35.555,4431,858,"354616090369062",1582,"{""key"": false, ""flip"": false, ""zone"": false, ""speed"": 5.000400000000001, ""buzzer"": 0, ""engine"": true, ""in_zone"": true, ""ignition"": true, ""latitude"": 25.933685, ""direction"": 176, ""longitude"": -80.1150516, ""gsm_signal"": 27, ""sleep_mode"": false, ""staff_mode"": false, ""fault_codes"": [], ""speed_limit"": 0, ""engine_hours"": 1433, ""idc_triggers"": [], ""buzzer_active"": false, ""fuel_level_avg"": 22, ""lock_geo_alert"": false, ""operation_mode"": ""RENT"", ""battery_voltage"": 14.399999618530273, ""in_primary_zone"": true, ""lock_engine_alert"": false, ""in_restricted_zone"": false, ""onboard_geofencing"": false, ""speed_limit_active"": false, ""lock_geo_alert_distance"": 0}"
2023-07-23 20:46:34.577,4431,858,"354616090369062",1582,"{""key"": false, ""flip"": false, ""zone"": false, ""speed"": 9.6304, ""buzzer"": 0, ""engine"": true, ""in_zone"": true, ""ignition"": true, ""latitude"": 25.9337016, ""direction"": 176, ""longitude"": -80.1150516, ""gsm_signal"": 29, ""sleep_mode"": false, ""staff_mode"": false, ""fault_codes"": [], ""speed_limit"": 0, ""engine_hours"": 1433, ""idc_triggers"": [], ""buzzer_active"": false, ""fuel_level_avg"": 22, ""lock_geo_alert"": false, ""operation_mode"": ""RENT"", ""battery_voltage"": 14.399999618530273, ""in_primary_zone"": true, ""lock_engine_alert"": false, ""in_restricted_zone"": false, ""onboard_geofencing"": false, ""speed_limit_active"": false, ""lock_geo_alert_distance"": 0}"
2023-07-23 20:46:33.618,4431,858,"354616090369062",1582,"{""key"": false, ""flip"": false, ""zone"": false, ""speed"": 15.5568, ""buzzer"": 0, ""engine"": true, ""in_zone"": true, ""ignition"": true, ""latitude"": 25.9337333, ""direction"": 178, ""longitude"": -80.1150532, ""gsm_signal"": 26, ""sleep_mode"": false, ""staff_mode"": false, ""fault_codes"": [], ""speed_limit"": 0, ""engine_hours"": 1433, ""idc_triggers"": [], ""buzzer_active"": false, ""fuel_level_avg"": 22, ""lock_geo_alert"": false, ""operation_mode"": ""RENT"", ""battery_voltage"": 14.399999618530273, ""in_primary_zone"": true, ""lock_engine_alert"": false, ""in_restricted_zone"": false, ""onboard_geofencing"": false, ""speed_limit_active"": false, ""lock_geo_alert_distance"": 0}"
2023-07-23 20:46:32.579,4431,858,"354616090369062",1582,"{""key"": false, ""flip"": false, ""zone"": false, ""speed"": 15.0012, ""buzzer"": 0, ""engine"": true, ""in_zone"": true, ""ignition"": true, ""latitude"": 25.9337733, ""direction"": 178, ""longitude"": -80.115055, ""gsm_signal"": 29, ""sleep_mode"": false, ""staff_mode"": false, ""fault_codes"": [], ""speed_limit"": 0, ""engine_hours"": 1433, ""idc_triggers"": [], ""buzzer_active"": false, ""fuel_level_avg"": 22, ""lock_geo_alert"": false, ""operation_mode"": ""RENT"", ""battery_voltage"": 14.399999618530273, ""in_primary_zone"": true, ""lock_engine_alert"": false, ""in_restricted_zone"": false, ""onboard_geofencing"": false, ""speed_limit_active"": false, ""lock_geo_alert_distance"": 0}"
2023-07-23 20:46:31.617,4431,858,"354616090369062",1582,"{""key"": false, ""flip"": false, ""zone"": false, ""speed"": 12.5936, ""buzzer"": 0, ""engine"": true, ""in_zone"": true, ""ignition"": true, ""latitude"": 25.93381, ""direction"": 177, ""longitude"": -80.115055, ""gsm_signal"": 29, ""sleep_mode"": false, ""staff_mode"": false, ""fault_codes"": [], ""speed_limit"": 0, ""engine_hours"": 1433, ""idc_triggers"": [], ""buzzer_active"": false, ""fuel_level_avg"": 22, ""lock_geo_alert"": false, ""operation_mode"": ""RENT"", ""battery_voltage"": 14.399999618530273, ""in_primary_zone"": true, ""lock_engine_alert"": false, ""in_restricted_zone"": false, ""onboard_geofencing"": false, ""speed_limit_active"": false, ""lock_geo_alert_distance"": 0}"
2023-07-23 20:46:30.656,4431,858,"354616090369062",1582,"{""key"": false, ""flip"": false, ""zone"": false, ""speed"": 12.2232, ""buzzer"": 0, ""engine"": true, ""in_zone"": true, ""ignition"": true, ""latitude"": 25.93384, ""direction"": 180, ""longitude"": -80.115055, ""gsm_signal"": 29, ""sleep_mode"": false, ""staff_mode"": false, ""fault_codes"": [], ""speed_limit"": 0, ""engine_hours"": 1433, ""idc_triggers"": [], ""buzzer_active"": false, ""fuel_level_avg"": 22, ""lock_geo_alert"": false, ""operation_mode"": ""RENT"", ""battery_voltage"": 14.399999618530273, ""in_primary_zone"": true, ""lock_engine_alert"": false, ""in_restricted_zone"": false, ""onboard_geofencing"": false, ""speed_limit_active"": false, ""lock_geo_alert_distance"": 0}"
2023-07-23 20:46:29.537,4431,858,"354616090369062",1582,"{""key"": false, ""flip"": false, ""zone"": false, ""speed"": 12.7788, ""buzzer"": 0, ""engine"": true, ""in_zone"": true, ""ignition"": true, ""latitude"": 25.9338716, ""direction"": 182, ""longitude"": -80.1150532, ""gsm_signal"": 27, ""sleep_mode"": false, ""staff_mode"": false, ""fault_codes"": [], ""speed_limit"": 0, ""engine_hours"": 1433, ""idc_triggers"": [], ""buzzer_active"": false, ""fuel_level_avg"": 22, ""lock_geo_alert"": false, ""operation_mode"": ""RENT"", ""battery_voltage"": 14.399999618530273, ""in_primary_zone"": true, ""lock_engine_alert"": false, ""in_restricted_zone"": false, ""onboard_geofencing"": false, ""speed_limit_active"": false, ""lock_geo_alert_distance"": 0}"
2023-07-23 20:46:28.576,4431,858,"354616090369062",1582,"{""key"": false, ""flip"": false, ""zone"": false, ""speed"": 15.742, ""buzzer"": 0, ""engine"": true, ""in_zone"": true, ""ignition"": true, ""latitude"": 25.9339083, ""direction"": 181, ""longitude"": -80.1150532, ""gsm_signal"": 30, ""sleep_mode"": false, ""staff_mode"": false, ""fault_codes"": [], ""speed_limit"": 0, ""engine_hours"": 1433, ""idc_triggers"": [], ""buzzer_active"": false, ""fuel_level_avg"": 22, ""lock_geo_alert"": false, ""operation_mode"": ""RENT"", ""battery_voltage"": 14.399999618530273, ""in_primary_zone"": true, ""lock_engine_alert"": false, ""in_restricted_zone"": false, ""onboard_geofencing"": false, ""speed_limit_active"": false, ""lock_geo_alert_distance"": 0}"
2023-07-23 20:46:27.616,4431,858,"354616090369062",1582,"{""key"": false, ""flip"": false, ""zone"": false, ""speed"": 21.6684, ""buzzer"": 0, ""engine"": true, ""in_zone"": true, ""ignition"": true, ""latitude"": 25.9339533, ""direction"": 178, ""longitude"": -80.1150532, ""gsm_signal"": 26, ""sleep_mode"": false, ""staff_mode"": false, ""fault_codes"": [], ""speed_limit"": 0, ""engine_hours"": 1433, ""idc_triggers"": [], ""buzzer_active"": false, ""fuel_level_avg"": 22, ""lock_geo_alert"": false, ""operation_mode"": ""RENT"", ""battery_voltage"": 14.399999618530273, ""in_primary_zone"": true, ""lock_engine_alert"": false, ""in_restricted_zone"": false, ""onboard_geofencing"": false, ""speed_limit_active"": false, ""lock_geo_alert_distance"": 0}"
2023-07-23 20:46:26.577,4431,858,"354616090369062",1582,"{""key"": false, ""flip"": false, ""zone"": false, ""speed"": 22.779600000000002, ""buzzer"": 0, ""engine"": true, ""in_zone"": true, ""ignition"": true, ""latitude"": 25.9340116, ""direction"": 177, ""longitude"": -80.1150566, ""gsm_signal"": 29, ""sleep_mode"": false, ""staff_mode"": false, ""fault_codes"": [], ""speed_limit"": 0, ""engine_hours"": 1433, ""idc_triggers"": [], ""buzzer_active"": false, ""fuel_level_avg"": 22, ""lock_geo_alert"": false, ""operation_mode"": ""RENT"", ""battery_voltage"": 14.399999618530273, ""in_primary_zone"": true, ""lock_engine_alert"": false, ""in_restricted_zone"": false, ""onboard_geofencing"": false, ""speed_limit_active"": false, ""lock_geo_alert_distance"": 0}"
2023-07-23 20:46:25.617,4431,858,"354616090369062",1582,"{""key"": false, ""flip"": false, ""zone"": false, ""speed"": 21.8536, ""buzzer"": 0, ""engine"": true, ""in_zone"": true, ""ignition"": true, ""latitude"": 25.9340683, ""direction"": 176, ""longitude"": -80.11506, ""gsm_signal"": 26, ""sleep_mode"": false, ""staff_mode"": false, ""fault_codes"": [], ""speed_limit"": 0, ""engine_hours"": 1433, ""idc_triggers"": [], ""buzzer_active"": false, ""fuel_level_avg"": 22, ""lock_geo_alert"": false, ""operation_mode"": ""RENT"", ""battery_voltage"": 14.399999618530273, ""in_primary_zone"": true, ""lock_engine_alert"": false, ""in_restricted_zone"": false, ""onboard_geofencing"": false, ""speed_limit_active"": false, ""lock_geo_alert_distance"": 0}"
2023-07-23 20:46:24.577,4431,858,"354616090369062",1582,"{""key"": false, ""flip"": false, ""zone"": false, ""speed"": 21.298000000000002, ""buzzer"": 0, ""engine"": true, ""in_zone"": true, ""ignition"": true, ""latitude"": 25.934125, ""direction"": 179, ""longitude"": -80.1150616, ""gsm_signal"": 29, ""sleep_mode"": false, ""staff_mode"": false, ""fault_codes"": [], ""speed_limit"": 0, ""engine_hours"": 1433, ""idc_triggers"": [], ""buzzer_active"": false, ""fuel_level_avg"": 22, ""lock_geo_alert"": false, ""operation_mode"": ""RENT"", ""battery_voltage"": 14.399999618530273, ""in_primary_zone"": true, ""lock_engine_alert"": false, ""in_restricted_zone"": false, ""onboard_geofencing"": false, ""speed_limit_active"": false, ""lock_geo_alert_distance"": 0}"
2023-07-23 20:46:23.540,4431,858,"354616090369062",1582,"{""key"": false, ""flip"": false, ""zone"": false, ""speed"": 19.2608, ""buzzer"": 0, ""engine"": true, ""in_zone"": true, ""ignition"": true, ""latitude"": 25.9341766, ""direction"": 184, ""longitude"": -80.1150616, ""gsm_signal"": 26, ""sleep_mode"": false, ""staff_mode"": false, ""fault_codes"": [], ""speed_limit"": 0, ""engine_hours"": 1433, ""idc_triggers"": [], ""buzzer_active"": false, ""fuel_level_avg"": 22, ""lock_geo_alert"": false, ""operation_mode"": ""RENT"", ""battery_voltage"": 14.399999618530273, ""in_primary_zone"": true, ""lock_engine_alert"": false, ""in_restricted_zone"": false, ""onboard_geofencing"": false, ""speed_limit_active"": false, ""lock_geo_alert_distance"": 0}"
2023-07-23 20:46:22.579,4431,858,"354616090369062",1582,"{""key"": false, ""flip"": false, ""zone"": false, ""speed"": 17.7792, ""buzzer"": 0, ""engine"": true, ""in_zone"": true, ""ignition"": true, ""latitude"": 25.9342216, ""direction"": 185, ""longitude"": -80.1150566, ""gsm_signal"": 26, ""sleep_mode"": false, ""staff_mode"": false, ""fault_codes"": [], ""speed_limit"": 0, ""engine_hours"": 1433, ""idc_triggers"": [], ""buzzer_active"": false, ""fuel_level_avg"": 22, ""lock_geo_alert"": false, ""operation_mode"": ""RENT"", ""battery_voltage"": 14.399999618530273, ""in_primary_zone"": true, ""lock_engine_alert"": false, ""in_restricted_zone"": false, ""onboard_geofencing"": false, ""speed_limit_active"": false, ""lock_geo_alert_distance"": 0}"
2023-07-23 20:46:21.619,4431,858,"354616090369062",1582,"{""key"": false, ""flip"": false, ""zone"": false, ""speed"": 18.3348, ""buzzer"": 0, ""engine"": true, ""in_zone"": true, ""ignition"": true, ""latitude"": 25.9342666, ""direction"": 190, ""longitude"": -80.11505, ""gsm_signal"": 28, ""sleep_mode"": false, ""staff_mode"": false, ""fault_codes"": [], ""speed_limit"": 0, ""engine_hours"": 1433, ""idc_triggers"": [], ""buzzer_active"": false, ""fuel_level_avg"": 22, ""lock_geo_alert"": false, ""operation_mode"": ""RENT"", ""battery_voltage"": 14.399999618530273, ""in_primary_zone"": true, ""lock_engine_alert"": false, ""in_restricted_zone"": false, ""onboard_geofencing"": false, ""speed_limit_active"": false, ""lock_geo_alert_distance"": 0}"
2023-07-23 20:46:20.578,4431,858,"354616090369062",1582,"{""key"": false, ""flip"": false, ""zone"": false, ""speed"": 20.1868, ""buzzer"": 0, ""engine"": true, ""in_zone"": true, ""ignition"": true, ""latitude"": 25.9343133, ""direction"": 190, ""longitude"": -80.1150416, ""gsm_signal"": 26, ""sleep_mode"": false, ""staff_mode"": false, ""fault_codes"": [], ""speed_limit"": 0, ""engine_hours"": 1433, ""idc_triggers"": [], ""buzzer_active"": false, ""fuel_level_avg"": 22, ""lock_geo_alert"": false, ""operation_mode"": ""RENT"", ""battery_voltage"": 14.399999618530273, ""in_primary_zone"": true, ""lock_engine_alert"": false, ""in_restricted_zone"": false, ""onboard_geofencing"": false, ""speed_limit_active"": false, ""lock_geo_alert_distance"": 0}"
2023-07-23 20:46:19.619,4431,858,"354616090369062",1582,"{""key"": false, ""flip"": false, ""zone"": false, ""speed"": 19.2608, ""buzzer"": 0, ""engine"": true, ""in_zone"": true, ""ignition"": true, ""latitude"": 25.9343616, ""direction"": 192, ""longitude"": -80.1150316, ""gsm_signal"": 27, ""sleep_mode"": false, ""staff_mode"": false, ""fault_codes"": [], ""speed_limit"": 0, ""engine_hours"": 1433, ""idc_triggers"": [], ""buzzer_active"": false, ""fuel_level_avg"": 22, ""lock_geo_alert"": false, ""operation_mode"": ""RENT"", ""battery_voltage"": 14.399999618530273, ""in_primary_zone"": true, ""lock_engine_alert"": false, ""in_restricted_zone"": false, ""onboard_geofencing"": false, ""speed_limit_active"": false, ""lock_geo_alert_distance"": 0}"
2023-07-23 20:46:18.578,4431,858,"354616090369062",1582,"{""key"": false, ""flip"": false, ""zone"": false, ""speed"": 18.3348, ""buzzer"": 0, ""engine"": true, ""in_zone"": true, ""ignition"": true, ""latitude"": 25.9344033, ""direction"": 201, ""longitude"": -80.1150216, ""gsm_signal"": 24, ""sleep_mode"": false, ""staff_mode"": false, ""fault_codes"": [], ""speed_limit"": 0, ""engine_hours"": 1433, ""idc_triggers"": [], ""buzzer_active"": false, ""fuel_level_avg"": 22, ""lock_geo_alert"": false, ""operation_mode"": ""RENT"", ""battery_voltage"": 14.399999618530273, ""in_primary_zone"": true, ""lock_engine_alert"": false, ""in_restricted_zone"": false, ""onboard_geofencing"": false, ""speed_limit_active"": false, ""lock_geo_alert_distance"": 0}"
2023-07-23 20:46:17.618,4431,858,"354616090369062",1582,"{""key"": false, ""flip"": false, ""zone"": false, ""speed"": 16.4828, ""buzzer"": 0, ""engine"": true, ""in_zone"": true, ""ignition"": true, ""latitude"": 25.9344433, ""direction"": 203, ""longitude"": -80.1150032, ""gsm_signal"": 23, ""sleep_mode"": false, ""staff_mode"": false, ""fault_codes"": [], ""speed_limit"": 0, ""engine_hours"": 1433, ""idc_triggers"": [], ""buzzer_active"": false, ""fuel_level_avg"": 22, ""lock_geo_alert"": false, ""operation_mode"": ""RENT"", ""battery_voltage"": 14.399999618530273, ""in_primary_zone"": true, ""lock_engine_alert"": false, ""in_restricted_zone"": false, ""onboard_geofencing"": false, ""speed_limit_active"": false, ""lock_geo_alert_distance"": 0}"
2023-07-23 20:46:16.586,4431,858,"354616090369062",1582,"{""key"": false, ""flip"": false, ""zone"": false, ""speed"": 12.5936, ""buzzer"": 0, ""engine"": true, ""in_zone"": true, ""ignition"": true, ""latitude"": 25.934475, ""direction"": 201, ""longitude"": -80.1149882, ""gsm_signal"": 23, ""sleep_mode"": false, ""staff_mode"": false, ""fault_codes"": [], ""speed_limit"": 0, ""engine_hours"": 1433, ""idc_triggers"": [], ""buzzer_active"": false, ""fuel_level_avg"": 22, ""lock_geo_alert"": false, ""operation_mode"": ""RENT"", ""battery_voltage"": 14.399999618530273, ""in_primary_zone"": true, ""lock_engine_alert"": false, ""in_restricted_zone"": false, ""onboard_geofencing"": false, ""speed_limit_active"": false, ""lock_geo_alert_distance"": 0}"
2023-07-23 20:46:15.619,4431,858,"354616090369062",1582,"{""key"": false, ""flip"": false, ""zone"": false, ""speed"": 10.741600000000002, ""buzzer"": 0, ""engine"": true, ""in_zone"": true, ""ignition"": true, ""latitude"": 25.9345016, ""direction"": 210, ""longitude"": -80.1149766, ""gsm_signal"": 25, ""sleep_mode"": false, ""staff_mode"": false, ""fault_codes"": [], ""speed_limit"": 0, ""engine_hours"": 1433, ""idc_triggers"": [], ""buzzer_active"": false, ""fuel_level_avg"": 22, ""lock_geo_alert"": false, ""operation_mode"": ""RENT"", ""battery_voltage"": 14.399999618530273, ""in_primary_zone"": true, ""lock_engine_alert"": false, ""in_restricted_zone"": false, ""onboard_geofencing"": false, ""speed_limit_active"": false, ""lock_geo_alert_distance"": 0}"
2023-07-23 20:46:14.576,4431,858,"354616090369062",1582,"{""key"": false, ""flip"": false, ""zone"": false, ""speed"": 12.5936, ""buzzer"": 0, ""engine"": true, ""in_zone"": true, ""ignition"": true, ""latitude"": 25.934525, ""direction"": 211, ""longitude"": -80.1149632, ""gsm_signal"": 17, ""sleep_mode"": false, ""staff_mode"": false, ""fault_codes"": [], ""speed_limit"": 0, ""engine_hours"": 1433, ""idc_triggers"": [], ""buzzer_active"": false, ""fuel_level_avg"": 22, ""lock_geo_alert"": false, ""operation_mode"": ""RENT"", ""battery_voltage"": 14.399999618530273, ""in_primary_zone"": true, ""lock_engine_alert"": false, ""in_restricted_zone"": false, ""onboard_geofencing"": false, ""speed_limit_active"": false, ""lock_geo_alert_distance"": 0}"
2023-07-23 20:46:13.536,4431,858,"354616090369062",1582,"{""key"": false, ""flip"": false, ""zone"": false, ""speed"": 14.445600000000002, ""buzzer"": 0, ""engine"": true, ""in_zone"": true, ""ignition"": true, ""latitude"": 25.9345566, ""direction"": 209, ""longitude"": -80.114945, ""gsm_signal"": 18, ""sleep_mode"": false, ""staff_mode"": false, ""fault_codes"": [], ""speed_limit"": 0, ""engine_hours"": 1433, ""idc_triggers"": [], ""buzzer_active"": false, ""fuel_level_avg"": 22, ""lock_geo_alert"": false, ""operation_mode"": ""RENT"", ""battery_voltage"": 14.399999618530273, ""in_primary_zone"": true, ""lock_engine_alert"": false, ""in_restricted_zone"": false, ""onboard_geofencing"": false, ""speed_limit_active"": false, ""lock_geo_alert_distance"": 0}"
2023-07-23 20:46:12.579,4431,858,"354616090369062",1582,"{""key"": false, ""flip"": false, ""zone"": false, ""speed"": 19.2608, ""buzzer"": 0, ""engine"": true, ""in_zone"": true, ""ignition"": true, ""latitude"": 25.9345933, ""direction"": 213, ""longitude"": -80.1149216, ""gsm_signal"": 17, ""sleep_mode"": false, ""staff_mode"": false, ""fault_codes"": [], ""speed_limit"": 0, ""engine_hours"": 1433, ""idc_triggers"": [], ""buzzer_active"": false, ""fuel_level_avg"": 22, ""lock_geo_alert"": false, ""operation_mode"": ""RENT"", ""battery_voltage"": 14.399999618530273, ""in_primary_zone"": true, ""lock_engine_alert"": false, ""in_restricted_zone"": false, ""onboard_geofencing"": false, ""speed_limit_active"": false, ""lock_geo_alert_distance"": 0}"
2023-07-23 20:46:11.544,4431,858,"354616090369062",1582,"{""key"": false, ""flip"": false, ""zone"": false, ""speed"": 23.890800000000002, ""buzzer"": 0, ""engine"": true, ""in_zone"": true, ""ignition"": true, ""latitude"": 25.9346383, ""direction"": 212, ""longitude"": -80.1148916, ""gsm_signal"": 28, ""sleep_mode"": false, ""staff_mode"": false, ""fault_codes"": [], ""speed_limit"": 0, ""engine_hours"": 1433, ""idc_triggers"": [], ""buzzer_active"": false, ""fuel_level_avg"": 22, ""lock_geo_alert"": false, ""operation_mode"": ""RENT"", ""battery_voltage"": 14.399999618530273, ""in_primary_zone"": true, ""lock_engine_alert"": false, ""in_restricted_zone"": false, ""onboard_geofencing"": false, ""speed_limit_active"": false, ""lock_geo_alert_distance"": 0}"
2023-07-23 20:46:10.660,4431,858,"354616090369062",1582,"{""key"": false, ""flip"": false, ""zone"": false, ""speed"": 24.6316, ""buzzer"": 0, ""engine"": true, ""in_zone"": true, ""ignition"": true, ""latitude"": 25.9346916, ""direction"": 214, ""longitude"": -80.114855, ""gsm_signal"": 27, ""sleep_mode"": false, ""staff_mode"": false, ""fault_codes"": [], ""speed_limit"": 0, ""engine_hours"": 1433, ""idc_triggers"": [], ""buzzer_active"": false, ""fuel_level_avg"": 22, ""lock_geo_alert"": false, ""operation_mode"": ""RENT"", ""battery_voltage"": 14.399999618530273, ""in_primary_zone"": true, ""lock_engine_alert"": false, ""in_restricted_zone"": false, ""onboard_geofencing"": false, ""speed_limit_active"": false, ""lock_geo_alert_distance"": 0}"
2023-07-23 20:46:09.538,4431,858,"354616090369062",1582,"{""key"": false, ""flip"": false, ""zone"": false, ""speed"": 22.224, ""buzzer"": 0, ""engine"": true, ""in_zone"": true, ""ignition"": true, ""latitude"": 25.93474, ""direction"": 213, ""longitude"": -80.1148182, ""gsm_signal"": 28, ""sleep_mode"": false, ""staff_mode"": false, ""fault_codes"": [], ""speed_limit"": 0, ""engine_hours"": 1433, ""idc_triggers"": [], ""buzzer_active"": false, ""fuel_level_avg"": 22, ""lock_geo_alert"": false, ""operation_mode"": ""RENT"", ""battery_voltage"": 14.399999618530273, ""in_primary_zone"": true, ""lock_engine_alert"": false, ""in_restricted_zone"": false, ""onboard_geofencing"": false, ""speed_limit_active"": false, ""lock_geo_alert_distance"": 0}"
2023-07-23 20:46:08.576,4431,858,"354616090369062",1582,"{""key"": false, ""flip"": false, ""zone"": false, ""speed"": 20.001600000000003, ""buzzer"": 0, ""engine"": true, ""in_zone"": true, ""ignition"": true, ""latitude"": 25.934785, ""direction"": 215, ""longitude"": -80.114785, ""gsm_signal"": 26, ""sleep_mode"": false, ""staff_mode"": false, ""fault_codes"": [], ""speed_limit"": 0, ""engine_hours"": 1433, ""idc_triggers"": [], ""buzzer_active"": false, ""fuel_level_avg"": 22, ""lock_geo_alert"": false, ""operation_mode"": ""RENT"", ""battery_voltage"": 14.399999618530273, ""in_primary_zone"": true, ""lock_engine_alert"": false, ""in_restricted_zone"": false, ""onboard_geofencing"": false, ""speed_limit_active"": false, ""lock_geo_alert_distance"": 0}"
2023-07-23 20:46:07.538,4431,858,"354616090369062",1582,"{""key"": false, ""flip"": false, ""zone"": false, ""speed"": 18.520000000000003, ""buzzer"": 0, ""engine"": true, ""in_zone"": true, ""ignition"": true, ""latitude"": 25.9348266, ""direction"": 217, ""longitude"": -80.11475, ""gsm_signal"": 29, ""sleep_mode"": false, ""staff_mode"": false, ""fault_codes"": [], ""speed_limit"": 0, ""engine_hours"": 1433, ""idc_triggers"": [], ""buzzer_active"": false, ""fuel_level_avg"": 22, ""lock_geo_alert"": false, ""operation_mode"": ""RENT"", ""battery_voltage"": 14.399999618530273, ""in_primary_zone"": true, ""lock_engine_alert"": false, ""in_restricted_zone"": false, ""onboard_geofencing"": false, ""speed_limit_active"": false, ""lock_geo_alert_distance"": 0}"
2023-07-23 20:46:06.577,4431,858,"354616090369062",1582,"{""key"": false, ""flip"": false, ""zone"": false, ""speed"": 20.7424, ""buzzer"": 0, ""engine"": true, ""in_zone"": true, ""ignition"": true, ""latitude"": 25.9348633, ""direction"": 218, ""longitude"": -80.1147166, ""gsm_signal"": 27, ""sleep_mode"": false, ""staff_mode"": false, ""fault_codes"": [], ""speed_limit"": 0, ""engine_hours"": 1433, ""idc_triggers"": [], ""buzzer_active"": false, ""fuel_level_avg"": 22, ""lock_geo_alert"": false, ""operation_mode"": ""RENT"", ""battery_voltage"": 14.399999618530273, ""in_primary_zone"": true, ""lock_engine_alert"": false, ""in_restricted_zone"": false, ""onboard_geofencing"": false, ""speed_limit_active"": false, ""lock_geo_alert_distance"": 0}"
2023-07-23 20:46:05.617,4431,858,"354616090369062",1582,"{""key"": false, ""flip"": false, ""zone"": false, ""speed"": 21.1128, ""buzzer"": 0, ""engine"": true, ""in_zone"": true, ""ignition"": true, ""latitude"": 25.9349033, ""direction"": 225, ""longitude"": -80.114675, ""gsm_signal"": 29, ""sleep_mode"": false, ""staff_mode"": false, ""fault_codes"": [], ""speed_limit"": 0, ""engine_hours"": 1433, ""idc_triggers"": [], ""buzzer_active"": false, ""fuel_level_avg"": 22, ""lock_geo_alert"": false, ""operation_mode"": ""RENT"", ""battery_voltage"": 14.399999618530273, ""in_primary_zone"": true, ""lock_engine_alert"": false, ""in_restricted_zone"": false, ""onboard_geofencing"": false, ""speed_limit_active"": false, ""lock_geo_alert_distance"": 0}"
2023-07-23 20:46:04.577,4431,858,"354616090369062",1582,"{""key"": false, ""flip"": false, ""zone"": false, ""speed"": 22.409200000000002, ""buzzer"": 0, ""engine"": true, ""in_zone"": true, ""ignition"": true, ""latitude"": 25.9349433, ""direction"": 225, ""longitude"": -80.1146282, ""gsm_signal"": 29, ""sleep_mode"": false, ""staff_mode"": false, ""fault_codes"": [], ""speed_limit"": 0, ""engine_hours"": 1433, ""idc_triggers"": [], ""buzzer_active"": false, ""fuel_level_avg"": 22, ""lock_geo_alert"": false, ""operation_mode"": ""RENT"", ""battery_voltage"": 14.399999618530273, ""in_primary_zone"": true, ""lock_engine_alert"": false, ""in_restricted_zone"": false, ""onboard_geofencing"": false, ""speed_limit_active"": false, ""lock_geo_alert_distance"": 0}"
2023-07-23 20:46:03.537,4431,858,"354616090369062",1582,"{""key"": false, ""flip"": false, ""zone"": false, ""speed"": 21.8536, ""buzzer"": 0, ""engine"": true, ""in_zone"": true, ""ignition"": true, ""latitude"": 25.934985, ""direction"": 225, ""longitude"": -80.11458, ""gsm_signal"": 30, ""sleep_mode"": false, ""staff_mode"": false, ""fault_codes"": [], ""speed_limit"": 0, ""engine_hours"": 1433, ""idc_triggers"": [], ""buzzer_active"": false, ""fuel_level_avg"": 22, ""lock_geo_alert"": false, ""operation_mode"": ""RENT"", ""battery_voltage"": 14.399999618530273, ""in_primary_zone"": true, ""lock_engine_alert"": false, ""in_restricted_zone"": false, ""onboard_geofencing"": false, ""speed_limit_active"": false, ""lock_geo_alert_distance"": 0}"
2023-07-23 20:46:02.576,4431,858,"354616090369062",1582,"{""key"": false, ""flip"": false, ""zone"": false, ""speed"": 20.001600000000003, ""buzzer"": 0, ""engine"": true, ""in_zone"": true, ""ignition"": true, ""latitude"": 25.935025, ""direction"": 226, ""longitude"": -80.1145366, ""gsm_signal"": 29, ""sleep_mode"": false, ""staff_mode"": false, ""fault_codes"": [], ""speed_limit"": 51, ""engine_hours"": 1433, ""idc_triggers"": [], ""buzzer_active"": false, ""fuel_level_avg"": 22, ""lock_geo_alert"": false, ""operation_mode"": ""RENT"", ""battery_voltage"": 14.399999618530273, ""in_primary_zone"": true, ""lock_engine_alert"": false, ""in_restricted_zone"": false, ""onboard_geofencing"": false, ""speed_limit_active"": false, ""lock_geo_alert_distance"": 0}"
2023-07-23 20:46:01.617,4431,858,"354616090369062",1582,"{""key"": false, ""flip"": false, ""zone"": false, ""speed"": 20.372, ""buzzer"": 0, ""engine"": true, ""in_zone"": true, ""ignition"": true, ""latitude"": 25.9350633, ""direction"": 226, ""longitude"": -80.1144916, ""gsm_signal"": 28, ""sleep_mode"": false, ""staff_mode"": false, ""fault_codes"": [], ""speed_limit"": 51, ""engine_hours"": 1433, ""idc_triggers"": [], ""buzzer_active"": false, ""fuel_level_avg"": 22, ""lock_geo_alert"": false, ""operation_mode"": ""RENT"", ""battery_voltage"": 14.399999618530273, ""in_primary_zone"": true, ""lock_engine_alert"": false, ""in_restricted_zone"": false, ""onboard_geofencing"": false, ""speed_limit_active"": false, ""lock_geo_alert_distance"": 0}"
2023-07-23 20:46:00.577,4431,858,"354616090369062",1582,"{""key"": false, ""flip"": false, ""zone"": false, ""speed"": 22.224, ""buzzer"": 0, ""engine"": true, ""in_zone"": true, ""ignition"": true, ""latitude"": 25.9351, ""direction"": 229, ""longitude"": -80.1144432, ""gsm_signal"": 27, ""sleep_mode"": false, ""staff_mode"": false, ""fault_codes"": [], ""speed_limit"": 52, ""engine_hours"": 1433, ""idc_triggers"": [""354616090368502""], ""buzzer_active"": false, ""fuel_level_avg"": 22, ""lock_geo_alert"": false, ""operation_mode"": ""RENT"", ""battery_voltage"": 14.399999618530273, ""in_primary_zone"": true, ""lock_engine_alert"": false, ""in_restricted_zone"": false, ""onboard_geofencing"": false, ""speed_limit_active"": true, ""lock_geo_alert_distance"": 0}"
2023-07-23 20:45:59.617,4431,858,"354616090369062",1582,"{""key"": false, ""flip"": false, ""zone"": false, ""speed"": 22.038800000000002, ""buzzer"": 0, ""engine"": true, ""in_zone"": true, ""ignition"": true, ""latitude"": 25.9351416, ""direction"": 227, ""longitude"": -80.1143966, ""gsm_signal"": 28, ""sleep_mode"": false, ""staff_mode"": false, ""fault_codes"": [], ""speed_limit"": 52, ""engine_hours"": 1433, ""idc_triggers"": [""354616090368502""], ""buzzer_active"": false, ""fuel_level_avg"": 22, ""lock_geo_alert"": false, ""operation_mode"": ""RENT"", ""battery_voltage"": 14.399999618530273, ""in_primary_zone"": true, ""lock_engine_alert"": false, ""in_restricted_zone"": false, ""onboard_geofencing"": false, ""speed_limit_active"": true, ""lock_geo_alert_distance"": 0}"
2023-07-23 20:45:58.577,4431,858,"354616090369062",1582,"{""key"": false, ""flip"": false, ""zone"": false, ""speed"": 21.6684, ""buzzer"": 0, ""engine"": true, ""in_zone"": true, ""ignition"": true, ""latitude"": 25.93518, ""direction"": 225, ""longitude"": -80.11435, ""gsm_signal"": 30, ""sleep_mode"": false, ""staff_mode"": false, ""fault_codes"": [], ""speed_limit"": 52, ""engine_hours"": 1433, ""idc_triggers"": [""354616090368502""], ""buzzer_active"": false, ""fuel_level_avg"": 22, ""lock_geo_alert"": false, ""operation_mode"": ""RENT"", ""battery_voltage"": 14.399999618530273, ""in_primary_zone"": true, ""lock_engine_alert"": false, ""in_restricted_zone"": false, ""onboard_geofencing"": false, ""speed_limit_active"": true, ""lock_geo_alert_distance"": 0}"
2023-07-23 20:45:57.617,4431,858,"354616090369062",1582,"{""key"": false, ""flip"": false, ""zone"": false, ""speed"": 18.7052, ""buzzer"": 0, ""engine"": true, ""in_zone"": true, ""ignition"": true, ""latitude"": 25.935215, ""direction"": 229, ""longitude"": -80.11431, ""gsm_signal"": 28, ""sleep_mode"": false, ""staff_mode"": false, ""fault_codes"": [], ""speed_limit"": 52, ""engine_hours"": 1433, ""idc_triggers"": [""354616090368502""], ""buzzer_active"": false, ""fuel_level_avg"": 22, ""lock_geo_alert"": false, ""operation_mode"": ""RENT"", ""battery_voltage"": 14.399999618530273, ""in_primary_zone"": true, ""lock_engine_alert"": false, ""in_restricted_zone"": false, ""onboard_geofencing"": false, ""speed_limit_active"": true, ""lock_geo_alert_distance"": 0}"
2023-07-23 20:45:56.587,4431,858,"354616090369062",1582,"{""key"": false, ""flip"": false, ""zone"": false, ""speed"": 16.668, ""buzzer"": 0, ""engine"": true, ""in_zone"": true, ""ignition"": true, ""latitude"": 25.9352416, ""direction"": 235, ""longitude"": -80.1142682, ""gsm_signal"": 29, ""sleep_mode"": false, ""staff_mode"": false, ""fault_codes"": [], ""speed_limit"": 53, ""engine_hours"": 1433, ""idc_triggers"": [""354616090368502""], ""buzzer_active"": false, ""fuel_level_avg"": 22, ""lock_geo_alert"": false, ""operation_mode"": ""RENT"", ""battery_voltage"": 14.399999618530273, ""in_primary_zone"": true, ""lock_engine_alert"": false, ""in_restricted_zone"": false, ""onboard_geofencing"": false, ""speed_limit_active"": true, ""lock_geo_alert_distance"": 0}"
2023-07-23 20:45:55.616,4431,858,"354616090369062",1582,"{""key"": false, ""flip"": false, ""zone"": false, ""speed"": 12.5936, ""buzzer"": 0, ""engine"": true, ""in_zone"": true, ""ignition"": true, ""latitude"": 25.935265, ""direction"": 229, ""longitude"": -80.114235, ""gsm_signal"": 28, ""sleep_mode"": false, ""staff_mode"": false, ""fault_codes"": [], ""speed_limit"": 53, ""engine_hours"": 1433, ""idc_triggers"": [""354616090368502""], ""buzzer_active"": false, ""fuel_level_avg"": 22, ""lock_geo_alert"": false, ""operation_mode"": ""RENT"", ""battery_voltage"": 14.399999618530273, ""in_primary_zone"": true, ""lock_engine_alert"": false, ""in_restricted_zone"": false, ""onboard_geofencing"": false, ""speed_limit_active"": true, ""lock_geo_alert_distance"": 0}"
2023-07-23 20:45:54.576,4431,858,"354616090369062",1582,"{""key"": false, ""flip"": false, ""zone"": false, ""speed"": 11.2972, ""buzzer"": 0, ""engine"": true, ""in_zone"": true, ""ignition"": true, ""latitude"": 25.935285, ""direction"": 234, ""longitude"": -80.1142066, ""gsm_signal"": 27, ""sleep_mode"": false, ""staff_mode"": false, ""fault_codes"": [], ""speed_limit"": 53, ""engine_hours"": 1433, ""idc_triggers"": [""354616090368502""], ""buzzer_active"": false, ""fuel_level_avg"": 22, ""lock_geo_alert"": false, ""operation_mode"": ""RENT"", ""battery_voltage"": 14.399999618530273, ""in_primary_zone"": true, ""lock_engine_alert"": false, ""in_restricted_zone"": false, ""onboard_geofencing"": false, ""speed_limit_active"": true, ""lock_geo_alert_distance"": 0}"
2023-07-23 20:45:53.697,4431,858,"354616090369062",1582,"{""key"": false, ""flip"": false, ""zone"": false, ""speed"": 7.4079999999999995, ""buzzer"": 0, ""engine"": true, ""in_zone"": true, ""ignition"": true, ""latitude"": 25.9352983, ""direction"": 243, ""longitude"": -80.1141816, ""gsm_signal"": 27, ""sleep_mode"": false, ""staff_mode"": false, ""fault_codes"": [], ""speed_limit"": 53, ""engine_hours"": 1433, ""idc_triggers"": [""354616090368502""], ""buzzer_active"": false, ""fuel_level_avg"": 22, ""lock_geo_alert"": false, ""operation_mode"": ""RENT"", ""battery_voltage"": 14.399999618530273, ""in_primary_zone"": true, ""lock_engine_alert"": false, ""in_restricted_zone"": false, ""onboard_geofencing"": false, ""speed_limit_active"": true, ""lock_geo_alert_distance"": 0}"
2023-07-23 20:45:52.749,4431,858,"354616090369062",1582,"{""key"": false, ""flip"": false, ""zone"": false, ""speed"": 7.4079999999999995, ""buzzer"": 0, ""engine"": true, ""in_zone"": true, ""ignition"": true, ""latitude"": 25.9353083, ""direction"": 228, ""longitude"": -80.1141582, ""gsm_signal"": 21, ""sleep_mode"": false, ""staff_mode"": false, ""fault_codes"": [], ""speed_limit"": 53, ""engine_hours"": 1433, ""idc_triggers"": [""354616090368502""], ""buzzer_active"": false, ""fuel_level_avg"": 22, ""lock_geo_alert"": false, ""operation_mode"": ""RENT"", ""battery_voltage"": 14.399999618530273, ""in_primary_zone"": true, ""lock_engine_alert"": false, ""in_restricted_zone"": false, ""onboard_geofencing"": false, ""speed_limit_active"": true, ""lock_geo_alert_distance"": 0}"
2023-07-23 20:45:52.354,4431,858,"354616090369062",1582,"{""key"": false, ""flip"": false, ""zone"": false, ""speed"": 7.222800000000001, ""buzzer"": 0, ""engine"": true, ""in_zone"": true, ""ignition"": true, ""latitude"": 25.93532, ""direction"": 221, ""longitude"": -80.11414, ""gsm_signal"": 25, ""sleep_mode"": false, ""staff_mode"": false, ""fault_codes"": [], ""speed_limit"": 53, ""engine_hours"": 1433, ""idc_triggers"": [""354616090368502""], ""buzzer_active"": false, ""fuel_level_avg"": 22, ""lock_geo_alert"": false, ""operation_mode"": ""RENT"", ""battery_voltage"": 14.399999618530273, ""in_primary_zone"": true, ""lock_engine_alert"": false, ""in_restricted_zone"": false, ""onboard_geofencing"": false, ""speed_limit_active"": true, ""lock_geo_alert_distance"": 0}"
2023-07-23 20:45:50.578,4431,858,"354616090369062",1582,"{""key"": false, ""flip"": false, ""zone"": false, ""speed"": 6.8524, ""buzzer"": 0, ""engine"": true, ""in_zone"": true, ""ignition"": true, ""latitude"": 25.93533, ""direction"": 234, ""longitude"": -80.1141232, ""gsm_signal"": 23, ""sleep_mode"": false, ""staff_mode"": false, ""fault_codes"": [], ""speed_limit"": 53, ""engine_hours"": 1433, ""idc_triggers"": [""354616090368502""], ""buzzer_active"": false, ""fuel_level_avg"": 22, ""lock_geo_alert"": false, ""operation_mode"": ""RENT"", ""battery_voltage"": 14.399999618530273, ""in_primary_zone"": true, ""lock_engine_alert"": false, ""in_restricted_zone"": false, ""onboard_geofencing"": false, ""speed_limit_active"": true, ""lock_geo_alert_distance"": 0}"
2023-07-23 20:45:49.538,4431,858,"354616090369062",1582,"{""key"": false, ""flip"": false, ""zone"": false, ""speed"": 8.1488, ""buzzer"": 0, ""engine"": true, ""in_zone"": true, ""ignition"": true, ""latitude"": 25.9353416, ""direction"": 225, ""longitude"": -80.114105, ""gsm_signal"": 24, ""sleep_mode"": false, ""staff_mode"": false, ""fault_codes"": [], ""speed_limit"": 53, ""engine_hours"": 1433, ""idc_triggers"": [""354616090368502""], ""buzzer_active"": false, ""fuel_level_avg"": 22, ""lock_geo_alert"": false, ""operation_mode"": ""RENT"", ""battery_voltage"": 14.399999618530273, ""in_primary_zone"": true, ""lock_engine_alert"": false, ""in_restricted_zone"": false, ""onboard_geofencing"": false, ""speed_limit_active"": true, ""lock_geo_alert_distance"": 0}"
2023-07-23 20:45:48.586,4431,858,"354616090369062",1582,"{""key"": false, ""flip"": false, ""zone"": false, ""speed"": 10.9268, ""buzzer"": 0, ""engine"": true, ""in_zone"": true, ""ignition"": true, ""latitude"": 25.9353566, ""direction"": 211, ""longitude"": -80.1140882, ""gsm_signal"": 22, ""sleep_mode"": false, ""staff_mode"": false, ""fault_codes"": [], ""speed_limit"": 53, ""engine_hours"": 1433, ""idc_triggers"": [""354616090368502""], ""buzzer_active"": false, ""fuel_level_avg"": 22, ""lock_geo_alert"": false, ""operation_mode"": ""RENT"", ""battery_voltage"": 14.399999618530273, ""in_primary_zone"": true, ""lock_engine_alert"": false, ""in_restricted_zone"": false, ""onboard_geofencing"": false, ""speed_limit_active"": true, ""lock_geo_alert_distance"": 0}"
2023-07-23 20:45:47.537,4431,858,"354616090369062",1582,"{""key"": false, ""flip"": false, ""zone"": false, ""speed"": 10.9268, ""buzzer"": 0, ""engine"": true, ""in_zone"": true, ""ignition"": true, ""latitude"": 25.9353783, ""direction"": 214, ""longitude"": -80.1140716, ""gsm_signal"": 22, ""sleep_mode"": false, ""staff_mode"": false, ""fault_codes"": [], ""speed_limit"": 53, ""engine_hours"": 1433, ""idc_triggers"": [""354616090368502""], ""buzzer_active"": false, ""fuel_level_avg"": 22, ""lock_geo_alert"": false, ""operation_mode"": ""RENT"", ""battery_voltage"": 14.399999618530273, ""in_primary_zone"": true, ""lock_engine_alert"": false, ""in_restricted_zone"": false, ""onboard_geofencing"": false, ""speed_limit_active"": true, ""lock_geo_alert_distance"": 0}"
2023-07-23 20:45:46.578,4431,858,"354616090369062",1582,"{""key"": false, ""flip"": false, ""zone"": false, ""speed"": 9.260000000000002, ""buzzer"": 0, ""engine"": true, ""in_zone"": true, ""ignition"": true, ""latitude"": 25.9353966, ""direction"": 214, ""longitude"": -80.1140516, ""gsm_signal"": 23, ""sleep_mode"": false, ""staff_mode"": false, ""fault_codes"": [], ""speed_limit"": 53, ""engine_hours"": 1433, ""idc_triggers"": [""354616090368502""], ""buzzer_active"": false, ""fuel_level_avg"": 22, ""lock_geo_alert"": false, ""operation_mode"": ""RENT"", ""battery_voltage"": 14.399999618530273, ""in_primary_zone"": true, ""lock_engine_alert"": false, ""in_restricted_zone"": false, ""onboard_geofencing"": false, ""speed_limit_active"": true, ""lock_geo_alert_distance"": 0}"
2023-07-23 20:45:45.538,4431,858,"354616090369062",1582,"{""key"": false, ""flip"": false, ""zone"": false, ""speed"": 9.260000000000002, ""buzzer"": 0, ""engine"": true, ""in_zone"": true, ""ignition"": true, ""latitude"": 25.935415, ""direction"": 203, ""longitude"": -80.1140366, ""gsm_signal"": 22, ""sleep_mode"": false, ""staff_mode"": false, ""fault_codes"": [], ""speed_limit"": 53, ""engine_hours"": 1433, ""idc_triggers"": [""354616090368502""], ""buzzer_active"": false, ""fuel_level_avg"": 22, ""lock_geo_alert"": false, ""operation_mode"": ""RENT"", ""battery_voltage"": 14.399999618530273, ""in_primary_zone"": true, ""lock_engine_alert"": false, ""in_restricted_zone"": false, ""onboard_geofencing"": false, ""speed_limit_active"": true, ""lock_geo_alert_distance"": 0}"
2023-07-23 20:45:44.579,4431,858,"354616090369062",1582,"{""key"": false, ""flip"": false, ""zone"": false, ""speed"": 12.2232, ""buzzer"": 0, ""engine"": true, ""in_zone"": true, ""ignition"": true, ""latitude"": 25.9354416, ""direction"": 203, ""longitude"": -80.114025, ""gsm_signal"": 20, ""sleep_mode"": false, ""staff_mode"": false, ""fault_codes"": [], ""speed_limit"": 53, ""engine_hours"": 1433, ""idc_triggers"": [""354616090368502""], ""buzzer_active"": false, ""fuel_level_avg"": 22, ""lock_geo_alert"": false, ""operation_mode"": ""RENT"", ""battery_voltage"": 14.399999618530273, ""in_primary_zone"": true, ""lock_engine_alert"": false, ""in_restricted_zone"": false, ""onboard_geofencing"": false, ""speed_limit_active"": true, ""lock_geo_alert_distance"": 0}"
2023-07-23 20:45:43.617,4431,858,"354616090369062",1582,"{""key"": false, ""flip"": false, ""zone"": false, ""speed"": 17.9644, ""buzzer"": 0, ""engine"": true, ""in_zone"": true, ""ignition"": true, ""latitude"": 25.9354783, ""direction"": 204, ""longitude"": -80.1140082, ""gsm_signal"": 22, ""sleep_mode"": false, ""staff_mode"": false, ""fault_codes"": [], ""speed_limit"": 53, ""engine_hours"": 1433, ""idc_triggers"": [""354616090368502""], ""buzzer_active"": false, ""fuel_level_avg"": 22, ""lock_geo_alert"": false, ""operation_mode"": ""RENT"", ""battery_voltage"": 14.399999618530273, ""in_primary_zone"": true, ""lock_engine_alert"": false, ""in_restricted_zone"": false, ""onboard_geofencing"": false, ""speed_limit_active"": true, ""lock_geo_alert_distance"": 0}"
2023-07-23 20:45:42.577,4431,858,"354616090369062",1582,"{""key"": false, ""flip"": false, ""zone"": false, ""speed"": 18.8904, ""buzzer"": 0, ""engine"": true, ""in_zone"": true, ""ignition"": true, ""latitude"": 25.9355216, ""direction"": 205, ""longitude"": -80.1139882, ""gsm_signal"": 23, ""sleep_mode"": false, ""staff_mode"": false, ""fault_codes"": [], ""speed_limit"": 53, ""engine_hours"": 1433, ""idc_triggers"": [""354616090368502""], ""buzzer_active"": false, ""lock_geo_alert"": false, ""operation_mode"": ""RENT"", ""battery_voltage"": 12.600000381469727, ""in_primary_zone"": true, ""lock_engine_alert"": false, ""in_restricted_zone"": false, ""onboard_geofencing"": false, ""speed_limit_active"": true, ""lock_geo_alert_distance"": 0}"
2023-07-23 20:45:42.418,4431,858,"354616090369062",1582,"{""key"": false, ""flip"": false, ""zone"": false, ""speed"": 18.8904, ""buzzer"": 0, ""engine"": true, ""in_zone"": true, ""ignition"": true, ""latitude"": 25.9355683, ""direction"": 206, ""longitude"": -80.1139666, ""gsm_signal"": 22, ""sleep_mode"": false, ""staff_mode"": false, ""fault_codes"": [], ""speed_limit"": 53, ""engine_hours"": 1433, ""idc_triggers"": [""354616090368502""], ""buzzer_active"": false, ""lock_geo_alert"": false, ""operation_mode"": ""RENT"", ""battery_voltage"": 12.600000381469727, ""in_primary_zone"": true, ""lock_engine_alert"": false, ""in_restricted_zone"": false, ""onboard_geofencing"": false, ""speed_limit_active"": true, ""lock_geo_alert_distance"": 0}"
2023-07-23 20:45:40.577,4431,858,"354616090369062",1582,"{""key"": false, ""flip"": false, ""zone"": false, ""speed"": 16.668, ""buzzer"": 0, ""engine"": true, ""in_zone"": true, ""ignition"": true, ""latitude"": 25.93561, ""direction"": 202, ""longitude"": -80.1139466, ""gsm_signal"": 20, ""sleep_mode"": false, ""staff_mode"": false, ""fault_codes"": [], ""speed_limit"": 53, ""engine_hours"": 1433, ""idc_triggers"": [""354616090368502""], ""buzzer_active"": false, ""lock_geo_alert"": false, ""operation_mode"": ""RENT"", ""battery_voltage"": 12.600000381469727, ""in_primary_zone"": true, ""lock_engine_alert"": false, ""in_restricted_zone"": false, ""onboard_geofencing"": false, ""speed_limit_active"": true, ""lock_geo_alert_distance"": 0}"
2023-07-23 20:45:39.616,4431,858,"354616090369062",1582,"{""key"": false, ""flip"": false, ""zone"": false, ""speed"": 14.815999999999999, ""buzzer"": 0, ""engine"": true, ""in_zone"": true, ""ignition"": true, ""latitude"": 25.9356483, ""direction"": 199, ""longitude"": -80.11393, ""gsm_signal"": 25, ""sleep_mode"": false, ""staff_mode"": false, ""fault_codes"": [], ""speed_limit"": 53, ""engine_hours"": 1433, ""idc_triggers"": [""354616090368502""], ""buzzer_active"": false, ""lock_geo_alert"": false, ""operation_mode"": ""RENT"", ""battery_voltage"": 12.600000381469727, ""in_primary_zone"": true, ""lock_engine_alert"": false, ""in_restricted_zone"": false, ""onboard_geofencing"": false, ""speed_limit_active"": true, ""lock_geo_alert_distance"": 0}"
2023-07-23 20:45:38.576,4431,858,"354616090369062",1582,"{""key"": false, ""flip"": false, ""zone"": false, ""speed"": 14.2604, ""buzzer"": 0, ""engine"": true, ""in_zone"": true, ""ignition"": true, ""latitude"": 25.9356833, ""direction"": 199, ""longitude"": -80.1139166, ""gsm_signal"": 25, ""sleep_mode"": false, ""staff_mode"": false, ""fault_codes"": [], ""speed_limit"": 53, ""engine_hours"": 1433, ""idc_triggers"": [""354616090368502""], ""buzzer_active"": false, ""lock_geo_alert"": false, ""operation_mode"": ""RENT"", ""battery_voltage"": 12.600000381469727, ""in_primary_zone"": true, ""lock_engine_alert"": false, ""in_restricted_zone"": false, ""onboard_geofencing"": false, ""speed_limit_active"": true, ""lock_geo_alert_distance"": 0}"
2023-07-23 20:45:37.616,4431,858,"354616090369062",1582,"{""key"": false, ""flip"": false, ""zone"": false, ""speed"": 12.5936, ""buzzer"": 0, ""engine"": true, ""in_zone"": true, ""ignition"": true, ""latitude"": 25.9357166, ""direction"": 198, ""longitude"": -80.1139032, ""gsm_signal"": 25, ""sleep_mode"": false, ""staff_mode"": false, ""fault_codes"": [], ""speed_limit"": 53, ""engine_hours"": 1433, ""idc_triggers"": [""354616090368502""], ""buzzer_active"": false, ""lock_geo_alert"": false, ""operation_mode"": ""RENT"", ""battery_voltage"": 12.600000381469727, ""in_primary_zone"": true, ""lock_engine_alert"": false, ""in_restricted_zone"": false, ""onboard_geofencing"": false, ""speed_limit_active"": true, ""lock_geo_alert_distance"": 0}"
2023-07-23 20:45:36.577,4431,858,"354616090369062",1582,"{""key"": false, ""flip"": false, ""zone"": false, ""speed"": 11.6676, ""buzzer"": 0, ""engine"": true, ""in_zone"": true, ""ignition"": true, ""latitude"": 25.9357466, ""direction"": 196, ""longitude"": -80.1138916, ""gsm_signal"": 26, ""sleep_mode"": false, ""staff_mode"": false, ""fault_codes"": [], ""speed_limit"": 54, ""engine_hours"": 1433, ""idc_triggers"": [""354616090368502""], ""buzzer_active"": false, ""lock_geo_alert"": false, ""operation_mode"": ""RENT"", ""battery_voltage"": 12.600000381469727, ""in_primary_zone"": true, ""lock_engine_alert"": false, ""in_restricted_zone"": false, ""onboard_geofencing"": false, ""speed_limit_active"": true, ""lock_geo_alert_distance"": 0}"
2023-07-23 20:45:35.616,4431,858,"354616090369062",1582,"{""key"": false, ""flip"": false, ""zone"": false, ""speed"": 12.4084, ""buzzer"": 0, ""engine"": true, ""in_zone"": true, ""ignition"": true, ""latitude"": 25.9357766, ""direction"": 202, ""longitude"": -80.11388, ""gsm_signal"": 25, ""sleep_mode"": false, ""staff_mode"": false, ""fault_codes"": [], ""speed_limit"": 54, ""engine_hours"": 1433, ""idc_triggers"": [""354616090368502""], ""buzzer_active"": false, ""lock_geo_alert"": false, ""operation_mode"": ""RENT"", ""battery_voltage"": 12.600000381469727, ""in_primary_zone"": true, ""lock_engine_alert"": false, ""in_restricted_zone"": false, ""onboard_geofencing"": false, ""speed_limit_active"": true, ""lock_geo_alert_distance"": 0}"
2023-07-23 20:45:34.576,4431,858,"354616090369062",1582,"{""key"": false, ""flip"": false, ""zone"": false, ""speed"": 11.112, ""buzzer"": 0, ""engine"": true, ""in_zone"": true, ""ignition"": true, ""latitude"": 25.9358033, ""direction"": 198, ""longitude"": -80.11387, ""gsm_signal"": 24, ""sleep_mode"": false, ""staff_mode"": false, ""fault_codes"": [], ""speed_limit"": 54, ""engine_hours"": 1433, ""idc_triggers"": [""354616090368502""], ""buzzer_active"": false, ""lock_geo_alert"": false, ""operation_mode"": ""RENT"", ""battery_voltage"": 12.600000381469727, ""in_primary_zone"": true, ""lock_engine_alert"": false, ""in_restricted_zone"": false, ""onboard_geofencing"": false, ""speed_limit_active"": true, ""lock_geo_alert_distance"": 0}"
2023-07-23 20:45:33.537,4431,858,"354616090369062",1582,"{""key"": false, ""flip"": false, ""zone"": false, ""speed"": 11.112, ""buzzer"": 0, ""engine"": true, ""in_zone"": true, ""ignition"": true, ""latitude"": 25.93583, ""direction"": 191, ""longitude"": -80.1138632, ""gsm_signal"": 26, ""sleep_mode"": false, ""staff_mode"": false, ""fault_codes"": [], ""speed_limit"": 54, ""engine_hours"": 1433, ""idc_triggers"": [""354616090368502""], ""buzzer_active"": false, ""lock_geo_alert"": false, ""operation_mode"": ""RENT"", ""battery_voltage"": 12.600000381469727, ""in_primary_zone"": true, ""lock_engine_alert"": false, ""in_restricted_zone"": false, ""onboard_geofencing"": false, ""speed_limit_active"": true, ""lock_geo_alert_distance"": 0}"
2023-07-23 20:45:32.588,4431,858,"354616090369062",1582,"{""key"": false, ""flip"": false, ""zone"": false, ""speed"": 10.186, ""buzzer"": 0, ""engine"": true, ""in_zone"": true, ""ignition"": true, ""latitude"": 25.9358533, ""direction"": 184, ""longitude"": -80.1138666, ""gsm_signal"": 25, ""sleep_mode"": false, ""staff_mode"": false, ""fault_codes"": [], ""speed_limit"": 54, ""engine_hours"": 1433, ""idc_triggers"": [""354616090368502""], ""buzzer_active"": false, ""lock_geo_alert"": false, ""operation_mode"": ""RENT"", ""battery_voltage"": 12.600000381469727, ""in_primary_zone"": true, ""lock_engine_alert"": false, ""in_restricted_zone"": false, ""onboard_geofencing"": false, ""speed_limit_active"": true, ""lock_geo_alert_distance"": 0}"
2023-07-23 20:45:31.456,4431,858,"354616090369062",1582,"{""key"": false, ""flip"": false, ""zone"": false, ""speed"": 11.6676, ""buzzer"": 0, ""engine"": true, ""in_zone"": true, ""ignition"": true, ""latitude"": 25.93588, ""direction"": 185, ""longitude"": -80.1138682, ""gsm_signal"": 26, ""sleep_mode"": false, ""staff_mode"": false, ""fault_codes"": [], ""speed_limit"": 54, ""engine_hours"": 1433, ""idc_triggers"": [""354616090368502""], ""buzzer_active"": false, ""lock_geo_alert"": false, ""operation_mode"": ""RENT"", ""battery_voltage"": 12.600000381469727, ""in_primary_zone"": true, ""lock_engine_alert"": false, ""in_restricted_zone"": false, ""onboard_geofencing"": false, ""speed_limit_active"": true, ""lock_geo_alert_distance"": 0}"
2023-07-23 20:45:30.496,4431,858,"354616090369062",1582,"{""key"": false, ""flip"": false, ""zone"": false, ""speed"": 9.8156, ""buzzer"": 0, ""engine"": true, ""in_zone"": true, ""ignition"": true, ""latitude"": 25.9359066, ""direction"": 183, ""longitude"": -80.1138666, ""gsm_signal"": 25, ""sleep_mode"": false, ""staff_mode"": false, ""fault_codes"": [], ""speed_limit"": 54, ""engine_hours"": 1433, ""idc_triggers"": [""354616090368502""], ""buzzer_active"": false, ""lock_geo_alert"": false, ""operation_mode"": ""RENT"", ""battery_voltage"": 12.600000381469727, ""in_primary_zone"": true, ""lock_engine_alert"": false, ""in_restricted_zone"": false, ""onboard_geofencing"": false, ""speed_limit_active"": true, ""lock_geo_alert_distance"": 0}"
2023-07-23 20:45:29.456,4431,858,"354616090369062",1582,"{""key"": false, ""flip"": false, ""zone"": false, ""speed"": 10.5564, ""buzzer"": 0, ""engine"": true, ""in_zone"": true, ""ignition"": true, ""latitude"": 25.9359316, ""direction"": 184, ""longitude"": -80.1138666, ""gsm_signal"": 26, ""sleep_mode"": false, ""staff_mode"": false, ""fault_codes"": [], ""speed_limit"": 54, ""engine_hours"": 1433, ""idc_triggers"": [""354616090368502""], ""buzzer_active"": false, ""lock_geo_alert"": false, ""operation_mode"": ""RENT"", ""battery_voltage"": 12.600000381469727, ""in_primary_zone"": true, ""lock_engine_alert"": false, ""in_restricted_zone"": false, ""onboard_geofencing"": false, ""speed_limit_active"": true, ""lock_geo_alert_distance"": 0}"
2023-07-23 20:45:28.497,4431,858,"354616090369062",1582,"{""key"": false, ""flip"": false, ""zone"": false, ""speed"": 10.5564, ""buzzer"": 0, ""engine"": true, ""in_zone"": true, ""ignition"": true, ""latitude"": 25.93596, ""direction"": 176, ""longitude"": -80.1138632, ""gsm_signal"": 25, ""sleep_mode"": false, ""staff_mode"": false, ""fault_codes"": [], ""speed_limit"": 56, ""engine_hours"": 1433, ""idc_triggers"": [""354616090368502""], ""buzzer_active"": false, ""lock_geo_alert"": false, ""operation_mode"": ""RENT"", ""battery_voltage"": 12.600000381469727, ""in_primary_zone"": true, ""lock_engine_alert"": false, ""in_restricted_zone"": false, ""onboard_geofencing"": false, ""speed_limit_active"": true, ""lock_geo_alert_distance"": 0}"
2023-07-23 20:45:27.459,4431,858,"354616090369062",1582,"{""key"": false, ""flip"": false, ""zone"": false, ""speed"": 10.5564, ""buzzer"": 0, ""engine"": true, ""in_zone"": true, ""ignition"": true, ""latitude"": 25.9359866, ""direction"": 184, ""longitude"": -80.1138632, ""gsm_signal"": 26, ""sleep_mode"": false, ""staff_mode"": false, ""fault_codes"": [], ""speed_limit"": 56, ""engine_hours"": 1433, ""idc_triggers"": [""354616090368502""], ""buzzer_active"": false, ""lock_geo_alert"": false, ""operation_mode"": ""RENT"", ""battery_voltage"": 12.600000381469727, ""in_primary_zone"": true, ""lock_engine_alert"": false, ""in_restricted_zone"": false, ""onboard_geofencing"": false, ""speed_limit_active"": true, ""lock_geo_alert_distance"": 0}"
2023-07-23 20:45:26.497,4431,858,"354616090369062",1582,"{""key"": false, ""flip"": false, ""zone"": false, ""speed"": 9.0748, ""buzzer"": 0, ""engine"": true, ""in_zone"": true, ""ignition"": true, ""latitude"": 25.9360116, ""direction"": 179, ""longitude"": -80.1138616, ""gsm_signal"": 24, ""sleep_mode"": false, ""staff_mode"": false, ""fault_codes"": [], ""speed_limit"": 56, ""engine_hours"": 1433, ""idc_triggers"": [""354616090368502""], ""buzzer_active"": false, ""lock_geo_alert"": false, ""operation_mode"": ""RENT"", ""battery_voltage"": 12.600000381469727, ""in_primary_zone"": true, ""lock_engine_alert"": false, ""in_restricted_zone"": false, ""onboard_geofencing"": false, ""speed_limit_active"": true, ""lock_geo_alert_distance"": 0}"
2023-07-23 20:45:25.457,4431,858,"354616090369062",1582,"{""key"": false, ""flip"": false, ""zone"": false, ""speed"": 9.0748, ""buzzer"": 0, ""engine"": true, ""in_zone"": true, ""ignition"": true, ""latitude"": 25.9360333, ""direction"": 179, ""longitude"": -80.1138632, ""gsm_signal"": 25, ""sleep_mode"": false, ""staff_mode"": false, ""fault_codes"": [], ""speed_limit"": 56, ""engine_hours"": 1433, ""idc_triggers"": [""354616090368502""], ""buzzer_active"": false, ""lock_geo_alert"": false, ""operation_mode"": ""RENT"", ""battery_voltage"": 12.600000381469727, ""in_primary_zone"": true, ""lock_engine_alert"": false, ""in_restricted_zone"": false, ""onboard_geofencing"": false, ""speed_limit_active"": true, ""lock_geo_alert_distance"": 0}"
2023-07-23 20:45:24.497,4431,858,"354616090369062",1582,"{""key"": false, ""flip"": false, ""zone"": false, ""speed"": 8.519200000000001, ""buzzer"": 0, ""engine"": true, ""in_zone"": true, ""ignition"": true, ""latitude"": 25.9360516, ""direction"": 175, ""longitude"": -80.1138632, ""gsm_signal"": 24, ""sleep_mode"": false, ""staff_mode"": false, ""fault_codes"": [], ""speed_limit"": 56, ""engine_hours"": 1433, ""idc_triggers"": [""354616090368502""], ""buzzer_active"": false, ""lock_geo_alert"": false, ""operation_mode"": ""RENT"", ""battery_voltage"": 12.600000381469727, ""in_primary_zone"": true, ""lock_engine_alert"": false, ""in_restricted_zone"": false, ""onboard_geofencing"": false, ""speed_limit_active"": true, ""lock_geo_alert_distance"": 0}"
2023-07-23 20:45:23.457,4431,858,"354616090369062",1582,"{""key"": false, ""flip"": false, ""zone"": false, ""speed"": 7.5932, ""buzzer"": 0, ""engine"": true, ""in_zone"": true, ""ignition"": true, ""latitude"": 25.9360733, ""direction"": 175, ""longitude"": -80.1138632, ""gsm_signal"": 24, ""sleep_mode"": false, ""staff_mode"": false, ""fault_codes"": [], ""speed_limit"": 56, ""engine_hours"": 1433, ""idc_triggers"": [""354616090368502""], ""buzzer_active"": false, ""lock_geo_alert"": false, ""operation_mode"": ""RENT"", ""battery_voltage"": 12.600000381469727, ""in_primary_zone"": true, ""lock_engine_alert"": false, ""in_restricted_zone"": false, ""onboard_geofencing"": false, ""speed_limit_active"": true, ""lock_geo_alert_distance"": 0}"
2023-07-23 20:45:22.497,4431,858,"354616090369062",1582,"{""key"": false, ""flip"": false, ""zone"": false, ""speed"": 6.2968, ""buzzer"": 0, ""engine"": true, ""in_zone"": true, ""ignition"": true, ""latitude"": 25.9360916, ""direction"": 177, ""longitude"": -80.1138632, ""gsm_signal"": 24, ""sleep_mode"": false, ""staff_mode"": false, ""fault_codes"": [], ""speed_limit"": 70, ""engine_hours"": 1433, ""idc_triggers"": [""354616090368502""], ""buzzer_active"": false, ""lock_geo_alert"": false, ""operation_mode"": ""RENT"", ""battery_voltage"": 12.600000381469727, ""in_primary_zone"": true, ""lock_engine_alert"": false, ""in_restricted_zone"": false, ""onboard_geofencing"": false, ""speed_limit_active"": true, ""lock_geo_alert_distance"": 0}"
2023-07-23 20:45:21.456,4431,858,"354616090369062",1582,"{""key"": false, ""flip"": false, ""zone"": false, ""speed"": 7.0376, ""buzzer"": 0, ""engine"": true, ""in_zone"": true, ""ignition"": true, ""latitude"": 25.93611, ""direction"": 191, ""longitude"": -80.1138616, ""gsm_signal"": 23, ""sleep_mode"": false, ""staff_mode"": false, ""fault_codes"": [], ""speed_limit"": 70, ""engine_hours"": 1433, ""idc_triggers"": [""354616090368502""], ""buzzer_active"": false, ""lock_geo_alert"": false, ""operation_mode"": ""RENT"", ""battery_voltage"": 12.600000381469727, ""in_primary_zone"": true, ""lock_engine_alert"": false, ""in_restricted_zone"": false, ""onboard_geofencing"": false, ""speed_limit_active"": true, ""lock_geo_alert_distance"": 0}"
2023-07-23 20:45:20.497,4431,858,"354616090369062",1582,"{""key"": false, ""flip"": false, ""zone"": false, ""speed"": 7.5932, ""buzzer"": 0, ""engine"": true, ""in_zone"": true, ""ignition"": true, ""latitude"": 25.9361283, ""direction"": 192, ""longitude"": -80.1138582, ""gsm_signal"": 24, ""sleep_mode"": false, ""staff_mode"": false, ""fault_codes"": [], ""speed_limit"": 70, ""engine_hours"": 1433, ""idc_triggers"": [""354616090368502""], ""buzzer_active"": false, ""lock_geo_alert"": false, ""operation_mode"": ""RENT"", ""battery_voltage"": 12.600000381469727, ""in_primary_zone"": true, ""lock_engine_alert"": false, ""in_restricted_zone"": false, ""onboard_geofencing"": false, ""speed_limit_active"": true, ""lock_geo_alert_distance"": 0}"
2023-07-23 20:45:19.616,4431,858,"354616090369062",1582,"{""key"": false, ""flip"": false, ""zone"": false, ""speed"": 7.5932, ""buzzer"": 0, ""engine"": true, ""in_zone"": true, ""ignition"": true, ""latitude"": 25.9361466, ""direction"": 190, ""longitude"": -80.1138516, ""gsm_signal"": 25, ""sleep_mode"": false, ""staff_mode"": false, ""fault_codes"": [], ""speed_limit"": 70, ""engine_hours"": 1433, ""idc_triggers"": [""354616090368502""], ""buzzer_active"": false, ""lock_geo_alert"": false, ""operation_mode"": ""RENT"", ""battery_voltage"": 12.600000381469727, ""in_primary_zone"": true, ""lock_engine_alert"": false, ""in_restricted_zone"": false, ""onboard_geofencing"": false, ""speed_limit_active"": true, ""lock_geo_alert_distance"": 0}"
2023-07-23 20:45:18.577,4431,858,"354616090369062",1582,"{""key"": false, ""flip"": false, ""zone"": false, ""speed"": 6.8524, ""buzzer"": 0, ""engine"": true, ""in_zone"": true, ""ignition"": true, ""latitude"": 25.9361633, ""direction"": 191, ""longitude"": -80.1138482, ""gsm_signal"": 24, ""sleep_mode"": false, ""staff_mode"": false, ""fault_codes"": [], ""speed_limit"": 70, ""engine_hours"": 1433, ""idc_triggers"": [""354616090368502""], ""buzzer_active"": false, ""lock_geo_alert"": false, ""operation_mode"": ""RENT"", ""battery_voltage"": 12.600000381469727, ""in_primary_zone"": true, ""lock_engine_alert"": false, ""in_restricted_zone"": false, ""onboard_geofencing"": false, ""speed_limit_active"": true, ""lock_geo_alert_distance"": 0}"
2023-07-23 20:45:17.617,4431,858,"354616090369062",1582,"{""key"": false, ""flip"": false, ""zone"": false, ""speed"": 7.5932, ""buzzer"": 0, ""engine"": true, ""in_zone"": true, ""ignition"": true, ""latitude"": 25.9361833, ""direction"": 190, ""longitude"": -80.1138432, ""gsm_signal"": 25, ""sleep_mode"": false, ""staff_mode"": false, ""fault_codes"": [], ""speed_limit"": 70, ""engine_hours"": 1433, ""idc_triggers"": [""354616090368502""], ""buzzer_active"": false, ""lock_geo_alert"": false, ""operation_mode"": ""RENT"", ""battery_voltage"": 12.600000381469727, ""in_primary_zone"": true, ""lock_engine_alert"": false, ""in_restricted_zone"": false, ""onboard_geofencing"": false, ""speed_limit_active"": true, ""lock_geo_alert_distance"": 0}"
2023-07-23 20:45:16.576,4431,858,"354616090369062",1582,"{""key"": false, ""flip"": false, ""zone"": false, ""speed"": 6.482000000000001, ""buzzer"": 0, ""engine"": true, ""in_zone"": true, ""ignition"": true, ""latitude"": 25.9362, ""direction"": 190, ""longitude"": -80.1138366, ""gsm_signal"": 25, ""sleep_mode"": false, ""staff_mode"": false, ""fault_codes"": [], ""speed_limit"": 70, ""engine_hours"": 1433, ""idc_triggers"": [""354616090368502""], ""buzzer_active"": false, ""lock_geo_alert"": false, ""operation_mode"": ""RENT"", ""battery_voltage"": 12.600000381469727, ""in_primary_zone"": true, ""lock_engine_alert"": false, ""in_restricted_zone"": false, ""onboard_geofencing"": false, ""speed_limit_active"": true, ""lock_geo_alert_distance"": 0}"
2023-07-23 20:45:15.630,4431,858,"354616090369062",1582,"{""key"": false, ""flip"": false, ""zone"": false, ""speed"": 6.1116, ""buzzer"": 0, ""engine"": true, ""in_zone"": true, ""ignition"": true, ""latitude"": 25.9362183, ""direction"": 196, ""longitude"": -80.113835, ""gsm_signal"": 26, ""sleep_mode"": false, ""staff_mode"": false, ""fault_codes"": [], ""speed_limit"": 70, ""engine_hours"": 1433, ""idc_triggers"": [""354616090368502""], ""buzzer_active"": false, ""lock_geo_alert"": false, ""operation_mode"": ""RENT"", ""battery_voltage"": 12.600000381469727, ""in_primary_zone"": true, ""lock_engine_alert"": false, ""in_restricted_zone"": false, ""onboard_geofencing"": false, ""speed_limit_active"": true, ""lock_geo_alert_distance"": 0}"
2023-07-23 20:45:14.577,4431,858,"354616090369062",1582,"{""key"": false, ""flip"": false, ""zone"": false, ""speed"": 4.630000000000001, ""buzzer"": 0, ""engine"": true, ""in_zone"": true, ""ignition"": true, ""latitude"": 25.9362316, ""direction"": 201, ""longitude"": -80.1138316, ""gsm_signal"": 26, ""sleep_mode"": false, ""staff_mode"": false, ""fault_codes"": [], ""speed_limit"": 70, ""engine_hours"": 1433, ""idc_triggers"": [""354616090368502""], ""buzzer_active"": false, ""lock_geo_alert"": false, ""operation_mode"": ""RENT"", ""battery_voltage"": 12.600000381469727, ""in_primary_zone"": true, ""lock_engine_alert"": false, ""in_restricted_zone"": false, ""onboard_geofencing"": false, ""speed_limit_active"": true, ""lock_geo_alert_distance"": 0}"
2023-07-23 20:45:13.617,4431,858,"354616090369062",1582,"{""key"": false, ""flip"": false, ""zone"": false, ""speed"": 5.000400000000001, ""buzzer"": 0, ""engine"": true, ""in_zone"": true, ""ignition"": true, ""latitude"": 25.9362383, ""direction"": 214, ""longitude"": -80.1138266, ""gsm_signal"": 25, ""sleep_mode"": false, ""staff_mode"": false, ""fault_codes"": [], ""speed_limit"": 70, ""engine_hours"": 1433, ""idc_triggers"": [""354616090368502""], ""buzzer_active"": false, ""lock_geo_alert"": false, ""operation_mode"": ""RENT"", ""battery_voltage"": 12.600000381469727, ""in_primary_zone"": true, ""lock_engine_alert"": false, ""in_restricted_zone"": false, ""onboard_geofencing"": false, ""speed_limit_active"": true, ""lock_geo_alert_distance"": 0}"
2023-07-23 20:45:12.576,4431,858,"354616090369062",1582,"{""key"": false, ""flip"": false, ""zone"": false, ""speed"": 4.4448, ""buzzer"": 0, ""engine"": true, ""in_zone"": true, ""ignition"": true, ""latitude"": 25.9362483, ""direction"": 203, ""longitude"": -80.1138216, ""gsm_signal"": 23, ""sleep_mode"": false, ""staff_mode"": false, ""fault_codes"": [], ""speed_limit"": 70, ""engine_hours"": 1433, ""idc_triggers"": [""354616090368502""], ""buzzer_active"": false, ""lock_geo_alert"": false, ""operation_mode"": ""RENT"", ""battery_voltage"": 12.600000381469727, ""in_primary_zone"": true, ""lock_engine_alert"": false, ""in_restricted_zone"": false, ""onboard_geofencing"": false, ""speed_limit_active"": true, ""lock_geo_alert_distance"": 0}"
2023-07-23 20:45:11.617,4431,858,"354616090369062",1582,"{""key"": false, ""flip"": false, ""zone"": false, ""speed"": 5.741200000000001, ""buzzer"": 0, ""engine"": true, ""in_zone"": true, ""ignition"": true, ""latitude"": 25.9362583, ""direction"": 210, ""longitude"": -80.113815, ""gsm_signal"": 24, ""sleep_mode"": false, ""staff_mode"": false, ""fault_codes"": [], ""speed_limit"": 70, ""engine_hours"": 1433, ""idc_triggers"": [""354616090368502""], ""buzzer_active"": false, ""lock_geo_alert"": false, ""operation_mode"": ""RENT"", ""battery_voltage"": 12.600000381469727, ""in_primary_zone"": true, ""lock_engine_alert"": false, ""in_restricted_zone"": false, ""onboard_geofencing"": false, ""speed_limit_active"": true, ""lock_geo_alert_distance"": 0}"
2023-07-23 20:45:10.576,4431,858,"354616090369062",1582,"{""key"": false, ""flip"": false, ""zone"": false, ""speed"": 6.482000000000001, ""buzzer"": 0, ""engine"": true, ""in_zone"": true, ""ignition"": true, ""latitude"": 25.9362733, ""direction"": 194, ""longitude"": -80.1138082, ""gsm_signal"": 23, ""sleep_mode"": false, ""staff_mode"": false, ""fault_codes"": [], ""speed_limit"": 70, ""engine_hours"": 1433, ""idc_triggers"": [""354616090368502""], ""buzzer_active"": false, ""lock_geo_alert"": false, ""operation_mode"": ""RENT"", ""battery_voltage"": 12.600000381469727, ""in_primary_zone"": true, ""lock_engine_alert"": false, ""in_restricted_zone"": false, ""onboard_geofencing"": false, ""speed_limit_active"": true, ""lock_geo_alert_distance"": 0}"
2023-07-23 20:45:09.616,4431,858,"354616090369062",1582,"{""key"": false, ""flip"": false, ""zone"": false, ""speed"": 7.0376, ""buzzer"": 0, ""engine"": true, ""in_zone"": true, ""ignition"": true, ""latitude"": 25.9362866, ""direction"": 198, ""longitude"": -80.1138016, ""gsm_signal"": 23, ""sleep_mode"": false, ""staff_mode"": false, ""fault_codes"": [], ""speed_limit"": 70, ""engine_hours"": 1433, ""idc_triggers"": [""354616090368502""], ""buzzer_active"": false, ""lock_geo_alert"": false, ""operation_mode"": ""RENT"", ""battery_voltage"": 12.600000381469727, ""in_primary_zone"": true, ""lock_engine_alert"": false, ""in_restricted_zone"": false, ""onboard_geofencing"": false, ""speed_limit_active"": true, ""lock_geo_alert_distance"": 0}"
2023-07-23 20:45:08.576,4431,858,"354616090369062",1582,"{""key"": false, ""flip"": false, ""zone"": false, ""speed"": 6.1116, ""buzzer"": 0, ""engine"": true, ""in_zone"": true, ""ignition"": true, ""latitude"": 25.9363033, ""direction"": 192, ""longitude"": -80.113795, ""gsm_signal"": 25, ""sleep_mode"": false, ""staff_mode"": false, ""fault_codes"": [], ""speed_limit"": 70, ""engine_hours"": 1433, ""idc_triggers"": [""354616090368502""], ""buzzer_active"": false, ""lock_geo_alert"": false, ""operation_mode"": ""RENT"", ""battery_voltage"": 12.600000381469727, ""in_primary_zone"": true, ""lock_engine_alert"": false, ""in_restricted_zone"": false, ""onboard_geofencing"": false, ""speed_limit_active"": true, ""lock_geo_alert_distance"": 0}"
2023-07-23 20:45:07.616,4431,858,"354616090369062",1582,"{""key"": false, ""flip"": false, ""zone"": false, ""speed"": 5.741200000000001, ""buzzer"": 0, ""engine"": true, ""in_zone"": true, ""ignition"": true, ""latitude"": 25.936315, ""direction"": 191, ""longitude"": -80.1137932, ""gsm_signal"": 25, ""sleep_mode"": false, ""staff_mode"": false, ""fault_codes"": [], ""speed_limit"": 70, ""engine_hours"": 1433, ""idc_triggers"": [""354616090368502""], ""buzzer_active"": false, ""lock_geo_alert"": false, ""operation_mode"": ""RENT"", ""battery_voltage"": 12.600000381469727, ""in_primary_zone"": true, ""lock_engine_alert"": false, ""in_restricted_zone"": false, ""onboard_geofencing"": false, ""speed_limit_active"": true, ""lock_geo_alert_distance"": 0}"
2023-07-23 20:45:06.588,4431,858,"354616090369062",1582,"{""key"": false, ""flip"": false, ""zone"": false, ""speed"": 5.741200000000001, ""buzzer"": 0, ""engine"": true, ""in_zone"": true, ""ignition"": true, ""latitude"": 25.93633, ""direction"": 186, ""longitude"": -80.11379, ""gsm_signal"": 26, ""sleep_mode"": false, ""staff_mode"": false, ""fault_codes"": [], ""speed_limit"": 0, ""engine_hours"": 1433, ""idc_triggers"": [""354616090368502""], ""buzzer_active"": false, ""lock_geo_alert"": false, ""operation_mode"": ""RENT"", ""battery_voltage"": 12.600000381469727, ""in_primary_zone"": true, ""lock_engine_alert"": false, ""in_restricted_zone"": false, ""onboard_geofencing"": false, ""speed_limit_active"": true, ""lock_geo_alert_distance"": 0}"
2023-07-23 20:45:05.617,4431,858,"354616090369062",1582,"{""key"": false, ""flip"": false, ""zone"": false, ""speed"": 3.8892, ""buzzer"": 0, ""engine"": true, ""in_zone"": true, ""ignition"": true, ""latitude"": 25.9363416, ""direction"": 190, ""longitude"": -80.1137882, ""gsm_signal"": 25, ""sleep_mode"": false, ""staff_mode"": true, ""fault_codes"": [], ""speed_limit"": 0, ""engine_hours"": 1433, ""idc_triggers"": [], ""buzzer_active"": false, ""lock_geo_alert"": false, ""operation_mode"": ""MASTER"", ""battery_voltage"": 12.600000381469727, ""in_primary_zone"": true, ""lock_engine_alert"": false, ""in_restricted_zone"": false, ""onboard_geofencing"": false, ""speed_limit_active"": false, ""lock_geo_alert_distance"": 0}"
2023-07-23 20:45:04.577,4431,858,"354616090369062",1582,"{""key"": false, ""flip"": false, ""zone"": false, ""speed"": 5.741200000000001, ""buzzer"": 0, ""engine"": true, ""in_zone"": true, ""ignition"": true, ""latitude"": 25.9363516, ""direction"": 178, ""longitude"": -80.1137866, ""gsm_signal"": 24, ""sleep_mode"": false, ""staff_mode"": true, ""fault_codes"": [], ""speed_limit"": 0, ""engine_hours"": 1433, ""idc_triggers"": [], ""buzzer_active"": false, ""lock_geo_alert"": false, ""operation_mode"": ""MASTER"", ""battery_voltage"": 12.600000381469727, ""in_primary_zone"": true, ""lock_engine_alert"": false, ""in_restricted_zone"": false, ""onboard_geofencing"": false, ""speed_limit_active"": false, ""lock_geo_alert_distance"": 0}"
2023-07-23 20:45:03.616,4431,858,"354616090369062",1582,"{""key"": false, ""flip"": false, ""zone"": false, ""speed"": 7.0376, ""buzzer"": 0, ""engine"": true, ""in_zone"": true, ""ignition"": true, ""latitude"": 25.9363666, ""direction"": 183, ""longitude"": -80.113785, ""gsm_signal"": 25, ""sleep_mode"": false, ""staff_mode"": true, ""fault_codes"": [], ""speed_limit"": 0, ""engine_hours"": 1433, ""idc_triggers"": [], ""buzzer_active"": false, ""lock_geo_alert"": false, ""operation_mode"": ""MASTER"", ""battery_voltage"": 12.600000381469727, ""in_primary_zone"": true, ""lock_engine_alert"": false, ""in_restricted_zone"": false, ""onboard_geofencing"": false, ""speed_limit_active"": false, ""lock_geo_alert_distance"": 0}"
2023-07-23 20:45:02.591,4431,858,"354616090369062",1582,"{""key"": false, ""flip"": false, ""zone"": false, ""speed"": 7.222800000000001, ""buzzer"": 0, ""engine"": true, ""in_zone"": true, ""ignition"": true, ""latitude"": 25.9363833, ""direction"": 181, ""longitude"": -80.1137832, ""gsm_signal"": 25, ""sleep_mode"": false, ""staff_mode"": true, ""fault_codes"": [], ""speed_limit"": 0, ""engine_hours"": 1433, ""idc_triggers"": [], ""buzzer_active"": false, ""lock_geo_alert"": false, ""operation_mode"": ""MASTER"", ""battery_voltage"": 12.600000381469727, ""in_primary_zone"": true, ""lock_engine_alert"": false, ""in_restricted_zone"": false, ""onboard_geofencing"": false, ""speed_limit_active"": false, ""lock_geo_alert_distance"": 0}"
2023-07-23 20:45:01.617,4431,858,"354616090369062",1582,"{""key"": false, ""flip"": false, ""zone"": false, ""speed"": 6.8524, ""buzzer"": 0, ""engine"": true, ""in_zone"": true, ""ignition"": true, ""latitude"": 25.9364, ""direction"": 183, ""longitude"": -80.1137816, ""gsm_signal"": 24, ""sleep_mode"": false, ""staff_mode"": true, ""fault_codes"": [], ""speed_limit"": 0, ""engine_hours"": 1433, ""idc_triggers"": [], ""buzzer_active"": false, ""lock_geo_alert"": false, ""operation_mode"": ""MASTER"", ""battery_voltage"": 12.600000381469727, ""in_primary_zone"": true, ""lock_engine_alert"": false, ""in_restricted_zone"": false, ""onboard_geofencing"": false, ""speed_limit_active"": false, ""lock_geo_alert_distance"": 0}"
2023-07-23 20:45:00.577,4431,858,"354616090369062",1582,"{""key"": false, ""flip"": false, ""zone"": false, ""speed"": 6.667199999999999, ""buzzer"": 0, ""engine"": true, ""in_zone"": true, ""ignition"": true, ""latitude"": 25.9364166, ""direction"": 181, ""longitude"": -80.1137816, ""gsm_signal"": 24, ""sleep_mode"": false, ""staff_mode"": true, ""fault_codes"": [], ""speed_limit"": 0, ""engine_hours"": 1433, ""idc_triggers"": [], ""buzzer_active"": false, ""lock_geo_alert"": false, ""operation_mode"": ""MASTER"", ""battery_voltage"": 12.600000381469727, ""in_primary_zone"": true, ""lock_engine_alert"": false, ""in_restricted_zone"": false, ""onboard_geofencing"": false, ""speed_limit_active"": false, ""lock_geo_alert_distance"": 0}"
2023-07-23 20:44:59.616,4431,858,"354616090369062",1582,"{""key"": false, ""flip"": false, ""zone"": false, ""speed"": 7.963600000000001, ""buzzer"": 0, ""engine"": true, ""in_zone"": true, ""ignition"": true, ""latitude"": 25.9364366, ""direction"": 182, ""longitude"": -80.1137816, ""gsm_signal"": 24, ""sleep_mode"": false, ""staff_mode"": true, ""fault_codes"": [], ""speed_limit"": 0, ""engine_hours"": 1433, ""idc_triggers"": [], ""buzzer_active"": false, ""lock_geo_alert"": false, ""operation_mode"": ""MASTER"", ""battery_voltage"": 12.600000381469727, ""in_primary_zone"": true, ""lock_engine_alert"": false, ""in_restricted_zone"": false, ""onboard_geofencing"": false, ""speed_limit_active"": false, ""lock_geo_alert_distance"": 0}"
2023-07-23 20:44:58.656,4431,858,"354616090369062",1582,"{""key"": false, ""flip"": false, ""zone"": false, ""speed"": 6.8524, ""buzzer"": 0, ""engine"": true, ""in_zone"": true, ""ignition"": true, ""latitude"": 25.936455, ""direction"": 176, ""longitude"": -80.1137832, ""gsm_signal"": 24, ""sleep_mode"": false, ""staff_mode"": true, ""fault_codes"": [], ""speed_limit"": 0, ""engine_hours"": 1433, ""idc_triggers"": [], ""buzzer_active"": false, ""lock_geo_alert"": false, ""operation_mode"": ""MASTER"", ""battery_voltage"": 12.600000381469727, ""in_primary_zone"": true, ""lock_engine_alert"": false, ""in_restricted_zone"": false, ""onboard_geofencing"": false, ""speed_limit_active"": false, ""lock_geo_alert_distance"": 0}"
2023-07-23 20:44:57.617,4431,858,"354616090369062",1582,"{""key"": false, ""flip"": false, ""zone"": false, ""speed"": 6.667199999999999, ""buzzer"": 0, ""engine"": true, ""in_zone"": true, ""ignition"": true, ""latitude"": 25.9364733, ""direction"": 173, ""longitude"": -80.113785, ""gsm_signal"": 24, ""sleep_mode"": false, ""staff_mode"": true, ""fault_codes"": [], ""speed_limit"": 0, ""engine_hours"": 1433, ""idc_triggers"": [], ""buzzer_active"": false, ""lock_geo_alert"": false, ""operation_mode"": ""MASTER"", ""battery_voltage"": 12.600000381469727, ""in_primary_zone"": true, ""lock_engine_alert"": false, ""in_restricted_zone"": false, ""onboard_geofencing"": false, ""speed_limit_active"": false, ""lock_geo_alert_distance"": 0}"
2023-07-23 20:44:56.657,4431,858,"354616090369062",1582,"{""key"": false, ""flip"": false, ""zone"": false, ""speed"": 5.9264, ""buzzer"": 0, ""engine"": true, ""in_zone"": true, ""ignition"": true, ""latitude"": 25.93649, ""direction"": 178, ""longitude"": -80.1137866, ""gsm_signal"": 23, ""sleep_mode"": false, ""staff_mode"": true, ""fault_codes"": [], ""speed_limit"": 0, ""engine_hours"": 1433, ""idc_triggers"": [], ""buzzer_active"": false, ""lock_geo_alert"": false, ""operation_mode"": ""MASTER"", ""battery_voltage"": 12.600000381469727, ""in_primary_zone"": true, ""lock_engine_alert"": false, ""in_restricted_zone"": false, ""onboard_geofencing"": false, ""speed_limit_active"": false, ""lock_geo_alert_distance"": 0}"
2023-07-23 20:44:55.696,4431,858,"354616090369062",1582,"{""key"": false, ""flip"": false, ""zone"": false, ""speed"": 6.1116, ""buzzer"": 0, ""engine"": true, ""in_zone"": true, ""ignition"": true, ""latitude"": 25.9365033, ""direction"": 185, ""longitude"": -80.1137882, ""gsm_signal"": 25, ""sleep_mode"": false, ""staff_mode"": true, ""fault_codes"": [], ""speed_limit"": 0, ""engine_hours"": 1433, ""idc_triggers"": [], ""buzzer_active"": false, ""lock_geo_alert"": false, ""operation_mode"": ""MASTER"", ""battery_voltage"": 12.600000381469727, ""in_primary_zone"": true, ""lock_engine_alert"": false, ""in_restricted_zone"": false, ""onboard_geofencing"": false, ""speed_limit_active"": false, ""lock_geo_alert_distance"": 0}"
2023-07-23 20:44:54.667,4431,858,"354616090369062",1582,"{""key"": false, ""flip"": false, ""zone"": false, ""speed"": 6.1116, ""buzzer"": 0, ""engine"": true, ""in_zone"": true, ""ignition"": true, ""latitude"": 25.936515, ""direction"": 191, ""longitude"": -80.113785, ""gsm_signal"": 24, ""sleep_mode"": false, ""staff_mode"": true, ""fault_codes"": [], ""speed_limit"": 0, ""engine_hours"": 1433, ""idc_triggers"": [], ""buzzer_active"": false, ""lock_geo_alert"": false, ""operation_mode"": ""MASTER"", ""battery_voltage"": 12.600000381469727, ""in_primary_zone"": true, ""lock_engine_alert"": false, ""in_restricted_zone"": false, ""onboard_geofencing"": false, ""speed_limit_active"": false, ""lock_geo_alert_distance"": 0}"
2023-07-23 20:44:53.707,4431,858,"354616090369062",1582,"{""key"": false, ""flip"": false, ""zone"": false, ""speed"": 4.630000000000001, ""buzzer"": 0, ""engine"": true, ""in_zone"": true, ""ignition"": true, ""latitude"": 25.93653, ""direction"": 188, ""longitude"": -80.1137832, ""gsm_signal"": 24, ""sleep_mode"": false, ""staff_mode"": true, ""fault_codes"": [], ""speed_limit"": 0, ""engine_hours"": 1433, ""idc_triggers"": [], ""buzzer_active"": false, ""lock_geo_alert"": false, ""operation_mode"": ""MASTER"", ""battery_voltage"": 12.600000381469727, ""in_primary_zone"": true, ""lock_engine_alert"": false, ""in_restricted_zone"": false, ""onboard_geofencing"": false, ""speed_limit_active"": false, ""lock_geo_alert_distance"": 0}"
2023-07-23 20:44:52.737,4431,858,"354616090369062",1582,"{""key"": false, ""flip"": false, ""zone"": false, ""speed"": 4.4448, ""buzzer"": 0, ""engine"": true, ""in_zone"": true, ""ignition"": true, ""latitude"": 25.93654, ""direction"": 209, ""longitude"": -80.11378, ""gsm_signal"": 25, ""sleep_mode"": false, ""staff_mode"": true, ""fault_codes"": [], ""speed_limit"": 0, ""engine_hours"": 1433, ""idc_triggers"": [], ""buzzer_active"": false, ""lock_geo_alert"": false, ""operation_mode"": ""MASTER"", ""battery_voltage"": 12.600000381469727, ""in_primary_zone"": true, ""lock_engine_alert"": false, ""in_restricted_zone"": false, ""onboard_geofencing"": false, ""speed_limit_active"": false, ""lock_geo_alert_distance"": 0}"
2023-07-23 20:44:51.707,4431,858,"354616090369062",1582,"{""key"": false, ""flip"": false, ""zone"": false, ""speed"": 3.5188, ""buzzer"": 0, ""engine"": true, ""in_zone"": true, ""ignition"": true, ""latitude"": 25.9365516, ""direction"": 354, ""longitude"": -80.1137716, ""gsm_signal"": 25, ""sleep_mode"": false, ""staff_mode"": true, ""fault_codes"": [], ""speed_limit"": 0, ""engine_hours"": 1433, ""idc_triggers"": [], ""buzzer_active"": false, ""lock_geo_alert"": false, ""operation_mode"": ""MASTER"", ""battery_voltage"": 12.600000381469727, ""in_primary_zone"": true, ""lock_engine_alert"": false, ""in_restricted_zone"": false, ""onboard_geofencing"": false, ""speed_limit_active"": false, ""lock_geo_alert_distance"": 0}"
2023-07-23 20:44:50.576,4431,858,"354616090369062",1582,"{""key"": false, ""flip"": false, ""zone"": false, ""speed"": 3.1484, ""buzzer"": 0, ""engine"": true, ""in_zone"": true, ""ignition"": true, ""latitude"": 25.93656, ""direction"": 354, ""longitude"": -80.113765, ""gsm_signal"": 23, ""sleep_mode"": false, ""staff_mode"": true, ""fault_codes"": [], ""speed_limit"": 0, ""engine_hours"": 1433, ""idc_triggers"": [], ""buzzer_active"": false, ""lock_geo_alert"": false, ""operation_mode"": ""MASTER"", ""battery_voltage"": 12.600000381469727, ""in_primary_zone"": true, ""lock_engine_alert"": false, ""in_restricted_zone"": false, ""onboard_geofencing"": false, ""speed_limit_active"": false, ""lock_geo_alert_distance"": 0}"
2023-07-23 20:44:49.617,4431,858,"354616090369062",1582,"{""key"": false, ""flip"": false, ""zone"": false, ""speed"": 2.9632, ""buzzer"": 0, ""engine"": true, ""in_zone"": true, ""ignition"": true, ""latitude"": 25.93657, ""direction"": 354, ""longitude"": -80.113775, ""gsm_signal"": 24, ""sleep_mode"": false, ""staff_mode"": true, ""fault_codes"": [], ""speed_limit"": 0, ""engine_hours"": 1433, ""idc_triggers"": [], ""buzzer_active"": false, ""lock_geo_alert"": false, ""operation_mode"": ""MASTER"", ""battery_voltage"": 12.600000381469727, ""in_primary_zone"": true, ""lock_engine_alert"": false, ""in_restricted_zone"": false, ""onboard_geofencing"": false, ""speed_limit_active"": false, ""lock_geo_alert_distance"": 0}"
2023-07-23 20:44:48.576,4431,858,"354616090369062",1582,"{""key"": false, ""flip"": false, ""zone"": false, ""speed"": 0.0, ""buzzer"": 0, ""engine"": true, ""in_zone"": true, ""ignition"": true, ""latitude"": 25.93657, ""direction"": 354, ""longitude"": -80.113775, ""gsm_signal"": 24, ""sleep_mode"": false, ""staff_mode"": true, ""fault_codes"": [], ""speed_limit"": 0, ""engine_hours"": 1433, ""idc_triggers"": [], ""buzzer_active"": false, ""lock_geo_alert"": false, ""operation_mode"": ""MASTER"", ""battery_voltage"": 12.600000381469727, ""in_primary_zone"": true, ""lock_engine_alert"": false, ""in_restricted_zone"": false, ""onboard_geofencing"": false, ""speed_limit_active"": false, ""lock_geo_alert_distance"": 0}"
2023-07-23 20:44:47.715,4431,858,"354616090369062",1582,"{""key"": false, ""flip"": false, ""zone"": false, ""speed"": 0.0, ""buzzer"": 0, ""engine"": true, ""in_zone"": true, ""ignition"": true, ""latitude"": 25.93657, ""direction"": 354, ""longitude"": -80.113775, ""gsm_signal"": 24, ""sleep_mode"": false, ""staff_mode"": true, ""fault_codes"": [], ""speed_limit"": 0, ""engine_hours"": 1433, ""idc_triggers"": [], ""buzzer_active"": false, ""lock_geo_alert"": false, ""operation_mode"": ""MASTER"", ""battery_voltage"": 12.600000381469727, ""in_primary_zone"": true, ""lock_engine_alert"": false, ""in_restricted_zone"": false, ""onboard_geofencing"": false, ""speed_limit_active"": false, ""lock_geo_alert_distance"": 0}"
2023-07-23 20:44:46.667,4431,858,"354616090369062",1582,"{""key"": false, ""flip"": false, ""zone"": false, ""speed"": 0.0, ""buzzer"": 0, ""engine"": true, ""in_zone"": true, ""ignition"": true, ""latitude"": 25.93657, ""direction"": 354, ""longitude"": -80.113775, ""gsm_signal"": 26, ""sleep_mode"": false, ""staff_mode"": true, ""fault_codes"": [], ""speed_limit"": 0, ""engine_hours"": 1433, ""idc_triggers"": [], ""buzzer_active"": false, ""lock_geo_alert"": false, ""operation_mode"": ""MASTER"", ""battery_voltage"": 12.600000381469727, ""in_primary_zone"": true, ""lock_engine_alert"": false, ""in_restricted_zone"": false, ""onboard_geofencing"": false, ""speed_limit_active"": false, ""lock_geo_alert_distance"": 0}"
2023-07-23 20:44:45.618,4431,858,"354616090369062",1582,"{""key"": false, ""flip"": false, ""zone"": false, ""speed"": 0.0, ""buzzer"": 0, ""engine"": true, ""in_zone"": true, ""ignition"": true, ""latitude"": 25.93657, ""direction"": 354, ""longitude"": -80.113775, ""gsm_signal"": 23, ""sleep_mode"": false, ""staff_mode"": true, ""fault_codes"": [], ""speed_limit"": 0, ""engine_hours"": 1433, ""idc_triggers"": [], ""buzzer_active"": false, ""lock_geo_alert"": false, ""operation_mode"": ""MASTER"", ""battery_voltage"": 12.600000381469727, ""in_primary_zone"": true, ""lock_engine_alert"": false, ""in_restricted_zone"": false, ""onboard_geofencing"": false, ""speed_limit_active"": false, ""lock_geo_alert_distance"": 0}"
2023-07-23 20:44:44.657,4431,858,"354616090369062",1582,"{""key"": false, ""flip"": false, ""zone"": false, ""speed"": 0.0, ""buzzer"": 0, ""engine"": true, ""in_zone"": true, ""ignition"": true, ""latitude"": 25.93657, ""direction"": 354, ""longitude"": -80.113775, ""gsm_signal"": 24, ""sleep_mode"": false, ""staff_mode"": true, ""fault_codes"": [], ""speed_limit"": 0, ""engine_hours"": 1433, ""idc_triggers"": [], ""buzzer_active"": false, ""lock_geo_alert"": false, ""operation_mode"": ""MASTER"", ""battery_voltage"": 12.600000381469727, ""in_primary_zone"": true, ""lock_engine_alert"": false, ""in_restricted_zone"": false, ""onboard_geofencing"": false, ""speed_limit_active"": false, ""lock_geo_alert_distance"": 0}"
2023-07-23 20:44:43.787,4431,858,"354616090369062",1582,"{""key"": false, ""flip"": false, ""zone"": false, ""speed"": 0.0, ""buzzer"": 0, ""engine"": false, ""in_zone"": true, ""ignition"": true, ""latitude"": 25.93657, ""direction"": 354, ""longitude"": -80.113775, ""gsm_signal"": 24, ""sleep_mode"": false, ""staff_mode"": true, ""fault_codes"": [], ""speed_limit"": 0, ""engine_hours"": 1433, ""idc_triggers"": [], ""buzzer_active"": false, ""lock_geo_alert"": false, ""operation_mode"": ""MASTER"", ""battery_voltage"": 12.600000381469727, ""in_primary_zone"": true, ""lock_engine_alert"": false, ""in_restricted_zone"": false, ""onboard_geofencing"": false, ""speed_limit_active"": false, ""lock_geo_alert_distance"": 0}"
2023-07-23 20:44:42.657,4431,858,"354616090369062",1582,"{""key"": false, ""flip"": false, ""zone"": false, ""speed"": 0.0, ""buzzer"": 0, ""engine"": false, ""in_zone"": true, ""ignition"": true, ""latitude"": 25.93657, ""direction"": 354, ""longitude"": -80.113775, ""gsm_signal"": 23, ""sleep_mode"": false, ""staff_mode"": true, ""fault_codes"": [], ""speed_limit"": 0, ""engine_hours"": 1433, ""idc_triggers"": [], ""buzzer_active"": false, ""lock_geo_alert"": false, ""operation_mode"": ""MASTER"", ""battery_voltage"": 12.600000381469727, ""in_primary_zone"": true, ""lock_engine_alert"": false, ""in_restricted_zone"": false, ""onboard_geofencing"": false, ""speed_limit_active"": false, ""lock_geo_alert_distance"": 0}"
2023-07-23 20:44:41.717,4431,858,"354616090369062",1582,"{""key"": false, ""flip"": false, ""zone"": false, ""speed"": 0.0, ""buzzer"": 0, ""engine"": true, ""in_zone"": true, ""ignition"": true, ""latitude"": 25.93657, ""direction"": 354, ""longitude"": -80.113775, ""gsm_signal"": 21, ""sleep_mode"": false, ""staff_mode"": true, ""fault_codes"": [], ""speed_limit"": 0, ""engine_hours"": 1433, ""idc_triggers"": [], ""buzzer_active"": false, ""lock_geo_alert"": false, ""operation_mode"": ""MASTER"", ""battery_voltage"": 12.600000381469727, ""in_primary_zone"": true, ""lock_engine_alert"": false, ""in_restricted_zone"": false, ""onboard_geofencing"": false, ""speed_limit_active"": false, ""lock_geo_alert_distance"": 0}"
2023-07-23 20:44:41.469,4431,858,"354616090369062",1582,"{""key"": false, ""flip"": false, ""zone"": false, ""speed"": 0.0, ""buzzer"": 0, ""engine"": true, ""in_zone"": true, ""ignition"": true, ""latitude"": 25.93657, ""direction"": 354, ""longitude"": -80.113775, ""gsm_signal"": 22, ""sleep_mode"": false, ""staff_mode"": true, ""fault_codes"": [], ""speed_limit"": 0, ""engine_hours"": 1433, ""idc_triggers"": [], ""buzzer_active"": false, ""lock_geo_alert"": false, ""operation_mode"": ""MASTER"", ""battery_voltage"": 12.600000381469727, ""in_primary_zone"": true, ""lock_engine_alert"": false, ""in_restricted_zone"": false, ""onboard_geofencing"": false, ""speed_limit_active"": false, ""lock_geo_alert_distance"": 0}"
2023-07-23 20:44:39.773,4431,858,"354616090369062",1582,"{""key"": false, ""flip"": false, ""zone"": false, ""speed"": 0.0, ""buzzer"": 0, ""engine"": true, ""in_zone"": true, ""ignition"": true, ""latitude"": 25.9365683, ""direction"": 354, ""longitude"": -80.113775, ""gsm_signal"": 19, ""sleep_mode"": false, ""staff_mode"": true, ""speed_limit"": 0, ""idc_triggers"": [], ""buzzer_active"": false, ""lock_geo_alert"": false, ""operation_mode"": ""MASTER"", ""battery_voltage"": 13.5, ""in_primary_zone"": true, ""lock_engine_alert"": false, ""in_restricted_zone"": false, ""onboard_geofencing"": false, ""speed_limit_active"": false, ""lock_geo_alert_distance"": 0}"
2023-07-23 20:44:13.869,4431,858,"354616090369062",1582,"{""key"": false, ""flip"": false, ""zone"": false, ""speed"": 0.0, ""buzzer"": 0, ""engine"": false, ""in_zone"": true, ""ignition"": false, ""latitude"": 25.9365283, ""direction"": 354, ""longitude"": -80.1137566, ""gsm_signal"": 24, ""sleep_mode"": false, ""staff_mode"": true, ""speed_limit"": 0, ""idc_triggers"": [], ""buzzer_active"": false, ""lock_geo_alert"": false, ""operation_mode"": ""MASTER"", ""battery_voltage"": 13.5, ""in_primary_zone"": true, ""lock_engine_alert"": false, ""in_restricted_zone"": false, ""onboard_geofencing"": false, ""speed_limit_active"": false, ""lock_geo_alert_distance"": 0}"
2023-07-23 20:43:12.656,4431,858,"354616090369062",1582,"{""key"": false, ""flip"": false, ""zone"": false, ""speed"": 0.0, ""buzzer"": 0, ""engine"": false, ""in_zone"": true, ""ignition"": true, ""latitude"": 25.9364616, ""direction"": 354, ""longitude"": -80.1136732, ""gsm_signal"": 27, ""sleep_mode"": false, ""staff_mode"": true, ""fault_codes"": [], ""speed_limit"": 0, ""engine_hours"": 1432, ""idc_triggers"": [], ""buzzer_active"": false, ""fuel_level_avg"": 41, ""lock_geo_alert"": false, ""operation_mode"": ""MASTER"", ""battery_voltage"": 13.5, ""in_primary_zone"": true, ""lock_engine_alert"": false, ""in_restricted_zone"": false, ""onboard_geofencing"": false, ""speed_limit_active"": false, ""lock_geo_alert_distance"": 0}"
2023-07-23 20:43:11.618,4431,858,"354616090369062",1582,"{""key"": false, ""flip"": false, ""zone"": false, ""speed"": 0.0, ""buzzer"": 0, ""engine"": false, ""in_zone"": true, ""ignition"": true, ""latitude"": 25.93646, ""direction"": 354, ""longitude"": -80.11367, ""gsm_signal"": 26, ""sleep_mode"": false, ""staff_mode"": true, ""fault_codes"": [], ""speed_limit"": 0, ""engine_hours"": 1432, ""idc_triggers"": [], ""buzzer_active"": false, ""fuel_level_avg"": 41, ""lock_geo_alert"": false, ""operation_mode"": ""MASTER"", ""battery_voltage"": 13.5, ""in_primary_zone"": true, ""lock_engine_alert"": false, ""in_restricted_zone"": false, ""onboard_geofencing"": false, ""speed_limit_active"": false, ""lock_geo_alert_distance"": 0}"
2023-07-23 20:43:10.603,4431,858,"354616090369062",1582,"{""key"": false, ""flip"": false, ""zone"": false, ""speed"": 0.0, ""buzzer"": 0, ""engine"": false, ""in_zone"": true, ""ignition"": true, ""latitude"": 25.9364566, ""direction"": 354, ""longitude"": -80.11367, ""gsm_signal"": 27, ""sleep_mode"": false, ""staff_mode"": true, ""fault_codes"": [], ""speed_limit"": 0, ""engine_hours"": 1432, ""idc_triggers"": [], ""buzzer_active"": false, ""fuel_level_avg"": 41, ""lock_geo_alert"": false, ""operation_mode"": ""MASTER"", ""battery_voltage"": 13.5, ""in_primary_zone"": true, ""lock_engine_alert"": false, ""in_restricted_zone"": false, ""onboard_geofencing"": false, ""speed_limit_active"": false, ""lock_geo_alert_distance"": 0}"
2023-07-23 20:43:09.616,4431,858,"354616090369062",1582,"{""key"": false, ""flip"": false, ""zone"": false, ""speed"": 0.0, ""buzzer"": 0, ""engine"": false, ""in_zone"": true, ""ignition"": true, ""latitude"": 25.9364516, ""direction"": 354, ""longitude"": -80.1136682, ""gsm_signal"": 27, ""sleep_mode"": false, ""staff_mode"": true, ""fault_codes"": [], ""speed_limit"": 0, ""engine_hours"": 1432, ""idc_triggers"": [], ""buzzer_active"": false, ""fuel_level_avg"": 25, ""lock_geo_alert"": false, ""operation_mode"": ""MASTER"", ""battery_voltage"": 14.399999618530273, ""in_primary_zone"": true, ""lock_engine_alert"": false, ""in_restricted_zone"": false, ""onboard_geofencing"": false, ""speed_limit_active"": false, ""lock_geo_alert_distance"": 0}"
2023-07-23 20:43:08.657,4431,858,"354616090369062",1582,"{""key"": false, ""flip"": false, ""zone"": false, ""speed"": 0.0, ""buzzer"": 0, ""engine"": false, ""in_zone"": true, ""ignition"": true, ""latitude"": 25.9364466, ""direction"": 354, ""longitude"": -80.1136682, ""gsm_signal"": 27, ""sleep_mode"": false, ""staff_mode"": true, ""fault_codes"": [], ""speed_limit"": 0, ""engine_hours"": 1432, ""idc_triggers"": [], ""buzzer_active"": false, ""fuel_level_avg"": 25, ""lock_geo_alert"": false, ""operation_mode"": ""MASTER"", ""battery_voltage"": 14.399999618530273, ""in_primary_zone"": true, ""lock_engine_alert"": false, ""in_restricted_zone"": false, ""onboard_geofencing"": false, ""speed_limit_active"": false, ""lock_geo_alert_distance"": 0}"
2023-07-23 20:43:07.707,4431,858,"354616090369062",1582,"{""key"": false, ""flip"": false, ""zone"": false, ""speed"": 0.0, ""buzzer"": 0, ""engine"": false, ""in_zone"": true, ""ignition"": true, ""latitude"": 25.9364433, ""direction"": 354, ""longitude"": -80.1136682, ""gsm_signal"": 24, ""sleep_mode"": false, ""staff_mode"": true, ""fault_codes"": [], ""speed_limit"": 0, ""engine_hours"": 1432, ""idc_triggers"": [], ""buzzer_active"": false, ""fuel_level_avg"": 25, ""lock_geo_alert"": false, ""operation_mode"": ""MASTER"", ""battery_voltage"": 14.399999618530273, ""in_primary_zone"": true, ""lock_engine_alert"": false, ""in_restricted_zone"": false, ""onboard_geofencing"": false, ""speed_limit_active"": false, ""lock_geo_alert_distance"": 0}"
2023-07-23 20:43:06.748,4431,858,"354616090369062",1582,"{""key"": false, ""flip"": false, ""zone"": false, ""speed"": 2.9632, ""buzzer"": 0, ""engine"": false, ""in_zone"": true, ""ignition"": true, ""latitude"": 25.93644, ""direction"": 354, ""longitude"": -80.11367, ""gsm_signal"": 24, ""sleep_mode"": false, ""staff_mode"": true, ""fault_codes"": [], ""speed_limit"": 0, ""engine_hours"": 1432, ""idc_triggers"": [], ""buzzer_active"": false, ""fuel_level_avg"": 25, ""lock_geo_alert"": false, ""operation_mode"": ""MASTER"", ""battery_voltage"": 14.399999618530273, ""in_primary_zone"": true, ""lock_engine_alert"": false, ""in_restricted_zone"": false, ""onboard_geofencing"": false, ""speed_limit_active"": false, ""lock_geo_alert_distance"": 0}"
2023-07-23 20:43:05.707,4431,858,"354616090369062",1582,"{""key"": false, ""flip"": false, ""zone"": false, ""speed"": 4.259600000000001, ""buzzer"": 0, ""engine"": false, ""in_zone"": true, ""ignition"": true, ""latitude"": 25.9364333, ""direction"": 354, ""longitude"": -80.1136632, ""gsm_signal"": 26, ""sleep_mode"": false, ""staff_mode"": true, ""fault_codes"": [], ""speed_limit"": 0, ""engine_hours"": 1432, ""idc_triggers"": [], ""buzzer_active"": false, ""fuel_level_avg"": 25, ""lock_geo_alert"": false, ""operation_mode"": ""MASTER"", ""battery_voltage"": 14.399999618530273, ""in_primary_zone"": true, ""lock_engine_alert"": false, ""in_restricted_zone"": false, ""onboard_geofencing"": false, ""speed_limit_active"": false, ""lock_geo_alert_distance"": 0}"
2023-07-23 20:43:04.656,4431,858,"354616090369062",1582,"{""key"": false, ""flip"": false, ""zone"": false, ""speed"": 3.7039999999999997, ""buzzer"": 0, ""engine"": false, ""in_zone"": true, ""ignition"": true, ""latitude"": 25.936425, ""direction"": 354, ""longitude"": -80.113655, ""gsm_signal"": 26, ""sleep_mode"": false, ""staff_mode"": true, ""fault_codes"": [], ""speed_limit"": 0, ""engine_hours"": 1432, ""idc_triggers"": [], ""buzzer_active"": false, ""fuel_level_avg"": 25, ""lock_geo_alert"": false, ""operation_mode"": ""MASTER"", ""battery_voltage"": 14.399999618530273, ""in_primary_zone"": true, ""lock_engine_alert"": false, ""in_restricted_zone"": false, ""onboard_geofencing"": false, ""speed_limit_active"": false, ""lock_geo_alert_distance"": 0}"
2023-07-23 20:43:03.616,4431,858,"354616090369062",1582,"{""key"": false, ""flip"": false, ""zone"": false, ""speed"": 3.8892, ""buzzer"": 0, ""engine"": false, ""in_zone"": true, ""ignition"": true, ""latitude"": 25.9364116, ""direction"": 354, ""longitude"": -80.113645, ""gsm_signal"": 27, ""sleep_mode"": false, ""staff_mode"": true, ""fault_codes"": [], ""speed_limit"": 0, ""engine_hours"": 1432, ""idc_triggers"": [], ""buzzer_active"": false, ""fuel_level_avg"": 25, ""lock_geo_alert"": false, ""operation_mode"": ""MASTER"", ""battery_voltage"": 14.399999618530273, ""in_primary_zone"": true, ""lock_engine_alert"": false, ""in_restricted_zone"": false, ""onboard_geofencing"": false, ""speed_limit_active"": false, ""lock_geo_alert_distance"": 0}"
2023-07-23 20:43:02.757,4431,858,"354616090369062",1582,"{""key"": false, ""flip"": false, ""zone"": false, ""speed"": 6.667199999999999, ""buzzer"": 0, ""engine"": true, ""in_zone"": true, ""ignition"": true, ""latitude"": 25.9364, ""direction"": 354, ""longitude"": -80.11364, ""gsm_signal"": 26, ""sleep_mode"": false, ""staff_mode"": true, ""fault_codes"": [], ""speed_limit"": 0, ""engine_hours"": 1432, ""idc_triggers"": [], ""buzzer_active"": false, ""fuel_level_avg"": 25, ""lock_geo_alert"": false, ""operation_mode"": ""MASTER"", ""battery_voltage"": 14.399999618530273, ""in_primary_zone"": true, ""lock_engine_alert"": false, ""in_restricted_zone"": false, ""onboard_geofencing"": false, ""speed_limit_active"": false, ""lock_geo_alert_distance"": 0}"
2023-07-23 20:43:01.707,4431,858,"354616090369062",1582,"{""key"": false, ""flip"": false, ""zone"": false, ""speed"": 9.0748, ""buzzer"": 0, ""engine"": true, ""in_zone"": true, ""ignition"": true, ""latitude"": 25.9363833, ""direction"": 345, ""longitude"": -80.1136282, ""gsm_signal"": 25, ""sleep_mode"": false, ""staff_mode"": true, ""fault_codes"": [], ""speed_limit"": 0, ""engine_hours"": 1432, ""idc_triggers"": [], ""buzzer_active"": false, ""fuel_level_avg"": 25, ""lock_geo_alert"": false, ""operation_mode"": ""MASTER"", ""battery_voltage"": 14.399999618530273, ""in_primary_zone"": true, ""lock_engine_alert"": false, ""in_restricted_zone"": false, ""onboard_geofencing"": false, ""speed_limit_active"": false, ""lock_geo_alert_distance"": 0}"
2023-07-23 20:43:00.667,4431,858,"354616090369062",1582,"{""key"": false, ""flip"": false, ""zone"": false, ""speed"": 9.0748, ""buzzer"": 0, ""engine"": true, ""in_zone"": true, ""ignition"": true, ""latitude"": 25.9363633, ""direction"": 1, ""longitude"": -80.1136182, ""gsm_signal"": 28, ""sleep_mode"": false, ""staff_mode"": true, ""fault_codes"": [], ""speed_limit"": 0, ""engine_hours"": 1432, ""idc_triggers"": [], ""buzzer_active"": false, ""fuel_level_avg"": 25, ""lock_geo_alert"": false, ""operation_mode"": ""MASTER"", ""battery_voltage"": 14.399999618530273, ""in_primary_zone"": true, ""lock_engine_alert"": false, ""in_restricted_zone"": false, ""onboard_geofencing"": false, ""speed_limit_active"": false, ""lock_geo_alert_distance"": 0}"
2023-07-23 20:42:59.617,4431,858,"354616090369062",1582,"{""key"": false, ""flip"": false, ""zone"": false, ""speed"": 6.8524, ""buzzer"": 0, ""engine"": true, ""in_zone"": true, ""ignition"": true, ""latitude"": 25.936345, ""direction"": 27, ""longitude"": -80.1136182, ""gsm_signal"": 27, ""sleep_mode"": false, ""staff_mode"": true, ""fault_codes"": [], ""speed_limit"": 0, ""engine_hours"": 1432, ""idc_triggers"": [], ""buzzer_active"": false, ""fuel_level_avg"": 25, ""lock_geo_alert"": false, ""operation_mode"": ""MASTER"", ""battery_voltage"": 14.399999618530273, ""in_primary_zone"": true, ""lock_engine_alert"": false, ""in_restricted_zone"": false, ""onboard_geofencing"": false, ""speed_limit_active"": false, ""lock_geo_alert_distance"": 0}"
2023-07-23 20:42:58.657,4431,858,"354616090369062",1582,"{""key"": false, ""flip"": false, ""zone"": false, ""speed"": 10.3712, ""buzzer"": 0, ""engine"": true, ""in_zone"": true, ""ignition"": true, ""latitude"": 25.9363333, ""direction"": 42, ""longitude"": -80.1136282, ""gsm_signal"": 26, ""sleep_mode"": false, ""staff_mode"": true, ""fault_codes"": [], ""speed_limit"": 0, ""engine_hours"": 1432, ""idc_triggers"": [], ""buzzer_active"": false, ""fuel_level_avg"": 38, ""lock_geo_alert"": false, ""operation_mode"": ""MASTER"", ""battery_voltage"": 14.300000190734863, ""in_primary_zone"": true, ""lock_engine_alert"": false, ""in_restricted_zone"": false, ""onboard_geofencing"": false, ""speed_limit_active"": false, ""lock_geo_alert_distance"": 0}"
2023-07-23 20:42:57.707,4431,858,"354616090369062",1582,"{""key"": false, ""flip"": false, ""zone"": false, ""speed"": 18.520000000000003, ""buzzer"": 0, ""engine"": true, ""in_zone"": true, ""ignition"": true, ""latitude"": 25.93631, ""direction"": 42, ""longitude"": -80.1136432, ""gsm_signal"": 26, ""sleep_mode"": false, ""staff_mode"": true, ""fault_codes"": [], ""speed_limit"": 0, ""engine_hours"": 1432, ""idc_triggers"": [], ""buzzer_active"": false, ""fuel_level_avg"": 38, ""lock_geo_alert"": false, ""operation_mode"": ""MASTER"", ""battery_voltage"": 14.300000190734863, ""in_primary_zone"": true, ""lock_engine_alert"": false, ""in_restricted_zone"": false, ""onboard_geofencing"": false, ""speed_limit_active"": false, ""lock_geo_alert_distance"": 0}"
2023-07-23 20:42:56.576,4431,858,"354616090369062",1582,"{""key"": false, ""flip"": false, ""zone"": false, ""speed"": 25.928000000000004, ""buzzer"": 0, ""engine"": true, ""in_zone"": true, ""ignition"": true, ""latitude"": 25.9362766, ""direction"": 44, ""longitude"": -80.113675, ""gsm_signal"": 29, ""sleep_mode"": false, ""staff_mode"": true, ""fault_codes"": [], ""speed_limit"": 0, ""engine_hours"": 1432, ""idc_triggers"": [], ""buzzer_active"": false, ""fuel_level_avg"": 38, ""lock_geo_alert"": false, ""operation_mode"": ""MASTER"", ""battery_voltage"": 14.300000190734863, ""in_primary_zone"": true, ""lock_engine_alert"": false, ""in_restricted_zone"": false, ""onboard_geofencing"": false, ""speed_limit_active"": false, ""lock_geo_alert_distance"": 0}"
2023-07-23 20:42:55.628,4431,858,"354616090369062",1582,"{""key"": false, ""flip"": false, ""zone"": false, ""speed"": 32.410000000000004, ""buzzer"": 0, ""engine"": true, ""in_zone"": true, ""ignition"": true, ""latitude"": 25.9362316, ""direction"": 46, ""longitude"": -80.11372, ""gsm_signal"": 26, ""sleep_mode"": false, ""staff_mode"": true, ""fault_codes"": [], ""speed_limit"": 0, ""engine_hours"": 1432, ""idc_triggers"": [], ""buzzer_active"": false, ""fuel_level_avg"": 38, ""lock_geo_alert"": false, ""operation_mode"": ""MASTER"", ""battery_voltage"": 14.300000190734863, ""in_primary_zone"": true, ""lock_engine_alert"": false, ""in_restricted_zone"": false, ""onboard_geofencing"": false, ""speed_limit_active"": false, ""lock_geo_alert_distance"": 0}"
2023-07-23 20:42:54.656,4431,858,"354616090369062",1582,"{""key"": false, ""flip"": false, ""zone"": false, ""speed"": 44.262800000000006, ""buzzer"": 0, ""engine"": true, ""in_zone"": true, ""ignition"": true, ""latitude"": 25.9361733, ""direction"": 50, ""longitude"": -80.1137982, ""gsm_signal"": 27, ""sleep_mode"": false, ""staff_mode"": true, ""fault_codes"": [], ""speed_limit"": 0, ""engine_hours"": 1432, ""idc_triggers"": [], ""buzzer_active"": false, ""fuel_level_avg"": 38, ""lock_geo_alert"": false, ""operation_mode"": ""MASTER"", ""battery_voltage"": 14.300000190734863, ""in_primary_zone"": true, ""lock_engine_alert"": false, ""in_restricted_zone"": false, ""onboard_geofencing"": false, ""speed_limit_active"": false, ""lock_geo_alert_distance"": 0}"
2023-07-23 20:42:53.617,4431,858,"354616090369062",1582,"{""key"": false, ""flip"": false, ""zone"": false, ""speed"": 54.448800000000006, ""buzzer"": 0, ""engine"": true, ""in_zone"": true, ""ignition"": true, ""latitude"": 25.9360983, ""direction"": 52, ""longitude"": -80.1139132, ""gsm_signal"": 27, ""sleep_mode"": false, ""staff_mode"": true, ""fault_codes"": [], ""speed_limit"": 0, ""engine_hours"": 1432, ""idc_triggers"": [], ""buzzer_active"": false, ""fuel_level_avg"": 38, ""lock_geo_alert"": false, ""operation_mode"": ""MASTER"", ""battery_voltage"": 14.300000190734863, ""in_primary_zone"": true, ""lock_engine_alert"": false, ""in_restricted_zone"": false, ""onboard_geofencing"": false, ""speed_limit_active"": false, ""lock_geo_alert_distance"": 0}"
2023-07-23 20:42:52.657,4431,858,"354616090369062",1582,"{""key"": false, ""flip"": false, ""zone"": false, ""speed"": 54.8192, ""buzzer"": 0, ""engine"": true, ""in_zone"": true, ""ignition"": true, ""latitude"": 25.93602, ""direction"": 52, ""longitude"": -80.11404, ""gsm_signal"": 27, ""sleep_mode"": false, ""staff_mode"": true, ""fault_codes"": [], ""speed_limit"": 0, ""engine_hours"": 1432, ""idc_triggers"": [], ""buzzer_active"": false, ""fuel_level_avg"": 38, ""lock_geo_alert"": false, ""operation_mode"": ""MASTER"", ""battery_voltage"": 14.300000190734863, ""in_primary_zone"": true, ""lock_engine_alert"": false, ""in_restricted_zone"": false, ""onboard_geofencing"": false, ""speed_limit_active"": false, ""lock_geo_alert_distance"": 0}"
2023-07-23 20:42:51.627,4431,858,"354616090369062",1582,"{""key"": false, ""flip"": false, ""zone"": false, ""speed"": 54.8192, ""buzzer"": 0, ""engine"": true, ""in_zone"": true, ""ignition"": true, ""latitude"": 25.9359333, ""direction"": 49, ""longitude"": -80.11417, ""gsm_signal"": 28, ""sleep_mode"": false, ""staff_mode"": true, ""fault_codes"": [], ""speed_limit"": 0, ""engine_hours"": 1432, ""idc_triggers"": [], ""buzzer_active"": false, ""fuel_level_avg"": 38, ""lock_geo_alert"": false, ""operation_mode"": ""MASTER"", ""battery_voltage"": 14.300000190734863, ""in_primary_zone"": true, ""lock_engine_alert"": false, ""in_restricted_zone"": false, ""onboard_geofencing"": false, ""speed_limit_active"": false, ""lock_geo_alert_distance"": 0}"
2023-07-23 20:42:50.657,4431,858,"354616090369062",1582,"{""key"": false, ""flip"": false, ""zone"": false, ""speed"": 54.8192, ""buzzer"": 0, ""engine"": true, ""in_zone"": true, ""ignition"": true, ""latitude"": 25.9358416, ""direction"": 49, ""longitude"": -80.1142882, ""gsm_signal"": 28, ""sleep_mode"": false, ""staff_mode"": true, ""fault_codes"": [], ""speed_limit"": 0, ""engine_hours"": 1432, ""idc_triggers"": [], ""buzzer_active"": false, ""fuel_level_avg"": 38, ""lock_geo_alert"": false, ""operation_mode"": ""MASTER"", ""battery_voltage"": 14.300000190734863, ""in_primary_zone"": true, ""lock_engine_alert"": false, ""in_restricted_zone"": false, ""onboard_geofencing"": false, ""speed_limit_active"": false, ""lock_geo_alert_distance"": 0}"
2023-07-23 20:42:49.699,4431,858,"354616090369062",1582,"{""key"": false, ""flip"": false, ""zone"": false, ""speed"": 54.0784, ""buzzer"": 0, ""engine"": true, ""in_zone"": true, ""ignition"": true, ""latitude"": 25.9357366, ""direction"": 46, ""longitude"": -80.1143966, ""gsm_signal"": 29, ""sleep_mode"": false, ""staff_mode"": true, ""fault_codes"": [], ""speed_limit"": 0, ""engine_hours"": 1432, ""idc_triggers"": [], ""buzzer_active"": false, ""fuel_level_avg"": 38, ""lock_geo_alert"": false, ""operation_mode"": ""MASTER"", ""battery_voltage"": 14.300000190734863, ""in_primary_zone"": true, ""lock_engine_alert"": false, ""in_restricted_zone"": false, ""onboard_geofencing"": false, ""speed_limit_active"": false, ""lock_geo_alert_distance"": 0}"
2023-07-23 20:42:48.656,4431,858,"354616090369062",1582,"{""key"": false, ""flip"": false, ""zone"": false, ""speed"": 56.11560000000001, ""buzzer"": 0, ""engine"": true, ""in_zone"": true, ""ignition"": true, ""latitude"": 25.935635, ""direction"": 46, ""longitude"": -80.1144916, ""gsm_signal"": 29, ""sleep_mode"": false, ""staff_mode"": true, ""fault_codes"": [], ""speed_limit"": 0, ""engine_hours"": 1432, ""idc_triggers"": [], ""buzzer_active"": false, ""fuel_level_avg"": 38, ""lock_geo_alert"": false, ""operation_mode"": ""MASTER"", ""battery_voltage"": 14.300000190734863, ""in_primary_zone"": true, ""lock_engine_alert"": false, ""in_restricted_zone"": false, ""onboard_geofencing"": false, ""speed_limit_active"": false, ""lock_geo_alert_distance"": 0}"
2023-07-23 20:42:47.709,4431,858,"354616090369062",1582,"{""key"": false, ""flip"": false, ""zone"": false, ""speed"": 56.486000000000004, ""buzzer"": 0, ""engine"": true, ""in_zone"": true, ""ignition"": true, ""latitude"": 25.9355333, ""direction"": 48, ""longitude"": -80.1146166, ""gsm_signal"": 29, ""sleep_mode"": false, ""staff_mode"": true, ""fault_codes"": [], ""speed_limit"": 0, ""engine_hours"": 1432, ""idc_triggers"": [], ""buzzer_active"": false, ""fuel_level_avg"": 38, ""lock_geo_alert"": false, ""operation_mode"": ""MASTER"", ""battery_voltage"": 14.300000190734863, ""in_primary_zone"": true, ""lock_engine_alert"": false, ""in_restricted_zone"": false, ""onboard_geofencing"": false, ""speed_limit_active"": false, ""lock_geo_alert_distance"": 0}"
2023-07-23 20:42:46.667,4431,858,"354616090369062",1582,"{""key"": false, ""flip"": false, ""zone"": false, ""speed"": 55.7452, ""buzzer"": 0, ""engine"": true, ""in_zone"": true, ""ignition"": true, ""latitude"": 25.93545, ""direction"": 45, ""longitude"": -80.1147432, ""gsm_signal"": 28, ""sleep_mode"": false, ""staff_mode"": true, ""fault_codes"": [], ""speed_limit"": 0, ""engine_hours"": 1432, ""idc_triggers"": [], ""buzzer_active"": false, ""fuel_level_avg"": 38, ""lock_geo_alert"": false, ""operation_mode"": ""MASTER"", ""battery_voltage"": 14.300000190734863, ""in_primary_zone"": true, ""lock_engine_alert"": false, ""in_restricted_zone"": false, ""onboard_geofencing"": false, ""speed_limit_active"": false, ""lock_geo_alert_distance"": 0}"
2023-07-23 20:42:45.617,4431,858,"354616090369062",1582,"{""key"": false, ""flip"": false, ""zone"": false, ""speed"": 56.85640000000001, ""buzzer"": 0, ""engine"": true, ""in_zone"": true, ""ignition"": true, ""latitude"": 25.935345, ""direction"": 41, ""longitude"": -80.11483, ""gsm_signal"": 31, ""sleep_mode"": false, ""staff_mode"": true, ""fault_codes"": [], ""speed_limit"": 0, ""engine_hours"": 1432, ""idc_triggers"": [], ""buzzer_active"": false, ""fuel_level_avg"": 38, ""lock_geo_alert"": false, ""operation_mode"": ""MASTER"", ""battery_voltage"": 14.300000190734863, ""in_primary_zone"": true, ""lock_engine_alert"": false, ""in_restricted_zone"": false, ""onboard_geofencing"": false, ""speed_limit_active"": false, ""lock_geo_alert_distance"": 0}"
2023-07-23 20:42:44.737,4431,858,"354616090369062",1582,"{""key"": false, ""flip"": false, ""zone"": false, ""speed"": 56.85640000000001, ""buzzer"": 0, ""engine"": true, ""in_zone"": true, ""ignition"": true, ""latitude"": 25.935235, ""direction"": 43, ""longitude"": -80.114935, ""gsm_signal"": 31, ""sleep_mode"": false, ""staff_mode"": true, ""fault_codes"": [], ""speed_limit"": 0, ""engine_hours"": 1432, ""idc_triggers"": [], ""buzzer_active"": false, ""fuel_level_avg"": 38, ""lock_geo_alert"": false, ""operation_mode"": ""MASTER"", ""battery_voltage"": 14.300000190734863, ""in_primary_zone"": true, ""lock_engine_alert"": false, ""in_restricted_zone"": false, ""onboard_geofencing"": false, ""speed_limit_active"": false, ""lock_geo_alert_distance"": 0}"
2023-07-23 20:42:43.616,4431,858,"354616090369062",1582,"{""key"": false, ""flip"": false, ""zone"": false, ""speed"": 55.37480000000001, ""buzzer"": 0, ""engine"": true, ""in_zone"": true, ""ignition"": true, ""latitude"": 25.93513, ""direction"": 45, ""longitude"": -80.1150482, ""gsm_signal"": 31, ""sleep_mode"": false, ""staff_mode"": true, ""fault_codes"": [], ""speed_limit"": 0, ""engine_hours"": 1432, ""idc_triggers"": [], ""buzzer_active"": false, ""fuel_level_avg"": 38, ""lock_geo_alert"": false, ""operation_mode"": ""MASTER"", ""battery_voltage"": 14.300000190734863, ""in_primary_zone"": true, ""lock_engine_alert"": false, ""in_restricted_zone"": false, ""onboard_geofencing"": false, ""speed_limit_active"": false, ""lock_geo_alert_distance"": 0}"
2023-07-23 20:42:42.747,4431,858,"354616090369062",1582,"{""key"": false, ""flip"": false, ""zone"": false, ""speed"": 57.5972, ""buzzer"": 0, ""engine"": true, ""in_zone"": true, ""ignition"": true, ""latitude"": 25.93502, ""direction"": 44, ""longitude"": -80.1151516, ""gsm_signal"": 31, ""sleep_mode"": false, ""staff_mode"": true, ""fault_codes"": [], ""speed_limit"": 0, ""engine_hours"": 1432, ""idc_triggers"": [], ""buzzer_active"": false, ""fuel_level_avg"": 38, ""lock_geo_alert"": false, ""operation_mode"": ""MASTER"", ""battery_voltage"": 14.300000190734863, ""in_primary_zone"": true, ""lock_engine_alert"": false, ""in_restricted_zone"": false, ""onboard_geofencing"": false, ""speed_limit_active"": false, ""lock_geo_alert_distance"": 0}"
2023-07-23 20:42:41.616,4431,858,"354616090369062",1582,"{""key"": false, ""flip"": false, ""zone"": false, ""speed"": 57.412, ""buzzer"": 0, ""engine"": true, ""in_zone"": true, ""ignition"": true, ""latitude"": 25.934919999999998, ""direction"": 44, ""longitude"": -80.11527, ""gsm_signal"": 31, ""sleep_mode"": false, ""staff_mode"": true, ""fault_codes"": [], ""speed_limit"": 0, ""engine_hours"": 1432, ""idc_triggers"": [], ""buzzer_active"": false, ""fuel_level_avg"": 38, ""lock_geo_alert"": false, ""operation_mode"": ""MASTER"", ""battery_voltage"": 14.300000190734863, ""in_primary_zone"": true, ""lock_engine_alert"": false, ""in_restricted_zone"": false, ""onboard_geofencing"": false, ""speed_limit_active"": false, ""lock_geo_alert_distance"": 0}"
2023-07-23 20:42:40.656,4431,858,"354616090369062",1582,"{""key"": false, ""flip"": false, ""zone"": false, ""speed"": 57.5972, ""buzzer"": 0, ""engine"": true, ""in_zone"": true, ""ignition"": true, ""latitude"": 25.93481, ""direction"": 44, ""longitude"": -80.11539, ""gsm_signal"": 31, ""sleep_mode"": false, ""staff_mode"": true, ""fault_codes"": [], ""speed_limit"": 0, ""engine_hours"": 1432, ""idc_triggers"": [], ""buzzer_active"": false, ""fuel_level_avg"": 38, ""lock_geo_alert"": false, ""operation_mode"": ""MASTER"", ""battery_voltage"": 14.300000190734863, ""in_primary_zone"": true, ""lock_engine_alert"": false, ""in_restricted_zone"": false, ""onboard_geofencing"": false, ""speed_limit_active"": false, ""lock_geo_alert_distance"": 0}"
2023-07-23 20:42:39.617,4431,858,"354616090369062",1582,"{""key"": false, ""flip"": false, ""zone"": false, ""speed"": 56.11560000000001, ""buzzer"": 0, ""engine"": true, ""in_zone"": true, ""ignition"": true, ""latitude"": 25.9346983, ""direction"": 42, ""longitude"": -80.1155082, ""gsm_signal"": 31, ""sleep_mode"": false, ""staff_mode"": true, ""fault_codes"": [], ""speed_limit"": 0, ""engine_hours"": 1432, ""idc_triggers"": [], ""buzzer_active"": false, ""fuel_level_avg"": 38, ""lock_geo_alert"": false, ""operation_mode"": ""MASTER"", ""battery_voltage"": 14.300000190734863, ""in_primary_zone"": true, ""lock_engine_alert"": false, ""in_restricted_zone"": false, ""onboard_geofencing"": false, ""speed_limit_active"": false, ""lock_geo_alert_distance"": 0}"
2023-07-23 20:42:38.580,4431,858,"354616090369062",1582,"{""key"": false, ""flip"": false, ""zone"": false, ""speed"": 56.11560000000001, ""buzzer"": 0, ""engine"": true, ""in_zone"": true, ""ignition"": true, ""latitude"": 25.9345983, ""direction"": 44, ""longitude"": -80.1156232, ""gsm_signal"": 31, ""sleep_mode"": false, ""staff_mode"": true, ""fault_codes"": [], ""speed_limit"": 0, ""engine_hours"": 1432, ""idc_triggers"": [], ""buzzer_active"": false, ""fuel_level_avg"": 38, ""lock_geo_alert"": false, ""operation_mode"": ""MASTER"", ""battery_voltage"": 14.300000190734863, ""in_primary_zone"": true, ""lock_engine_alert"": false, ""in_restricted_zone"": false, ""onboard_geofencing"": false, ""speed_limit_active"": false, ""lock_geo_alert_distance"": 0}"
2023-07-23 20:42:37.617,4431,858,"354616090369062",1582,"{""key"": false, ""flip"": false, ""zone"": false, ""speed"": 55.7452, ""buzzer"": 0, ""engine"": true, ""in_zone"": true, ""ignition"": true, ""latitude"": 25.9345033, ""direction"": 43, ""longitude"": -80.1157466, ""gsm_signal"": 31, ""sleep_mode"": false, ""staff_mode"": true, ""fault_codes"": [], ""speed_limit"": 0, ""engine_hours"": 1432, ""idc_triggers"": [], ""buzzer_active"": false, ""fuel_level_avg"": 38, ""lock_geo_alert"": false, ""operation_mode"": ""MASTER"", ""battery_voltage"": 14.300000190734863, ""in_primary_zone"": true, ""lock_engine_alert"": false, ""in_restricted_zone"": false, ""onboard_geofencing"": false, ""speed_limit_active"": false, ""lock_geo_alert_distance"": 0}"
2023-07-23 20:42:36.660,4431,858,"354616090369062",1582,"{""key"": false, ""flip"": false, ""zone"": false, ""speed"": 54.0784, ""buzzer"": 0, ""engine"": true, ""in_zone"": true, ""ignition"": true, ""latitude"": 25.934395, ""direction"": 42, ""longitude"": -80.1158466, ""gsm_signal"": 31, ""sleep_mode"": false, ""staff_mode"": true, ""fault_codes"": [], ""speed_limit"": 0, ""engine_hours"": 1432, ""idc_triggers"": [], ""buzzer_active"": false, ""fuel_level_avg"": 38, ""lock_geo_alert"": false, ""operation_mode"": ""MASTER"", ""battery_voltage"": 14.300000190734863, ""in_primary_zone"": true, ""lock_engine_alert"": false, ""in_restricted_zone"": false, ""onboard_geofencing"": false, ""speed_limit_active"": false, ""lock_geo_alert_distance"": 0}"
2023-07-23 20:42:35.617,4431,858,"354616090369062",1582,"{""key"": false, ""flip"": false, ""zone"": false, ""speed"": 53.8932, ""buzzer"": 0, ""engine"": true, ""in_zone"": true, ""ignition"": true, ""latitude"": 25.93429, ""direction"": 42, ""longitude"": -80.1159382, ""gsm_signal"": 31, ""sleep_mode"": false, ""staff_mode"": true, ""fault_codes"": [], ""speed_limit"": 0, ""engine_hours"": 1432, ""idc_triggers"": [], ""buzzer_active"": false, ""fuel_level_avg"": 38, ""lock_geo_alert"": false, ""operation_mode"": ""MASTER"", ""battery_voltage"": 14.300000190734863, ""in_primary_zone"": true, ""lock_engine_alert"": false, ""in_restricted_zone"": false, ""onboard_geofencing"": false, ""speed_limit_active"": false, ""lock_geo_alert_distance"": 0}"
2023-07-23 20:42:34.576,4431,858,"354616090369062",1582,"{""key"": false, ""flip"": false, ""zone"": false, ""speed"": 50.18920000000001, ""buzzer"": 0, ""engine"": true, ""in_zone"": true, ""ignition"": true, ""latitude"": 25.93419, ""direction"": 40, ""longitude"": -80.1160566, ""gsm_signal"": 31, ""sleep_mode"": false, ""staff_mode"": true, ""fault_codes"": [], ""speed_limit"": 0, ""engine_hours"": 1432, ""idc_triggers"": [], ""buzzer_active"": false, ""fuel_level_avg"": 38, ""lock_geo_alert"": false, ""operation_mode"": ""MASTER"", ""battery_voltage"": 14.300000190734863, ""in_primary_zone"": true, ""lock_engine_alert"": false, ""in_restricted_zone"": false, ""onboard_geofencing"": false, ""speed_limit_active"": false, ""lock_geo_alert_distance"": 0}"
2023-07-23 20:42:33.627,4431,858,"354616090369062",1582,"{""key"": false, ""flip"": false, ""zone"": false, ""speed"": 48.8928, ""buzzer"": 0, ""engine"": true, ""in_zone"": true, ""ignition"": true, ""latitude"": 25.934085, ""direction"": 38, ""longitude"": -80.116145, ""gsm_signal"": 31, ""sleep_mode"": false, ""staff_mode"": true, ""fault_codes"": [], ""speed_limit"": 0, ""engine_hours"": 1432, ""idc_triggers"": [], ""buzzer_active"": false, ""fuel_level_avg"": 38, ""lock_geo_alert"": false, ""operation_mode"": ""MASTER"", ""battery_voltage"": 14.300000190734863, ""in_primary_zone"": true, ""lock_engine_alert"": false, ""in_restricted_zone"": false, ""onboard_geofencing"": false, ""speed_limit_active"": false, ""lock_geo_alert_distance"": 0}"
2023-07-23 20:42:32.595,4431,858,"354616090369062",1582,"{""key"": false, ""flip"": false, ""zone"": false, ""speed"": 45.7444, ""buzzer"": 0, ""engine"": true, ""in_zone"": true, ""ignition"": true, ""latitude"": 25.934015, ""direction"": 39, ""longitude"": -80.116245, ""gsm_signal"": 31, ""sleep_mode"": false, ""staff_mode"": true, ""fault_codes"": [], ""speed_limit"": 0, ""engine_hours"": 1432, ""idc_triggers"": [], ""buzzer_active"": false, ""fuel_level_avg"": 38, ""lock_geo_alert"": false, ""operation_mode"": ""MASTER"", ""battery_voltage"": 14.300000190734863, ""in_primary_zone"": true, ""lock_engine_alert"": false, ""in_restricted_zone"": false, ""onboard_geofencing"": false, ""speed_limit_active"": false, ""lock_geo_alert_distance"": 0}"
2023-07-23 20:42:31.648,4431,858,"354616090369062",1582,"{""key"": false, ""flip"": false, ""zone"": false, ""speed"": 40.3736, ""buzzer"": 0, ""engine"": true, ""in_zone"": true, ""ignition"": true, ""latitude"": 25.93394, ""direction"": 39, ""longitude"": -80.1163266, ""gsm_signal"": 31, ""sleep_mode"": false, ""staff_mode"": true, ""fault_codes"": [], ""speed_limit"": 0, ""engine_hours"": 1432, ""idc_triggers"": [], ""buzzer_active"": false, ""fuel_level_avg"": 38, ""lock_geo_alert"": false, ""operation_mode"": ""MASTER"", ""battery_voltage"": 14.300000190734863, ""in_primary_zone"": true, ""lock_engine_alert"": false, ""in_restricted_zone"": false, ""onboard_geofencing"": false, ""speed_limit_active"": false, ""lock_geo_alert_distance"": 0}"
2023-07-23 20:42:30.595,4431,858,"354616090369062",1582,"{""key"": false, ""flip"": false, ""zone"": false, ""speed"": 34.817600000000006, ""buzzer"": 0, ""engine"": true, ""in_zone"": true, ""ignition"": true, ""latitude"": 25.933865, ""direction"": 40, ""longitude"": -80.1163982, ""gsm_signal"": 31, ""sleep_mode"": false, ""staff_mode"": true, ""fault_codes"": [], ""speed_limit"": 0, ""engine_hours"": 1432, ""idc_triggers"": [], ""buzzer_active"": false, ""fuel_level_avg"": 38, ""lock_geo_alert"": false, ""operation_mode"": ""MASTER"", ""battery_voltage"": 14.300000190734863, ""in_primary_zone"": true, ""lock_engine_alert"": false, ""in_restricted_zone"": false, ""onboard_geofencing"": false, ""speed_limit_active"": false, ""lock_geo_alert_distance"": 0}"
2023-07-23 20:42:29.636,4431,858,"354616090369062",1582,"{""key"": false, ""flip"": false, ""zone"": false, ""speed"": 30.7432, ""buzzer"": 0, ""engine"": true, ""in_zone"": true, ""ignition"": true, ""latitude"": 25.9338033, ""direction"": 32, ""longitude"": -80.1164616, ""gsm_signal"": 31, ""sleep_mode"": false, ""staff_mode"": true, ""fault_codes"": [], ""speed_limit"": 0, ""engine_hours"": 1432, ""idc_triggers"": [], ""buzzer_active"": false, ""fuel_level_avg"": 38, ""lock_geo_alert"": false, ""operation_mode"": ""MASTER"", ""battery_voltage"": 14.300000190734863, ""in_primary_zone"": true, ""lock_engine_alert"": false, ""in_restricted_zone"": false, ""onboard_geofencing"": false, ""speed_limit_active"": false, ""lock_geo_alert_distance"": 0}"
2023-07-23 20:42:28.595,4431,858,"354616090369062",1582,"{""key"": false, ""flip"": false, ""zone"": false, ""speed"": 34.817600000000006, ""buzzer"": 0, ""engine"": true, ""in_zone"": true, ""ignition"": true, ""latitude"": 25.9337283, ""direction"": 11, ""longitude"": -80.1164966, ""gsm_signal"": 31, ""sleep_mode"": false, ""staff_mode"": true, ""fault_codes"": [], ""speed_limit"": 0, ""engine_hours"": 1432, ""idc_triggers"": [], ""buzzer_active"": false, ""fuel_level_avg"": 38, ""lock_geo_alert"": false, ""operation_mode"": ""MASTER"", ""battery_voltage"": 14.300000190734863, ""in_primary_zone"": true, ""lock_engine_alert"": false, ""in_restricted_zone"": false, ""onboard_geofencing"": false, ""speed_limit_active"": false, ""lock_geo_alert_distance"": 0}"
2023-07-23 20:42:27.617,4431,858,"354616090369062",1582,"{""key"": false, ""flip"": false, ""zone"": false, ""speed"": 32.410000000000004, ""buzzer"": 0, ""engine"": true, ""in_zone"": true, ""ignition"": true, ""latitude"": 25.933645, ""direction"": 6, ""longitude"": -80.1165116, ""gsm_signal"": 31, ""sleep_mode"": false, ""staff_mode"": true, ""fault_codes"": [], ""speed_limit"": 0, ""engine_hours"": 1432, ""idc_triggers"": [], ""buzzer_active"": false, ""fuel_level_avg"": 38, ""lock_geo_alert"": false, ""operation_mode"": ""MASTER"", ""battery_voltage"": 14.300000190734863, ""in_primary_zone"": true, ""lock_engine_alert"": false, ""in_restricted_zone"": false, ""onboard_geofencing"": false, ""speed_limit_active"": false, ""lock_geo_alert_distance"": 0}"
2023-07-23 20:42:26.577,4431,858,"354616090369062",1582,"{""key"": false, ""flip"": false, ""zone"": false, ""speed"": 32.0396, ""buzzer"": 0, ""engine"": true, ""in_zone"": true, ""ignition"": true, ""latitude"": 25.9335633, ""direction"": 7, ""longitude"": -80.1165232, ""gsm_signal"": 31, ""sleep_mode"": false, ""staff_mode"": true, ""fault_codes"": [], ""speed_limit"": 0, ""engine_hours"": 1432, ""idc_triggers"": [], ""buzzer_active"": false, ""fuel_level_avg"": 38, ""lock_geo_alert"": false, ""operation_mode"": ""MASTER"", ""battery_voltage"": 14.300000190734863, ""in_primary_zone"": true, ""lock_engine_alert"": false, ""in_restricted_zone"": false, ""onboard_geofencing"": false, ""speed_limit_active"": false, ""lock_geo_alert_distance"": 0}"
2023-07-23 20:42:25.617,4431,858,"354616090369062",1582,"{""key"": false, ""flip"": false, ""zone"": false, ""speed"": 31.854400000000005, ""buzzer"": 0, ""engine"": true, ""in_zone"": true, ""ignition"": true, ""latitude"": 25.9334833, ""direction"": 9, ""longitude"": -80.116535, ""gsm_signal"": 31, ""sleep_mode"": false, ""staff_mode"": true, ""fault_codes"": [], ""speed_limit"": 0, ""engine_hours"": 1432, ""idc_triggers"": [], ""buzzer_active"": false, ""fuel_level_avg"": 38, ""lock_geo_alert"": false, ""operation_mode"": ""MASTER"", ""battery_voltage"": 14.300000190734863, ""in_primary_zone"": true, ""lock_engine_alert"": false, ""in_restricted_zone"": false, ""onboard_geofencing"": false, ""speed_limit_active"": false, ""lock_geo_alert_distance"": 0}"
2023-07-23 20:42:24.576,4431,858,"354616090369062",1582,"{""key"": false, ""flip"": false, ""zone"": false, ""speed"": 32.7804, ""buzzer"": 0, ""engine"": true, ""in_zone"": true, ""ignition"": true, ""latitude"": 25.933405, ""direction"": 3, ""longitude"": -80.1165466, ""gsm_signal"": 31, ""sleep_mode"": false, ""staff_mode"": true, ""fault_codes"": [], ""speed_limit"": 0, ""engine_hours"": 1432, ""idc_triggers"": [], ""buzzer_active"": false, ""fuel_level_avg"": 38, ""lock_geo_alert"": false, ""operation_mode"": ""MASTER"", ""battery_voltage"": 14.300000190734863, ""in_primary_zone"": true, ""lock_engine_alert"": false, ""in_restricted_zone"": false, ""onboard_geofencing"": false, ""speed_limit_active"": false, ""lock_geo_alert_distance"": 0}"
2023-07-23 20:42:23.616,4431,858,"354616090369062",1582,"{""key"": false, ""flip"": false, ""zone"": false, ""speed"": 32.0396, ""buzzer"": 0, ""engine"": true, ""in_zone"": true, ""ignition"": true, ""latitude"": 25.933325, ""direction"": 0, ""longitude"": -80.1165482, ""gsm_signal"": 31, ""sleep_mode"": false, ""staff_mode"": true, ""fault_codes"": [], ""speed_limit"": 0, ""engine_hours"": 1432, ""idc_triggers"": [], ""buzzer_active"": false, ""fuel_level_avg"": 38, ""lock_geo_alert"": false, ""operation_mode"": ""MASTER"", ""battery_voltage"": 14.300000190734863, ""in_primary_zone"": true, ""lock_engine_alert"": false, ""in_restricted_zone"": false, ""onboard_geofencing"": false, ""speed_limit_active"": false, ""lock_geo_alert_distance"": 0}"
2023-07-23 20:42:22.667,4431,858,"354616090369062",1582,"{""key"": false, ""flip"": false, ""zone"": false, ""speed"": 33.150800000000004, ""buzzer"": 0, ""engine"": true, ""in_zone"": true, ""ignition"": true, ""latitude"": 25.933245, ""direction"": 2, ""longitude"": -80.11655, ""gsm_signal"": 31, ""sleep_mode"": false, ""staff_mode"": true, ""fault_codes"": [], ""speed_limit"": 0, ""engine_hours"": 1432, ""idc_triggers"": [], ""buzzer_active"": false, ""fuel_level_avg"": 38, ""lock_geo_alert"": false, ""operation_mode"": ""MASTER"", ""battery_voltage"": 14.300000190734863, ""in_primary_zone"": true, ""lock_engine_alert"": false, ""in_restricted_zone"": false, ""onboard_geofencing"": false, ""speed_limit_active"": false, ""lock_geo_alert_distance"": 0}"
2023-07-23 20:42:21.617,4431,858,"354616090369062",1582,"{""key"": false, ""flip"": false, ""zone"": false, ""speed"": 31.854400000000005, ""buzzer"": 0, ""engine"": true, ""in_zone"": true, ""ignition"": true, ""latitude"": 25.9331616, ""direction"": 3, ""longitude"": -80.1165532, ""gsm_signal"": 31, ""sleep_mode"": false, ""staff_mode"": true, ""fault_codes"": [], ""speed_limit"": 0, ""engine_hours"": 1432, ""idc_triggers"": [], ""buzzer_active"": false, ""fuel_level_avg"": 38, ""lock_geo_alert"": false, ""operation_mode"": ""MASTER"", ""battery_voltage"": 14.300000190734863, ""in_primary_zone"": true, ""lock_engine_alert"": false, ""in_restricted_zone"": false, ""onboard_geofencing"": false, ""speed_limit_active"": false, ""lock_geo_alert_distance"": 0}"
2023-07-23 20:42:20.656,4431,858,"354616090369062",1582,"{""key"": false, ""flip"": false, ""zone"": false, ""speed"": 29.817200000000003, ""buzzer"": 0, ""engine"": true, ""in_zone"": true, ""ignition"": true, ""latitude"": 25.9330833, ""direction"": 8, ""longitude"": -80.1165582, ""gsm_signal"": 31, ""sleep_mode"": false, ""staff_mode"": true, ""fault_codes"": [], ""speed_limit"": 0, ""engine_hours"": 1432, ""idc_triggers"": [], ""buzzer_active"": false, ""fuel_level_avg"": 38, ""lock_geo_alert"": false, ""operation_mode"": ""MASTER"", ""battery_voltage"": 14.300000190734863, ""in_primary_zone"": true, ""lock_engine_alert"": false, ""in_restricted_zone"": false, ""onboard_geofencing"": false, ""speed_limit_active"": false, ""lock_geo_alert_distance"": 0}"
2023-07-23 20:42:19.617,4431,858,"354616090369062",1582,"{""key"": false, ""flip"": false, ""zone"": false, ""speed"": 27.224400000000003, ""buzzer"": 0, ""engine"": true, ""in_zone"": true, ""ignition"": true, ""latitude"": 25.9330133, ""direction"": 10, ""longitude"": -80.11657, ""gsm_signal"": 31, ""sleep_mode"": false, ""staff_mode"": true, ""fault_codes"": [], ""speed_limit"": 0, ""engine_hours"": 1432, ""idc_triggers"": [], ""buzzer_active"": false, ""fuel_level_avg"": 38, ""lock_geo_alert"": false, ""operation_mode"": ""MASTER"", ""battery_voltage"": 14.300000190734863, ""in_primary_zone"": true, ""lock_engine_alert"": false, ""in_restricted_zone"": false, ""onboard_geofencing"": false, ""speed_limit_active"": false, ""lock_geo_alert_distance"": 0}"
2023-07-23 20:42:18.656,4431,858,"354616090369062",1582,"{""key"": false, ""flip"": false, ""zone"": false, ""speed"": 24.076, ""buzzer"": 0, ""engine"": true, ""in_zone"": true, ""ignition"": true, ""latitude"": 25.932949999999998, ""direction"": 13, ""longitude"": -80.11658, ""gsm_signal"": 31, ""sleep_mode"": false, ""staff_mode"": true, ""fault_codes"": [], ""speed_limit"": 0, ""engine_hours"": 1432, ""idc_triggers"": [], ""buzzer_active"": false, ""fuel_level_avg"": 38, ""lock_geo_alert"": false, ""operation_mode"": ""MASTER"", ""battery_voltage"": 14.300000190734863, ""in_primary_zone"": true, ""lock_engine_alert"": false, ""in_restricted_zone"": false, ""onboard_geofencing"": false, ""speed_limit_active"": false, ""lock_geo_alert_distance"": 0}"
2023-07-23 20:42:17.616,4431,858,"354616090369062",1582,"{""key"": false, ""flip"": false, ""zone"": false, ""speed"": 24.076, ""buzzer"": 0, ""engine"": true, ""in_zone"": true, ""ignition"": true, ""latitude"": 25.93289, ""direction"": 13, ""longitude"": -80.1165932, ""gsm_signal"": 31, ""sleep_mode"": false, ""staff_mode"": true, ""fault_codes"": [], ""speed_limit"": 0, ""engine_hours"": 1432, ""idc_triggers"": [], ""buzzer_active"": false, ""fuel_level_avg"": 38, ""lock_geo_alert"": false, ""operation_mode"": ""MASTER"", ""battery_voltage"": 14.300000190734863, ""in_primary_zone"": true, ""lock_engine_alert"": false, ""in_restricted_zone"": false, ""onboard_geofencing"": false, ""speed_limit_active"": false, ""lock_geo_alert_distance"": 0}"
2023-07-23 20:42:16.577,4431,858,"354616090369062",1582,"{""key"": false, ""flip"": false, ""zone"": false, ""speed"": 24.6316, ""buzzer"": 0, ""engine"": true, ""in_zone"": true, ""ignition"": true, ""latitude"": 25.93283, ""direction"": 12, ""longitude"": -80.1166082, ""gsm_signal"": 31, ""sleep_mode"": false, ""staff_mode"": true, ""fault_codes"": [], ""speed_limit"": 0, ""engine_hours"": 1432, ""idc_triggers"": [], ""buzzer_active"": false, ""fuel_level_avg"": 38, ""lock_geo_alert"": false, ""operation_mode"": ""MASTER"", ""battery_voltage"": 14.300000190734863, ""in_primary_zone"": true, ""lock_engine_alert"": false, ""in_restricted_zone"": false, ""onboard_geofencing"": false, ""speed_limit_active"": false, ""lock_geo_alert_distance"": 0}"
2023-07-23 20:42:15.617,4431,858,"354616090369062",1582,"{""key"": false, ""flip"": false, ""zone"": false, ""speed"": 22.779600000000002, ""buzzer"": 0, ""engine"": true, ""in_zone"": true, ""ignition"": true, ""latitude"": 25.9327716, ""direction"": 10, ""longitude"": -80.1166216, ""gsm_signal"": 31, ""sleep_mode"": false, ""staff_mode"": true, ""fault_codes"": [], ""speed_limit"": 0, ""engine_hours"": 1432, ""idc_triggers"": [], ""buzzer_active"": false, ""fuel_level_avg"": 38, ""lock_geo_alert"": false, ""operation_mode"": ""MASTER"", ""battery_voltage"": 14.300000190734863, ""in_primary_zone"": true, ""lock_engine_alert"": false, ""in_restricted_zone"": false, ""onboard_geofencing"": false, ""speed_limit_active"": false, ""lock_geo_alert_distance"": 0}"
2023-07-23 20:42:14.667,4431,858,"354616090369062",1582,"{""key"": false, ""flip"": false, ""zone"": false, ""speed"": 20.372, ""buzzer"": 0, ""engine"": true, ""in_zone"": true, ""ignition"": true, ""latitude"": 25.9327183, ""direction"": 9, ""longitude"": -80.1166316, ""gsm_signal"": 31, ""sleep_mode"": false, ""staff_mode"": true, ""fault_codes"": [], ""speed_limit"": 0, ""engine_hours"": 1432, ""idc_triggers"": [], ""buzzer_active"": false, ""fuel_level_avg"": 38, ""lock_geo_alert"": false, ""operation_mode"": ""MASTER"", ""battery_voltage"": 14.300000190734863, ""in_primary_zone"": true, ""lock_engine_alert"": false, ""in_restricted_zone"": false, ""onboard_geofencing"": false, ""speed_limit_active"": false, ""lock_geo_alert_distance"": 0}"
2023-07-23 20:42:13.618,4431,858,"354616090369062",1582,"{""key"": false, ""flip"": false, ""zone"": false, ""speed"": 21.1128, ""buzzer"": 0, ""engine"": true, ""in_zone"": true, ""ignition"": true, ""latitude"": 25.9326683, ""direction"": 10, ""longitude"": -80.1166416, ""gsm_signal"": 31, ""sleep_mode"": false, ""staff_mode"": true, ""fault_codes"": [], ""speed_limit"": 0, ""engine_hours"": 1432, ""idc_triggers"": [], ""buzzer_active"": false, ""fuel_level_avg"": 38, ""lock_geo_alert"": false, ""operation_mode"": ""MASTER"", ""battery_voltage"": 14.300000190734863, ""in_primary_zone"": true, ""lock_engine_alert"": false, ""in_restricted_zone"": false, ""onboard_geofencing"": false, ""speed_limit_active"": false, ""lock_geo_alert_distance"": 0}"
2023-07-23 20:42:12.587,4431,858,"354616090369062",1582,"{""key"": false, ""flip"": false, ""zone"": false, ""speed"": 23.890800000000002, ""buzzer"": 0, ""engine"": true, ""in_zone"": true, ""ignition"": true, ""latitude"": 25.9326166, ""direction"": 11, ""longitude"": -80.1166516, ""gsm_signal"": 31, ""sleep_mode"": false, ""staff_mode"": true, ""fault_codes"": [], ""speed_limit"": 0, ""engine_hours"": 1432, ""idc_triggers"": [], ""buzzer_active"": false, ""fuel_level_avg"": 38, ""lock_geo_alert"": false, ""operation_mode"": ""MASTER"", ""battery_voltage"": 14.300000190734863, ""in_primary_zone"": true, ""lock_engine_alert"": false, ""in_restricted_zone"": false, ""onboard_geofencing"": false, ""speed_limit_active"": false, ""lock_geo_alert_distance"": 0}"
2023-07-23 20:42:11.617,4431,858,"354616090369062",1582,"{""key"": false, ""flip"": false, ""zone"": false, ""speed"": 27.594800000000003, ""buzzer"": 0, ""engine"": true, ""in_zone"": true, ""ignition"": true, ""latitude"": 25.9325516, ""direction"": 12, ""longitude"": -80.1166682, ""gsm_signal"": 31, ""sleep_mode"": false, ""staff_mode"": true, ""fault_codes"": [], ""speed_limit"": 0, ""engine_hours"": 1432, ""idc_triggers"": [], ""buzzer_active"": false, ""fuel_level_avg"": 38, ""lock_geo_alert"": false, ""operation_mode"": ""MASTER"", ""battery_voltage"": 14.300000190734863, ""in_primary_zone"": true, ""lock_engine_alert"": false, ""in_restricted_zone"": false, ""onboard_geofencing"": false, ""speed_limit_active"": false, ""lock_geo_alert_distance"": 0}"
2023-07-23 20:42:10.667,4431,858,"354616090369062",1582,"{""key"": false, ""flip"": false, ""zone"": false, ""speed"": 30.187600000000003, ""buzzer"": 0, ""engine"": true, ""in_zone"": true, ""ignition"": true, ""latitude"": 25.9324766, ""direction"": 12, ""longitude"": -80.1166866, ""gsm_signal"": 31, ""sleep_mode"": false, ""staff_mode"": true, ""fault_codes"": [], ""speed_limit"": 0, ""engine_hours"": 1432, ""idc_triggers"": [], ""buzzer_active"": false, ""fuel_level_avg"": 38, ""lock_geo_alert"": false, ""operation_mode"": ""MASTER"", ""battery_voltage"": 14.300000190734863, ""in_primary_zone"": true, ""lock_engine_alert"": false, ""in_restricted_zone"": false, ""onboard_geofencing"": false, ""speed_limit_active"": false, ""lock_geo_alert_distance"": 0}"
2023-07-23 20:42:09.617,4431,858,"354616090369062",1582,"{""key"": false, ""flip"": false, ""zone"": false, ""speed"": 31.2988, ""buzzer"": 0, ""engine"": true, ""in_zone"": true, ""ignition"": true, ""latitude"": 25.932395, ""direction"": 10, ""longitude"": -80.1167066, ""gsm_signal"": 31, ""sleep_mode"": false, ""staff_mode"": true, ""fault_codes"": [], ""speed_limit"": 0, ""engine_hours"": 1432, ""idc_triggers"": [], ""buzzer_active"": false, ""fuel_level_avg"": 38, ""lock_geo_alert"": false, ""operation_mode"": ""MASTER"", ""battery_voltage"": 14.300000190734863, ""in_primary_zone"": true, ""lock_engine_alert"": false, ""in_restricted_zone"": false, ""onboard_geofencing"": false, ""speed_limit_active"": false, ""lock_geo_alert_distance"": 0}"
2023-07-23 20:42:08.675,4431,858,"354616090369062",1582,"{""key"": false, ""flip"": false, ""zone"": false, ""speed"": 31.854400000000005, ""buzzer"": 0, ""engine"": true, ""in_zone"": true, ""ignition"": true, ""latitude"": 25.9323083, ""direction"": 8, ""longitude"": -80.1167266, ""gsm_signal"": 31, ""sleep_mode"": false, ""staff_mode"": true, ""fault_codes"": [], ""speed_limit"": 0, ""engine_hours"": 1432, ""idc_triggers"": [], ""buzzer_active"": false, ""fuel_level_avg"": 38, ""lock_geo_alert"": false, ""operation_mode"": ""MASTER"", ""battery_voltage"": 14.300000190734863, ""in_primary_zone"": true, ""lock_engine_alert"": false, ""in_restricted_zone"": false, ""onboard_geofencing"": false, ""speed_limit_active"": false, ""lock_geo_alert_distance"": 0}"
2023-07-23 20:42:07.616,4431,858,"354616090369062",1582,"{""key"": false, ""flip"": false, ""zone"": false, ""speed"": 31.854400000000005, ""buzzer"": 0, ""engine"": true, ""in_zone"": true, ""ignition"": true, ""latitude"": 25.93222, ""direction"": 12, ""longitude"": -80.116745, ""gsm_signal"": 31, ""sleep_mode"": false, ""staff_mode"": true, ""fault_codes"": [], ""speed_limit"": 0, ""engine_hours"": 1432, ""idc_triggers"": [], ""buzzer_active"": false, ""fuel_level_avg"": 38, ""lock_geo_alert"": false, ""operation_mode"": ""MASTER"", ""battery_voltage"": 14.300000190734863, ""in_primary_zone"": true, ""lock_engine_alert"": false, ""in_restricted_zone"": false, ""onboard_geofencing"": false, ""speed_limit_active"": false, ""lock_geo_alert_distance"": 0}"
2023-07-23 20:42:06.576,4431,858,"354616090369062",1582,"{""key"": false, ""flip"": false, ""zone"": false, ""speed"": 30.187600000000003, ""buzzer"": 0, ""engine"": true, ""in_zone"": true, ""ignition"": true, ""latitude"": 25.932135, ""direction"": 10, ""longitude"": -80.1167632, ""gsm_signal"": 31, ""sleep_mode"": false, ""staff_mode"": true, ""fault_codes"": [], ""speed_limit"": 0, ""engine_hours"": 1432, ""idc_triggers"": [], ""buzzer_active"": false, ""fuel_level_avg"": 38, ""lock_geo_alert"": false, ""operation_mode"": ""MASTER"", ""battery_voltage"": 14.300000190734863, ""in_primary_zone"": true, ""lock_engine_alert"": false, ""in_restricted_zone"": false, ""onboard_geofencing"": false, ""speed_limit_active"": false, ""lock_geo_alert_distance"": 0}"
2023-07-23 20:42:05.617,4431,858,"354616090369062",1582,"{""key"": false, ""flip"": false, ""zone"": false, ""speed"": 25.002000000000002, ""buzzer"": 0, ""engine"": true, ""in_zone"": true, ""ignition"": true, ""latitude"": 25.9320416, ""direction"": 9, ""longitude"": -80.1167916, ""gsm_signal"": 31, ""sleep_mode"": false, ""staff_mode"": true, ""fault_codes"": [], ""speed_limit"": 0, ""engine_hours"": 1432, ""idc_triggers"": [], ""buzzer_active"": false, ""fuel_level_avg"": 38, ""lock_geo_alert"": false, ""operation_mode"": ""MASTER"", ""battery_voltage"": 14.300000190734863, ""in_primary_zone"": true, ""lock_engine_alert"": false, ""in_restricted_zone"": false, ""onboard_geofencing"": false, ""speed_limit_active"": false, ""lock_geo_alert_distance"": 0}"
2023-07-23 20:42:04.576,4431,858,"354616090369062",1582,"{""key"": false, ""flip"": false, ""zone"": false, ""speed"": 16.668, ""buzzer"": 0, ""engine"": true, ""in_zone"": true, ""ignition"": true, ""latitude"": 25.9319683, ""direction"": 6, ""longitude"": -80.1168166, ""gsm_signal"": 31, ""sleep_mode"": false, ""staff_mode"": true, ""fault_codes"": [], ""speed_limit"": 0, ""engine_hours"": 1432, ""idc_triggers"": [], ""buzzer_active"": false, ""fuel_level_avg"": 38, ""lock_geo_alert"": false, ""operation_mode"": ""MASTER"", ""battery_voltage"": 14.300000190734863, ""in_primary_zone"": true, ""lock_engine_alert"": false, ""in_restricted_zone"": false, ""onboard_geofencing"": false, ""speed_limit_active"": false, ""lock_geo_alert_distance"": 0}"
2023-07-23 20:42:03.616,4431,858,"354616090369062",1582,"{""key"": false, ""flip"": false, ""zone"": false, ""speed"": 8.1488, ""buzzer"": 0, ""engine"": true, ""in_zone"": true, ""ignition"": true, ""latitude"": 25.9319166, ""direction"": 10, ""longitude"": -80.1168316, ""gsm_signal"": 31, ""sleep_mode"": false, ""staff_mode"": true, ""fault_codes"": [], ""speed_limit"": 0, ""engine_hours"": 1432, ""idc_triggers"": [], ""buzzer_active"": false, ""fuel_level_avg"": 38, ""lock_geo_alert"": false, ""operation_mode"": ""MASTER"", ""battery_voltage"": 14.300000190734863, ""in_primary_zone"": true, ""lock_engine_alert"": false, ""in_restricted_zone"": false, ""onboard_geofencing"": false, ""speed_limit_active"": false, ""lock_geo_alert_distance"": 0}"
2023-07-23 20:42:02.657,4431,858,"354616090369062",1582,"{""key"": false, ""flip"": false, ""zone"": false, ""speed"": 1.8519999999999999, ""buzzer"": 0, ""engine"": true, ""in_zone"": true, ""ignition"": true, ""latitude"": 25.93189, ""direction"": 5, ""longitude"": -80.1168382, ""gsm_signal"": 31, ""sleep_mode"": false, ""staff_mode"": true, ""fault_codes"": [], ""speed_limit"": 0, ""engine_hours"": 1432, ""idc_triggers"": [], ""buzzer_active"": false, ""fuel_level_avg"": 38, ""lock_geo_alert"": false, ""operation_mode"": ""MASTER"", ""battery_voltage"": 14.300000190734863, ""in_primary_zone"": true, ""lock_engine_alert"": false, ""in_restricted_zone"": false, ""onboard_geofencing"": false, ""speed_limit_active"": false, ""lock_geo_alert_distance"": 0}"
2023-07-23 20:42:01.616,4431,858,"354616090369062",1582,"{""key"": false, ""flip"": false, ""zone"": false, ""speed"": 0.0, ""buzzer"": 0, ""engine"": true, ""in_zone"": true, ""ignition"": true, ""latitude"": 25.93189, ""direction"": 268, ""longitude"": -80.1168382, ""gsm_signal"": 31, ""sleep_mode"": false, ""staff_mode"": true, ""fault_codes"": [], ""speed_limit"": 0, ""engine_hours"": 1432, ""idc_triggers"": [], ""buzzer_active"": false, ""fuel_level_avg"": 38, ""lock_geo_alert"": false, ""operation_mode"": ""MASTER"", ""battery_voltage"": 14.300000190734863, ""in_primary_zone"": true, ""lock_engine_alert"": false, ""in_restricted_zone"": false, ""onboard_geofencing"": false, ""speed_limit_active"": false, ""lock_geo_alert_distance"": 0}"
2023-07-23 20:42:00.576,4431,858,"354616090369062",1582,"{""key"": false, ""flip"": false, ""zone"": false, ""speed"": 0.0, ""buzzer"": 0, ""engine"": true, ""in_zone"": true, ""ignition"": true, ""latitude"": 25.93189, ""direction"": 268, ""longitude"": -80.1168382, ""gsm_signal"": 31, ""sleep_mode"": false, ""staff_mode"": true, ""fault_codes"": [], ""speed_limit"": 0, ""engine_hours"": 1432, ""idc_triggers"": [], ""buzzer_active"": false, ""fuel_level_avg"": 38, ""lock_geo_alert"": false, ""operation_mode"": ""MASTER"", ""battery_voltage"": 14.300000190734863, ""in_primary_zone"": true, ""lock_engine_alert"": false, ""in_restricted_zone"": false, ""onboard_geofencing"": false, ""speed_limit_active"": false, ""lock_geo_alert_distance"": 0}"
2023-07-23 20:41:59.617,4431,858,"354616090369062",1582,"{""key"": false, ""flip"": false, ""zone"": false, ""speed"": 1.6667999999999998, ""buzzer"": 0, ""engine"": true, ""in_zone"": true, ""ignition"": true, ""latitude"": 25.93189, ""direction"": 268, ""longitude"": -80.1168382, ""gsm_signal"": 31, ""sleep_mode"": false, ""staff_mode"": true, ""fault_codes"": [], ""speed_limit"": 0, ""engine_hours"": 1432, ""idc_triggers"": [], ""buzzer_active"": false, ""fuel_level_avg"": 38, ""lock_geo_alert"": false, ""operation_mode"": ""MASTER"", ""battery_voltage"": 14.300000190734863, ""in_primary_zone"": true, ""lock_engine_alert"": false, ""in_restricted_zone"": false, ""onboard_geofencing"": false, ""speed_limit_active"": false, ""lock_geo_alert_distance"": 0}"
2023-07-23 20:41:58.576,4431,858,"354616090369062",1582,"{""key"": false, ""flip"": false, ""zone"": false, ""speed"": 0.0, ""buzzer"": 0, ""engine"": true, ""in_zone"": true, ""ignition"": true, ""latitude"": 25.93189, ""direction"": 277, ""longitude"": -80.1168332, ""gsm_signal"": 31, ""sleep_mode"": false, ""staff_mode"": true, ""fault_codes"": [], ""speed_limit"": 0, ""engine_hours"": 1432, ""idc_triggers"": [], ""buzzer_active"": false, ""fuel_level_avg"": 38, ""lock_geo_alert"": false, ""operation_mode"": ""MASTER"", ""battery_voltage"": 14.300000190734863, ""in_primary_zone"": true, ""lock_engine_alert"": false, ""in_restricted_zone"": false, ""onboard_geofencing"": false, ""speed_limit_active"": false, ""lock_geo_alert_distance"": 0}"
2023-07-23 20:41:57.616,4431,858,"354616090369062",1582,"{""key"": false, ""flip"": false, ""zone"": false, ""speed"": 0.0, ""buzzer"": 0, ""engine"": true, ""in_zone"": true, ""ignition"": true, ""latitude"": 25.93189, ""direction"": 228, ""longitude"": -80.1168316, ""gsm_signal"": 31, ""sleep_mode"": false, ""staff_mode"": true, ""fault_codes"": [], ""speed_limit"": 0, ""engine_hours"": 1432, ""idc_triggers"": [], ""buzzer_active"": false, ""fuel_level_avg"": 38, ""lock_geo_alert"": false, ""operation_mode"": ""MASTER"", ""battery_voltage"": 14.300000190734863, ""in_primary_zone"": true, ""lock_engine_alert"": false, ""in_restricted_zone"": false, ""onboard_geofencing"": false, ""speed_limit_active"": false, ""lock_geo_alert_distance"": 0}"
2023-07-23 20:41:56.656,4431,858,"354616090369062",1582,"{""key"": false, ""flip"": false, ""zone"": false, ""speed"": 1.6667999999999998, ""buzzer"": 0, ""engine"": true, ""in_zone"": true, ""ignition"": true, ""latitude"": 25.9318933, ""direction"": 236, ""longitude"": -80.11683, ""gsm_signal"": 28, ""sleep_mode"": false, ""staff_mode"": true, ""fault_codes"": [], ""speed_limit"": 0, ""engine_hours"": 1432, ""idc_triggers"": [], ""buzzer_active"": false, ""fuel_level_avg"": 38, ""lock_geo_alert"": false, ""operation_mode"": ""MASTER"", ""battery_voltage"": 14.300000190734863, ""in_primary_zone"": true, ""lock_engine_alert"": false, ""in_restricted_zone"": false, ""onboard_geofencing"": false, ""speed_limit_active"": false, ""lock_geo_alert_distance"": 0}"
2023-07-23 20:41:55.616,4431,858,"354616090369062",1582,"{""key"": false, ""flip"": false, ""zone"": false, ""speed"": 2.2224, ""buzzer"": 0, ""engine"": true, ""in_zone"": true, ""ignition"": true, ""latitude"": 25.931895, ""direction"": 234, ""longitude"": -80.116825, ""gsm_signal"": 31, ""sleep_mode"": false, ""staff_mode"": true, ""fault_codes"": [], ""speed_limit"": 0, ""engine_hours"": 1432, ""idc_triggers"": [], ""buzzer_active"": false, ""fuel_level_avg"": 38, ""lock_geo_alert"": false, ""operation_mode"": ""MASTER"", ""battery_voltage"": 14.300000190734863, ""in_primary_zone"": true, ""lock_engine_alert"": false, ""in_restricted_zone"": false, ""onboard_geofencing"": false, ""speed_limit_active"": false, ""lock_geo_alert_distance"": 0}"
2023-07-23 20:41:54.657,4431,858,"354616090369062",1582,"{""key"": false, ""flip"": false, ""zone"": false, ""speed"": 2.0372, ""buzzer"": 0, ""engine"": true, ""in_zone"": true, ""ignition"": true, ""latitude"": 25.9319, ""direction"": 220, ""longitude"": -80.11682, ""gsm_signal"": 31, ""sleep_mode"": false, ""staff_mode"": true, ""fault_codes"": [], ""speed_limit"": 0, ""engine_hours"": 1432, ""idc_triggers"": [], ""buzzer_active"": false, ""fuel_level_avg"": 38, ""lock_geo_alert"": false, ""operation_mode"": ""MASTER"", ""battery_voltage"": 14.300000190734863, ""in_primary_zone"": true, ""lock_engine_alert"": false, ""in_restricted_zone"": false, ""onboard_geofencing"": false, ""speed_limit_active"": false, ""lock_geo_alert_distance"": 0}"
2023-07-23 20:41:53.616,4431,858,"354616090369062",1582,"{""key"": false, ""flip"": false, ""zone"": false, ""speed"": 2.4076, ""buzzer"": 0, ""engine"": true, ""in_zone"": true, ""ignition"": true, ""latitude"": 25.931905, ""direction"": 191, ""longitude"": -80.1168166, ""gsm_signal"": 31, ""sleep_mode"": false, ""staff_mode"": true, ""fault_codes"": [], ""speed_limit"": 0, ""engine_hours"": 1432, ""idc_triggers"": [], ""buzzer_active"": false, ""fuel_level_avg"": 38, ""lock_geo_alert"": false, ""operation_mode"": ""MASTER"", ""battery_voltage"": 14.300000190734863, ""in_primary_zone"": true, ""lock_engine_alert"": false, ""in_restricted_zone"": false, ""onboard_geofencing"": false, ""speed_limit_active"": false, ""lock_geo_alert_distance"": 0}"
2023-07-23 20:41:52.674,4431,858,"354616090369062",1582,"{""key"": false, ""flip"": false, ""zone"": false, ""speed"": 2.4076, ""buzzer"": 0, ""engine"": true, ""in_zone"": true, ""ignition"": true, ""latitude"": 25.9319116, ""direction"": 187, ""longitude"": -80.116815, ""gsm_signal"": 31, ""sleep_mode"": false, ""staff_mode"": true, ""fault_codes"": [], ""speed_limit"": 0, ""engine_hours"": 1432, ""idc_triggers"": [], ""buzzer_active"": false, ""fuel_level_avg"": 38, ""lock_geo_alert"": false, ""operation_mode"": ""MASTER"", ""battery_voltage"": 14.300000190734863, ""in_primary_zone"": true, ""lock_engine_alert"": false, ""in_restricted_zone"": false, ""onboard_geofencing"": false, ""speed_limit_active"": false, ""lock_geo_alert_distance"": 0}"
2023-07-23 20:41:51.617,4431,858,"354616090369062",1582,"{""key"": false, ""flip"": false, ""zone"": false, ""speed"": 2.2224, ""buzzer"": 0, ""engine"": true, ""in_zone"": true, ""ignition"": true, ""latitude"": 25.9319183, ""direction"": 177, ""longitude"": -80.1168132, ""gsm_signal"": 31, ""sleep_mode"": false, ""staff_mode"": true, ""fault_codes"": [], ""speed_limit"": 0, ""engine_hours"": 1432, ""idc_triggers"": [], ""buzzer_active"": false, ""fuel_level_avg"": 38, ""lock_geo_alert"": false, ""operation_mode"": ""MASTER"", ""battery_voltage"": 14.300000190734863, ""in_primary_zone"": true, ""lock_engine_alert"": false, ""in_restricted_zone"": false, ""onboard_geofencing"": false, ""speed_limit_active"": false, ""lock_geo_alert_distance"": 0}"
2023-07-23 20:41:50.656,4431,858,"354616090369062",1582,"{""key"": false, ""flip"": false, ""zone"": false, ""speed"": 2.4076, ""buzzer"": 0, ""engine"": true, ""in_zone"": true, ""ignition"": true, ""latitude"": 25.931925, ""direction"": 171, ""longitude"": -80.1168132, ""gsm_signal"": 29, ""sleep_mode"": false, ""staff_mode"": true, ""fault_codes"": [], ""speed_limit"": 0, ""engine_hours"": 1432, ""idc_triggers"": [], ""buzzer_active"": false, ""fuel_level_avg"": 38, ""lock_geo_alert"": false, ""operation_mode"": ""MASTER"", ""battery_voltage"": 14.300000190734863, ""in_primary_zone"": true, ""lock_engine_alert"": false, ""in_restricted_zone"": false, ""onboard_geofencing"": false, ""speed_limit_active"": false, ""lock_geo_alert_distance"": 0}"
2023-07-23 20:41:49.617,4431,858,"354616090369062",1582,"{""key"": false, ""flip"": false, ""zone"": false, ""speed"": 2.0372, ""buzzer"": 0, ""engine"": true, ""in_zone"": true, ""ignition"": true, ""latitude"": 25.9319283, ""direction"": 122, ""longitude"": -80.1168166, ""gsm_signal"": 31, ""sleep_mode"": false, ""staff_mode"": true, ""fault_codes"": [], ""speed_limit"": 0, ""engine_hours"": 1432, ""idc_triggers"": [], ""buzzer_active"": false, ""fuel_level_avg"": 38, ""lock_geo_alert"": false, ""operation_mode"": ""MASTER"", ""battery_voltage"": 14.300000190734863, ""in_primary_zone"": true, ""lock_engine_alert"": false, ""in_restricted_zone"": false, ""onboard_geofencing"": false, ""speed_limit_active"": false, ""lock_geo_alert_distance"": 0}"
2023-07-23 20:41:48.656,4431,858,"354616090369062",1582,"{""key"": false, ""flip"": false, ""zone"": false, ""speed"": 2.4076, ""buzzer"": 0, ""engine"": true, ""in_zone"": true, ""ignition"": true, ""latitude"": 25.9319316, ""direction"": 99, ""longitude"": -80.11682, ""gsm_signal"": 26, ""sleep_mode"": false, ""staff_mode"": true, ""fault_codes"": [], ""speed_limit"": 0, ""engine_hours"": 1432, ""idc_triggers"": [], ""buzzer_active"": false, ""fuel_level_avg"": 38, ""lock_geo_alert"": false, ""operation_mode"": ""MASTER"", ""battery_voltage"": 14.300000190734863, ""in_primary_zone"": true, ""lock_engine_alert"": false, ""in_restricted_zone"": false, ""onboard_geofencing"": false, ""speed_limit_active"": false, ""lock_geo_alert_distance"": 0}"
2023-07-23 20:41:47.617,4431,858,"354616090369062",1582,"{""key"": false, ""flip"": false, ""zone"": false, ""speed"": 2.5928, ""buzzer"": 0, ""engine"": true, ""in_zone"": true, ""ignition"": true, ""latitude"": 25.9319333, ""direction"": 100, ""longitude"": -80.1168266, ""gsm_signal"": 26, ""sleep_mode"": false, ""staff_mode"": true, ""fault_codes"": [], ""speed_limit"": 0, ""engine_hours"": 1432, ""idc_triggers"": [], ""buzzer_active"": false, ""fuel_level_avg"": 38, ""lock_geo_alert"": false, ""operation_mode"": ""MASTER"", ""battery_voltage"": 14.300000190734863, ""in_primary_zone"": true, ""lock_engine_alert"": false, ""in_restricted_zone"": false, ""onboard_geofencing"": false, ""speed_limit_active"": false, ""lock_geo_alert_distance"": 0}"
2023-07-23 20:41:46.657,4431,858,"354616090369062",1582,"{""key"": false, ""flip"": false, ""zone"": false, ""speed"": 2.0372, ""buzzer"": 0, ""engine"": true, ""in_zone"": true, ""ignition"": true, ""latitude"": 25.931935, ""direction"": 88, ""longitude"": -80.116835, ""gsm_signal"": 28, ""sleep_mode"": false, ""staff_mode"": true, ""fault_codes"": [], ""speed_limit"": 0, ""engine_hours"": 1432, ""idc_triggers"": [], ""buzzer_active"": false, ""fuel_level_avg"": 38, ""lock_geo_alert"": false, ""operation_mode"": ""MASTER"", ""battery_voltage"": 14.300000190734863, ""in_primary_zone"": true, ""lock_engine_alert"": false, ""in_restricted_zone"": false, ""onboard_geofencing"": false, ""speed_limit_active"": false, ""lock_geo_alert_distance"": 0}"
2023-07-23 20:41:45.616,4431,858,"354616090369062",1582,"{""key"": false, ""flip"": false, ""zone"": false, ""speed"": 1.8519999999999999, ""buzzer"": 0, ""engine"": true, ""in_zone"": true, ""ignition"": true, ""latitude"": 25.931935, ""direction"": 60, ""longitude"": -80.1168416, ""gsm_signal"": 29, ""sleep_mode"": false, ""staff_mode"": true, ""fault_codes"": [], ""speed_limit"": 0, ""engine_hours"": 1432, ""idc_triggers"": [], ""buzzer_active"": false, ""fuel_level_avg"": 38, ""lock_geo_alert"": false, ""operation_mode"": ""MASTER"", ""battery_voltage"": 14.300000190734863, ""in_primary_zone"": true, ""lock_engine_alert"": false, ""in_restricted_zone"": false, ""onboard_geofencing"": false, ""speed_limit_active"": false, ""lock_geo_alert_distance"": 0}"
2023-07-23 20:41:44.577,4431,858,"354616090369062",1582,"{""key"": false, ""flip"": false, ""zone"": false, ""speed"": 3.7039999999999997, ""buzzer"": 0, ""engine"": true, ""in_zone"": true, ""ignition"": true, ""latitude"": 25.9319316, ""direction"": 32, ""longitude"": -80.11685, ""gsm_signal"": 30, ""sleep_mode"": false, ""staff_mode"": true, ""fault_codes"": [], ""speed_limit"": 0, ""engine_hours"": 1432, ""idc_triggers"": [], ""buzzer_active"": false, ""fuel_level_avg"": 38, ""lock_geo_alert"": false, ""operation_mode"": ""MASTER"", ""battery_voltage"": 14.300000190734863, ""in_primary_zone"": true, ""lock_engine_alert"": false, ""in_restricted_zone"": false, ""onboard_geofencing"": false, ""speed_limit_active"": false, ""lock_geo_alert_distance"": 0}"
2023-07-23 20:41:43.632,4431,858,"354616090369062",1582,"{""key"": false, ""flip"": false, ""zone"": false, ""speed"": 3.1484, ""buzzer"": 0, ""engine"": true, ""in_zone"": true, ""ignition"": true, ""latitude"": 25.931925, ""direction"": 49, ""longitude"": -80.1168582, ""gsm_signal"": 27, ""sleep_mode"": false, ""staff_mode"": true, ""fault_codes"": [], ""speed_limit"": 0, ""engine_hours"": 1432, ""idc_triggers"": [], ""buzzer_active"": false, ""fuel_level_avg"": 38, ""lock_geo_alert"": false, ""operation_mode"": ""MASTER"", ""battery_voltage"": 14.300000190734863, ""in_primary_zone"": true, ""lock_engine_alert"": false, ""in_restricted_zone"": false, ""onboard_geofencing"": false, ""speed_limit_active"": false, ""lock_geo_alert_distance"": 0}"
2023-07-23 20:41:42.667,4431,858,"354616090369062",1582,"{""key"": false, ""flip"": false, ""zone"": false, ""speed"": 4.4448, ""buzzer"": 0, ""engine"": true, ""in_zone"": true, ""ignition"": true, ""latitude"": 25.9319183, ""direction"": 22, ""longitude"": -80.1168632, ""gsm_signal"": 31, ""sleep_mode"": false, ""staff_mode"": true, ""fault_codes"": [], ""speed_limit"": 0, ""engine_hours"": 1432, ""idc_triggers"": [], ""buzzer_active"": false, ""fuel_level_avg"": 38, ""lock_geo_alert"": false, ""operation_mode"": ""MASTER"", ""battery_voltage"": 14.300000190734863, ""in_primary_zone"": true, ""lock_engine_alert"": false, ""in_restricted_zone"": false, ""onboard_geofencing"": false, ""speed_limit_active"": false, ""lock_geo_alert_distance"": 0}"
2023-07-23 20:41:41.617,4431,858,"354616090369062",1582,"{""key"": false, ""flip"": false, ""zone"": false, ""speed"": 5.000400000000001, ""buzzer"": 0, ""engine"": true, ""in_zone"": true, ""ignition"": true, ""latitude"": 25.9319083, ""direction"": 23, ""longitude"": -80.1168682, ""gsm_signal"": 31, ""sleep_mode"": false, ""staff_mode"": true, ""fault_codes"": [], ""speed_limit"": 0, ""engine_hours"": 1432, ""idc_triggers"": [], ""buzzer_active"": false, ""fuel_level_avg"": 38, ""lock_geo_alert"": false, ""operation_mode"": ""MASTER"", ""battery_voltage"": 14.300000190734863, ""in_primary_zone"": true, ""lock_engine_alert"": false, ""in_restricted_zone"": false, ""onboard_geofencing"": false, ""speed_limit_active"": false, ""lock_geo_alert_distance"": 0}"
2023-07-23 20:41:40.656,4431,858,"354616090369062",1582,"{""key"": false, ""flip"": false, ""zone"": false, ""speed"": 5.1856, ""buzzer"": 0, ""engine"": true, ""in_zone"": true, ""ignition"": true, ""latitude"": 25.9318933, ""direction"": 8, ""longitude"": -80.116875, ""gsm_signal"": 31, ""sleep_mode"": false, ""staff_mode"": true, ""fault_codes"": [], ""speed_limit"": 0, ""engine_hours"": 1432, ""idc_triggers"": [], ""buzzer_active"": false, ""fuel_level_avg"": 38, ""lock_geo_alert"": false, ""operation_mode"": ""MASTER"", ""battery_voltage"": 14.300000190734863, ""in_primary_zone"": true, ""lock_engine_alert"": false, ""in_restricted_zone"": false, ""onboard_geofencing"": false, ""speed_limit_active"": false, ""lock_geo_alert_distance"": 0}"
2023-07-23 20:41:39.616,4431,858,"354616090369062",1582,"{""key"": false, ""flip"": false, ""zone"": false, ""speed"": 3.7039999999999997, ""buzzer"": 0, ""engine"": true, ""in_zone"": true, ""ignition"": true, ""latitude"": 25.93188, ""direction"": 6, ""longitude"": -80.1168782, ""gsm_signal"": 31, ""sleep_mode"": false, ""staff_mode"": true, ""fault_codes"": [], ""speed_limit"": 0, ""engine_hours"": 1432, ""idc_triggers"": [], ""buzzer_active"": false, ""fuel_level_avg"": 38, ""lock_geo_alert"": false, ""operation_mode"": ""MASTER"", ""battery_voltage"": 14.300000190734863, ""in_primary_zone"": true, ""lock_engine_alert"": false, ""in_restricted_zone"": false, ""onboard_geofencing"": false, ""speed_limit_active"": false, ""lock_geo_alert_distance"": 0}"
2023-07-23 20:41:38.658,4431,858,"354616090369062",1582,"{""key"": false, ""flip"": false, ""zone"": false, ""speed"": 4.8152, ""buzzer"": 0, ""engine"": true, ""in_zone"": true, ""ignition"": true, ""latitude"": 25.93187, ""direction"": 353, ""longitude"": -80.1168766, ""gsm_signal"": 31, ""sleep_mode"": false, ""staff_mode"": true, ""fault_codes"": [], ""speed_limit"": 0, ""engine_hours"": 1432, ""idc_triggers"": [], ""buzzer_active"": false, ""fuel_level_avg"": 38, ""lock_geo_alert"": false, ""operation_mode"": ""MASTER"", ""battery_voltage"": 14.300000190734863, ""in_primary_zone"": true, ""lock_engine_alert"": false, ""in_restricted_zone"": false, ""onboard_geofencing"": false, ""speed_limit_active"": false, ""lock_geo_alert_distance"": 0}"
2023-07-23 20:41:37.537,4431,858,"354616090369062",1582,"{""key"": false, ""flip"": false, ""zone"": false, ""speed"": 5.9264, ""buzzer"": 0, ""engine"": true, ""in_zone"": true, ""ignition"": true, ""latitude"": 25.931855, ""direction"": 354, ""longitude"": -80.1168732, ""gsm_signal"": 31, ""sleep_mode"": false, ""staff_mode"": true, ""fault_codes"": [], ""speed_limit"": 0, ""engine_hours"": 1432, ""idc_triggers"": [], ""buzzer_active"": false, ""fuel_level_avg"": 38, ""lock_geo_alert"": false, ""operation_mode"": ""MASTER"", ""battery_voltage"": 14.300000190734863, ""in_primary_zone"": true, ""lock_engine_alert"": false, ""in_restricted_zone"": false, ""onboard_geofencing"": false, ""speed_limit_active"": false, ""lock_geo_alert_distance"": 0}"
2023-07-23 20:41:36.498,4431,858,"354616090369062",1582,"{""key"": false, ""flip"": false, ""zone"": false, ""speed"": 4.630000000000001, ""buzzer"": 0, ""engine"": true, ""in_zone"": true, ""ignition"": true, ""latitude"": 25.9318433, ""direction"": 350, ""longitude"": -80.1168682, ""gsm_signal"": 31, ""sleep_mode"": false, ""staff_mode"": true, ""fault_codes"": [], ""speed_limit"": 0, ""engine_hours"": 1432, ""idc_triggers"": [], ""buzzer_active"": false, ""fuel_level_avg"": 38, ""lock_geo_alert"": false, ""operation_mode"": ""MASTER"", ""battery_voltage"": 14.300000190734863, ""in_primary_zone"": true, ""lock_engine_alert"": false, ""in_restricted_zone"": false, ""onboard_geofencing"": false, ""speed_limit_active"": false, ""lock_geo_alert_distance"": 0}"
2023-07-23 20:41:35.537,4431,858,"354616090369062",1582,"{""key"": false, ""flip"": false, ""zone"": false, ""speed"": 4.630000000000001, ""buzzer"": 0, ""engine"": true, ""in_zone"": true, ""ignition"": true, ""latitude"": 25.9318316, ""direction"": 0, ""longitude"": -80.116865, ""gsm_signal"": 31, ""sleep_mode"": false, ""staff_mode"": true, ""fault_codes"": [], ""speed_limit"": 0, ""engine_hours"": 1432, ""idc_triggers"": [], ""buzzer_active"": false, ""fuel_level_avg"": 38, ""lock_geo_alert"": false, ""operation_mode"": ""MASTER"", ""battery_voltage"": 14.300000190734863, ""in_primary_zone"": true, ""lock_engine_alert"": false, ""in_restricted_zone"": false, ""onboard_geofencing"": false, ""speed_limit_active"": false, ""lock_geo_alert_distance"": 0}"
2023-07-23 20:41:34.498,4431,858,"354616090369062",1582,"{""key"": false, ""flip"": false, ""zone"": false, ""speed"": 4.630000000000001, ""buzzer"": 0, ""engine"": true, ""in_zone"": true, ""ignition"": true, ""latitude"": 25.9318216, ""direction"": 355, ""longitude"": -80.116865, ""gsm_signal"": 31, ""sleep_mode"": false, ""staff_mode"": true, ""fault_codes"": [], ""speed_limit"": 0, ""engine_hours"": 1432, ""idc_triggers"": [], ""buzzer_active"": false, ""fuel_level_avg"": 38, ""lock_geo_alert"": false, ""operation_mode"": ""MASTER"", ""battery_voltage"": 14.300000190734863, ""in_primary_zone"": true, ""lock_engine_alert"": false, ""in_restricted_zone"": false, ""onboard_geofencing"": false, ""speed_limit_active"": false, ""lock_geo_alert_distance"": 0}"
2023-07-23 20:41:33.457,4431,858,"354616090369062",1582,"{""key"": false, ""flip"": false, ""zone"": false, ""speed"": 4.0744, ""buzzer"": 0, ""engine"": true, ""in_zone"": true, ""ignition"": true, ""latitude"": 25.9318083, ""direction"": 8, ""longitude"": -80.1168632, ""gsm_signal"": 31, ""sleep_mode"": false, ""staff_mode"": true, ""fault_codes"": [], ""speed_limit"": 0, ""engine_hours"": 1432, ""idc_triggers"": [], ""buzzer_active"": false, ""fuel_level_avg"": 38, ""lock_geo_alert"": false, ""operation_mode"": ""MASTER"", ""battery_voltage"": 14.300000190734863, ""in_primary_zone"": true, ""lock_engine_alert"": false, ""in_restricted_zone"": false, ""onboard_geofencing"": false, ""speed_limit_active"": false, ""lock_geo_alert_distance"": 0}"
2023-07-23 20:41:32.497,4431,858,"354616090369062",1582,"{""key"": false, ""flip"": false, ""zone"": false, ""speed"": 4.4448, ""buzzer"": 0, ""engine"": true, ""in_zone"": true, ""ignition"": true, ""latitude"": 25.931795, ""direction"": 3, ""longitude"": -80.1168616, ""gsm_signal"": 31, ""sleep_mode"": false, ""staff_mode"": true, ""fault_codes"": [], ""speed_limit"": 0, ""engine_hours"": 1432, ""idc_triggers"": [], ""buzzer_active"": false, ""fuel_level_avg"": 38, ""lock_geo_alert"": false, ""operation_mode"": ""MASTER"", ""battery_voltage"": 14.300000190734863, ""in_primary_zone"": true, ""lock_engine_alert"": false, ""in_restricted_zone"": false, ""onboard_geofencing"": false, ""speed_limit_active"": false, ""lock_geo_alert_distance"": 0}"
2023-07-23 20:41:31.538,4431,858,"354616090369062",1582,"{""key"": false, ""flip"": false, ""zone"": false, ""speed"": 5.000400000000001, ""buzzer"": 0, ""engine"": true, ""in_zone"": true, ""ignition"": true, ""latitude"": 25.9317833, ""direction"": 13, ""longitude"": -80.1168616, ""gsm_signal"": 31, ""sleep_mode"": false, ""staff_mode"": true, ""fault_codes"": [], ""speed_limit"": 0, ""engine_hours"": 1432, ""idc_triggers"": [], ""buzzer_active"": false, ""fuel_level_avg"": 38, ""lock_geo_alert"": false, ""operation_mode"": ""MASTER"", ""battery_voltage"": 14.300000190734863, ""in_primary_zone"": true, ""lock_engine_alert"": false, ""in_restricted_zone"": false, ""onboard_geofencing"": false, ""speed_limit_active"": false, ""lock_geo_alert_distance"": 0}"
2023-07-23 20:41:30.497,4431,858,"354616090369062",1582,"{""key"": false, ""flip"": false, ""zone"": false, ""speed"": 5.1856, ""buzzer"": 0, ""engine"": true, ""in_zone"": true, ""ignition"": true, ""latitude"": 25.93177, ""direction"": 9, ""longitude"": -80.1168666, ""gsm_signal"": 31, ""sleep_mode"": false, ""staff_mode"": true, ""fault_codes"": [], ""speed_limit"": 0, ""engine_hours"": 1432, ""idc_triggers"": [], ""buzzer_active"": false, ""fuel_level_avg"": 38, ""lock_geo_alert"": false, ""operation_mode"": ""MASTER"", ""battery_voltage"": 14.300000190734863, ""in_primary_zone"": true, ""lock_engine_alert"": false, ""in_restricted_zone"": false, ""onboard_geofencing"": false, ""speed_limit_active"": false, ""lock_geo_alert_distance"": 0}"
2023-07-23 20:41:29.458,4431,858,"354616090369062",1582,"{""key"": false, ""flip"": false, ""zone"": false, ""speed"": 4.630000000000001, ""buzzer"": 0, ""engine"": true, ""in_zone"": true, ""ignition"": true, ""latitude"": 25.93176, ""direction"": 14, ""longitude"": -80.11687, ""gsm_signal"": 31, ""sleep_mode"": false, ""staff_mode"": true, ""fault_codes"": [], ""speed_limit"": 0, ""engine_hours"": 1432, ""idc_triggers"": [], ""buzzer_active"": false, ""fuel_level_avg"": 38, ""lock_geo_alert"": false, ""operation_mode"": ""MASTER"", ""battery_voltage"": 14.300000190734863, ""in_primary_zone"": true, ""lock_engine_alert"": false, ""in_restricted_zone"": false, ""onboard_geofencing"": false, ""speed_limit_active"": false, ""lock_geo_alert_distance"": 0}"
2023-07-23 20:41:28.496,4431,858,"354616090369062",1582,"{""key"": false, ""flip"": false, ""zone"": false, ""speed"": 4.630000000000001, ""buzzer"": 0, ""engine"": true, ""in_zone"": true, ""ignition"": true, ""latitude"": 25.9317483, ""direction"": 354, ""longitude"": -80.1168716, ""gsm_signal"": 31, ""sleep_mode"": false, ""staff_mode"": true, ""fault_codes"": [], ""speed_limit"": 0, ""engine_hours"": 1432, ""idc_triggers"": [], ""buzzer_active"": false, ""fuel_level_avg"": 38, ""lock_geo_alert"": false, ""operation_mode"": ""MASTER"", ""battery_voltage"": 14.300000190734863, ""in_primary_zone"": true, ""lock_engine_alert"": false, ""in_restricted_zone"": false, ""onboard_geofencing"": false, ""speed_limit_active"": false, ""lock_geo_alert_distance"": 0}"
2023-07-23 20:41:27.537,4431,858,"354616090369062",1582,"{""key"": false, ""flip"": false, ""zone"": false, ""speed"": 5.370800000000001, ""buzzer"": 0, ""engine"": true, ""in_zone"": true, ""ignition"": true, ""latitude"": 25.9317366, ""direction"": 7, ""longitude"": -80.1168716, ""gsm_signal"": 31, ""sleep_mode"": false, ""staff_mode"": true, ""fault_codes"": [], ""speed_limit"": 0, ""engine_hours"": 1432, ""idc_triggers"": [], ""buzzer_active"": false, ""fuel_level_avg"": 38, ""lock_geo_alert"": false, ""operation_mode"": ""MASTER"", ""battery_voltage"": 14.300000190734863, ""in_primary_zone"": true, ""lock_engine_alert"": false, ""in_restricted_zone"": false, ""onboard_geofencing"": false, ""speed_limit_active"": false, ""lock_geo_alert_distance"": 0}"
2023-07-23 20:41:26.497,4431,858,"354616090369062",1582,"{""key"": false, ""flip"": false, ""zone"": false, ""speed"": 4.8152, ""buzzer"": 0, ""engine"": true, ""in_zone"": true, ""ignition"": true, ""latitude"": 25.931725, ""direction"": 9, ""longitude"": -80.1168732, ""gsm_signal"": 31, ""sleep_mode"": false, ""staff_mode"": true, ""fault_codes"": [], ""speed_limit"": 0, ""engine_hours"": 1432, ""idc_triggers"": [], ""buzzer_active"": false, ""fuel_level_avg"": 38, ""lock_geo_alert"": false, ""operation_mode"": ""MASTER"", ""battery_voltage"": 14.300000190734863, ""in_primary_zone"": true, ""lock_engine_alert"": false, ""in_restricted_zone"": false, ""onboard_geofencing"": false, ""speed_limit_active"": false, ""lock_geo_alert_distance"": 0}"
2023-07-23 20:41:25.457,4431,858,"354616090369062",1582,"{""key"": false, ""flip"": false, ""zone"": false, ""speed"": 4.8152, ""buzzer"": 0, ""engine"": true, ""in_zone"": true, ""ignition"": true, ""latitude"": 25.9317133, ""direction"": 3, ""longitude"": -80.116875, ""gsm_signal"": 31, ""sleep_mode"": false, ""staff_mode"": true, ""fault_codes"": [], ""speed_limit"": 0, ""engine_hours"": 1432, ""idc_triggers"": [], ""buzzer_active"": false, ""fuel_level_avg"": 38, ""lock_geo_alert"": false, ""operation_mode"": ""MASTER"", ""battery_voltage"": 14.300000190734863, ""in_primary_zone"": true, ""lock_engine_alert"": false, ""in_restricted_zone"": false, ""onboard_geofencing"": false, ""speed_limit_active"": false, ""lock_geo_alert_distance"": 0}"
2023-07-23 20:41:24.497,4431,858,"354616090369062",1582,"{""key"": false, ""flip"": false, ""zone"": false, ""speed"": 5.1856, ""buzzer"": 0, ""engine"": true, ""in_zone"": true, ""ignition"": true, ""latitude"": 25.9317033, ""direction"": 9, ""longitude"": -80.116875, ""gsm_signal"": 31, ""sleep_mode"": false, ""staff_mode"": true, ""fault_codes"": [], ""speed_limit"": 0, ""engine_hours"": 1432, ""idc_triggers"": [], ""buzzer_active"": false, ""fuel_level_avg"": 38, ""lock_geo_alert"": false, ""operation_mode"": ""MASTER"", ""battery_voltage"": 14.300000190734863, ""in_primary_zone"": true, ""lock_engine_alert"": false, ""in_restricted_zone"": false, ""onboard_geofencing"": false, ""speed_limit_active"": false, ""lock_geo_alert_distance"": 0}"
2023-07-23 20:41:23.618,4431,858,"354616090369062",1582,"{""key"": false, ""flip"": false, ""zone"": false, ""speed"": 4.259600000000001, ""buzzer"": 0, ""engine"": true, ""in_zone"": true, ""ignition"": true, ""latitude"": 25.9316933, ""direction"": 17, ""longitude"": -80.1168766, ""gsm_signal"": 31, ""sleep_mode"": false, ""staff_mode"": true, ""fault_codes"": [], ""speed_limit"": 0, ""engine_hours"": 1432, ""idc_triggers"": [], ""buzzer_active"": false, ""fuel_level_avg"": 38, ""lock_geo_alert"": false, ""operation_mode"": ""MASTER"", ""battery_voltage"": 14.300000190734863, ""in_primary_zone"": true, ""lock_engine_alert"": false, ""in_restricted_zone"": false, ""onboard_geofencing"": false, ""speed_limit_active"": false, ""lock_geo_alert_distance"": 0}"
2023-07-23 20:41:22.587,4431,858,"354616090369062",1582,"{""key"": false, ""flip"": false, ""zone"": false, ""speed"": 5.000400000000001, ""buzzer"": 0, ""engine"": true, ""in_zone"": true, ""ignition"": true, ""latitude"": 25.9316816, ""direction"": 7, ""longitude"": -80.11688, ""gsm_signal"": 31, ""sleep_mode"": false, ""staff_mode"": true, ""fault_codes"": [], ""speed_limit"": 0, ""engine_hours"": 1432, ""idc_triggers"": [], ""buzzer_active"": false, ""fuel_level_avg"": 38, ""lock_geo_alert"": false, ""operation_mode"": ""MASTER"", ""battery_voltage"": 14.300000190734863, ""in_primary_zone"": true, ""lock_engine_alert"": false, ""in_restricted_zone"": false, ""onboard_geofencing"": false, ""speed_limit_active"": false, ""lock_geo_alert_distance"": 0}"
2023-07-23 20:41:21.617,4431,858,"354616090369062",1582,"{""key"": false, ""flip"": false, ""zone"": false, ""speed"": 3.7039999999999997, ""buzzer"": 0, ""engine"": true, ""in_zone"": true, ""ignition"": true, ""latitude"": 25.93167, ""direction"": 11, ""longitude"": -80.11688, ""gsm_signal"": 31, ""sleep_mode"": false, ""staff_mode"": true, ""fault_codes"": [], ""speed_limit"": 0, ""engine_hours"": 1432, ""idc_triggers"": [], ""buzzer_active"": false, ""fuel_level_avg"": 38, ""lock_geo_alert"": false, ""operation_mode"": ""MASTER"", ""battery_voltage"": 14.300000190734863, ""in_primary_zone"": true, ""lock_engine_alert"": false, ""in_restricted_zone"": false, ""onboard_geofencing"": false, ""speed_limit_active"": false, ""lock_geo_alert_distance"": 0}"
2023-07-23 20:41:20.577,4431,858,"354616090369062",1582,"{""key"": false, ""flip"": false, ""zone"": false, ""speed"": 3.7039999999999997, ""buzzer"": 0, ""engine"": true, ""in_zone"": true, ""ignition"": true, ""latitude"": 25.9316633, ""direction"": 16, ""longitude"": -80.1168816, ""gsm_signal"": 31, ""sleep_mode"": false, ""staff_mode"": true, ""fault_codes"": [], ""speed_limit"": 0, ""engine_hours"": 1432, ""idc_triggers"": [], ""buzzer_active"": false, ""fuel_level_avg"": 38, ""lock_geo_alert"": false, ""operation_mode"": ""MASTER"", ""battery_voltage"": 14.300000190734863, ""in_primary_zone"": true, ""lock_engine_alert"": false, ""in_restricted_zone"": false, ""onboard_geofencing"": false, ""speed_limit_active"": false, ""lock_geo_alert_distance"": 0}"
2023-07-23 20:41:19.617,4431,858,"354616090369062",1582,"{""key"": false, ""flip"": false, ""zone"": false, ""speed"": 3.3335999999999997, ""buzzer"": 0, ""engine"": true, ""in_zone"": true, ""ignition"": true, ""latitude"": 25.931655, ""direction"": 21, ""longitude"": -80.116885, ""gsm_signal"": 31, ""sleep_mode"": false, ""staff_mode"": true, ""fault_codes"": [], ""speed_limit"": 0, ""engine_hours"": 1432, ""idc_triggers"": [], ""buzzer_active"": false, ""fuel_level_avg"": 38, ""lock_geo_alert"": false, ""operation_mode"": ""MASTER"", ""battery_voltage"": 14.300000190734863, ""in_primary_zone"": true, ""lock_engine_alert"": false, ""in_restricted_zone"": false, ""onboard_geofencing"": false, ""speed_limit_active"": false, ""lock_geo_alert_distance"": 0}"
2023-07-23 20:41:17.628,4431,858,"354616090369062",1582,"{""key"": false, ""flip"": false, ""zone"": false, ""speed"": 3.8892, ""buzzer"": 0, ""engine"": true, ""in_zone"": true, ""ignition"": true, ""latitude"": 25.9316466, ""direction"": 55, ""longitude"": -80.1169, ""gsm_signal"": 31, ""sleep_mode"": false, ""staff_mode"": true, ""fault_codes"": [], ""speed_limit"": 0, ""engine_hours"": 1432, ""idc_triggers"": [], ""buzzer_active"": false, ""fuel_level_avg"": 38, ""lock_geo_alert"": false, ""operation_mode"": ""MASTER"", ""battery_voltage"": 14.300000190734863, ""in_primary_zone"": true, ""lock_engine_alert"": false, ""in_restricted_zone"": false, ""onboard_geofencing"": false, ""speed_limit_active"": false, ""lock_geo_alert_distance"": 0}"
2023-07-23 20:41:16.579,4431,858,"354616090369062",1582,"{""key"": false, ""flip"": false, ""zone"": false, ""speed"": 4.4448, ""buzzer"": 0, ""engine"": true, ""in_zone"": true, ""ignition"": true, ""latitude"": 25.9316433, ""direction"": 68, ""longitude"": -80.11691, ""gsm_signal"": 31, ""sleep_mode"": false, ""staff_mode"": true, ""fault_codes"": [], ""speed_limit"": 0, ""engine_hours"": 1432, ""idc_triggers"": [], ""buzzer_active"": false, ""fuel_level_avg"": 38, ""lock_geo_alert"": false, ""operation_mode"": ""MASTER"", ""battery_voltage"": 14.300000190734863, ""in_primary_zone"": true, ""lock_engine_alert"": false, ""in_restricted_zone"": false, ""onboard_geofencing"": false, ""speed_limit_active"": false, ""lock_geo_alert_distance"": 0}"
2023-07-23 20:41:15.616,4431,858,"354616090369062",1582,"{""key"": false, ""flip"": false, ""zone"": false, ""speed"": 3.8892, ""buzzer"": 0, ""engine"": true, ""in_zone"": true, ""ignition"": true, ""latitude"": 25.93164, ""direction"": 67, ""longitude"": -80.11692, ""gsm_signal"": 31, ""sleep_mode"": false, ""staff_mode"": true, ""fault_codes"": [], ""speed_limit"": 0, ""engine_hours"": 1432, ""idc_triggers"": [], ""buzzer_active"": false, ""fuel_level_avg"": 38, ""lock_geo_alert"": false, ""operation_mode"": ""MASTER"", ""battery_voltage"": 14.300000190734863, ""in_primary_zone"": true, ""lock_engine_alert"": false, ""in_restricted_zone"": false, ""onboard_geofencing"": false, ""speed_limit_active"": false, ""lock_geo_alert_distance"": 0}"
2023-07-23 20:41:14.656,4431,858,"354616090369062",1582,"{""key"": false, ""flip"": false, ""zone"": false, ""speed"": 4.630000000000001, ""buzzer"": 0, ""engine"": true, ""in_zone"": true, ""ignition"": true, ""latitude"": 25.931635, ""direction"": 67, ""longitude"": -80.1169316, ""gsm_signal"": 31, ""sleep_mode"": false, ""staff_mode"": true, ""fault_codes"": [], ""speed_limit"": 0, ""engine_hours"": 1432, ""idc_triggers"": [], ""buzzer_active"": false, ""fuel_level_avg"": 38, ""lock_geo_alert"": false, ""operation_mode"": ""MASTER"", ""battery_voltage"": 14.300000190734863, ""in_primary_zone"": true, ""lock_engine_alert"": false, ""in_restricted_zone"": false, ""onboard_geofencing"": false, ""speed_limit_active"": false, ""lock_geo_alert_distance"": 0}"
2023-07-23 20:41:13.617,4431,858,"354616090369062",1582,"{""key"": false, ""flip"": false, ""zone"": false, ""speed"": 4.259600000000001, ""buzzer"": 0, ""engine"": true, ""in_zone"": true, ""ignition"": true, ""latitude"": 25.93163, ""direction"": 79, ""longitude"": -80.1169432, ""gsm_signal"": 31, ""sleep_mode"": false, ""staff_mode"": true, ""fault_codes"": [], ""speed_limit"": 0, ""engine_hours"": 1432, ""idc_triggers"": [], ""buzzer_active"": false, ""fuel_level_avg"": 38, ""lock_geo_alert"": false, ""operation_mode"": ""MASTER"", ""battery_voltage"": 14.300000190734863, ""in_primary_zone"": true, ""lock_engine_alert"": false, ""in_restricted_zone"": false, ""onboard_geofencing"": false, ""speed_limit_active"": false, ""lock_geo_alert_distance"": 0}"
2023-07-23 20:41:12.577,4431,858,"354616090369062",1582,"{""key"": false, ""flip"": false, ""zone"": false, ""speed"": 4.8152, ""buzzer"": 0, ""engine"": true, ""in_zone"": true, ""ignition"": true, ""latitude"": 25.9316233, ""direction"": 75, ""longitude"": -80.1169582, ""gsm_signal"": 31, ""sleep_mode"": false, ""staff_mode"": true, ""fault_codes"": [], ""speed_limit"": 0, ""engine_hours"": 1432, ""idc_triggers"": [], ""buzzer_active"": false, ""fuel_level_avg"": 38, ""lock_geo_alert"": false, ""operation_mode"": ""MASTER"", ""battery_voltage"": 14.300000190734863, ""in_primary_zone"": true, ""lock_engine_alert"": false, ""in_restricted_zone"": false, ""onboard_geofencing"": false, ""speed_limit_active"": false, ""lock_geo_alert_distance"": 0}"
2023-07-23 20:41:11.618,4431,858,"354616090369062",1582,"{""key"": false, ""flip"": false, ""zone"": false, ""speed"": 4.259600000000001, ""buzzer"": 0, ""engine"": true, ""in_zone"": true, ""ignition"": true, ""latitude"": 25.9316183, ""direction"": 68, ""longitude"": -80.11697, ""gsm_signal"": 31, ""sleep_mode"": false, ""staff_mode"": true, ""fault_codes"": [], ""speed_limit"": 0, ""engine_hours"": 1432, ""idc_triggers"": [], ""buzzer_active"": false, ""fuel_level_avg"": 38, ""lock_geo_alert"": false, ""operation_mode"": ""MASTER"", ""battery_voltage"": 14.300000190734863, ""in_primary_zone"": true, ""lock_engine_alert"": false, ""in_restricted_zone"": false, ""onboard_geofencing"": false, ""speed_limit_active"": false, ""lock_geo_alert_distance"": 0}"
2023-07-23 20:41:10.577,4431,858,"354616090369062",1582,"{""key"": false, ""flip"": false, ""zone"": false, ""speed"": 4.259600000000001, ""buzzer"": 0, ""engine"": true, ""in_zone"": true, ""ignition"": true, ""latitude"": 25.9316133, ""direction"": 50, ""longitude"": -80.1169832, ""gsm_signal"": 31, ""sleep_mode"": false, ""staff_mode"": true, ""fault_codes"": [], ""speed_limit"": 0, ""engine_hours"": 1432, ""idc_triggers"": [], ""buzzer_active"": false, ""fuel_level_avg"": 38, ""lock_geo_alert"": false, ""operation_mode"": ""MASTER"", ""battery_voltage"": 14.300000190734863, ""in_primary_zone"": true, ""lock_engine_alert"": false, ""in_restricted_zone"": false, ""onboard_geofencing"": false, ""speed_limit_active"": false, ""lock_geo_alert_distance"": 0}"
2023-07-23 20:41:09.617,4431,858,"354616090369062",1582,"{""key"": false, ""flip"": false, ""zone"": false, ""speed"": 4.4448, ""buzzer"": 0, ""engine"": true, ""in_zone"": true, ""ignition"": true, ""latitude"": 25.9316066, ""direction"": 43, ""longitude"": -80.1169916, ""gsm_signal"": 31, ""sleep_mode"": false, ""staff_mode"": true, ""fault_codes"": [], ""speed_limit"": 0, ""engine_hours"": 1432, ""idc_triggers"": [], ""buzzer_active"": false, ""fuel_level_avg"": 38, ""lock_geo_alert"": false, ""operation_mode"": ""MASTER"", ""battery_voltage"": 14.300000190734863, ""in_primary_zone"": true, ""lock_engine_alert"": false, ""in_restricted_zone"": false, ""onboard_geofencing"": false, ""speed_limit_active"": false, ""lock_geo_alert_distance"": 0}"
2023-07-23 20:41:08.657,4431,858,"354616090369062",1582,"{""key"": false, ""flip"": false, ""zone"": false, ""speed"": 3.8892, ""buzzer"": 0, ""engine"": true, ""in_zone"": true, ""ignition"": true, ""latitude"": 25.9316033, ""direction"": 44, ""longitude"": -80.1169982, ""gsm_signal"": 31, ""sleep_mode"": false, ""staff_mode"": true, ""fault_codes"": [], ""speed_limit"": 0, ""engine_hours"": 1432, ""idc_triggers"": [], ""buzzer_active"": false, ""fuel_level_avg"": 38, ""lock_geo_alert"": false, ""operation_mode"": ""MASTER"", ""battery_voltage"": 14.300000190734863, ""in_primary_zone"": true, ""lock_engine_alert"": false, ""in_restricted_zone"": false, ""onboard_geofencing"": false, ""speed_limit_active"": false, ""lock_geo_alert_distance"": 0}"
2023-07-23 20:41:07.617,4431,858,"354616090369062",1582,"{""key"": false, ""flip"": false, ""zone"": false, ""speed"": 3.5188, ""buzzer"": 0, ""engine"": true, ""in_zone"": true, ""ignition"": true, ""latitude"": 25.931595, ""direction"": 45, ""longitude"": -80.1170032, ""gsm_signal"": 31, ""sleep_mode"": false, ""staff_mode"": true, ""fault_codes"": [], ""speed_limit"": 0, ""engine_hours"": 1432, ""idc_triggers"": [], ""buzzer_active"": false, ""fuel_level_avg"": 38, ""lock_geo_alert"": false, ""operation_mode"": ""MASTER"", ""battery_voltage"": 14.300000190734863, ""in_primary_zone"": true, ""lock_engine_alert"": false, ""in_restricted_zone"": false, ""onboard_geofencing"": false, ""speed_limit_active"": false, ""lock_geo_alert_distance"": 0}"
2023-07-23 20:41:06.576,4431,858,"354616090369062",1582,"{""key"": false, ""flip"": false, ""zone"": false, ""speed"": 3.5188, ""buzzer"": 0, ""engine"": true, ""in_zone"": true, ""ignition"": true, ""latitude"": 25.9315866, ""direction"": 50, ""longitude"": -80.1170082, ""gsm_signal"": 31, ""sleep_mode"": false, ""staff_mode"": true, ""fault_codes"": [], ""speed_limit"": 0, ""engine_hours"": 1432, ""idc_triggers"": [], ""buzzer_active"": false, ""fuel_level_avg"": 38, ""lock_geo_alert"": false, ""operation_mode"": ""MASTER"", ""battery_voltage"": 14.300000190734863, ""in_primary_zone"": true, ""lock_engine_alert"": false, ""in_restricted_zone"": false, ""onboard_geofencing"": false, ""speed_limit_active"": false, ""lock_geo_alert_distance"": 0}"
2023-07-23 20:41:05.618,4431,858,"354616090369062",1582,"{""key"": false, ""flip"": false, ""zone"": false, ""speed"": 3.5188, ""buzzer"": 0, ""engine"": true, ""in_zone"": true, ""ignition"": true, ""latitude"": 25.9315816, ""direction"": 49, ""longitude"": -80.1170166, ""gsm_signal"": 31, ""sleep_mode"": false, ""staff_mode"": true, ""fault_codes"": [], ""speed_limit"": 0, ""engine_hours"": 1432, ""idc_triggers"": [], ""buzzer_active"": false, ""fuel_level_avg"": 38, ""lock_geo_alert"": false, ""operation_mode"": ""MASTER"", ""battery_voltage"": 14.300000190734863, ""in_primary_zone"": true, ""lock_engine_alert"": false, ""in_restricted_zone"": false, ""onboard_geofencing"": false, ""speed_limit_active"": false, ""lock_geo_alert_distance"": 0}"
2023-07-23 20:41:04.577,4431,858,"354616090369062",1582,"{""key"": false, ""flip"": false, ""zone"": false, ""speed"": 3.1484, ""buzzer"": 0, ""engine"": true, ""in_zone"": true, ""ignition"": true, ""latitude"": 25.9315766, ""direction"": 49, ""longitude"": -80.1170232, ""gsm_signal"": 31, ""sleep_mode"": false, ""staff_mode"": true, ""fault_codes"": [], ""speed_limit"": 0, ""engine_hours"": 1432, ""idc_triggers"": [], ""buzzer_active"": false, ""fuel_level_avg"": 38, ""lock_geo_alert"": false, ""operation_mode"": ""MASTER"", ""battery_voltage"": 14.300000190734863, ""in_primary_zone"": true, ""lock_engine_alert"": false, ""in_restricted_zone"": false, ""onboard_geofencing"": false, ""speed_limit_active"": false, ""lock_geo_alert_distance"": 0}"
2023-07-23 20:41:03.619,4431,858,"354616090369062",1582,"{""key"": false, ""flip"": false, ""zone"": false, ""speed"": 0.0, ""buzzer"": 0, ""engine"": true, ""in_zone"": true, ""ignition"": true, ""latitude"": 25.931575, ""direction"": 64, ""longitude"": -80.1170266, ""gsm_signal"": 31, ""sleep_mode"": false, ""staff_mode"": true, ""fault_codes"": [], ""speed_limit"": 0, ""engine_hours"": 1432, ""idc_triggers"": [], ""buzzer_active"": false, ""fuel_level_avg"": 38, ""lock_geo_alert"": false, ""operation_mode"": ""MASTER"", ""battery_voltage"": 14.300000190734863, ""in_primary_zone"": true, ""lock_engine_alert"": false, ""in_restricted_zone"": false, ""onboard_geofencing"": false, ""speed_limit_active"": false, ""lock_geo_alert_distance"": 0}"
2023-07-23 20:41:02.656,4431,858,"354616090369062",1582,"{""key"": false, ""flip"": false, ""zone"": false, ""speed"": 0.0, ""buzzer"": 0, ""engine"": true, ""in_zone"": true, ""ignition"": true, ""latitude"": 25.931575, ""direction"": 33, ""longitude"": -80.11703, ""gsm_signal"": 31, ""sleep_mode"": false, ""staff_mode"": true, ""fault_codes"": [], ""speed_limit"": 0, ""engine_hours"": 1432, ""idc_triggers"": [], ""buzzer_active"": false, ""fuel_level_avg"": 38, ""lock_geo_alert"": false, ""operation_mode"": ""MASTER"", ""battery_voltage"": 14.300000190734863, ""in_primary_zone"": true, ""lock_engine_alert"": false, ""in_restricted_zone"": false, ""onboard_geofencing"": false, ""speed_limit_active"": false, ""lock_geo_alert_distance"": 0}"
2023-07-23 20:41:01.616,4431,858,"354616090369062",1582,"{""key"": false, ""flip"": false, ""zone"": false, ""speed"": 1.4816, ""buzzer"": 0, ""engine"": true, ""in_zone"": true, ""ignition"": true, ""latitude"": 25.9315716, ""direction"": 16, ""longitude"": -80.1170316, ""gsm_signal"": 31, ""sleep_mode"": false, ""staff_mode"": true, ""fault_codes"": [], ""speed_limit"": 0, ""engine_hours"": 1432, ""idc_triggers"": [], ""buzzer_active"": false, ""fuel_level_avg"": 38, ""lock_geo_alert"": false, ""operation_mode"": ""MASTER"", ""battery_voltage"": 14.300000190734863, ""in_primary_zone"": true, ""lock_engine_alert"": false, ""in_restricted_zone"": false, ""onboard_geofencing"": false, ""speed_limit_active"": false, ""lock_geo_alert_distance"": 0}"
2023-07-23 20:41:00.668,4431,858,"354616090369062",1582,"{""key"": false, ""flip"": false, ""zone"": false, ""speed"": 1.6667999999999998, ""buzzer"": 0, ""engine"": true, ""in_zone"": true, ""ignition"": true, ""latitude"": 25.93156, ""direction"": 4, ""longitude"": -80.117015, ""gsm_signal"": 31, ""sleep_mode"": false, ""staff_mode"": true, ""fault_codes"": [], ""speed_limit"": 0, ""engine_hours"": 1432, ""idc_triggers"": [], ""buzzer_active"": false, ""fuel_level_avg"": 38, ""lock_geo_alert"": false, ""operation_mode"": ""MASTER"", ""battery_voltage"": 14.300000190734863, ""in_primary_zone"": true, ""lock_engine_alert"": false, ""in_restricted_zone"": false, ""onboard_geofencing"": false, ""speed_limit_active"": false, ""lock_geo_alert_distance"": 0}"
2023-07-23 20:40:59.622,4431,858,"354616090369062",1582,"{""key"": false, ""flip"": false, ""zone"": false, ""speed"": 0.0, ""buzzer"": 0, ""engine"": true, ""in_zone"": true, ""ignition"": true, ""latitude"": 25.93156, ""direction"": 318, ""longitude"": -80.117015, ""gsm_signal"": 31, ""sleep_mode"": false, ""staff_mode"": true, ""fault_codes"": [], ""speed_limit"": 0, ""engine_hours"": 1432, ""idc_triggers"": [], ""buzzer_active"": false, ""fuel_level_avg"": 38, ""lock_geo_alert"": false, ""operation_mode"": ""MASTER"", ""battery_voltage"": 14.300000190734863, ""in_primary_zone"": true, ""lock_engine_alert"": false, ""in_restricted_zone"": false, ""onboard_geofencing"": false, ""speed_limit_active"": false, ""lock_geo_alert_distance"": 0}"
2023-07-23 20:40:58.656,4431,858,"354616090369062",1582,"{""key"": false, ""flip"": false, ""zone"": false, ""speed"": 0.0, ""buzzer"": 0, ""engine"": true, ""in_zone"": true, ""ignition"": true, ""latitude"": 25.93156, ""direction"": 318, ""longitude"": -80.117015, ""gsm_signal"": 31, ""sleep_mode"": false, ""staff_mode"": true, ""fault_codes"": [], ""speed_limit"": 0, ""engine_hours"": 1432, ""idc_triggers"": [], ""buzzer_active"": false, ""fuel_level_avg"": 38, ""lock_geo_alert"": false, ""operation_mode"": ""MASTER"", ""battery_voltage"": 14.300000190734863, ""in_primary_zone"": true, ""lock_engine_alert"": false, ""in_restricted_zone"": false, ""onboard_geofencing"": false, ""speed_limit_active"": false, ""lock_geo_alert_distance"": 0}"
2023-07-23 20:40:57.618,4431,858,"354616090369062",1582,"{""key"": false, ""flip"": false, ""zone"": false, ""speed"": 0.0, ""buzzer"": 0, ""engine"": true, ""in_zone"": true, ""ignition"": true, ""latitude"": 25.93156, ""direction"": 318, ""longitude"": -80.117015, ""gsm_signal"": 31, ""sleep_mode"": false, ""staff_mode"": true, ""fault_codes"": [], ""speed_limit"": 0, ""engine_hours"": 1432, ""idc_triggers"": [], ""buzzer_active"": false, ""fuel_level_avg"": 38, ""lock_geo_alert"": false, ""operation_mode"": ""MASTER"", ""battery_voltage"": 14.300000190734863, ""in_primary_zone"": true, ""lock_engine_alert"": false, ""in_restricted_zone"": false, ""onboard_geofencing"": false, ""speed_limit_active"": false, ""lock_geo_alert_distance"": 0}"
2023-07-23 20:40:56.656,4431,858,"354616090369062",1582,"{""key"": false, ""flip"": false, ""zone"": false, ""speed"": 0.0, ""buzzer"": 0, ""engine"": true, ""in_zone"": true, ""ignition"": true, ""latitude"": 25.93156, ""direction"": 318, ""longitude"": -80.117015, ""gsm_signal"": 31, ""sleep_mode"": false, ""staff_mode"": true, ""fault_codes"": [], ""speed_limit"": 0, ""engine_hours"": 1432, ""idc_triggers"": [], ""buzzer_active"": false, ""fuel_level_avg"": 38, ""lock_geo_alert"": false, ""operation_mode"": ""MASTER"", ""battery_voltage"": 14.300000190734863, ""in_primary_zone"": true, ""lock_engine_alert"": false, ""in_restricted_zone"": false, ""onboard_geofencing"": false, ""speed_limit_active"": false, ""lock_geo_alert_distance"": 0}"
2023-07-23 20:40:55.617,4431,858,"354616090369062",1582,"{""key"": false, ""flip"": false, ""zone"": false, ""speed"": 0.0, ""buzzer"": 0, ""engine"": true, ""in_zone"": true, ""ignition"": true, ""latitude"": 25.93156, ""direction"": 318, ""longitude"": -80.117015, ""gsm_signal"": 31, ""sleep_mode"": false, ""staff_mode"": true, ""fault_codes"": [], ""speed_limit"": 0, ""engine_hours"": 1432, ""idc_triggers"": [], ""buzzer_active"": false, ""fuel_level_avg"": 38, ""lock_geo_alert"": false, ""operation_mode"": ""MASTER"", ""battery_voltage"": 14.300000190734863, ""in_primary_zone"": true, ""lock_engine_alert"": false, ""in_restricted_zone"": false, ""onboard_geofencing"": false, ""speed_limit_active"": false, ""lock_geo_alert_distance"": 0}"
2023-07-23 20:40:54.656,4431,858,"354616090369062",1582,"{""key"": false, ""flip"": false, ""zone"": false, ""speed"": 0.0, ""buzzer"": 0, ""engine"": true, ""in_zone"": true, ""ignition"": true, ""latitude"": 25.93156, ""direction"": 318, ""longitude"": -80.117015, ""gsm_signal"": 31, ""sleep_mode"": false, ""staff_mode"": true, ""fault_codes"": [], ""speed_limit"": 0, ""engine_hours"": 1432, ""idc_triggers"": [], ""buzzer_active"": false, ""fuel_level_avg"": 38, ""lock_geo_alert"": false, ""operation_mode"": ""MASTER"", ""battery_voltage"": 14.300000190734863, ""in_primary_zone"": true, ""lock_engine_alert"": false, ""in_restricted_zone"": false, ""onboard_geofencing"": false, ""speed_limit_active"": false, ""lock_geo_alert_distance"": 0}"
2023-07-23 20:40:53.616,4431,858,"354616090369062",1582,"{""key"": false, ""flip"": false, ""zone"": false, ""speed"": 0.0, ""buzzer"": 0, ""engine"": true, ""in_zone"": true, ""ignition"": true, ""latitude"": 25.93156, ""direction"": 318, ""longitude"": -80.117015, ""gsm_signal"": 31, ""sleep_mode"": false, ""staff_mode"": true, ""fault_codes"": [], ""speed_limit"": 0, ""engine_hours"": 1432, ""idc_triggers"": [], ""buzzer_active"": false, ""fuel_level_avg"": 38, ""lock_geo_alert"": false, ""operation_mode"": ""MASTER"", ""battery_voltage"": 14.300000190734863, ""in_primary_zone"": true, ""lock_engine_alert"": false, ""in_restricted_zone"": false, ""onboard_geofencing"": false, ""speed_limit_active"": false, ""lock_geo_alert_distance"": 0}"
2023-07-23 20:40:52.576,4431,858,"354616090369062",1582,"{""key"": false, ""flip"": false, ""zone"": false, ""speed"": 0.0, ""buzzer"": 0, ""engine"": true, ""in_zone"": true, ""ignition"": true, ""latitude"": 25.93156, ""direction"": 318, ""longitude"": -80.117015, ""gsm_signal"": 31, ""sleep_mode"": false, ""staff_mode"": true, ""fault_codes"": [], ""speed_limit"": 0, ""engine_hours"": 1432, ""idc_triggers"": [], ""buzzer_active"": false, ""fuel_level_avg"": 38, ""lock_geo_alert"": false, ""operation_mode"": ""MASTER"", ""battery_voltage"": 14.300000190734863, ""in_primary_zone"": true, ""lock_engine_alert"": false, ""in_restricted_zone"": false, ""onboard_geofencing"": false, ""speed_limit_active"": false, ""lock_geo_alert_distance"": 0}"
2023-07-23 20:40:51.617,4431,858,"354616090369062",1582,"{""key"": false, ""flip"": false, ""zone"": false, ""speed"": 0.0, ""buzzer"": 0, ""engine"": true, ""in_zone"": true, ""ignition"": true, ""latitude"": 25.93156, ""direction"": 318, ""longitude"": -80.117015, ""gsm_signal"": 31, ""sleep_mode"": false, ""staff_mode"": true, ""fault_codes"": [], ""speed_limit"": 0, ""engine_hours"": 1432, ""idc_triggers"": [], ""buzzer_active"": false, ""fuel_level_avg"": 38, ""lock_geo_alert"": false, ""operation_mode"": ""MASTER"", ""battery_voltage"": 14.300000190734863, ""in_primary_zone"": true, ""lock_engine_alert"": false, ""in_restricted_zone"": false, ""onboard_geofencing"": false, ""speed_limit_active"": false, ""lock_geo_alert_distance"": 0}"
2023-07-23 20:40:50.656,4431,858,"354616090369062",1582,"{""key"": false, ""flip"": false, ""zone"": false, ""speed"": 1.4816, ""buzzer"": 0, ""engine"": true, ""in_zone"": true, ""ignition"": true, ""latitude"": 25.93156, ""direction"": 300, ""longitude"": -80.117015, ""gsm_signal"": 28, ""sleep_mode"": false, ""staff_mode"": true, ""fault_codes"": [], ""speed_limit"": 0, ""engine_hours"": 1432, ""idc_triggers"": [], ""buzzer_active"": false, ""fuel_level_avg"": 38, ""lock_geo_alert"": false, ""operation_mode"": ""MASTER"", ""battery_voltage"": 14.300000190734863, ""in_primary_zone"": true, ""lock_engine_alert"": false, ""in_restricted_zone"": false, ""onboard_geofencing"": false, ""speed_limit_active"": false, ""lock_geo_alert_distance"": 0}"
2023-07-23 20:40:49.617,4431,858,"354616090369062",1582,"{""key"": false, ""flip"": false, ""zone"": false, ""speed"": 0.0, ""buzzer"": 0, ""engine"": true, ""in_zone"": true, ""ignition"": true, ""latitude"": 25.93156, ""direction"": 318, ""longitude"": -80.117015, ""gsm_signal"": 30, ""sleep_mode"": false, ""staff_mode"": true, ""fault_codes"": [], ""speed_limit"": 0, ""engine_hours"": 1432, ""idc_triggers"": [], ""buzzer_active"": false, ""fuel_level_avg"": 38, ""lock_geo_alert"": false, ""operation_mode"": ""MASTER"", ""battery_voltage"": 14.300000190734863, ""in_primary_zone"": true, ""lock_engine_alert"": false, ""in_restricted_zone"": false, ""onboard_geofencing"": false, ""speed_limit_active"": false, ""lock_geo_alert_distance"": 0}"
2023-07-23 20:40:48.588,4431,858,"354616090369062",1582,"{""key"": false, ""flip"": false, ""zone"": false, ""speed"": 0.0, ""buzzer"": 0, ""engine"": true, ""in_zone"": true, ""ignition"": true, ""latitude"": 25.93156, ""direction"": 318, ""longitude"": -80.117015, ""gsm_signal"": 30, ""sleep_mode"": false, ""staff_mode"": true, ""fault_codes"": [], ""speed_limit"": 0, ""engine_hours"": 1432, ""idc_triggers"": [], ""buzzer_active"": false, ""fuel_level_avg"": 38, ""lock_geo_alert"": false, ""operation_mode"": ""MASTER"", ""battery_voltage"": 14.300000190734863, ""in_primary_zone"": true, ""lock_engine_alert"": false, ""in_restricted_zone"": false, ""onboard_geofencing"": false, ""speed_limit_active"": false, ""lock_geo_alert_distance"": 0}"
2023-07-23 20:40:47.617,4431,858,"354616090369062",1582,"{""key"": false, ""flip"": false, ""zone"": false, ""speed"": 0.0, ""buzzer"": 0, ""engine"": true, ""in_zone"": true, ""ignition"": true, ""latitude"": 25.93156, ""direction"": 318, ""longitude"": -80.117015, ""gsm_signal"": 30, ""sleep_mode"": false, ""staff_mode"": true, ""fault_codes"": [], ""speed_limit"": 0, ""engine_hours"": 1432, ""idc_triggers"": [], ""buzzer_active"": false, ""fuel_level_avg"": 38, ""lock_geo_alert"": false, ""operation_mode"": ""MASTER"", ""battery_voltage"": 14.300000190734863, ""in_primary_zone"": true, ""lock_engine_alert"": false, ""in_restricted_zone"": false, ""onboard_geofencing"": false, ""speed_limit_active"": false, ""lock_geo_alert_distance"": 0}"
2023-07-23 20:40:46.656,4431,858,"354616090369062",1582,"{""key"": false, ""flip"": false, ""zone"": false, ""speed"": 0.0, ""buzzer"": 0, ""engine"": true, ""in_zone"": true, ""ignition"": true, ""latitude"": 25.93156, ""direction"": 318, ""longitude"": -80.117015, ""gsm_signal"": 31, ""sleep_mode"": false, ""staff_mode"": true, ""fault_codes"": [], ""speed_limit"": 0, ""engine_hours"": 1432, ""idc_triggers"": [], ""buzzer_active"": false, ""fuel_level_avg"": 38, ""lock_geo_alert"": false, ""operation_mode"": ""MASTER"", ""battery_voltage"": 14.300000190734863, ""in_primary_zone"": true, ""lock_engine_alert"": false, ""in_restricted_zone"": false, ""onboard_geofencing"": false, ""speed_limit_active"": false, ""lock_geo_alert_distance"": 0}"
2023-07-23 20:40:45.617,4431,858,"354616090369062",1582,"{""key"": false, ""flip"": false, ""zone"": false, ""speed"": 0.0, ""buzzer"": 0, ""engine"": true, ""in_zone"": true, ""ignition"": true, ""latitude"": 25.9315583, ""direction"": 318, ""longitude"": -80.1170132, ""gsm_signal"": 31, ""sleep_mode"": false, ""staff_mode"": true, ""fault_codes"": [], ""speed_limit"": 0, ""engine_hours"": 1432, ""idc_triggers"": [], ""buzzer_active"": false, ""fuel_level_avg"": 38, ""lock_geo_alert"": false, ""operation_mode"": ""MASTER"", ""battery_voltage"": 14.300000190734863, ""in_primary_zone"": true, ""lock_engine_alert"": false, ""in_restricted_zone"": false, ""onboard_geofencing"": false, ""speed_limit_active"": false, ""lock_geo_alert_distance"": 0}"
2023-07-23 20:40:44.656,4431,858,"354616090369062",1582,"{""key"": false, ""flip"": false, ""zone"": false, ""speed"": 0.0, ""buzzer"": 0, ""engine"": true, ""in_zone"": true, ""ignition"": true, ""latitude"": 25.9315566, ""direction"": 320, ""longitude"": -80.1170132, ""gsm_signal"": 31, ""sleep_mode"": false, ""staff_mode"": true, ""fault_codes"": [], ""speed_limit"": 0, ""engine_hours"": 1432, ""idc_triggers"": [], ""buzzer_active"": false, ""fuel_level_avg"": 38, ""lock_geo_alert"": false, ""operation_mode"": ""MASTER"", ""battery_voltage"": 14.300000190734863, ""in_primary_zone"": true, ""lock_engine_alert"": false, ""in_restricted_zone"": false, ""onboard_geofencing"": false, ""speed_limit_active"": false, ""lock_geo_alert_distance"": 0}"
2023-07-23 20:40:43.617,4431,858,"354616090369062",1582,"{""key"": false, ""flip"": false, ""zone"": false, ""speed"": 1.2964, ""buzzer"": 0, ""engine"": true, ""in_zone"": true, ""ignition"": true, ""latitude"": 25.9315566, ""direction"": 320, ""longitude"": -80.1170116, ""gsm_signal"": 31, ""sleep_mode"": false, ""staff_mode"": true, ""fault_codes"": [], ""speed_limit"": 0, ""engine_hours"": 1432, ""idc_triggers"": [], ""buzzer_active"": false, ""fuel_level_avg"": 38, ""lock_geo_alert"": false, ""operation_mode"": ""MASTER"", ""battery_voltage"": 14.300000190734863, ""in_primary_zone"": true, ""lock_engine_alert"": false, ""in_restricted_zone"": false, ""onboard_geofencing"": false, ""speed_limit_active"": false, ""lock_geo_alert_distance"": 0}"
2023-07-23 20:40:42.657,4431,858,"354616090369062",1582,"{""key"": false, ""flip"": false, ""zone"": false, ""speed"": 1.8519999999999999, ""buzzer"": 0, ""engine"": true, ""in_zone"": true, ""ignition"": true, ""latitude"": 25.931545, ""direction"": 303, ""longitude"": -80.1169916, ""gsm_signal"": 31, ""sleep_mode"": false, ""staff_mode"": true, ""fault_codes"": [], ""speed_limit"": 0, ""engine_hours"": 1432, ""idc_triggers"": [], ""buzzer_active"": false, ""fuel_level_avg"": 38, ""lock_geo_alert"": false, ""operation_mode"": ""MASTER"", ""battery_voltage"": 14.300000190734863, ""in_primary_zone"": true, ""lock_engine_alert"": false, ""in_restricted_zone"": false, ""onboard_geofencing"": false, ""speed_limit_active"": false, ""lock_geo_alert_distance"": 0}"
2023-07-23 20:40:41.617,4431,858,"354616090369062",1582,"{""key"": false, ""flip"": false, ""zone"": false, ""speed"": 0.0, ""buzzer"": 0, ""engine"": true, ""in_zone"": true, ""ignition"": true, ""latitude"": 25.931545, ""direction"": 178, ""longitude"": -80.1169916, ""gsm_signal"": 31, ""sleep_mode"": false, ""staff_mode"": true, ""fault_codes"": [], ""speed_limit"": 0, ""engine_hours"": 1432, ""idc_triggers"": [], ""buzzer_active"": false, ""fuel_level_avg"": 38, ""lock_geo_alert"": false, ""operation_mode"": ""MASTER"", ""battery_voltage"": 14.300000190734863, ""in_primary_zone"": true, ""lock_engine_alert"": false, ""in_restricted_zone"": false, ""onboard_geofencing"": false, ""speed_limit_active"": false, ""lock_geo_alert_distance"": 0}"
2023-07-23 20:40:40.656,4431,858,"354616090369062",1582,"{""key"": false, ""flip"": false, ""zone"": false, ""speed"": 1.2964, ""buzzer"": 0, ""engine"": true, ""in_zone"": true, ""ignition"": true, ""latitude"": 25.931545, ""direction"": 311, ""longitude"": -80.1169916, ""gsm_signal"": 31, ""sleep_mode"": false, ""staff_mode"": true, ""fault_codes"": [], ""speed_limit"": 0, ""engine_hours"": 1432, ""idc_triggers"": [], ""buzzer_active"": false, ""fuel_level_avg"": 38, ""lock_geo_alert"": false, ""operation_mode"": ""MASTER"", ""battery_voltage"": 14.300000190734863, ""in_primary_zone"": true, ""lock_engine_alert"": false, ""in_restricted_zone"": false, ""onboard_geofencing"": false, ""speed_limit_active"": false, ""lock_geo_alert_distance"": 0}"
2023-07-23 20:40:39.617,4431,858,"354616090369062",1582,"{""key"": false, ""flip"": false, ""zone"": false, ""speed"": 0.0, ""buzzer"": 0, ""engine"": true, ""in_zone"": true, ""ignition"": true, ""latitude"": 25.931545, ""direction"": 178, ""longitude"": -80.1169916, ""gsm_signal"": 31, ""sleep_mode"": false, ""staff_mode"": true, ""fault_codes"": [], ""speed_limit"": 0, ""engine_hours"": 1432, ""idc_triggers"": [], ""buzzer_active"": false, ""fuel_level_avg"": 38, ""lock_geo_alert"": false, ""operation_mode"": ""MASTER"", ""battery_voltage"": 14.300000190734863, ""in_primary_zone"": true, ""lock_engine_alert"": false, ""in_restricted_zone"": false, ""onboard_geofencing"": false, ""speed_limit_active"": false, ""lock_geo_alert_distance"": 0}"
2023-07-23 20:40:38.657,4431,858,"354616090369062",1582,"{""key"": false, ""flip"": false, ""zone"": false, ""speed"": 0.0, ""buzzer"": 0, ""engine"": true, ""in_zone"": true, ""ignition"": true, ""latitude"": 25.931545, ""direction"": 178, ""longitude"": -80.1169916, ""gsm_signal"": 28, ""sleep_mode"": false, ""staff_mode"": true, ""fault_codes"": [], ""speed_limit"": 0, ""engine_hours"": 1432, ""idc_triggers"": [], ""buzzer_active"": false, ""fuel_level_avg"": 38, ""lock_geo_alert"": false, ""operation_mode"": ""MASTER"", ""battery_voltage"": 14.300000190734863, ""in_primary_zone"": true, ""lock_engine_alert"": false, ""in_restricted_zone"": false, ""onboard_geofencing"": false, ""speed_limit_active"": false, ""lock_geo_alert_distance"": 0}"
2023-07-23 20:40:37.617,4431,858,"354616090369062",1582,"{""key"": false, ""flip"": false, ""zone"": false, ""speed"": 0.0, ""buzzer"": 0, ""engine"": true, ""in_zone"": true, ""ignition"": true, ""latitude"": 25.931545, ""direction"": 178, ""longitude"": -80.1169916, ""gsm_signal"": 29, ""sleep_mode"": false, ""staff_mode"": true, ""fault_codes"": [], ""speed_limit"": 0, ""engine_hours"": 1432, ""idc_triggers"": [], ""buzzer_active"": false, ""fuel_level_avg"": 38, ""lock_geo_alert"": false, ""operation_mode"": ""MASTER"", ""battery_voltage"": 14.300000190734863, ""in_primary_zone"": true, ""lock_engine_alert"": false, ""in_restricted_zone"": false, ""onboard_geofencing"": false, ""speed_limit_active"": false, ""lock_geo_alert_distance"": 0}"
2023-07-23 20:40:36.657,4431,858,"354616090369062",1582,"{""key"": false, ""flip"": false, ""zone"": false, ""speed"": 0.0, ""buzzer"": 0, ""engine"": true, ""in_zone"": true, ""ignition"": true, ""latitude"": 25.931545, ""direction"": 178, ""longitude"": -80.1169916, ""gsm_signal"": 29, ""sleep_mode"": false, ""staff_mode"": true, ""fault_codes"": [], ""speed_limit"": 0, ""engine_hours"": 1432, ""idc_triggers"": [], ""buzzer_active"": false, ""fuel_level_avg"": 38, ""lock_geo_alert"": false, ""operation_mode"": ""MASTER"", ""battery_voltage"": 14.300000190734863, ""in_primary_zone"": true, ""lock_engine_alert"": false, ""in_restricted_zone"": false, ""onboard_geofencing"": false, ""speed_limit_active"": false, ""lock_geo_alert_distance"": 0}"
2023-07-23 20:40:35.617,4431,858,"354616090369062",1582,"{""key"": false, ""flip"": false, ""zone"": false, ""speed"": 0.0, ""buzzer"": 0, ""engine"": true, ""in_zone"": true, ""ignition"": true, ""latitude"": 25.931545, ""direction"": 178, ""longitude"": -80.1169916, ""gsm_signal"": 30, ""sleep_mode"": false, ""staff_mode"": true, ""fault_codes"": [], ""speed_limit"": 0, ""engine_hours"": 1432, ""idc_triggers"": [], ""buzzer_active"": false, ""fuel_level_avg"": 38, ""lock_geo_alert"": false, ""operation_mode"": ""MASTER"", ""battery_voltage"": 14.300000190734863, ""in_primary_zone"": true, ""lock_engine_alert"": false, ""in_restricted_zone"": false, ""onboard_geofencing"": false, ""speed_limit_active"": false, ""lock_geo_alert_distance"": 0}"
2023-07-23 20:40:34.657,4431,858,"354616090369062",1582,"{""key"": false, ""flip"": false, ""zone"": false, ""speed"": 0.0, ""buzzer"": 0, ""engine"": true, ""in_zone"": true, ""ignition"": true, ""latitude"": 25.931545, ""direction"": 178, ""longitude"": -80.1169916, ""gsm_signal"": 31, ""sleep_mode"": false, ""staff_mode"": true, ""fault_codes"": [], ""speed_limit"": 0, ""engine_hours"": 1432, ""idc_triggers"": [], ""buzzer_active"": false, ""fuel_level_avg"": 38, ""lock_geo_alert"": false, ""operation_mode"": ""MASTER"", ""battery_voltage"": 14.300000190734863, ""in_primary_zone"": true, ""lock_engine_alert"": false, ""in_restricted_zone"": false, ""onboard_geofencing"": false, ""speed_limit_active"": false, ""lock_geo_alert_distance"": 0}"
2023-07-23 20:40:33.617,4431,858,"354616090369062",1582,"{""key"": false, ""flip"": false, ""zone"": false, ""speed"": 0.0, ""buzzer"": 0, ""engine"": true, ""in_zone"": true, ""ignition"": true, ""latitude"": 25.931545, ""direction"": 178, ""longitude"": -80.1169916, ""gsm_signal"": 31, ""sleep_mode"": false, ""staff_mode"": true, ""fault_codes"": [], ""speed_limit"": 0, ""engine_hours"": 1432, ""idc_triggers"": [], ""buzzer_active"": false, ""fuel_level_avg"": 38, ""lock_geo_alert"": false, ""operation_mode"": ""MASTER"", ""battery_voltage"": 14.300000190734863, ""in_primary_zone"": true, ""lock_engine_alert"": false, ""in_restricted_zone"": false, ""onboard_geofencing"": false, ""speed_limit_active"": false, ""lock_geo_alert_distance"": 0}"
2023-07-23 20:40:32.657,4431,858,"354616090369062",1582,"{""key"": false, ""flip"": false, ""zone"": false, ""speed"": 0.0, ""buzzer"": 0, ""engine"": true, ""in_zone"": true, ""ignition"": true, ""latitude"": 25.931545, ""direction"": 178, ""longitude"": -80.1169916, ""gsm_signal"": 31, ""sleep_mode"": false, ""staff_mode"": true, ""fault_codes"": [], ""speed_limit"": 0, ""engine_hours"": 1432, ""idc_triggers"": [], ""buzzer_active"": false, ""fuel_level_avg"": 38, ""lock_geo_alert"": false, ""operation_mode"": ""MASTER"", ""battery_voltage"": 14.300000190734863, ""in_primary_zone"": true, ""lock_engine_alert"": false, ""in_restricted_zone"": false, ""onboard_geofencing"": false, ""speed_limit_active"": false, ""lock_geo_alert_distance"": 0}"
2023-07-23 20:40:31.628,4431,858,"354616090369062",1582,"{""key"": false, ""flip"": false, ""zone"": false, ""speed"": 0.0, ""buzzer"": 0, ""engine"": true, ""in_zone"": true, ""ignition"": true, ""latitude"": 25.931545, ""direction"": 178, ""longitude"": -80.1169916, ""gsm_signal"": 31, ""sleep_mode"": false, ""staff_mode"": true, ""fault_codes"": [], ""speed_limit"": 0, ""engine_hours"": 1432, ""idc_triggers"": [], ""buzzer_active"": false, ""fuel_level_avg"": 38, ""lock_geo_alert"": false, ""operation_mode"": ""MASTER"", ""battery_voltage"": 14.300000190734863, ""in_primary_zone"": true, ""lock_engine_alert"": false, ""in_restricted_zone"": false, ""onboard_geofencing"": false, ""speed_limit_active"": false, ""lock_geo_alert_distance"": 0}"
2023-07-23 20:40:30.657,4431,858,"354616090369062",1582,"{""key"": false, ""flip"": false, ""zone"": false, ""speed"": 0.0, ""buzzer"": 0, ""engine"": true, ""in_zone"": true, ""ignition"": true, ""latitude"": 25.931545, ""direction"": 178, ""longitude"": -80.1169916, ""gsm_signal"": 30, ""sleep_mode"": false, ""staff_mode"": true, ""fault_codes"": [], ""speed_limit"": 0, ""engine_hours"": 1432, ""idc_triggers"": [], ""buzzer_active"": false, ""fuel_level_avg"": 38, ""lock_geo_alert"": false, ""operation_mode"": ""MASTER"", ""battery_voltage"": 14.300000190734863, ""in_primary_zone"": true, ""lock_engine_alert"": false, ""in_restricted_zone"": false, ""onboard_geofencing"": false, ""speed_limit_active"": false, ""lock_geo_alert_distance"": 0}"
2023-07-23 20:40:29.617,4431,858,"354616090369062",1582,"{""key"": false, ""flip"": false, ""zone"": false, ""speed"": 0.0, ""buzzer"": 0, ""engine"": true, ""in_zone"": true, ""ignition"": true, ""latitude"": 25.931545, ""direction"": 178, ""longitude"": -80.1169916, ""gsm_signal"": 31, ""sleep_mode"": false, ""staff_mode"": true, ""fault_codes"": [], ""speed_limit"": 0, ""engine_hours"": 1432, ""idc_triggers"": [], ""buzzer_active"": false, ""fuel_level_avg"": 38, ""lock_geo_alert"": false, ""operation_mode"": ""MASTER"", ""battery_voltage"": 14.300000190734863, ""in_primary_zone"": true, ""lock_engine_alert"": false, ""in_restricted_zone"": false, ""onboard_geofencing"": false, ""speed_limit_active"": false, ""lock_geo_alert_distance"": 0}"
2023-07-23 20:40:28.656,4431,858,"354616090369062",1582,"{""key"": false, ""flip"": false, ""zone"": false, ""speed"": 0.0, ""buzzer"": 0, ""engine"": true, ""in_zone"": true, ""ignition"": true, ""latitude"": 25.931545, ""direction"": 178, ""longitude"": -80.1169916, ""gsm_signal"": 31, ""sleep_mode"": false, ""staff_mode"": true, ""fault_codes"": [], ""speed_limit"": 0, ""engine_hours"": 1432, ""idc_triggers"": [], ""buzzer_active"": false, ""fuel_level_avg"": 38, ""lock_geo_alert"": false, ""operation_mode"": ""MASTER"", ""battery_voltage"": 14.300000190734863, ""in_primary_zone"": true, ""lock_engine_alert"": false, ""in_restricted_zone"": false, ""onboard_geofencing"": false, ""speed_limit_active"": false, ""lock_geo_alert_distance"": 0}"
2023-07-23 20:40:27.617,4431,858,"354616090369062",1582,"{""key"": false, ""flip"": false, ""zone"": false, ""speed"": 0.0, ""buzzer"": 0, ""engine"": true, ""in_zone"": true, ""ignition"": true, ""latitude"": 25.931545, ""direction"": 178, ""longitude"": -80.1169916, ""gsm_signal"": 29, ""sleep_mode"": false, ""staff_mode"": true, ""fault_codes"": [], ""speed_limit"": 0, ""engine_hours"": 1432, ""idc_triggers"": [], ""buzzer_active"": false, ""fuel_level_avg"": 38, ""lock_geo_alert"": false, ""operation_mode"": ""MASTER"", ""battery_voltage"": 14.300000190734863, ""in_primary_zone"": true, ""lock_engine_alert"": false, ""in_restricted_zone"": false, ""onboard_geofencing"": false, ""speed_limit_active"": false, ""lock_geo_alert_distance"": 0}"
2023-07-23 20:40:26.576,4431,858,"354616090369062",1582,"{""key"": false, ""flip"": false, ""zone"": false, ""speed"": 0.0, ""buzzer"": 0, ""engine"": true, ""in_zone"": true, ""ignition"": true, ""latitude"": 25.931545, ""direction"": 178, ""longitude"": -80.1169916, ""gsm_signal"": 31, ""sleep_mode"": false, ""staff_mode"": true, ""fault_codes"": [], ""speed_limit"": 0, ""engine_hours"": 1432, ""idc_triggers"": [], ""buzzer_active"": false, ""fuel_level_avg"": 38, ""lock_geo_alert"": false, ""operation_mode"": ""MASTER"", ""battery_voltage"": 14.300000190734863, ""in_primary_zone"": true, ""lock_engine_alert"": false, ""in_restricted_zone"": false, ""onboard_geofencing"": false, ""speed_limit_active"": false, ""lock_geo_alert_distance"": 0}"
2023-07-23 20:40:25.635,4431,858,"354616090369062",1582,"{""key"": false, ""flip"": false, ""zone"": false, ""speed"": 0.0, ""buzzer"": 0, ""engine"": true, ""in_zone"": true, ""ignition"": true, ""latitude"": 25.931545, ""direction"": 178, ""longitude"": -80.1169916, ""gsm_signal"": 31, ""sleep_mode"": false, ""staff_mode"": true, ""fault_codes"": [], ""speed_limit"": 0, ""engine_hours"": 1432, ""idc_triggers"": [], ""buzzer_active"": false, ""fuel_level_avg"": 38, ""lock_geo_alert"": false, ""operation_mode"": ""MASTER"", ""battery_voltage"": 14.300000190734863, ""in_primary_zone"": true, ""lock_engine_alert"": false, ""in_restricted_zone"": false, ""onboard_geofencing"": false, ""speed_limit_active"": false, ""lock_geo_alert_distance"": 0}"
2023-07-23 20:40:24.657,4431,858,"354616090369062",1582,"{""key"": false, ""flip"": false, ""zone"": false, ""speed"": 0.0, ""buzzer"": 0, ""engine"": true, ""in_zone"": true, ""ignition"": true, ""latitude"": 25.931545, ""direction"": 178, ""longitude"": -80.1169916, ""gsm_signal"": 27, ""sleep_mode"": false, ""staff_mode"": true, ""fault_codes"": [], ""speed_limit"": 0, ""engine_hours"": 1432, ""idc_triggers"": [], ""buzzer_active"": false, ""fuel_level_avg"": 38, ""lock_geo_alert"": false, ""operation_mode"": ""MASTER"", ""battery_voltage"": 14.300000190734863, ""in_primary_zone"": true, ""lock_engine_alert"": false, ""in_restricted_zone"": false, ""onboard_geofencing"": false, ""speed_limit_active"": false, ""lock_geo_alert_distance"": 0}"
2023-07-23 20:40:23.616,4431,858,"354616090369062",1582,"{""key"": false, ""flip"": false, ""zone"": false, ""speed"": 0.0, ""buzzer"": 0, ""engine"": true, ""in_zone"": true, ""ignition"": true, ""latitude"": 25.931545, ""direction"": 178, ""longitude"": -80.1169916, ""gsm_signal"": 28, ""sleep_mode"": false, ""staff_mode"": true, ""fault_codes"": [], ""speed_limit"": 0, ""engine_hours"": 1432, ""idc_triggers"": [], ""buzzer_active"": false, ""fuel_level_avg"": 38, ""lock_geo_alert"": false, ""operation_mode"": ""MASTER"", ""battery_voltage"": 14.300000190734863, ""in_primary_zone"": true, ""lock_engine_alert"": false, ""in_restricted_zone"": false, ""onboard_geofencing"": false, ""speed_limit_active"": false, ""lock_geo_alert_distance"": 0}"
2023-07-23 20:40:22.657,4431,858,"354616090369062",1582,"{""key"": false, ""flip"": false, ""zone"": false, ""speed"": 0.0, ""buzzer"": 0, ""engine"": true, ""in_zone"": true, ""ignition"": true, ""latitude"": 25.931545, ""direction"": 178, ""longitude"": -80.1169916, ""gsm_signal"": 31, ""sleep_mode"": false, ""staff_mode"": true, ""fault_codes"": [], ""speed_limit"": 0, ""engine_hours"": 1432, ""idc_triggers"": [], ""buzzer_active"": false, ""fuel_level_avg"": 38, ""lock_geo_alert"": false, ""operation_mode"": ""MASTER"", ""battery_voltage"": 14.300000190734863, ""in_primary_zone"": true, ""lock_engine_alert"": false, ""in_restricted_zone"": false, ""onboard_geofencing"": false, ""speed_limit_active"": false, ""lock_geo_alert_distance"": 0}"
2023-07-23 20:40:21.617,4431,858,"354616090369062",1582,"{""key"": false, ""flip"": false, ""zone"": false, ""speed"": 0.0, ""buzzer"": 0, ""engine"": true, ""in_zone"": true, ""ignition"": true, ""latitude"": 25.931545, ""direction"": 178, ""longitude"": -80.1169916, ""gsm_signal"": 31, ""sleep_mode"": false, ""staff_mode"": true, ""fault_codes"": [], ""speed_limit"": 0, ""engine_hours"": 1432, ""idc_triggers"": [], ""buzzer_active"": false, ""fuel_level_avg"": 38, ""lock_geo_alert"": false, ""operation_mode"": ""MASTER"", ""battery_voltage"": 14.300000190734863, ""in_primary_zone"": true, ""lock_engine_alert"": false, ""in_restricted_zone"": false, ""onboard_geofencing"": false, ""speed_limit_active"": false, ""lock_geo_alert_distance"": 0}"
2023-07-23 20:40:20.656,4431,858,"354616090369062",1582,"{""key"": false, ""flip"": false, ""zone"": false, ""speed"": 0.0, ""buzzer"": 0, ""engine"": true, ""in_zone"": true, ""ignition"": true, ""latitude"": 25.931545, ""direction"": 178, ""longitude"": -80.1169916, ""gsm_signal"": 31, ""sleep_mode"": false, ""staff_mode"": true, ""fault_codes"": [], ""speed_limit"": 0, ""engine_hours"": 1432, ""idc_triggers"": [], ""buzzer_active"": false, ""fuel_level_avg"": 38, ""lock_geo_alert"": false, ""operation_mode"": ""MASTER"", ""battery_voltage"": 14.300000190734863, ""in_primary_zone"": true, ""lock_engine_alert"": false, ""in_restricted_zone"": false, ""onboard_geofencing"": false, ""speed_limit_active"": false, ""lock_geo_alert_distance"": 0}"
2023-07-23 20:40:19.617,4431,858,"354616090369062",1582,"{""key"": false, ""flip"": false, ""zone"": false, ""speed"": 0.0, ""buzzer"": 0, ""engine"": true, ""in_zone"": true, ""ignition"": true, ""latitude"": 25.931545, ""direction"": 178, ""longitude"": -80.1169916, ""gsm_signal"": 31, ""sleep_mode"": false, ""staff_mode"": true, ""fault_codes"": [], ""speed_limit"": 0, ""engine_hours"": 1432, ""idc_triggers"": [], ""buzzer_active"": false, ""fuel_level_avg"": 38, ""lock_geo_alert"": false, ""operation_mode"": ""MASTER"", ""battery_voltage"": 14.300000190734863, ""in_primary_zone"": true, ""lock_engine_alert"": false, ""in_restricted_zone"": false, ""onboard_geofencing"": false, ""speed_limit_active"": false, ""lock_geo_alert_distance"": 0}"
2023-07-23 20:40:18.657,4431,858,"354616090369062",1582,"{""key"": false, ""flip"": false, ""zone"": false, ""speed"": 0.0, ""buzzer"": 0, ""engine"": true, ""in_zone"": true, ""ignition"": true, ""latitude"": 25.931545, ""direction"": 178, ""longitude"": -80.1169916, ""gsm_signal"": 31, ""sleep_mode"": false, ""staff_mode"": true, ""fault_codes"": [], ""speed_limit"": 0, ""engine_hours"": 1432, ""idc_triggers"": [], ""buzzer_active"": false, ""fuel_level_avg"": 38, ""lock_geo_alert"": false, ""operation_mode"": ""MASTER"", ""battery_voltage"": 14.300000190734863, ""in_primary_zone"": true, ""lock_engine_alert"": false, ""in_restricted_zone"": false, ""onboard_geofencing"": false, ""speed_limit_active"": false, ""lock_geo_alert_distance"": 0}"
2023-07-23 20:40:17.616,4431,858,"354616090369062",1582,"{""key"": false, ""flip"": false, ""zone"": false, ""speed"": 0.0, ""buzzer"": 0, ""engine"": true, ""in_zone"": true, ""ignition"": true, ""latitude"": 25.931545, ""direction"": 178, ""longitude"": -80.1169916, ""gsm_signal"": 31, ""sleep_mode"": false, ""staff_mode"": true, ""fault_codes"": [], ""speed_limit"": 0, ""engine_hours"": 1432, ""idc_triggers"": [], ""buzzer_active"": false, ""fuel_level_avg"": 38, ""lock_geo_alert"": false, ""operation_mode"": ""MASTER"", ""battery_voltage"": 14.300000190734863, ""in_primary_zone"": true, ""lock_engine_alert"": false, ""in_restricted_zone"": false, ""onboard_geofencing"": false, ""speed_limit_active"": false, ""lock_geo_alert_distance"": 0}"
2023-07-23 20:40:16.577,4431,858,"354616090369062",1582,"{""key"": false, ""flip"": false, ""zone"": false, ""speed"": 0.0, ""buzzer"": 0, ""engine"": true, ""in_zone"": true, ""ignition"": true, ""latitude"": 25.931545, ""direction"": 178, ""longitude"": -80.1169916, ""gsm_signal"": 31, ""sleep_mode"": false, ""staff_mode"": true, ""fault_codes"": [], ""speed_limit"": 0, ""engine_hours"": 1432, ""idc_triggers"": [], ""buzzer_active"": false, ""fuel_level_avg"": 38, ""lock_geo_alert"": false, ""operation_mode"": ""MASTER"", ""battery_voltage"": 14.300000190734863, ""in_primary_zone"": true, ""lock_engine_alert"": false, ""in_restricted_zone"": false, ""onboard_geofencing"": false, ""speed_limit_active"": false, ""lock_geo_alert_distance"": 0}"
2023-07-23 20:40:15.616,4431,858,"354616090369062",1582,"{""key"": false, ""flip"": false, ""zone"": false, ""speed"": 0.0, ""buzzer"": 0, ""engine"": true, ""in_zone"": true, ""ignition"": true, ""latitude"": 25.931545, ""direction"": 178, ""longitude"": -80.1169916, ""gsm_signal"": 31, ""sleep_mode"": false, ""staff_mode"": true, ""fault_codes"": [], ""speed_limit"": 0, ""engine_hours"": 1432, ""idc_triggers"": [], ""buzzer_active"": false, ""fuel_level_avg"": 38, ""lock_geo_alert"": false, ""operation_mode"": ""MASTER"", ""battery_voltage"": 14.300000190734863, ""in_primary_zone"": true, ""lock_engine_alert"": false, ""in_restricted_zone"": false, ""onboard_geofencing"": false, ""speed_limit_active"": false, ""lock_geo_alert_distance"": 0}"
2023-07-23 20:40:13.631,4431,858,"354616090369062",1582,"{""key"": false, ""flip"": false, ""zone"": false, ""speed"": 0.0, ""buzzer"": 0, ""engine"": true, ""in_zone"": true, ""ignition"": true, ""latitude"": 25.9315466, ""direction"": 178, ""longitude"": -80.1169916, ""gsm_signal"": 31, ""sleep_mode"": false, ""staff_mode"": true, ""fault_codes"": [], ""speed_limit"": 0, ""engine_hours"": 1432, ""idc_triggers"": [], ""buzzer_active"": false, ""fuel_level_avg"": 38, ""lock_geo_alert"": false, ""operation_mode"": ""MASTER"", ""battery_voltage"": 14.300000190734863, ""in_primary_zone"": true, ""lock_engine_alert"": false, ""in_restricted_zone"": false, ""onboard_geofencing"": false, ""speed_limit_active"": false, ""lock_geo_alert_distance"": 0}"
2023-07-23 20:40:11.616,4431,858,"354616090369062",1582,"{""key"": false, ""flip"": false, ""zone"": false, ""speed"": 1.4816, ""buzzer"": 0, ""engine"": true, ""in_zone"": true, ""ignition"": true, ""latitude"": 25.9315533, ""direction"": 95, ""longitude"": -80.11699, ""gsm_signal"": 27, ""sleep_mode"": false, ""staff_mode"": true, ""fault_codes"": [], ""speed_limit"": 0, ""engine_hours"": 1432, ""idc_triggers"": [], ""buzzer_active"": false, ""fuel_level_avg"": 38, ""lock_geo_alert"": false, ""operation_mode"": ""MASTER"", ""battery_voltage"": 14.300000190734863, ""in_primary_zone"": true, ""lock_engine_alert"": false, ""in_restricted_zone"": false, ""onboard_geofencing"": false, ""speed_limit_active"": false, ""lock_geo_alert_distance"": 0}"
2023-07-23 20:40:10.656,4431,858,"354616090369062",1582,"{""key"": false, ""flip"": false, ""zone"": false, ""speed"": 1.6667999999999998, ""buzzer"": 0, ""engine"": true, ""in_zone"": true, ""ignition"": true, ""latitude"": 25.931555, ""direction"": 106, ""longitude"": -80.116995, ""gsm_signal"": 31, ""sleep_mode"": false, ""staff_mode"": true, ""fault_codes"": [], ""speed_limit"": 0, ""engine_hours"": 1432, ""idc_triggers"": [], ""buzzer_active"": false, ""fuel_level_avg"": 38, ""lock_geo_alert"": false, ""operation_mode"": ""MASTER"", ""battery_voltage"": 14.300000190734863, ""in_primary_zone"": true, ""lock_engine_alert"": false, ""in_restricted_zone"": false, ""onboard_geofencing"": false, ""speed_limit_active"": false, ""lock_geo_alert_distance"": 0}"
2023-07-23 20:40:09.617,4431,858,"354616090369062",1582,"{""key"": false, ""flip"": false, ""zone"": false, ""speed"": 1.8519999999999999, ""buzzer"": 0, ""engine"": true, ""in_zone"": true, ""ignition"": true, ""latitude"": 25.931555, ""direction"": 109, ""longitude"": -80.1169982, ""gsm_signal"": 29, ""sleep_mode"": false, ""staff_mode"": true, ""fault_codes"": [], ""speed_limit"": 0, ""engine_hours"": 1432, ""idc_triggers"": [], ""buzzer_active"": false, ""fuel_level_avg"": 38, ""lock_geo_alert"": false, ""operation_mode"": ""MASTER"", ""battery_voltage"": 14.300000190734863, ""in_primary_zone"": true, ""lock_engine_alert"": false, ""in_restricted_zone"": false, ""onboard_geofencing"": false, ""speed_limit_active"": false, ""lock_geo_alert_distance"": 0}"
2023-07-23 20:40:08.577,4431,858,"354616090369062",1582,"{""key"": false, ""flip"": false, ""zone"": false, ""speed"": 2.2224, ""buzzer"": 0, ""engine"": true, ""in_zone"": true, ""ignition"": true, ""latitude"": 25.9315583, ""direction"": 96, ""longitude"": -80.1170032, ""gsm_signal"": 28, ""sleep_mode"": false, ""staff_mode"": true, ""fault_codes"": [], ""speed_limit"": 0, ""engine_hours"": 1432, ""idc_triggers"": [], ""buzzer_active"": false, ""fuel_level_avg"": 38, ""lock_geo_alert"": false, ""operation_mode"": ""MASTER"", ""battery_voltage"": 14.300000190734863, ""in_primary_zone"": true, ""lock_engine_alert"": false, ""in_restricted_zone"": false, ""onboard_geofencing"": false, ""speed_limit_active"": false, ""lock_geo_alert_distance"": 0}"
2023-07-23 20:40:07.617,4431,858,"354616090369062",1582,"{""key"": false, ""flip"": false, ""zone"": false, ""speed"": 2.4076, ""buzzer"": 0, ""engine"": true, ""in_zone"": true, ""ignition"": true, ""latitude"": 25.93156, ""direction"": 88, ""longitude"": -80.1170082, ""gsm_signal"": 29, ""sleep_mode"": false, ""staff_mode"": true, ""fault_codes"": [], ""speed_limit"": 0, ""engine_hours"": 1432, ""idc_triggers"": [], ""buzzer_active"": false, ""fuel_level_avg"": 38, ""lock_geo_alert"": false, ""operation_mode"": ""MASTER"", ""battery_voltage"": 14.300000190734863, ""in_primary_zone"": true, ""lock_engine_alert"": false, ""in_restricted_zone"": false, ""onboard_geofencing"": false, ""speed_limit_active"": false, ""lock_geo_alert_distance"": 0}"
2023-07-23 20:40:06.657,4431,858,"354616090369062",1582,"{""key"": false, ""flip"": false, ""zone"": false, ""speed"": 2.4076, ""buzzer"": 0, ""engine"": true, ""in_zone"": true, ""ignition"": true, ""latitude"": 25.93156, ""direction"": 87, ""longitude"": -80.117015, ""gsm_signal"": 29, ""sleep_mode"": false, ""staff_mode"": true, ""fault_codes"": [], ""speed_limit"": 0, ""engine_hours"": 1432, ""idc_triggers"": [], ""buzzer_active"": false, ""fuel_level_avg"": 38, ""lock_geo_alert"": false, ""operation_mode"": ""MASTER"", ""battery_voltage"": 14.300000190734863, ""in_primary_zone"": true, ""lock_engine_alert"": false, ""in_restricted_zone"": false, ""onboard_geofencing"": false, ""speed_limit_active"": false, ""lock_geo_alert_distance"": 0}"
2023-07-23 20:40:05.616,4431,858,"354616090369062",1582,"{""key"": false, ""flip"": false, ""zone"": false, ""speed"": 3.8892, ""buzzer"": 0, ""engine"": true, ""in_zone"": true, ""ignition"": true, ""latitude"": 25.93156, ""direction"": 71, ""longitude"": -80.117025, ""gsm_signal"": 31, ""sleep_mode"": false, ""staff_mode"": true, ""fault_codes"": [], ""speed_limit"": 0, ""engine_hours"": 1432, ""idc_triggers"": [], ""buzzer_active"": false, ""fuel_level_avg"": 38, ""lock_geo_alert"": false, ""operation_mode"": ""MASTER"", ""battery_voltage"": 14.300000190734863, ""in_primary_zone"": true, ""lock_engine_alert"": false, ""in_restricted_zone"": false, ""onboard_geofencing"": false, ""speed_limit_active"": false, ""lock_geo_alert_distance"": 0}"
2023-07-23 20:40:04.587,4431,858,"354616090369062",1582,"{""key"": false, ""flip"": false, ""zone"": false, ""speed"": 4.4448, ""buzzer"": 0, ""engine"": true, ""in_zone"": true, ""ignition"": true, ""latitude"": 25.9315583, ""direction"": 69, ""longitude"": -80.1170366, ""gsm_signal"": 30, ""sleep_mode"": false, ""staff_mode"": true, ""fault_codes"": [], ""speed_limit"": 0, ""engine_hours"": 1432, ""idc_triggers"": [], ""buzzer_active"": false, ""fuel_level_avg"": 38, ""lock_geo_alert"": false, ""operation_mode"": ""MASTER"", ""battery_voltage"": 14.300000190734863, ""in_primary_zone"": true, ""lock_engine_alert"": false, ""in_restricted_zone"": false, ""onboard_geofencing"": false, ""speed_limit_active"": false, ""lock_geo_alert_distance"": 0}"
2023-07-23 20:40:03.617,4431,858,"354616090369062",1582,"{""key"": false, ""flip"": false, ""zone"": false, ""speed"": 3.8892, ""buzzer"": 0, ""engine"": true, ""in_zone"": true, ""ignition"": true, ""latitude"": 25.9315483, ""direction"": 38, ""longitude"": -80.1170482, ""gsm_signal"": 31, ""sleep_mode"": false, ""staff_mode"": true, ""fault_codes"": [], ""speed_limit"": 0, ""engine_hours"": 1432, ""idc_triggers"": [], ""buzzer_active"": false, ""fuel_level_avg"": 38, ""lock_geo_alert"": false, ""operation_mode"": ""MASTER"", ""battery_voltage"": 14.300000190734863, ""in_primary_zone"": true, ""lock_engine_alert"": false, ""in_restricted_zone"": false, ""onboard_geofencing"": false, ""speed_limit_active"": false, ""lock_geo_alert_distance"": 0}"
2023-07-23 20:40:02.657,4431,858,"354616090369062",1582,"{""key"": false, ""flip"": false, ""zone"": false, ""speed"": 4.259600000000001, ""buzzer"": 0, ""engine"": true, ""in_zone"": true, ""ignition"": true, ""latitude"": 25.9315416, ""direction"": 24, ""longitude"": -80.117055, ""gsm_signal"": 31, ""sleep_mode"": false, ""staff_mode"": true, ""fault_codes"": [], ""speed_limit"": 0, ""engine_hours"": 1432, ""idc_triggers"": [], ""buzzer_active"": false, ""fuel_level_avg"": 38, ""lock_geo_alert"": false, ""operation_mode"": ""MASTER"", ""battery_voltage"": 14.300000190734863, ""in_primary_zone"": true, ""lock_engine_alert"": false, ""in_restricted_zone"": false, ""onboard_geofencing"": false, ""speed_limit_active"": false, ""lock_geo_alert_distance"": 0}"
2023-07-23 20:40:01.616,4431,858,"354616090369062",1582,"{""key"": false, ""flip"": false, ""zone"": false, ""speed"": 4.259600000000001, ""buzzer"": 0, ""engine"": true, ""in_zone"": true, ""ignition"": true, ""latitude"": 25.9315333, ""direction"": 25, ""longitude"": -80.11706, ""gsm_signal"": 31, ""sleep_mode"": false, ""staff_mode"": true, ""fault_codes"": [], ""speed_limit"": 0, ""engine_hours"": 1432, ""idc_triggers"": [], ""buzzer_active"": false, ""fuel_level_avg"": 38, ""lock_geo_alert"": false, ""operation_mode"": ""MASTER"", ""battery_voltage"": 14.300000190734863, ""in_primary_zone"": true, ""lock_engine_alert"": false, ""in_restricted_zone"": false, ""onboard_geofencing"": false, ""speed_limit_active"": false, ""lock_geo_alert_distance"": 0}"
2023-07-23 20:40:00.576,4431,858,"354616090369062",1582,"{""key"": false, ""flip"": false, ""zone"": false, ""speed"": 4.259600000000001, ""buzzer"": 0, ""engine"": true, ""in_zone"": true, ""ignition"": true, ""latitude"": 25.931525, ""direction"": 18, ""longitude"": -80.1170666, ""gsm_signal"": 30, ""sleep_mode"": false, ""staff_mode"": true, ""fault_codes"": [], ""speed_limit"": 0, ""engine_hours"": 1432, ""idc_triggers"": [], ""buzzer_active"": false, ""fuel_level_avg"": 38, ""lock_geo_alert"": false, ""operation_mode"": ""MASTER"", ""battery_voltage"": 14.300000190734863, ""in_primary_zone"": true, ""lock_engine_alert"": false, ""in_restricted_zone"": false, ""onboard_geofencing"": false, ""speed_limit_active"": false, ""lock_geo_alert_distance"": 0}"
2023-07-23 20:39:59.617,4431,858,"354616090369062",1582,"{""key"": false, ""flip"": false, ""zone"": false, ""speed"": 6.2968, ""buzzer"": 0, ""engine"": true, ""in_zone"": true, ""ignition"": true, ""latitude"": 25.9315133, ""direction"": 359, ""longitude"": -80.1170682, ""gsm_signal"": 31, ""sleep_mode"": false, ""staff_mode"": true, ""fault_codes"": [], ""speed_limit"": 0, ""engine_hours"": 1432, ""idc_triggers"": [], ""buzzer_active"": false, ""fuel_level_avg"": 38, ""lock_geo_alert"": false, ""operation_mode"": ""MASTER"", ""battery_voltage"": 14.300000190734863, ""in_primary_zone"": true, ""lock_engine_alert"": false, ""in_restricted_zone"": false, ""onboard_geofencing"": false, ""speed_limit_active"": false, ""lock_geo_alert_distance"": 0}"
2023-07-23 20:39:58.656,4431,858,"354616090369062",1582,"{""key"": false, ""flip"": false, ""zone"": false, ""speed"": 6.1116, ""buzzer"": 0, ""engine"": true, ""in_zone"": true, ""ignition"": true, ""latitude"": 25.9315, ""direction"": 7, ""longitude"": -80.1170682, ""gsm_signal"": 31, ""sleep_mode"": false, ""staff_mode"": true, ""fault_codes"": [], ""speed_limit"": 0, ""engine_hours"": 1432, ""idc_triggers"": [], ""buzzer_active"": false, ""fuel_level_avg"": 38, ""lock_geo_alert"": false, ""operation_mode"": ""MASTER"", ""battery_voltage"": 14.300000190734863, ""in_primary_zone"": true, ""lock_engine_alert"": false, ""in_restricted_zone"": false, ""onboard_geofencing"": false, ""speed_limit_active"": false, ""lock_geo_alert_distance"": 0}"
2023-07-23 20:39:57.616,4431,858,"354616090369062",1582,"{""key"": false, ""flip"": false, ""zone"": false, ""speed"": 4.8152, ""buzzer"": 0, ""engine"": true, ""in_zone"": true, ""ignition"": true, ""latitude"": 25.9314883, ""direction"": 17, ""longitude"": -80.11707, ""gsm_signal"": 31, ""sleep_mode"": false, ""staff_mode"": true, ""fault_codes"": [], ""speed_limit"": 0, ""engine_hours"": 1432, ""idc_triggers"": [], ""buzzer_active"": false, ""fuel_level_avg"": 38, ""lock_geo_alert"": false, ""operation_mode"": ""MASTER"", ""battery_voltage"": 14.300000190734863, ""in_primary_zone"": true, ""lock_engine_alert"": false, ""in_restricted_zone"": false, ""onboard_geofencing"": false, ""speed_limit_active"": false, ""lock_geo_alert_distance"": 0}"
2023-07-23 20:39:56.656,4431,858,"354616090369062",1582,"{""key"": false, ""flip"": false, ""zone"": false, ""speed"": 4.259600000000001, ""buzzer"": 0, ""engine"": true, ""in_zone"": true, ""ignition"": true, ""latitude"": 25.9314783, ""direction"": 20, ""longitude"": -80.1170732, ""gsm_signal"": 31, ""sleep_mode"": false, ""staff_mode"": true, ""fault_codes"": [], ""speed_limit"": 0, ""engine_hours"": 1432, ""idc_triggers"": [], ""buzzer_active"": false, ""fuel_level_avg"": 38, ""lock_geo_alert"": false, ""operation_mode"": ""MASTER"", ""battery_voltage"": 14.300000190734863, ""in_primary_zone"": true, ""lock_engine_alert"": false, ""in_restricted_zone"": false, ""onboard_geofencing"": false, ""speed_limit_active"": false, ""lock_geo_alert_distance"": 0}"
2023-07-23 20:39:55.616,4431,858,"354616090369062",1582,"{""key"": false, ""flip"": false, ""zone"": false, ""speed"": 5.1856, ""buzzer"": 0, ""engine"": true, ""in_zone"": true, ""ignition"": true, ""latitude"": 25.931465, ""direction"": 2, ""longitude"": -80.1170732, ""gsm_signal"": 31, ""sleep_mode"": false, ""staff_mode"": true, ""fault_codes"": [], ""speed_limit"": 0, ""engine_hours"": 1432, ""idc_triggers"": [], ""buzzer_active"": false, ""fuel_level_avg"": 38, ""lock_geo_alert"": false, ""operation_mode"": ""MASTER"", ""battery_voltage"": 14.300000190734863, ""in_primary_zone"": true, ""lock_engine_alert"": false, ""in_restricted_zone"": false, ""onboard_geofencing"": false, ""speed_limit_active"": false, ""lock_geo_alert_distance"": 0}"
2023-07-23 20:39:54.656,4431,858,"354616090369062",1582,"{""key"": false, ""flip"": false, ""zone"": false, ""speed"": 6.482000000000001, ""buzzer"": 0, ""engine"": true, ""in_zone"": true, ""ignition"": true, ""latitude"": 25.93145, ""direction"": 355, ""longitude"": -80.1170716, ""gsm_signal"": 31, ""sleep_mode"": false, ""staff_mode"": true, ""fault_codes"": [], ""speed_limit"": 0, ""engine_hours"": 1432, ""idc_triggers"": [], ""buzzer_active"": false, ""fuel_level_avg"": 38, ""lock_geo_alert"": false, ""operation_mode"": ""MASTER"", ""battery_voltage"": 14.300000190734863, ""in_primary_zone"": true, ""lock_engine_alert"": false, ""in_restricted_zone"": false, ""onboard_geofencing"": false, ""speed_limit_active"": false, ""lock_geo_alert_distance"": 0}"
2023-07-23 20:39:53.635,4431,858,"354616090369062",1582,"{""key"": false, ""flip"": false, ""zone"": false, ""speed"": 5.370800000000001, ""buzzer"": 0, ""engine"": true, ""in_zone"": true, ""ignition"": true, ""latitude"": 25.931435, ""direction"": 3, ""longitude"": -80.1170732, ""gsm_signal"": 31, ""sleep_mode"": false, ""staff_mode"": true, ""fault_codes"": [], ""speed_limit"": 0, ""engine_hours"": 1432, ""idc_triggers"": [], ""buzzer_active"": false, ""fuel_level_avg"": 38, ""lock_geo_alert"": false, ""operation_mode"": ""MASTER"", ""battery_voltage"": 14.300000190734863, ""in_primary_zone"": true, ""lock_engine_alert"": false, ""in_restricted_zone"": false, ""onboard_geofencing"": false, ""speed_limit_active"": false, ""lock_geo_alert_distance"": 0}"
2023-07-23 20:39:52.656,4431,858,"354616090369062",1582,"{""key"": false, ""flip"": false, ""zone"": false, ""speed"": 4.259600000000001, ""buzzer"": 0, ""engine"": true, ""in_zone"": true, ""ignition"": true, ""latitude"": 25.9314216, ""direction"": 24, ""longitude"": -80.1170732, ""gsm_signal"": 29, ""sleep_mode"": false, ""staff_mode"": true, ""fault_codes"": [], ""speed_limit"": 0, ""engine_hours"": 1432, ""idc_triggers"": [], ""buzzer_active"": false, ""fuel_level_avg"": 38, ""lock_geo_alert"": false, ""operation_mode"": ""MASTER"", ""battery_voltage"": 14.300000190734863, ""in_primary_zone"": true, ""lock_engine_alert"": false, ""in_restricted_zone"": false, ""onboard_geofencing"": false, ""speed_limit_active"": false, ""lock_geo_alert_distance"": 0}"
2023-07-23 20:39:51.617,4431,858,"354616090369062",1582,"{""key"": false, ""flip"": false, ""zone"": false, ""speed"": 4.259600000000001, ""buzzer"": 0, ""engine"": true, ""in_zone"": true, ""ignition"": true, ""latitude"": 25.9314116, ""direction"": 1, ""longitude"": -80.117075, ""gsm_signal"": 29, ""sleep_mode"": false, ""staff_mode"": true, ""fault_codes"": [], ""speed_limit"": 0, ""engine_hours"": 1432, ""idc_triggers"": [], ""buzzer_active"": false, ""fuel_level_avg"": 38, ""lock_geo_alert"": false, ""operation_mode"": ""MASTER"", ""battery_voltage"": 14.300000190734863, ""in_primary_zone"": true, ""lock_engine_alert"": false, ""in_restricted_zone"": false, ""onboard_geofencing"": false, ""speed_limit_active"": false, ""lock_geo_alert_distance"": 0}"
2023-07-23 20:39:50.576,4431,858,"354616090369062",1582,"{""key"": false, ""flip"": false, ""zone"": false, ""speed"": 7.4079999999999995, ""buzzer"": 0, ""engine"": true, ""in_zone"": true, ""ignition"": true, ""latitude"": 25.9313966, ""direction"": 4, ""longitude"": -80.1170766, ""gsm_signal"": 31, ""sleep_mode"": false, ""staff_mode"": true, ""fault_codes"": [], ""speed_limit"": 0, ""engine_hours"": 1432, ""idc_triggers"": [], ""buzzer_active"": false, ""fuel_level_avg"": 38, ""lock_geo_alert"": false, ""operation_mode"": ""MASTER"", ""battery_voltage"": 14.300000190734863, ""in_primary_zone"": true, ""lock_engine_alert"": false, ""in_restricted_zone"": false, ""onboard_geofencing"": false, ""speed_limit_active"": false, ""lock_geo_alert_distance"": 0}"
2023-07-23 20:39:49.616,4431,858,"354616090369062",1582,"{""key"": false, ""flip"": false, ""zone"": false, ""speed"": 6.667199999999999, ""buzzer"": 0, ""engine"": true, ""in_zone"": true, ""ignition"": true, ""latitude"": 25.9313766, ""direction"": 13, ""longitude"": -80.1170766, ""gsm_signal"": 31, ""sleep_mode"": false, ""staff_mode"": true, ""fault_codes"": [], ""speed_limit"": 0, ""engine_hours"": 1432, ""idc_triggers"": [], ""buzzer_active"": false, ""fuel_level_avg"": 40, ""lock_geo_alert"": false, ""operation_mode"": ""MASTER"", ""battery_voltage"": 14.300000190734863, ""in_primary_zone"": true, ""lock_engine_alert"": false, ""in_restricted_zone"": false, ""onboard_geofencing"": false, ""speed_limit_active"": false, ""lock_geo_alert_distance"": 0}"
2023-07-23 20:39:48.656,4431,858,"354616090369062",1582,"{""key"": false, ""flip"": false, ""zone"": false, ""speed"": 5.000400000000001, ""buzzer"": 0, ""engine"": true, ""in_zone"": true, ""ignition"": true, ""latitude"": 25.93136, ""direction"": 23, ""longitude"": -80.11708, ""gsm_signal"": 30, ""sleep_mode"": false, ""staff_mode"": true, ""fault_codes"": [], ""speed_limit"": 0, ""engine_hours"": 1432, ""idc_triggers"": [], ""buzzer_active"": false, ""fuel_level_avg"": 40, ""lock_geo_alert"": false, ""operation_mode"": ""MASTER"", ""battery_voltage"": 14.300000190734863, ""in_primary_zone"": true, ""lock_engine_alert"": false, ""in_restricted_zone"": false, ""onboard_geofencing"": false, ""speed_limit_active"": false, ""lock_geo_alert_distance"": 0}"
2023-07-23 20:39:47.629,4431,858,"354616090369062",1582,"{""key"": false, ""flip"": false, ""zone"": false, ""speed"": 5.1856, ""buzzer"": 0, ""engine"": true, ""in_zone"": true, ""ignition"": true, ""latitude"": 25.93135, ""direction"": 9, ""longitude"": -80.1170832, ""gsm_signal"": 31, ""sleep_mode"": false, ""staff_mode"": true, ""fault_codes"": [], ""speed_limit"": 0, ""engine_hours"": 1432, ""idc_triggers"": [], ""buzzer_active"": false, ""fuel_level_avg"": 40, ""lock_geo_alert"": false, ""operation_mode"": ""MASTER"", ""battery_voltage"": 14.300000190734863, ""in_primary_zone"": true, ""lock_engine_alert"": false, ""in_restricted_zone"": false, ""onboard_geofencing"": false, ""speed_limit_active"": false, ""lock_geo_alert_distance"": 0}"
2023-07-23 20:39:46.668,4431,858,"354616090369062",1582,"{""key"": false, ""flip"": false, ""zone"": false, ""speed"": 6.2968, ""buzzer"": 0, ""engine"": true, ""in_zone"": true, ""ignition"": true, ""latitude"": 25.931335, ""direction"": 10, ""longitude"": -80.1170866, ""gsm_signal"": 31, ""sleep_mode"": false, ""staff_mode"": true, ""fault_codes"": [], ""speed_limit"": 0, ""engine_hours"": 1432, ""idc_triggers"": [], ""buzzer_active"": false, ""fuel_level_avg"": 40, ""lock_geo_alert"": false, ""operation_mode"": ""MASTER"", ""battery_voltage"": 14.300000190734863, ""in_primary_zone"": true, ""lock_engine_alert"": false, ""in_restricted_zone"": false, ""onboard_geofencing"": false, ""speed_limit_active"": false, ""lock_geo_alert_distance"": 0}"
2023-07-23 20:39:45.628,4431,858,"354616090369062",1582,"{""key"": false, ""flip"": false, ""zone"": false, ""speed"": 5.9264, ""buzzer"": 0, ""engine"": true, ""in_zone"": true, ""ignition"": true, ""latitude"": 25.9313166, ""direction"": 15, ""longitude"": -80.1170882, ""gsm_signal"": 31, ""sleep_mode"": false, ""staff_mode"": true, ""fault_codes"": [], ""speed_limit"": 0, ""engine_hours"": 1432, ""idc_triggers"": [], ""buzzer_active"": false, ""fuel_level_avg"": 40, ""lock_geo_alert"": false, ""operation_mode"": ""MASTER"", ""battery_voltage"": 14.300000190734863, ""in_primary_zone"": true, ""lock_engine_alert"": false, ""in_restricted_zone"": false, ""onboard_geofencing"": false, ""speed_limit_active"": false, ""lock_geo_alert_distance"": 0}"
2023-07-23 20:39:44.605,4431,858,"354616090369062",1582,"{""key"": false, ""flip"": false, ""zone"": false, ""speed"": 4.0744, ""buzzer"": 0, ""engine"": true, ""in_zone"": true, ""ignition"": true, ""latitude"": 25.9313016, ""direction"": 10, ""longitude"": -80.11709, ""gsm_signal"": 31, ""sleep_mode"": false, ""staff_mode"": true, ""fault_codes"": [], ""speed_limit"": 0, ""engine_hours"": 1432, ""idc_triggers"": [], ""buzzer_active"": false, ""fuel_level_avg"": 40, ""lock_geo_alert"": false, ""operation_mode"": ""MASTER"", ""battery_voltage"": 14.300000190734863, ""in_primary_zone"": true, ""lock_engine_alert"": false, ""in_restricted_zone"": false, ""onboard_geofencing"": false, ""speed_limit_active"": false, ""lock_geo_alert_distance"": 0}"
2023-07-23 20:39:42.656,4431,858,"354616090369062",1582,"{""key"": false, ""flip"": false, ""zone"": false, ""speed"": 5.556, ""buzzer"": 0, ""engine"": true, ""in_zone"": true, ""ignition"": true, ""latitude"": 25.931275, ""direction"": 11, ""longitude"": -80.117095, ""gsm_signal"": 31, ""sleep_mode"": false, ""staff_mode"": true, ""fault_codes"": [], ""speed_limit"": 0, ""engine_hours"": 1432, ""idc_triggers"": [], ""buzzer_active"": false, ""fuel_level_avg"": 40, ""lock_geo_alert"": false, ""operation_mode"": ""MASTER"", ""battery_voltage"": 14.300000190734863, ""in_primary_zone"": true, ""lock_engine_alert"": false, ""in_restricted_zone"": false, ""onboard_geofencing"": false, ""speed_limit_active"": false, ""lock_geo_alert_distance"": 0}"
2023-07-23 20:39:41.616,4431,858,"354616090369062",1582,"{""key"": false, ""flip"": false, ""zone"": false, ""speed"": 6.482000000000001, ""buzzer"": 0, ""engine"": true, ""in_zone"": true, ""ignition"": true, ""latitude"": 25.9312583, ""direction"": 350, ""longitude"": -80.117095, ""gsm_signal"": 31, ""sleep_mode"": false, ""staff_mode"": true, ""fault_codes"": [], ""speed_limit"": 0, ""engine_hours"": 1432, ""idc_triggers"": [], ""buzzer_active"": false, ""fuel_level_avg"": 40, ""lock_geo_alert"": false, ""operation_mode"": ""MASTER"", ""battery_voltage"": 14.300000190734863, ""in_primary_zone"": true, ""lock_engine_alert"": false, ""in_restricted_zone"": false, ""onboard_geofencing"": false, ""speed_limit_active"": false, ""lock_geo_alert_distance"": 0}"
2023-07-23 20:39:40.657,4431,858,"354616090369062",1582,"{""key"": false, ""flip"": false, ""zone"": false, ""speed"": 5.1856, ""buzzer"": 0, ""engine"": true, ""in_zone"": true, ""ignition"": true, ""latitude"": 25.9312416, ""direction"": 11, ""longitude"": -80.117095, ""gsm_signal"": 31, ""sleep_mode"": false, ""staff_mode"": true, ""fault_codes"": [], ""speed_limit"": 0, ""engine_hours"": 1432, ""idc_triggers"": [], ""buzzer_active"": false, ""fuel_level_avg"": 40, ""lock_geo_alert"": false, ""operation_mode"": ""MASTER"", ""battery_voltage"": 14.300000190734863, ""in_primary_zone"": true, ""lock_engine_alert"": false, ""in_restricted_zone"": false, ""onboard_geofencing"": false, ""speed_limit_active"": false, ""lock_geo_alert_distance"": 0}"
2023-07-23 20:39:39.630,4431,858,"354616090369062",1582,"{""key"": false, ""flip"": false, ""zone"": false, ""speed"": 3.8892, ""buzzer"": 0, ""engine"": true, ""in_zone"": true, ""ignition"": true, ""latitude"": 25.93123, ""direction"": 31, ""longitude"": -80.1170966, ""gsm_signal"": 31, ""sleep_mode"": false, ""staff_mode"": true, ""fault_codes"": [], ""speed_limit"": 0, ""engine_hours"": 1432, ""idc_triggers"": [], ""buzzer_active"": false, ""fuel_level_avg"": 40, ""lock_geo_alert"": false, ""operation_mode"": ""MASTER"", ""battery_voltage"": 14.300000190734863, ""in_primary_zone"": true, ""lock_engine_alert"": false, ""in_restricted_zone"": false, ""onboard_geofencing"": false, ""speed_limit_active"": false, ""lock_geo_alert_distance"": 0}"
2023-07-23 20:39:38.656,4431,858,"354616090369062",1582,"{""key"": false, ""flip"": false, ""zone"": false, ""speed"": 4.630000000000001, ""buzzer"": 0, ""engine"": true, ""in_zone"": true, ""ignition"": true, ""latitude"": 25.9312183, ""direction"": 25, ""longitude"": -80.1171016, ""gsm_signal"": 31, ""sleep_mode"": false, ""staff_mode"": true, ""fault_codes"": [], ""speed_limit"": 0, ""engine_hours"": 1432, ""idc_triggers"": [], ""buzzer_active"": false, ""fuel_level_avg"": 40, ""lock_geo_alert"": false, ""operation_mode"": ""MASTER"", ""battery_voltage"": 14.300000190734863, ""in_primary_zone"": true, ""lock_engine_alert"": false, ""in_restricted_zone"": false, ""onboard_geofencing"": false, ""speed_limit_active"": false, ""lock_geo_alert_distance"": 0}"
2023-07-23 20:39:37.617,4431,858,"354616090369062",1582,"{""key"": false, ""flip"": false, ""zone"": false, ""speed"": 5.9264, ""buzzer"": 0, ""engine"": true, ""in_zone"": true, ""ignition"": true, ""latitude"": 25.931205, ""direction"": 31, ""longitude"": -80.117105, ""gsm_signal"": 31, ""sleep_mode"": false, ""staff_mode"": true, ""fault_codes"": [], ""speed_limit"": 0, ""engine_hours"": 1432, ""idc_triggers"": [], ""buzzer_active"": false, ""fuel_level_avg"": 40, ""lock_geo_alert"": false, ""operation_mode"": ""MASTER"", ""battery_voltage"": 14.300000190734863, ""in_primary_zone"": true, ""lock_engine_alert"": false, ""in_restricted_zone"": false, ""onboard_geofencing"": false, ""speed_limit_active"": false, ""lock_geo_alert_distance"": 0}"
2023-07-23 20:39:36.577,4431,858,"354616090369062",1582,"{""key"": false, ""flip"": false, ""zone"": false, ""speed"": 4.630000000000001, ""buzzer"": 0, ""engine"": true, ""in_zone"": true, ""ignition"": true, ""latitude"": 25.9311916, ""direction"": 38, ""longitude"": -80.117115, ""gsm_signal"": 31, ""sleep_mode"": false, ""staff_mode"": true, ""fault_codes"": [], ""speed_limit"": 0, ""engine_hours"": 1432, ""idc_triggers"": [], ""buzzer_active"": false, ""fuel_level_avg"": 40, ""lock_geo_alert"": false, ""operation_mode"": ""MASTER"", ""battery_voltage"": 14.300000190734863, ""in_primary_zone"": true, ""lock_engine_alert"": false, ""in_restricted_zone"": false, ""onboard_geofencing"": false, ""speed_limit_active"": false, ""lock_geo_alert_distance"": 0}"
2023-07-23 20:39:35.621,4431,858,"354616090369062",1582,"{""key"": false, ""flip"": false, ""zone"": false, ""speed"": 5.556, ""buzzer"": 0, ""engine"": true, ""in_zone"": true, ""ignition"": true, ""latitude"": 25.9311816, ""direction"": 40, ""longitude"": -80.1171266, ""gsm_signal"": 31, ""sleep_mode"": false, ""staff_mode"": true, ""fault_codes"": [], ""speed_limit"": 0, ""engine_hours"": 1432, ""idc_triggers"": [], ""buzzer_active"": false, ""fuel_level_avg"": 40, ""lock_geo_alert"": false, ""operation_mode"": ""MASTER"", ""battery_voltage"": 14.300000190734863, ""in_primary_zone"": true, ""lock_engine_alert"": false, ""in_restricted_zone"": false, ""onboard_geofencing"": false, ""speed_limit_active"": false, ""lock_geo_alert_distance"": 0}"
2023-07-23 20:39:34.657,4431,858,"354616090369062",1582,"{""key"": false, ""flip"": false, ""zone"": false, ""speed"": 5.370800000000001, ""buzzer"": 0, ""engine"": true, ""in_zone"": true, ""ignition"": true, ""latitude"": 25.9311733, ""direction"": 44, ""longitude"": -80.1171432, ""gsm_signal"": 31, ""sleep_mode"": false, ""staff_mode"": true, ""fault_codes"": [], ""speed_limit"": 0, ""engine_hours"": 1432, ""idc_triggers"": [], ""buzzer_active"": false, ""fuel_level_avg"": 40, ""lock_geo_alert"": false, ""operation_mode"": ""MASTER"", ""battery_voltage"": 14.300000190734863, ""in_primary_zone"": true, ""lock_engine_alert"": false, ""in_restricted_zone"": false, ""onboard_geofencing"": false, ""speed_limit_active"": false, ""lock_geo_alert_distance"": 0}"
2023-07-23 20:39:33.617,4431,858,"354616090369062",1582,"{""key"": false, ""flip"": false, ""zone"": false, ""speed"": 4.8152, ""buzzer"": 0, ""engine"": true, ""in_zone"": true, ""ignition"": true, ""latitude"": 25.9311633, ""direction"": 42, ""longitude"": -80.1171532, ""gsm_signal"": 31, ""sleep_mode"": false, ""staff_mode"": true, ""fault_codes"": [], ""speed_limit"": 0, ""engine_hours"": 1432, ""idc_triggers"": [], ""buzzer_active"": false, ""fuel_level_avg"": 40, ""lock_geo_alert"": false, ""operation_mode"": ""MASTER"", ""battery_voltage"": 14.300000190734863, ""in_primary_zone"": true, ""lock_engine_alert"": false, ""in_restricted_zone"": false, ""onboard_geofencing"": false, ""speed_limit_active"": false, ""lock_geo_alert_distance"": 0}"
2023-07-23 20:39:32.672,4431,858,"354616090369062",1582,"{""key"": false, ""flip"": false, ""zone"": false, ""speed"": 5.1856, ""buzzer"": 0, ""engine"": true, ""in_zone"": true, ""ignition"": true, ""latitude"": 25.931155, ""direction"": 40, ""longitude"": -80.11717, ""gsm_signal"": 31, ""sleep_mode"": false, ""staff_mode"": true, ""fault_codes"": [], ""speed_limit"": 0, ""engine_hours"": 1432, ""idc_triggers"": [], ""buzzer_active"": false, ""fuel_level_avg"": 40, ""lock_geo_alert"": false, ""operation_mode"": ""MASTER"", ""battery_voltage"": 14.300000190734863, ""in_primary_zone"": true, ""lock_engine_alert"": false, ""in_restricted_zone"": false, ""onboard_geofencing"": false, ""speed_limit_active"": false, ""lock_geo_alert_distance"": 0}"
2023-07-23 20:39:31.617,4431,858,"354616090369062",1582,"{""key"": false, ""flip"": false, ""zone"": false, ""speed"": 5.556, ""buzzer"": 0, ""engine"": true, ""in_zone"": true, ""ignition"": true, ""latitude"": 25.931145, ""direction"": 50, ""longitude"": -80.1171816, ""gsm_signal"": 31, ""sleep_mode"": false, ""staff_mode"": true, ""fault_codes"": [], ""speed_limit"": 0, ""engine_hours"": 1432, ""idc_triggers"": [], ""buzzer_active"": false, ""fuel_level_avg"": 40, ""lock_geo_alert"": false, ""operation_mode"": ""MASTER"", ""battery_voltage"": 14.300000190734863, ""in_primary_zone"": true, ""lock_engine_alert"": false, ""in_restricted_zone"": false, ""onboard_geofencing"": false, ""speed_limit_active"": false, ""lock_geo_alert_distance"": 0}"
2023-07-23 20:39:30.656,4431,858,"354616090369062",1582,"{""key"": false, ""flip"": false, ""zone"": false, ""speed"": 4.259600000000001, ""buzzer"": 0, ""engine"": true, ""in_zone"": true, ""ignition"": true, ""latitude"": 25.93114, ""direction"": 53, ""longitude"": -80.1171966, ""gsm_signal"": 31, ""sleep_mode"": false, ""staff_mode"": true, ""fault_codes"": [], ""speed_limit"": 0, ""engine_hours"": 1432, ""idc_triggers"": [], ""buzzer_active"": false, ""fuel_level_avg"": 40, ""lock_geo_alert"": false, ""operation_mode"": ""MASTER"", ""battery_voltage"": 14.300000190734863, ""in_primary_zone"": true, ""lock_engine_alert"": false, ""in_restricted_zone"": false, ""onboard_geofencing"": false, ""speed_limit_active"": false, ""lock_geo_alert_distance"": 0}"
2023-07-23 20:39:29.619,4431,858,"354616090369062",1582,"{""key"": false, ""flip"": false, ""zone"": false, ""speed"": 4.0744, ""buzzer"": 0, ""engine"": true, ""in_zone"": true, ""ignition"": true, ""latitude"": 25.9311316, ""direction"": 42, ""longitude"": -80.1172082, ""gsm_signal"": 31, ""sleep_mode"": false, ""staff_mode"": true, ""fault_codes"": [], ""speed_limit"": 0, ""engine_hours"": 1432, ""idc_triggers"": [], ""buzzer_active"": false, ""fuel_level_avg"": 40, ""lock_geo_alert"": false, ""operation_mode"": ""MASTER"", ""battery_voltage"": 14.300000190734863, ""in_primary_zone"": true, ""lock_engine_alert"": false, ""in_restricted_zone"": false, ""onboard_geofencing"": false, ""speed_limit_active"": false, ""lock_geo_alert_distance"": 0}"
2023-07-23 20:39:28.577,4431,858,"354616090369062",1582,"{""key"": false, ""flip"": false, ""zone"": false, ""speed"": 4.0744, ""buzzer"": 0, ""engine"": true, ""in_zone"": true, ""ignition"": true, ""latitude"": 25.93112, ""direction"": 47, ""longitude"": -80.1172216, ""gsm_signal"": 31, ""sleep_mode"": false, ""staff_mode"": true, ""fault_codes"": [], ""speed_limit"": 0, ""engine_hours"": 1432, ""idc_triggers"": [], ""buzzer_active"": false, ""fuel_level_avg"": 40, ""lock_geo_alert"": false, ""operation_mode"": ""MASTER"", ""battery_voltage"": 14.300000190734863, ""in_primary_zone"": true, ""lock_engine_alert"": false, ""in_restricted_zone"": false, ""onboard_geofencing"": false, ""speed_limit_active"": false, ""lock_geo_alert_distance"": 0}"
2023-07-23 20:39:27.617,4431,858,"354616090369062",1582,"{""key"": false, ""flip"": false, ""zone"": false, ""speed"": 3.7039999999999997, ""buzzer"": 0, ""engine"": true, ""in_zone"": true, ""ignition"": true, ""latitude"": 25.9311116, ""direction"": 53, ""longitude"": -80.1172316, ""gsm_signal"": 31, ""sleep_mode"": false, ""staff_mode"": true, ""fault_codes"": [], ""speed_limit"": 0, ""engine_hours"": 1432, ""idc_triggers"": [], ""buzzer_active"": false, ""fuel_level_avg"": 40, ""lock_geo_alert"": false, ""operation_mode"": ""MASTER"", ""battery_voltage"": 14.300000190734863, ""in_primary_zone"": true, ""lock_engine_alert"": false, ""in_restricted_zone"": false, ""onboard_geofencing"": false, ""speed_limit_active"": false, ""lock_geo_alert_distance"": 0}"
2023-07-23 20:39:26.619,4431,858,"354616090369062",1582,"{""key"": false, ""flip"": false, ""zone"": false, ""speed"": 3.7039999999999997, ""buzzer"": 0, ""engine"": true, ""in_zone"": true, ""ignition"": true, ""latitude"": 25.9311066, ""direction"": 103, ""longitude"": -80.1172432, ""gsm_signal"": 31, ""sleep_mode"": false, ""staff_mode"": true, ""fault_codes"": [], ""speed_limit"": 0, ""engine_hours"": 1432, ""idc_triggers"": [], ""buzzer_active"": false, ""fuel_level_avg"": 40, ""lock_geo_alert"": false, ""operation_mode"": ""MASTER"", ""battery_voltage"": 14.300000190734863, ""in_primary_zone"": true, ""lock_engine_alert"": false, ""in_restricted_zone"": false, ""onboard_geofencing"": false, ""speed_limit_active"": false, ""lock_geo_alert_distance"": 0}"
2023-07-23 20:39:25.617,4431,858,"354616090369062",1582,"{""key"": false, ""flip"": false, ""zone"": false, ""speed"": 3.1484, ""buzzer"": 0, ""engine"": true, ""in_zone"": true, ""ignition"": true, ""latitude"": 25.931105, ""direction"": 103, ""longitude"": -80.1172532, ""gsm_signal"": 31, ""sleep_mode"": false, ""staff_mode"": true, ""fault_codes"": [], ""speed_limit"": 0, ""engine_hours"": 1432, ""idc_triggers"": [], ""buzzer_active"": false, ""fuel_level_avg"": 40, ""lock_geo_alert"": false, ""operation_mode"": ""MASTER"", ""battery_voltage"": 14.300000190734863, ""in_primary_zone"": false, ""lock_engine_alert"": false, ""in_restricted_zone"": false, ""onboard_geofencing"": false, ""speed_limit_active"": false, ""lock_geo_alert_distance"": 0}"
2023-07-23 20:39:24.588,4431,858,"354616090369062",1582,"{""key"": false, ""flip"": false, ""zone"": false, ""speed"": 2.9632, ""buzzer"": 0, ""engine"": true, ""in_zone"": true, ""ignition"": true, ""latitude"": 25.9311033, ""direction"": 103, ""longitude"": -80.1172632, ""gsm_signal"": 31, ""sleep_mode"": false, ""staff_mode"": true, ""fault_codes"": [], ""speed_limit"": 0, ""engine_hours"": 1432, ""idc_triggers"": [], ""buzzer_active"": false, ""fuel_level_avg"": 40, ""lock_geo_alert"": false, ""operation_mode"": ""MASTER"", ""battery_voltage"": 14.300000190734863, ""in_primary_zone"": false, ""lock_engine_alert"": false, ""in_restricted_zone"": false, ""onboard_geofencing"": false, ""speed_limit_active"": false, ""lock_geo_alert_distance"": 0}"
2023-07-23 20:39:23.625,4431,858,"354616090369062",1582,"{""key"": false, ""flip"": false, ""zone"": false, ""speed"": 3.1484, ""buzzer"": 0, ""engine"": true, ""in_zone"": true, ""ignition"": true, ""latitude"": 25.9311033, ""direction"": 103, ""longitude"": -80.1172732, ""gsm_signal"": 31, ""sleep_mode"": false, ""staff_mode"": true, ""fault_codes"": [], ""speed_limit"": 0, ""engine_hours"": 1432, ""idc_triggers"": [], ""buzzer_active"": false, ""fuel_level_avg"": 40, ""lock_geo_alert"": false, ""operation_mode"": ""MASTER"", ""battery_voltage"": 14.300000190734863, ""in_primary_zone"": false, ""lock_engine_alert"": false, ""in_restricted_zone"": false, ""onboard_geofencing"": false, ""speed_limit_active"": false, ""lock_geo_alert_distance"": 0}"
2023-07-23 20:39:22.656,4431,858,"354616090369062",1582,"{""key"": false, ""flip"": false, ""zone"": false, ""speed"": 3.1484, ""buzzer"": 0, ""engine"": true, ""in_zone"": true, ""ignition"": true, ""latitude"": 25.931105, ""direction"": 103, ""longitude"": -80.1172816, ""gsm_signal"": 31, ""sleep_mode"": false, ""staff_mode"": true, ""fault_codes"": [], ""speed_limit"": 0, ""engine_hours"": 1432, ""idc_triggers"": [], ""buzzer_active"": false, ""fuel_level_avg"": 40, ""lock_geo_alert"": false, ""operation_mode"": ""MASTER"", ""battery_voltage"": 14.300000190734863, ""in_primary_zone"": false, ""lock_engine_alert"": false, ""in_restricted_zone"": false, ""onboard_geofencing"": false, ""speed_limit_active"": false, ""lock_geo_alert_distance"": 0}"
2023-07-23 20:39:21.616,4431,858,"354616090369062",1582,"{""key"": false, ""flip"": false, ""zone"": false, ""speed"": 2.0372, ""buzzer"": 0, ""engine"": true, ""in_zone"": true, ""ignition"": true, ""latitude"": 25.931105, ""direction"": 103, ""longitude"": -80.11729, ""gsm_signal"": 31, ""sleep_mode"": false, ""staff_mode"": true, ""fault_codes"": [], ""speed_limit"": 0, ""engine_hours"": 1432, ""idc_triggers"": [], ""buzzer_active"": false, ""fuel_level_avg"": 40, ""lock_geo_alert"": false, ""operation_mode"": ""MASTER"", ""battery_voltage"": 14.300000190734863, ""in_primary_zone"": false, ""lock_engine_alert"": false, ""in_restricted_zone"": false, ""onboard_geofencing"": false, ""speed_limit_active"": false, ""lock_geo_alert_distance"": 0}"
2023-07-23 20:39:20.736,4431,858,"354616090369062",1582,"{""key"": false, ""flip"": false, ""zone"": false, ""speed"": 2.4076, ""buzzer"": 0, ""engine"": true, ""in_zone"": true, ""ignition"": true, ""latitude"": 25.931105, ""direction"": 103, ""longitude"": -80.1172982, ""gsm_signal"": 31, ""sleep_mode"": false, ""staff_mode"": true, ""fault_codes"": [], ""speed_limit"": 0, ""engine_hours"": 1432, ""idc_triggers"": [], ""buzzer_active"": false, ""fuel_level_avg"": 40, ""lock_geo_alert"": false, ""operation_mode"": ""MASTER"", ""battery_voltage"": 14.300000190734863, ""in_primary_zone"": false, ""lock_engine_alert"": false, ""in_restricted_zone"": false, ""onboard_geofencing"": false, ""speed_limit_active"": false, ""lock_geo_alert_distance"": 0}"
2023-07-23 20:39:19.618,4431,858,"354616090369062",1582,"{""key"": false, ""flip"": false, ""zone"": false, ""speed"": 2.4076, ""buzzer"": 0, ""engine"": true, ""in_zone"": true, ""ignition"": true, ""latitude"": 25.931108299999998, ""direction"": 103, ""longitude"": -80.1173132, ""gsm_signal"": 29, ""sleep_mode"": false, ""staff_mode"": true, ""fault_codes"": [], ""speed_limit"": 0, ""engine_hours"": 1432, ""idc_triggers"": [], ""buzzer_active"": false, ""fuel_level_avg"": 40, ""lock_geo_alert"": false, ""operation_mode"": ""MASTER"", ""battery_voltage"": 14.300000190734863, ""in_primary_zone"": false, ""lock_engine_alert"": false, ""in_restricted_zone"": false, ""onboard_geofencing"": false, ""speed_limit_active"": false, ""lock_geo_alert_distance"": 0}"
2023-07-23 20:39:18.656,4431,858,"354616090369062",1582,"{""key"": false, ""flip"": false, ""zone"": false, ""speed"": 0.0, ""buzzer"": 0, ""engine"": true, ""in_zone"": true, ""ignition"": true, ""latitude"": 25.931108299999998, ""direction"": 103, ""longitude"": -80.1173132, ""gsm_signal"": 28, ""sleep_mode"": false, ""staff_mode"": true, ""fault_codes"": [], ""speed_limit"": 0, ""engine_hours"": 1432, ""idc_triggers"": [], ""buzzer_active"": false, ""fuel_level_avg"": 40, ""lock_geo_alert"": false, ""operation_mode"": ""MASTER"", ""battery_voltage"": 14.300000190734863, ""in_primary_zone"": false, ""lock_engine_alert"": false, ""in_restricted_zone"": false, ""onboard_geofencing"": false, ""speed_limit_active"": false, ""lock_geo_alert_distance"": 0}"
2023-07-23 20:39:17.619,4431,858,"354616090369062",1582,"{""key"": false, ""flip"": false, ""zone"": false, ""speed"": 0.0, ""buzzer"": 0, ""engine"": true, ""in_zone"": true, ""ignition"": true, ""latitude"": 25.931108299999998, ""direction"": 103, ""longitude"": -80.1173132, ""gsm_signal"": 29, ""sleep_mode"": false, ""staff_mode"": true, ""fault_codes"": [], ""speed_limit"": 0, ""engine_hours"": 1432, ""idc_triggers"": [], ""buzzer_active"": false, ""fuel_level_avg"": 40, ""lock_geo_alert"": false, ""operation_mode"": ""MASTER"", ""battery_voltage"": 14.300000190734863, ""in_primary_zone"": false, ""lock_engine_alert"": false, ""in_restricted_zone"": false, ""onboard_geofencing"": false, ""speed_limit_active"": false, ""lock_geo_alert_distance"": 0}"
2023-07-23 20:39:16.657,4431,858,"354616090369062",1582,"{""key"": false, ""flip"": false, ""zone"": false, ""speed"": 0.0, ""buzzer"": 0, ""engine"": true, ""in_zone"": true, ""ignition"": true, ""latitude"": 25.931108299999998, ""direction"": 103, ""longitude"": -80.117315, ""gsm_signal"": 28, ""sleep_mode"": false, ""staff_mode"": true, ""fault_codes"": [], ""speed_limit"": 0, ""engine_hours"": 1432, ""idc_triggers"": [], ""buzzer_active"": false, ""fuel_level_avg"": 40, ""lock_geo_alert"": false, ""operation_mode"": ""MASTER"", ""battery_voltage"": 14.300000190734863, ""in_primary_zone"": false, ""lock_engine_alert"": false, ""in_restricted_zone"": false, ""onboard_geofencing"": false, ""speed_limit_active"": false, ""lock_geo_alert_distance"": 0}"
2023-07-23 20:39:15.618,4431,858,"354616090369062",1582,"{""key"": false, ""flip"": false, ""zone"": false, ""speed"": 0.0, ""buzzer"": 0, ""engine"": true, ""in_zone"": true, ""ignition"": true, ""latitude"": 25.931105, ""direction"": 103, ""longitude"": -80.117315, ""gsm_signal"": 28, ""sleep_mode"": false, ""staff_mode"": true, ""fault_codes"": [], ""speed_limit"": 0, ""engine_hours"": 1432, ""idc_triggers"": [], ""buzzer_active"": false, ""fuel_level_avg"": 40, ""lock_geo_alert"": false, ""operation_mode"": ""MASTER"", ""battery_voltage"": 14.300000190734863, ""in_primary_zone"": false, ""lock_engine_alert"": false, ""in_restricted_zone"": false, ""onboard_geofencing"": false, ""speed_limit_active"": false, ""lock_geo_alert_distance"": 0}"
2023-07-23 20:39:14.588,4431,858,"354616090369062",1582,"{""key"": false, ""flip"": false, ""zone"": false, ""speed"": 2.4076, ""buzzer"": 0, ""engine"": true, ""in_zone"": true, ""ignition"": true, ""latitude"": 25.9310983, ""direction"": 103, ""longitude"": -80.1173182, ""gsm_signal"": 31, ""sleep_mode"": false, ""staff_mode"": true, ""fault_codes"": [], ""speed_limit"": 0, ""engine_hours"": 1432, ""idc_triggers"": [], ""buzzer_active"": false, ""fuel_level_avg"": 40, ""lock_geo_alert"": false, ""operation_mode"": ""MASTER"", ""battery_voltage"": 14.300000190734863, ""in_primary_zone"": false, ""lock_engine_alert"": false, ""in_restricted_zone"": false, ""onboard_geofencing"": false, ""speed_limit_active"": false, ""lock_geo_alert_distance"": 0}"
2023-07-23 20:39:13.618,4431,858,"354616090369062",1582,"{""key"": false, ""flip"": false, ""zone"": false, ""speed"": 1.4816, ""buzzer"": 0, ""engine"": true, ""in_zone"": true, ""ignition"": true, ""latitude"": 25.9310933, ""direction"": 103, ""longitude"": -80.1173232, ""gsm_signal"": 31, ""sleep_mode"": false, ""staff_mode"": true, ""fault_codes"": [], ""speed_limit"": 0, ""engine_hours"": 1432, ""idc_triggers"": [], ""buzzer_active"": false, ""fuel_level_avg"": 40, ""lock_geo_alert"": false, ""operation_mode"": ""MASTER"", ""battery_voltage"": 14.300000190734863, ""in_primary_zone"": false, ""lock_engine_alert"": false, ""in_restricted_zone"": false, ""onboard_geofencing"": false, ""speed_limit_active"": false, ""lock_geo_alert_distance"": 0}"
2023-07-23 20:39:12.579,4431,858,"354616090369062",1582,"{""key"": false, ""flip"": false, ""zone"": false, ""speed"": 1.4816, ""buzzer"": 0, ""engine"": true, ""in_zone"": true, ""ignition"": true, ""latitude"": 25.9310883, ""direction"": 103, ""longitude"": -80.117325, ""gsm_signal"": 31, ""sleep_mode"": false, ""staff_mode"": true, ""fault_codes"": [], ""speed_limit"": 0, ""engine_hours"": 1432, ""idc_triggers"": [], ""buzzer_active"": false, ""fuel_level_avg"": 40, ""lock_geo_alert"": false, ""operation_mode"": ""MASTER"", ""battery_voltage"": 14.300000190734863, ""in_primary_zone"": false, ""lock_engine_alert"": false, ""in_restricted_zone"": false, ""onboard_geofencing"": false, ""speed_limit_active"": false, ""lock_geo_alert_distance"": 0}"
2023-07-23 20:39:11.617,4431,858,"354616090369062",1582,"{""key"": false, ""flip"": false, ""zone"": false, ""speed"": 2.4076, ""buzzer"": 0, ""engine"": true, ""in_zone"": true, ""ignition"": true, ""latitude"": 25.931085, ""direction"": 103, ""longitude"": -80.1173266, ""gsm_signal"": 31, ""sleep_mode"": false, ""staff_mode"": true, ""fault_codes"": [], ""speed_limit"": 0, ""engine_hours"": 1432, ""idc_triggers"": [], ""buzzer_active"": false, ""fuel_level_avg"": 40, ""lock_geo_alert"": false, ""operation_mode"": ""MASTER"", ""battery_voltage"": 14.300000190734863, ""in_primary_zone"": false, ""lock_engine_alert"": false, ""in_restricted_zone"": false, ""onboard_geofencing"": false, ""speed_limit_active"": false, ""lock_geo_alert_distance"": 0}"
2023-07-23 20:39:10.577,4431,858,"354616090369062",1582,"{""key"": false, ""flip"": false, ""zone"": false, ""speed"": 2.9632, ""buzzer"": 0, ""engine"": true, ""in_zone"": true, ""ignition"": true, ""latitude"": 25.9310783, ""direction"": 103, ""longitude"": -80.1173266, ""gsm_signal"": 31, ""sleep_mode"": false, ""staff_mode"": true, ""fault_codes"": [], ""speed_limit"": 0, ""engine_hours"": 1432, ""idc_triggers"": [], ""buzzer_active"": false, ""fuel_level_avg"": 40, ""lock_geo_alert"": false, ""operation_mode"": ""MASTER"", ""battery_voltage"": 14.300000190734863, ""in_primary_zone"": false, ""lock_engine_alert"": false, ""in_restricted_zone"": false, ""onboard_geofencing"": false, ""speed_limit_active"": false, ""lock_geo_alert_distance"": 0}"
2023-07-23 20:39:09.697,4431,858,"354616090369062",1582,"{""key"": false, ""flip"": false, ""zone"": false, ""speed"": 1.6667999999999998, ""buzzer"": 0, ""engine"": true, ""in_zone"": true, ""ignition"": true, ""latitude"": 25.931075, ""direction"": 103, ""longitude"": -80.11733, ""gsm_signal"": 31, ""sleep_mode"": false, ""staff_mode"": true, ""fault_codes"": [], ""speed_limit"": 0, ""engine_hours"": 1432, ""idc_triggers"": [], ""buzzer_active"": false, ""fuel_level_avg"": 40, ""lock_geo_alert"": false, ""operation_mode"": ""MASTER"", ""battery_voltage"": 14.300000190734863, ""in_primary_zone"": false, ""lock_engine_alert"": false, ""in_restricted_zone"": false, ""onboard_geofencing"": false, ""speed_limit_active"": false, ""lock_geo_alert_distance"": 0}"
2023-07-23 20:39:08.576,4431,858,"354616090369062",1582,"{""key"": false, ""flip"": false, ""zone"": false, ""speed"": 0.0, ""buzzer"": 0, ""engine"": true, ""in_zone"": true, ""ignition"": true, ""latitude"": 25.9310716, ""direction"": 103, ""longitude"": -80.117335, ""gsm_signal"": 31, ""sleep_mode"": false, ""staff_mode"": true, ""fault_codes"": [], ""speed_limit"": 0, ""engine_hours"": 1432, ""idc_triggers"": [], ""buzzer_active"": false, ""fuel_level_avg"": 40, ""lock_geo_alert"": false, ""operation_mode"": ""MASTER"", ""battery_voltage"": 14.300000190734863, ""in_primary_zone"": false, ""lock_engine_alert"": false, ""in_restricted_zone"": false, ""onboard_geofencing"": false, ""speed_limit_active"": false, ""lock_geo_alert_distance"": 0}"
2023-07-23 20:39:07.630,4431,858,"354616090369062",1582,"{""key"": false, ""flip"": false, ""zone"": false, ""speed"": 1.4816, ""buzzer"": 0, ""engine"": true, ""in_zone"": true, ""ignition"": true, ""latitude"": 25.93107, ""direction"": 103, ""longitude"": -80.1173366, ""gsm_signal"": 31, ""sleep_mode"": false, ""staff_mode"": true, ""fault_codes"": [], ""speed_limit"": 0, ""engine_hours"": 1432, ""idc_triggers"": [], ""buzzer_active"": false, ""fuel_level_avg"": 40, ""lock_geo_alert"": false, ""operation_mode"": ""MASTER"", ""battery_voltage"": 14.300000190734863, ""in_primary_zone"": false, ""lock_engine_alert"": false, ""in_restricted_zone"": false, ""onboard_geofencing"": false, ""speed_limit_active"": false, ""lock_geo_alert_distance"": 0}"
2023-07-23 20:39:06.656,4431,858,"354616090369062",1582,"{""key"": false, ""flip"": false, ""zone"": false, ""speed"": 2.0372, ""buzzer"": 0, ""engine"": true, ""in_zone"": true, ""ignition"": true, ""latitude"": 25.9310683, ""direction"": 103, ""longitude"": -80.1173382, ""gsm_signal"": 31, ""sleep_mode"": false, ""staff_mode"": true, ""fault_codes"": [], ""speed_limit"": 0, ""engine_hours"": 1432, ""idc_triggers"": [], ""buzzer_active"": false, ""fuel_level_avg"": 40, ""lock_geo_alert"": false, ""operation_mode"": ""MASTER"", ""battery_voltage"": 14.300000190734863, ""in_primary_zone"": false, ""lock_engine_alert"": false, ""in_restricted_zone"": false, ""onboard_geofencing"": false, ""speed_limit_active"": false, ""lock_geo_alert_distance"": 0}"
2023-07-23 20:39:05.635,4431,858,"354616090369062",1582,"{""key"": false, ""flip"": false, ""zone"": false, ""speed"": 2.778, ""buzzer"": 0, ""engine"": true, ""in_zone"": true, ""ignition"": true, ""latitude"": 25.93107, ""direction"": 103, ""longitude"": -80.117345, ""gsm_signal"": 31, ""sleep_mode"": false, ""staff_mode"": true, ""fault_codes"": [], ""speed_limit"": 0, ""engine_hours"": 1432, ""idc_triggers"": [], ""buzzer_active"": false, ""fuel_level_avg"": 40, ""lock_geo_alert"": false, ""operation_mode"": ""MASTER"", ""battery_voltage"": 14.300000190734863, ""in_primary_zone"": false, ""lock_engine_alert"": false, ""in_restricted_zone"": false, ""onboard_geofencing"": false, ""speed_limit_active"": false, ""lock_geo_alert_distance"": 0}"
2023-07-23 20:39:04.668,4431,858,"354616090369062",1582,"{""key"": false, ""flip"": false, ""zone"": false, ""speed"": 3.5188, ""buzzer"": 0, ""engine"": true, ""in_zone"": true, ""ignition"": true, ""latitude"": 25.9310733, ""direction"": 103, ""longitude"": -80.1173466, ""gsm_signal"": 31, ""sleep_mode"": false, ""staff_mode"": true, ""fault_codes"": [], ""speed_limit"": 0, ""engine_hours"": 1432, ""idc_triggers"": [], ""buzzer_active"": false, ""fuel_level_avg"": 40, ""lock_geo_alert"": false, ""operation_mode"": ""MASTER"", ""battery_voltage"": 14.300000190734863, ""in_primary_zone"": false, ""lock_engine_alert"": false, ""in_restricted_zone"": false, ""onboard_geofencing"": false, ""speed_limit_active"": false, ""lock_geo_alert_distance"": 0}"
2023-07-23 20:39:03.616,4431,858,"354616090369062",1582,"{""key"": false, ""flip"": false, ""zone"": false, ""speed"": 3.1484, ""buzzer"": 0, ""engine"": true, ""in_zone"": true, ""ignition"": true, ""latitude"": 25.9310766, ""direction"": 103, ""longitude"": -80.117355, ""gsm_signal"": 29, ""sleep_mode"": false, ""staff_mode"": true, ""fault_codes"": [], ""speed_limit"": 0, ""engine_hours"": 1432, ""idc_triggers"": [], ""buzzer_active"": false, ""fuel_level_avg"": 40, ""lock_geo_alert"": false, ""operation_mode"": ""MASTER"", ""battery_voltage"": 14.300000190734863, ""in_primary_zone"": false, ""lock_engine_alert"": false, ""in_restricted_zone"": false, ""onboard_geofencing"": false, ""speed_limit_active"": false, ""lock_geo_alert_distance"": 0}"
2023-07-23 20:39:02.657,4431,858,"354616090369062",1582,"{""key"": false, ""flip"": false, ""zone"": false, ""speed"": 3.1484, ""buzzer"": 0, ""engine"": true, ""in_zone"": true, ""ignition"": true, ""latitude"": 25.93108, ""direction"": 103, ""longitude"": -80.11736, ""gsm_signal"": 27, ""sleep_mode"": false, ""staff_mode"": true, ""fault_codes"": [], ""speed_limit"": 0, ""engine_hours"": 1432, ""idc_triggers"": [], ""buzzer_active"": false, ""fuel_level_avg"": 40, ""lock_geo_alert"": false, ""operation_mode"": ""MASTER"", ""battery_voltage"": 14.300000190734863, ""in_primary_zone"": false, ""lock_engine_alert"": false, ""in_restricted_zone"": false, ""onboard_geofencing"": false, ""speed_limit_active"": false, ""lock_geo_alert_distance"": 0}"
2023-07-23 20:39:01.617,4431,858,"354616090369062",1582,"{""key"": false, ""flip"": false, ""zone"": false, ""speed"": 5.000400000000001, ""buzzer"": 0, ""engine"": true, ""in_zone"": true, ""ignition"": true, ""latitude"": 25.93109, ""direction"": 103, ""longitude"": -80.117365, ""gsm_signal"": 29, ""sleep_mode"": false, ""staff_mode"": true, ""fault_codes"": [], ""speed_limit"": 0, ""engine_hours"": 1432, ""idc_triggers"": [], ""buzzer_active"": false, ""fuel_level_avg"": 40, ""lock_geo_alert"": false, ""operation_mode"": ""MASTER"", ""battery_voltage"": 14.300000190734863, ""in_primary_zone"": false, ""lock_engine_alert"": false, ""in_restricted_zone"": false, ""onboard_geofencing"": false, ""speed_limit_active"": false, ""lock_geo_alert_distance"": 0}"
2023-07-23 20:39:00.657,4431,858,"354616090369062",1582,"{""key"": false, ""flip"": false, ""zone"": false, ""speed"": 4.259600000000001, ""buzzer"": 0, ""engine"": true, ""in_zone"": true, ""ignition"": true, ""latitude"": 25.9311, ""direction"": 103, ""longitude"": -80.1173716, ""gsm_signal"": 27, ""sleep_mode"": false, ""staff_mode"": true, ""fault_codes"": [], ""speed_limit"": 0, ""engine_hours"": 1432, ""idc_triggers"": [], ""buzzer_active"": false, ""fuel_level_avg"": 40, ""lock_geo_alert"": false, ""operation_mode"": ""MASTER"", ""battery_voltage"": 14.300000190734863, ""in_primary_zone"": false, ""lock_engine_alert"": false, ""in_restricted_zone"": false, ""onboard_geofencing"": false, ""speed_limit_active"": false, ""lock_geo_alert_distance"": 0}"
2023-07-23 20:38:59.617,4431,858,"354616090369062",1582,"{""key"": false, ""flip"": false, ""zone"": false, ""speed"": 5.000400000000001, ""buzzer"": 0, ""engine"": true, ""in_zone"": true, ""ignition"": true, ""latitude"": 25.93111, ""direction"": 103, ""longitude"": -80.1173766, ""gsm_signal"": 24, ""sleep_mode"": false, ""staff_mode"": true, ""fault_codes"": [], ""speed_limit"": 0, ""engine_hours"": 1432, ""idc_triggers"": [], ""buzzer_active"": false, ""fuel_level_avg"": 40, ""lock_geo_alert"": false, ""operation_mode"": ""MASTER"", ""battery_voltage"": 14.300000190734863, ""in_primary_zone"": false, ""lock_engine_alert"": false, ""in_restricted_zone"": false, ""onboard_geofencing"": false, ""speed_limit_active"": false, ""lock_geo_alert_distance"": 0}"
2023-07-23 20:38:57.617,4431,858,"354616090369062",1582,"{""key"": false, ""flip"": false, ""zone"": false, ""speed"": 4.4448, ""buzzer"": 0, ""engine"": true, ""in_zone"": true, ""ignition"": true, ""latitude"": 25.9311316, ""direction"": 103, ""longitude"": -80.1173916, ""gsm_signal"": 27, ""sleep_mode"": false, ""staff_mode"": true, ""fault_codes"": [], ""speed_limit"": 0, ""engine_hours"": 1432, ""idc_triggers"": [], ""buzzer_active"": false, ""fuel_level_avg"": 40, ""lock_geo_alert"": false, ""operation_mode"": ""MASTER"", ""battery_voltage"": 14.300000190734863, ""in_primary_zone"": false, ""lock_engine_alert"": false, ""in_restricted_zone"": false, ""onboard_geofencing"": false, ""speed_limit_active"": false, ""lock_geo_alert_distance"": 0}"
2023-07-23 20:38:56.657,4431,858,"354616090369062",1582,"{""key"": false, ""flip"": false, ""zone"": false, ""speed"": 4.8152, ""buzzer"": 0, ""engine"": true, ""in_zone"": true, ""ignition"": true, ""latitude"": 25.93114, ""direction"": 103, ""longitude"": -80.1174032, ""gsm_signal"": 28, ""sleep_mode"": false, ""staff_mode"": true, ""fault_codes"": [], ""speed_limit"": 0, ""engine_hours"": 1432, ""idc_triggers"": [], ""buzzer_active"": false, ""fuel_level_avg"": 40, ""lock_geo_alert"": false, ""operation_mode"": ""MASTER"", ""battery_voltage"": 14.300000190734863, ""in_primary_zone"": false, ""lock_engine_alert"": false, ""in_restricted_zone"": false, ""onboard_geofencing"": false, ""speed_limit_active"": false, ""lock_geo_alert_distance"": 0}"
2023-07-23 20:38:55.618,4431,858,"354616090369062",1582,"{""key"": false, ""flip"": false, ""zone"": false, ""speed"": 4.8152, ""buzzer"": 0, ""engine"": true, ""in_zone"": true, ""ignition"": true, ""latitude"": 25.93115, ""direction"": 103, ""longitude"": -80.1174166, ""gsm_signal"": 28, ""sleep_mode"": false, ""staff_mode"": true, ""fault_codes"": [], ""speed_limit"": 0, ""engine_hours"": 1432, ""idc_triggers"": [], ""buzzer_active"": false, ""fuel_level_avg"": 40, ""lock_geo_alert"": false, ""operation_mode"": ""MASTER"", ""battery_voltage"": 14.300000190734863, ""in_primary_zone"": false, ""lock_engine_alert"": false, ""in_restricted_zone"": false, ""onboard_geofencing"": false, ""speed_limit_active"": false, ""lock_geo_alert_distance"": 0}"
2023-07-23 20:38:54.657,4431,858,"354616090369062",1582,"{""key"": false, ""flip"": false, ""zone"": false, ""speed"": 4.259600000000001, ""buzzer"": 0, ""engine"": true, ""in_zone"": true, ""ignition"": true, ""latitude"": 25.93116, ""direction"": 103, ""longitude"": -80.11743, ""gsm_signal"": 29, ""sleep_mode"": false, ""staff_mode"": true, ""fault_codes"": [], ""speed_limit"": 0, ""engine_hours"": 1432, ""idc_triggers"": [], ""buzzer_active"": false, ""fuel_level_avg"": 40, ""lock_geo_alert"": false, ""operation_mode"": ""MASTER"", ""battery_voltage"": 14.300000190734863, ""in_primary_zone"": false, ""lock_engine_alert"": false, ""in_restricted_zone"": false, ""onboard_geofencing"": false, ""speed_limit_active"": false, ""lock_geo_alert_distance"": 0}"
2023-07-23 20:38:53.617,4431,858,"354616090369062",1582,"{""key"": false, ""flip"": false, ""zone"": false, ""speed"": 5.1856, ""buzzer"": 0, ""engine"": true, ""in_zone"": true, ""ignition"": true, ""latitude"": 25.9311633, ""direction"": 103, ""longitude"": -80.1174416, ""gsm_signal"": 31, ""sleep_mode"": false, ""staff_mode"": true, ""fault_codes"": [], ""speed_limit"": 0, ""engine_hours"": 1432, ""idc_triggers"": [], ""buzzer_active"": false, ""fuel_level_avg"": 40, ""lock_geo_alert"": false, ""operation_mode"": ""MASTER"", ""battery_voltage"": 14.300000190734863, ""in_primary_zone"": false, ""lock_engine_alert"": false, ""in_restricted_zone"": false, ""onboard_geofencing"": false, ""speed_limit_active"": false, ""lock_geo_alert_distance"": 0}"
2023-07-23 20:38:52.497,4431,858,"354616090369062",1582,"{""key"": false, ""flip"": false, ""zone"": false, ""speed"": 4.8152, ""buzzer"": 0, ""engine"": true, ""in_zone"": true, ""ignition"": true, ""latitude"": 25.9311666, ""direction"": 103, ""longitude"": -80.117455, ""gsm_signal"": 31, ""sleep_mode"": false, ""staff_mode"": true, ""fault_codes"": [], ""speed_limit"": 0, ""engine_hours"": 1432, ""idc_triggers"": [], ""buzzer_active"": false, ""fuel_level_avg"": 40, ""lock_geo_alert"": false, ""operation_mode"": ""MASTER"", ""battery_voltage"": 14.300000190734863, ""in_primary_zone"": false, ""lock_engine_alert"": false, ""in_restricted_zone"": false, ""onboard_geofencing"": false, ""speed_limit_active"": false, ""lock_geo_alert_distance"": 0}"
2023-07-23 20:38:51.537,4431,858,"354616090369062",1582,"{""key"": false, ""flip"": false, ""zone"": false, ""speed"": 4.0744, ""buzzer"": 0, ""engine"": true, ""in_zone"": true, ""ignition"": true, ""latitude"": 25.931165, ""direction"": 103, ""longitude"": -80.11747, ""gsm_signal"": 31, ""sleep_mode"": false, ""staff_mode"": true, ""fault_codes"": [], ""speed_limit"": 0, ""engine_hours"": 1432, ""idc_triggers"": [], ""buzzer_active"": false, ""fuel_level_avg"": 40, ""lock_geo_alert"": false, ""operation_mode"": ""MASTER"", ""battery_voltage"": 14.300000190734863, ""in_primary_zone"": false, ""lock_engine_alert"": false, ""in_restricted_zone"": false, ""onboard_geofencing"": false, ""speed_limit_active"": false, ""lock_geo_alert_distance"": 0}"
2023-07-23 20:38:50.496,4431,858,"354616090369062",1582,"{""key"": false, ""flip"": false, ""zone"": false, ""speed"": 4.4448, ""buzzer"": 0, ""engine"": true, ""in_zone"": true, ""ignition"": true, ""latitude"": 25.9311666, ""direction"": 103, ""longitude"": -80.1174816, ""gsm_signal"": 31, ""sleep_mode"": false, ""staff_mode"": true, ""fault_codes"": [], ""speed_limit"": 0, ""engine_hours"": 1432, ""idc_triggers"": [], ""buzzer_active"": false, ""fuel_level_avg"": 40, ""lock_geo_alert"": false, ""operation_mode"": ""MASTER"", ""battery_voltage"": 14.300000190734863, ""in_primary_zone"": false, ""lock_engine_alert"": false, ""in_restricted_zone"": false, ""onboard_geofencing"": false, ""speed_limit_active"": false, ""lock_geo_alert_distance"": 0}"
2023-07-23 20:38:49.537,4431,858,"354616090369062",1582,"{""key"": false, ""flip"": false, ""zone"": false, ""speed"": 5.000400000000001, ""buzzer"": 0, ""engine"": true, ""in_zone"": true, ""ignition"": true, ""latitude"": 25.93117, ""direction"": 103, ""longitude"": -80.1174932, ""gsm_signal"": 31, ""sleep_mode"": false, ""staff_mode"": true, ""fault_codes"": [], ""speed_limit"": 0, ""engine_hours"": 1432, ""idc_triggers"": [], ""buzzer_active"": false, ""fuel_level_avg"": 40, ""lock_geo_alert"": false, ""operation_mode"": ""MASTER"", ""battery_voltage"": 14.300000190734863, ""in_primary_zone"": false, ""lock_engine_alert"": false, ""in_restricted_zone"": false, ""onboard_geofencing"": false, ""speed_limit_active"": false, ""lock_geo_alert_distance"": 0}"
2023-07-23 20:38:48.497,4431,858,"354616090369062",1582,"{""key"": false, ""flip"": false, ""zone"": false, ""speed"": 4.259600000000001, ""buzzer"": 0, ""engine"": true, ""in_zone"": true, ""ignition"": true, ""latitude"": 25.9311716, ""direction"": 103, ""longitude"": -80.1175082, ""gsm_signal"": 31, ""sleep_mode"": false, ""staff_mode"": true, ""fault_codes"": [], ""speed_limit"": 0, ""engine_hours"": 1432, ""idc_triggers"": [], ""buzzer_active"": false, ""fuel_level_avg"": 30, ""lock_geo_alert"": false, ""operation_mode"": ""MASTER"", ""battery_voltage"": 14.300000190734863, ""in_primary_zone"": false, ""lock_engine_alert"": false, ""in_restricted_zone"": false, ""onboard_geofencing"": false, ""speed_limit_active"": false, ""lock_geo_alert_distance"": 0}"
2023-07-23 20:38:47.537,4431,858,"354616090369062",1582,"{""key"": false, ""flip"": false, ""zone"": false, ""speed"": 5.1856, ""buzzer"": 0, ""engine"": true, ""in_zone"": true, ""ignition"": true, ""latitude"": 25.9311683, ""direction"": 103, ""longitude"": -80.1175216, ""gsm_signal"": 31, ""sleep_mode"": false, ""staff_mode"": true, ""fault_codes"": [], ""speed_limit"": 0, ""engine_hours"": 1432, ""idc_triggers"": [], ""buzzer_active"": false, ""fuel_level_avg"": 30, ""lock_geo_alert"": false, ""operation_mode"": ""MASTER"", ""battery_voltage"": 14.300000190734863, ""in_primary_zone"": false, ""lock_engine_alert"": false, ""in_restricted_zone"": false, ""onboard_geofencing"": false, ""speed_limit_active"": false, ""lock_geo_alert_distance"": 0}"
2023-07-23 20:38:46.497,4431,858,"354616090369062",1582,"{""key"": false, ""flip"": false, ""zone"": false, ""speed"": 5.1856, ""buzzer"": 0, ""engine"": true, ""in_zone"": true, ""ignition"": true, ""latitude"": 25.931175, ""direction"": 127, ""longitude"": -80.117535, ""gsm_signal"": 31, ""sleep_mode"": false, ""staff_mode"": true, ""fault_codes"": [], ""speed_limit"": 0, ""engine_hours"": 1432, ""idc_triggers"": [], ""buzzer_active"": false, ""fuel_level_avg"": 30, ""lock_geo_alert"": false, ""operation_mode"": ""MASTER"", ""battery_voltage"": 14.300000190734863, ""in_primary_zone"": false, ""lock_engine_alert"": false, ""in_restricted_zone"": false, ""onboard_geofencing"": false, ""speed_limit_active"": false, ""lock_geo_alert_distance"": 0}"
2023-07-23 20:38:45.538,4431,858,"354616090369062",1582,"{""key"": false, ""flip"": false, ""zone"": false, ""speed"": 4.4448, ""buzzer"": 0, ""engine"": true, ""in_zone"": true, ""ignition"": true, ""latitude"": 25.9311783, ""direction"": 127, ""longitude"": -80.1175482, ""gsm_signal"": 31, ""sleep_mode"": false, ""staff_mode"": true, ""fault_codes"": [], ""speed_limit"": 0, ""engine_hours"": 1432, ""idc_triggers"": [], ""buzzer_active"": false, ""fuel_level_avg"": 30, ""lock_geo_alert"": false, ""operation_mode"": ""MASTER"", ""battery_voltage"": 14.300000190734863, ""in_primary_zone"": false, ""lock_engine_alert"": false, ""in_restricted_zone"": false, ""onboard_geofencing"": false, ""speed_limit_active"": false, ""lock_geo_alert_distance"": 0}"
2023-07-23 20:38:44.497,4431,858,"354616090369062",1582,"{""key"": false, ""flip"": false, ""zone"": false, ""speed"": 4.4448, ""buzzer"": 0, ""engine"": true, ""in_zone"": true, ""ignition"": true, ""latitude"": 25.9311816, ""direction"": 127, ""longitude"": -80.1175582, ""gsm_signal"": 31, ""sleep_mode"": false, ""staff_mode"": true, ""fault_codes"": [], ""speed_limit"": 0, ""engine_hours"": 1432, ""idc_triggers"": [], ""buzzer_active"": false, ""fuel_level_avg"": 30, ""lock_geo_alert"": false, ""operation_mode"": ""MASTER"", ""battery_voltage"": 14.300000190734863, ""in_primary_zone"": false, ""lock_engine_alert"": false, ""in_restricted_zone"": false, ""onboard_geofencing"": false, ""speed_limit_active"": false, ""lock_geo_alert_distance"": 0}"
2023-07-23 20:38:43.537,4431,858,"354616090369062",1582,"{""key"": false, ""flip"": false, ""zone"": false, ""speed"": 5.741200000000001, ""buzzer"": 0, ""engine"": true, ""in_zone"": true, ""ignition"": true, ""latitude"": 25.9311866, ""direction"": 127, ""longitude"": -80.1175682, ""gsm_signal"": 30, ""sleep_mode"": false, ""staff_mode"": true, ""fault_codes"": [], ""speed_limit"": 0, ""engine_hours"": 1432, ""idc_triggers"": [], ""buzzer_active"": false, ""fuel_level_avg"": 30, ""lock_geo_alert"": false, ""operation_mode"": ""MASTER"", ""battery_voltage"": 14.300000190734863, ""in_primary_zone"": false, ""lock_engine_alert"": false, ""in_restricted_zone"": false, ""onboard_geofencing"": false, ""speed_limit_active"": false, ""lock_geo_alert_distance"": 0}"
2023-07-23 20:38:42.499,4431,858,"354616090369062",1582,"{""key"": false, ""flip"": false, ""zone"": false, ""speed"": 4.0744, ""buzzer"": 0, ""engine"": true, ""in_zone"": true, ""ignition"": true, ""latitude"": 25.9311966, ""direction"": 110, ""longitude"": -80.1175782, ""gsm_signal"": 31, ""sleep_mode"": false, ""staff_mode"": true, ""fault_codes"": [], ""speed_limit"": 0, ""engine_hours"": 1432, ""idc_triggers"": [], ""buzzer_active"": false, ""fuel_level_avg"": 30, ""lock_geo_alert"": false, ""operation_mode"": ""MASTER"", ""battery_voltage"": 14.300000190734863, ""in_primary_zone"": false, ""lock_engine_alert"": false, ""in_restricted_zone"": false, ""onboard_geofencing"": false, ""speed_limit_active"": false, ""lock_geo_alert_distance"": 0}"
2023-07-23 20:38:41.550,4431,858,"354616090369062",1582,"{""key"": false, ""flip"": false, ""zone"": false, ""speed"": 5.000400000000001, ""buzzer"": 0, ""engine"": true, ""in_zone"": true, ""ignition"": true, ""latitude"": 25.9312016, ""direction"": 110, ""longitude"": -80.11759, ""gsm_signal"": 30, ""sleep_mode"": false, ""staff_mode"": true, ""fault_codes"": [], ""speed_limit"": 0, ""engine_hours"": 1432, ""idc_triggers"": [], ""buzzer_active"": false, ""fuel_level_avg"": 30, ""lock_geo_alert"": false, ""operation_mode"": ""MASTER"", ""battery_voltage"": 14.300000190734863, ""in_primary_zone"": false, ""lock_engine_alert"": false, ""in_restricted_zone"": false, ""onboard_geofencing"": false, ""speed_limit_active"": false, ""lock_geo_alert_distance"": 0}"
2023-07-23 20:38:40.509,4431,858,"354616090369062",1582,"{""key"": false, ""flip"": false, ""zone"": false, ""speed"": 5.370800000000001, ""buzzer"": 0, ""engine"": true, ""in_zone"": true, ""ignition"": true, ""latitude"": 25.9312083, ""direction"": 110, ""longitude"": -80.1176032, ""gsm_signal"": 31, ""sleep_mode"": false, ""staff_mode"": true, ""fault_codes"": [], ""speed_limit"": 0, ""engine_hours"": 1432, ""idc_triggers"": [], ""buzzer_active"": false, ""fuel_level_avg"": 30, ""lock_geo_alert"": false, ""operation_mode"": ""MASTER"", ""battery_voltage"": 14.300000190734863, ""in_primary_zone"": false, ""lock_engine_alert"": false, ""in_restricted_zone"": false, ""onboard_geofencing"": false, ""speed_limit_active"": false, ""lock_geo_alert_distance"": 0}"
2023-07-23 20:38:38.497,4431,858,"354616090369062",1582,"{""key"": false, ""flip"": false, ""zone"": false, ""speed"": 5.556, ""buzzer"": 0, ""engine"": true, ""in_zone"": true, ""ignition"": true, ""latitude"": 25.9312166, ""direction"": 112, ""longitude"": -80.117635, ""gsm_signal"": 31, ""sleep_mode"": false, ""staff_mode"": true, ""fault_codes"": [], ""speed_limit"": 0, ""engine_hours"": 1432, ""idc_triggers"": [], ""buzzer_active"": false, ""fuel_level_avg"": 30, ""lock_geo_alert"": false, ""operation_mode"": ""MASTER"", ""battery_voltage"": 14.300000190734863, ""in_primary_zone"": false, ""lock_engine_alert"": false, ""in_restricted_zone"": false, ""onboard_geofencing"": false, ""speed_limit_active"": false, ""lock_geo_alert_distance"": 0}"
2023-07-23 20:38:37.616,4431,858,"354616090369062",1582,"{""key"": false, ""flip"": false, ""zone"": false, ""speed"": 6.482000000000001, ""buzzer"": 0, ""engine"": true, ""in_zone"": true, ""ignition"": true, ""latitude"": 25.9312183, ""direction"": 101, ""longitude"": -80.1176516, ""gsm_signal"": 31, ""sleep_mode"": false, ""staff_mode"": true, ""fault_codes"": [], ""speed_limit"": 0, ""engine_hours"": 1432, ""idc_triggers"": [], ""buzzer_active"": false, ""fuel_level_avg"": 30, ""lock_geo_alert"": false, ""operation_mode"": ""MASTER"", ""battery_voltage"": 14.300000190734863, ""in_primary_zone"": false, ""lock_engine_alert"": false, ""in_restricted_zone"": false, ""onboard_geofencing"": false, ""speed_limit_active"": false, ""lock_geo_alert_distance"": 0}"
2023-07-23 20:38:36.657,4431,858,"354616090369062",1582,"{""key"": false, ""flip"": false, ""zone"": false, ""speed"": 6.482000000000001, ""buzzer"": 0, ""engine"": true, ""in_zone"": true, ""ignition"": true, ""latitude"": 25.9312216, ""direction"": 91, ""longitude"": -80.11767, ""gsm_signal"": 31, ""sleep_mode"": false, ""staff_mode"": true, ""fault_codes"": [], ""speed_limit"": 0, ""engine_hours"": 1432, ""idc_triggers"": [], ""buzzer_active"": false, ""fuel_level_avg"": 30, ""lock_geo_alert"": false, ""operation_mode"": ""MASTER"", ""battery_voltage"": 14.300000190734863, ""in_primary_zone"": false, ""lock_engine_alert"": false, ""in_restricted_zone"": false, ""onboard_geofencing"": false, ""speed_limit_active"": false, ""lock_geo_alert_distance"": 0}"
2023-07-23 20:38:35.617,4431,858,"354616090369062",1582,"{""key"": false, ""flip"": false, ""zone"": false, ""speed"": 7.222800000000001, ""buzzer"": 0, ""engine"": true, ""in_zone"": true, ""ignition"": true, ""latitude"": 25.9312216, ""direction"": 103, ""longitude"": -80.1176882, ""gsm_signal"": 31, ""sleep_mode"": false, ""staff_mode"": true, ""fault_codes"": [], ""speed_limit"": 0, ""engine_hours"": 1432, ""idc_triggers"": [], ""buzzer_active"": false, ""fuel_level_avg"": 30, ""lock_geo_alert"": false, ""operation_mode"": ""MASTER"", ""battery_voltage"": 14.300000190734863, ""in_primary_zone"": false, ""lock_engine_alert"": false, ""in_restricted_zone"": false, ""onboard_geofencing"": false, ""speed_limit_active"": false, ""lock_geo_alert_distance"": 0}"
2023-07-23 20:38:34.658,4431,858,"354616090369062",1582,"{""key"": false, ""flip"": false, ""zone"": false, ""speed"": 7.4079999999999995, ""buzzer"": 0, ""engine"": true, ""in_zone"": true, ""ignition"": true, ""latitude"": 25.9312266, ""direction"": 96, ""longitude"": -80.11771, ""gsm_signal"": 31, ""sleep_mode"": false, ""staff_mode"": true, ""fault_codes"": [], ""speed_limit"": 0, ""engine_hours"": 1432, ""idc_triggers"": [], ""buzzer_active"": false, ""fuel_level_avg"": 30, ""lock_geo_alert"": false, ""operation_mode"": ""MASTER"", ""battery_voltage"": 14.300000190734863, ""in_primary_zone"": false, ""lock_engine_alert"": false, ""in_restricted_zone"": false, ""onboard_geofencing"": false, ""speed_limit_active"": false, ""lock_geo_alert_distance"": 0}"
2023-07-23 20:38:33.617,4431,858,"354616090369062",1582,"{""key"": false, ""flip"": false, ""zone"": false, ""speed"": 8.519200000000001, ""buzzer"": 0, ""engine"": true, ""in_zone"": true, ""ignition"": true, ""latitude"": 25.9312283, ""direction"": 91, ""longitude"": -80.1177332, ""gsm_signal"": 31, ""sleep_mode"": false, ""staff_mode"": true, ""fault_codes"": [], ""speed_limit"": 0, ""engine_hours"": 1432, ""idc_triggers"": [], ""buzzer_active"": false, ""fuel_level_avg"": 30, ""lock_geo_alert"": false, ""operation_mode"": ""MASTER"", ""battery_voltage"": 14.300000190734863, ""in_primary_zone"": false, ""lock_engine_alert"": false, ""in_restricted_zone"": false, ""onboard_geofencing"": false, ""speed_limit_active"": false, ""lock_geo_alert_distance"": 0}"
2023-07-23 20:38:32.576,4431,858,"354616090369062",1582,"{""key"": false, ""flip"": false, ""zone"": false, ""speed"": 9.4452, ""buzzer"": 0, ""engine"": true, ""in_zone"": true, ""ignition"": true, ""latitude"": 25.93123, ""direction"": 92, ""longitude"": -80.11776, ""gsm_signal"": 31, ""sleep_mode"": false, ""staff_mode"": true, ""fault_codes"": [], ""speed_limit"": 0, ""engine_hours"": 1432, ""idc_triggers"": [], ""buzzer_active"": false, ""fuel_level_avg"": 30, ""lock_geo_alert"": false, ""operation_mode"": ""MASTER"", ""battery_voltage"": 14.300000190734863, ""in_primary_zone"": false, ""lock_engine_alert"": false, ""in_restricted_zone"": false, ""onboard_geofencing"": false, ""speed_limit_active"": false, ""lock_geo_alert_distance"": 0}"
2023-07-23 20:38:31.616,4431,858,"354616090369062",1582,"{""key"": false, ""flip"": false, ""zone"": false, ""speed"": 10.000800000000002, ""buzzer"": 0, ""engine"": true, ""in_zone"": true, ""ignition"": true, ""latitude"": 25.9312316, ""direction"": 93, ""longitude"": -80.11779, ""gsm_signal"": 31, ""sleep_mode"": false, ""staff_mode"": true, ""fault_codes"": [], ""speed_limit"": 0, ""engine_hours"": 1432, ""idc_triggers"": [], ""buzzer_active"": false, ""fuel_level_avg"": 30, ""lock_geo_alert"": false, ""operation_mode"": ""MASTER"", ""battery_voltage"": 14.300000190734863, ""in_primary_zone"": false, ""lock_engine_alert"": false, ""in_restricted_zone"": false, ""onboard_geofencing"": false, ""speed_limit_active"": false, ""lock_geo_alert_distance"": 0}"
2023-07-23 20:38:30.656,4431,858,"354616090369062",1582,"{""key"": false, ""flip"": false, ""zone"": false, ""speed"": 9.260000000000002, ""buzzer"": 0, ""engine"": true, ""in_zone"": true, ""ignition"": true, ""latitude"": 25.9312333, ""direction"": 90, ""longitude"": -80.1178166, ""gsm_signal"": 31, ""sleep_mode"": false, ""staff_mode"": true, ""fault_codes"": [], ""speed_limit"": 0, ""engine_hours"": 1432, ""idc_triggers"": [], ""buzzer_active"": false, ""fuel_level_avg"": 30, ""lock_geo_alert"": false, ""operation_mode"": ""MASTER"", ""battery_voltage"": 14.300000190734863, ""in_primary_zone"": false, ""lock_engine_alert"": false, ""in_restricted_zone"": false, ""onboard_geofencing"": false, ""speed_limit_active"": false, ""lock_geo_alert_distance"": 0}"
2023-07-23 20:38:29.617,4431,858,"354616090369062",1582,"{""key"": false, ""flip"": false, ""zone"": false, ""speed"": 10.000800000000002, ""buzzer"": 0, ""engine"": true, ""in_zone"": true, ""ignition"": true, ""latitude"": 25.931235, ""direction"": 95, ""longitude"": -80.117845, ""gsm_signal"": 31, ""sleep_mode"": false, ""staff_mode"": true, ""fault_codes"": [], ""speed_limit"": 0, ""engine_hours"": 1432, ""idc_triggers"": [], ""buzzer_active"": false, ""fuel_level_avg"": 30, ""lock_geo_alert"": false, ""operation_mode"": ""MASTER"", ""battery_voltage"": 14.300000190734863, ""in_primary_zone"": false, ""lock_engine_alert"": false, ""in_restricted_zone"": false, ""onboard_geofencing"": false, ""speed_limit_active"": false, ""lock_geo_alert_distance"": 0}"
2023-07-23 20:38:28.657,4431,858,"354616090369062",1582,"{""key"": false, ""flip"": false, ""zone"": false, ""speed"": 10.000800000000002, ""buzzer"": 0, ""engine"": true, ""in_zone"": true, ""ignition"": true, ""latitude"": 25.9312383, ""direction"": 88, ""longitude"": -80.11787, ""gsm_signal"": 31, ""sleep_mode"": false, ""staff_mode"": true, ""fault_codes"": [], ""speed_limit"": 0, ""engine_hours"": 1432, ""idc_triggers"": [], ""buzzer_active"": false, ""fuel_level_avg"": 30, ""lock_geo_alert"": false, ""operation_mode"": ""MASTER"", ""battery_voltage"": 14.300000190734863, ""in_primary_zone"": false, ""lock_engine_alert"": false, ""in_restricted_zone"": false, ""onboard_geofencing"": false, ""speed_limit_active"": false, ""lock_geo_alert_distance"": 0}"
2023-07-23 20:38:27.617,4431,858,"354616090369062",1582,"{""key"": false, ""flip"": false, ""zone"": false, ""speed"": 9.8156, ""buzzer"": 0, ""engine"": true, ""in_zone"": true, ""ignition"": true, ""latitude"": 25.9312383, ""direction"": 92, ""longitude"": -80.1178982, ""gsm_signal"": 31, ""sleep_mode"": false, ""staff_mode"": true, ""fault_codes"": [], ""speed_limit"": 0, ""engine_hours"": 1432, ""idc_triggers"": [], ""buzzer_active"": false, ""fuel_level_avg"": 30, ""lock_geo_alert"": false, ""operation_mode"": ""MASTER"", ""battery_voltage"": 14.300000190734863, ""in_primary_zone"": false, ""lock_engine_alert"": false, ""in_restricted_zone"": false, ""onboard_geofencing"": false, ""speed_limit_active"": false, ""lock_geo_alert_distance"": 0}"
2023-07-23 20:38:26.656,4431,858,"354616090369062",1582,"{""key"": false, ""flip"": false, ""zone"": false, ""speed"": 9.8156, ""buzzer"": 0, ""engine"": true, ""in_zone"": true, ""ignition"": true, ""latitude"": 25.93124, ""direction"": 95, ""longitude"": -80.117925, ""gsm_signal"": 31, ""sleep_mode"": false, ""staff_mode"": true, ""fault_codes"": [], ""speed_limit"": 0, ""engine_hours"": 1432, ""idc_triggers"": [], ""buzzer_active"": false, ""fuel_level_avg"": 30, ""lock_geo_alert"": false, ""operation_mode"": ""MASTER"", ""battery_voltage"": 14.300000190734863, ""in_primary_zone"": false, ""lock_engine_alert"": false, ""in_restricted_zone"": false, ""onboard_geofencing"": false, ""speed_limit_active"": false, ""lock_geo_alert_distance"": 0}"
2023-07-23 20:38:25.617,4431,858,"354616090369062",1582,"{""key"": false, ""flip"": false, ""zone"": false, ""speed"": 9.260000000000002, ""buzzer"": 0, ""engine"": true, ""in_zone"": true, ""ignition"": true, ""latitude"": 25.931245, ""direction"": 91, ""longitude"": -80.1179516, ""gsm_signal"": 31, ""sleep_mode"": false, ""staff_mode"": true, ""fault_codes"": [], ""speed_limit"": 0, ""engine_hours"": 1432, ""idc_triggers"": [], ""buzzer_active"": false, ""fuel_level_avg"": 30, ""lock_geo_alert"": false, ""operation_mode"": ""MASTER"", ""battery_voltage"": 14.300000190734863, ""in_primary_zone"": false, ""lock_engine_alert"": false, ""in_restricted_zone"": false, ""onboard_geofencing"": false, ""speed_limit_active"": false, ""lock_geo_alert_distance"": 0}"
2023-07-23 20:38:24.657,4431,858,"354616090369062",1582,"{""key"": false, ""flip"": false, ""zone"": false, ""speed"": 8.704400000000001, ""buzzer"": 0, ""engine"": true, ""in_zone"": true, ""ignition"": true, ""latitude"": 25.9312466, ""direction"": 89, ""longitude"": -80.1179766, ""gsm_signal"": 31, ""sleep_mode"": false, ""staff_mode"": true, ""fault_codes"": [], ""speed_limit"": 0, ""engine_hours"": 1432, ""idc_triggers"": [], ""buzzer_active"": false, ""fuel_level_avg"": 30, ""lock_geo_alert"": false, ""operation_mode"": ""MASTER"", ""battery_voltage"": 14.300000190734863, ""in_primary_zone"": false, ""lock_engine_alert"": false, ""in_restricted_zone"": false, ""onboard_geofencing"": false, ""speed_limit_active"": false, ""lock_geo_alert_distance"": 0}"
2023-07-23 20:38:23.617,4431,858,"354616090369062",1582,"{""key"": false, ""flip"": false, ""zone"": false, ""speed"": 9.6304, ""buzzer"": 0, ""engine"": true, ""in_zone"": true, ""ignition"": true, ""latitude"": 25.93125, ""direction"": 93, ""longitude"": -80.1180032, ""gsm_signal"": 31, ""sleep_mode"": false, ""staff_mode"": true, ""fault_codes"": [], ""speed_limit"": 0, ""engine_hours"": 1432, ""idc_triggers"": [], ""buzzer_active"": false, ""fuel_level_avg"": 30, ""lock_geo_alert"": false, ""operation_mode"": ""MASTER"", ""battery_voltage"": 14.300000190734863, ""in_primary_zone"": false, ""lock_engine_alert"": false, ""in_restricted_zone"": false, ""onboard_geofencing"": false, ""speed_limit_active"": false, ""lock_geo_alert_distance"": 0}"
2023-07-23 20:38:22.656,4431,858,"354616090369062",1582,"{""key"": false, ""flip"": false, ""zone"": false, ""speed"": 9.8156, ""buzzer"": 0, ""engine"": true, ""in_zone"": true, ""ignition"": true, ""latitude"": 25.9312516, ""direction"": 88, ""longitude"": -80.11803, ""gsm_signal"": 31, ""sleep_mode"": false, ""staff_mode"": true, ""fault_codes"": [], ""speed_limit"": 0, ""engine_hours"": 1432, ""idc_triggers"": [], ""buzzer_active"": false, ""fuel_level_avg"": 30, ""lock_geo_alert"": false, ""operation_mode"": ""MASTER"", ""battery_voltage"": 14.300000190734863, ""in_primary_zone"": false, ""lock_engine_alert"": false, ""in_restricted_zone"": false, ""onboard_geofencing"": false, ""speed_limit_active"": false, ""lock_geo_alert_distance"": 0}"
2023-07-23 20:38:21.617,4431,858,"354616090369062",1582,"{""key"": false, ""flip"": false, ""zone"": false, ""speed"": 9.8156, ""buzzer"": 0, ""engine"": true, ""in_zone"": true, ""ignition"": true, ""latitude"": 25.9312516, ""direction"": 87, ""longitude"": -80.1180582, ""gsm_signal"": 31, ""sleep_mode"": false, ""staff_mode"": true, ""fault_codes"": [], ""speed_limit"": 0, ""engine_hours"": 1432, ""idc_triggers"": [], ""buzzer_active"": false, ""fuel_level_avg"": 30, ""lock_geo_alert"": false, ""operation_mode"": ""MASTER"", ""battery_voltage"": 14.300000190734863, ""in_primary_zone"": false, ""lock_engine_alert"": false, ""in_restricted_zone"": false, ""onboard_geofencing"": false, ""speed_limit_active"": false, ""lock_geo_alert_distance"": 0}"
2023-07-23 20:38:20.577,4431,858,"354616090369062",1582,"{""key"": false, ""flip"": false, ""zone"": false, ""speed"": 10.9268, ""buzzer"": 0, ""engine"": true, ""in_zone"": true, ""ignition"": true, ""latitude"": 25.93125, ""direction"": 82, ""longitude"": -80.118085, ""gsm_signal"": 31, ""sleep_mode"": false, ""staff_mode"": true, ""fault_codes"": [], ""speed_limit"": 0, ""engine_hours"": 1432, ""idc_triggers"": [], ""buzzer_active"": false, ""fuel_level_avg"": 30, ""lock_geo_alert"": false, ""operation_mode"": ""MASTER"", ""battery_voltage"": 14.300000190734863, ""in_primary_zone"": false, ""lock_engine_alert"": false, ""in_restricted_zone"": false, ""onboard_geofencing"": false, ""speed_limit_active"": false, ""lock_geo_alert_distance"": 0}"
2023-07-23 20:38:19.629,4431,858,"354616090369062",1582,"{""key"": false, ""flip"": false, ""zone"": false, ""speed"": 9.0748, ""buzzer"": 0, ""engine"": true, ""in_zone"": true, ""ignition"": true, ""latitude"": 25.931245, ""direction"": 77, ""longitude"": -80.118115, ""gsm_signal"": 31, ""sleep_mode"": false, ""staff_mode"": true, ""fault_codes"": [], ""speed_limit"": 0, ""engine_hours"": 1432, ""idc_triggers"": [], ""buzzer_active"": false, ""fuel_level_avg"": 30, ""lock_geo_alert"": false, ""operation_mode"": ""MASTER"", ""battery_voltage"": 14.300000190734863, ""in_primary_zone"": false, ""lock_engine_alert"": false, ""in_restricted_zone"": false, ""onboard_geofencing"": false, ""speed_limit_active"": false, ""lock_geo_alert_distance"": 0}"
2023-07-23 20:38:18.656,4431,858,"354616090369062",1582,"{""key"": false, ""flip"": false, ""zone"": false, ""speed"": 9.260000000000002, ""buzzer"": 0, ""engine"": true, ""in_zone"": true, ""ignition"": true, ""latitude"": 25.9312416, ""direction"": 79, ""longitude"": -80.1181416, ""gsm_signal"": 31, ""sleep_mode"": false, ""staff_mode"": true, ""fault_codes"": [], ""speed_limit"": 0, ""engine_hours"": 1432, ""idc_triggers"": [], ""buzzer_active"": false, ""fuel_level_avg"": 30, ""lock_geo_alert"": false, ""operation_mode"": ""MASTER"", ""battery_voltage"": 14.300000190734863, ""in_primary_zone"": false, ""lock_engine_alert"": false, ""in_restricted_zone"": false, ""onboard_geofencing"": false, ""speed_limit_active"": false, ""lock_geo_alert_distance"": 0}"
2023-07-23 20:38:17.618,4431,858,"354616090369062",1582,"{""key"": false, ""flip"": false, ""zone"": false, ""speed"": 9.0748, ""buzzer"": 0, ""engine"": true, ""in_zone"": true, ""ignition"": true, ""latitude"": 25.9312416, ""direction"": 84, ""longitude"": -80.1181682, ""gsm_signal"": 30, ""sleep_mode"": false, ""staff_mode"": true, ""fault_codes"": [], ""speed_limit"": 0, ""engine_hours"": 1432, ""idc_triggers"": [], ""buzzer_active"": false, ""fuel_level_avg"": 30, ""lock_geo_alert"": false, ""operation_mode"": ""MASTER"", ""battery_voltage"": 14.300000190734863, ""in_primary_zone"": false, ""lock_engine_alert"": false, ""in_restricted_zone"": false, ""onboard_geofencing"": false, ""speed_limit_active"": false, ""lock_geo_alert_distance"": 0}"
2023-07-23 20:38:16.656,4431,858,"354616090369062",1582,"{""key"": false, ""flip"": false, ""zone"": false, ""speed"": 9.0748, ""buzzer"": 0, ""engine"": true, ""in_zone"": true, ""ignition"": true, ""latitude"": 25.9312416, ""direction"": 81, ""longitude"": -80.1181966, ""gsm_signal"": 29, ""sleep_mode"": false, ""staff_mode"": true, ""fault_codes"": [], ""speed_limit"": 0, ""engine_hours"": 1432, ""idc_triggers"": [], ""buzzer_active"": false, ""fuel_level_avg"": 30, ""lock_geo_alert"": false, ""operation_mode"": ""MASTER"", ""battery_voltage"": 14.300000190734863, ""in_primary_zone"": false, ""lock_engine_alert"": false, ""in_restricted_zone"": false, ""onboard_geofencing"": false, ""speed_limit_active"": false, ""lock_geo_alert_distance"": 0}"
2023-07-23 20:38:15.617,4431,858,"354616090369062",1582,"{""key"": false, ""flip"": false, ""zone"": false, ""speed"": 8.704400000000001, ""buzzer"": 0, ""engine"": true, ""in_zone"": true, ""ignition"": true, ""latitude"": 25.93124, ""direction"": 85, ""longitude"": -80.1182232, ""gsm_signal"": 30, ""sleep_mode"": false, ""staff_mode"": true, ""fault_codes"": [], ""speed_limit"": 0, ""engine_hours"": 1432, ""idc_triggers"": [], ""buzzer_active"": false, ""fuel_level_avg"": 30, ""lock_geo_alert"": false, ""operation_mode"": ""MASTER"", ""battery_voltage"": 14.300000190734863, ""in_primary_zone"": false, ""lock_engine_alert"": false, ""in_restricted_zone"": false, ""onboard_geofencing"": false, ""speed_limit_active"": false, ""lock_geo_alert_distance"": 0}"
2023-07-23 20:38:14.656,4431,858,"354616090369062",1582,"{""key"": false, ""flip"": false, ""zone"": false, ""speed"": 9.6304, ""buzzer"": 0, ""engine"": true, ""in_zone"": true, ""ignition"": true, ""latitude"": 25.93124, ""direction"": 87, ""longitude"": -80.1182482, ""gsm_signal"": 28, ""sleep_mode"": false, ""staff_mode"": true, ""fault_codes"": [], ""speed_limit"": 0, ""engine_hours"": 1432, ""idc_triggers"": [], ""buzzer_active"": false, ""fuel_level_avg"": 30, ""lock_geo_alert"": false, ""operation_mode"": ""MASTER"", ""battery_voltage"": 14.300000190734863, ""in_primary_zone"": false, ""lock_engine_alert"": false, ""in_restricted_zone"": false, ""onboard_geofencing"": false, ""speed_limit_active"": false, ""lock_geo_alert_distance"": 0}"
2023-07-23 20:38:13.616,4431,858,"354616090369062",1582,"{""key"": false, ""flip"": false, ""zone"": false, ""speed"": 9.6304, ""buzzer"": 0, ""engine"": true, ""in_zone"": true, ""ignition"": true, ""latitude"": 25.9312366, ""direction"": 85, ""longitude"": -80.1182766, ""gsm_signal"": 28, ""sleep_mode"": false, ""staff_mode"": true, ""fault_codes"": [], ""speed_limit"": 0, ""engine_hours"": 1432, ""idc_triggers"": [], ""buzzer_active"": false, ""fuel_level_avg"": 30, ""lock_geo_alert"": false, ""operation_mode"": ""MASTER"", ""battery_voltage"": 14.300000190734863, ""in_primary_zone"": false, ""lock_engine_alert"": false, ""in_restricted_zone"": false, ""onboard_geofencing"": false, ""speed_limit_active"": false, ""lock_geo_alert_distance"": 0}"
2023-07-23 20:38:12.667,4431,858,"354616090369062",1582,"{""key"": false, ""flip"": false, ""zone"": false, ""speed"": 9.6304, ""buzzer"": 0, ""engine"": true, ""in_zone"": true, ""ignition"": true, ""latitude"": 25.931235, ""direction"": 81, ""longitude"": -80.1183032, ""gsm_signal"": 28, ""sleep_mode"": false, ""staff_mode"": true, ""fault_codes"": [], ""speed_limit"": 0, ""engine_hours"": 1432, ""idc_triggers"": [], ""buzzer_active"": false, ""fuel_level_avg"": 30, ""lock_geo_alert"": false, ""operation_mode"": ""MASTER"", ""battery_voltage"": 14.300000190734863, ""in_primary_zone"": false, ""lock_engine_alert"": false, ""in_restricted_zone"": false, ""onboard_geofencing"": false, ""speed_limit_active"": false, ""lock_geo_alert_distance"": 0}"
2023-07-23 20:38:11.617,4431,858,"354616090369062",1582,"{""key"": false, ""flip"": false, ""zone"": false, ""speed"": 8.704400000000001, ""buzzer"": 0, ""engine"": true, ""in_zone"": true, ""ignition"": true, ""latitude"": 25.9312316, ""direction"": 84, ""longitude"": -80.11833, ""gsm_signal"": 29, ""sleep_mode"": false, ""staff_mode"": true, ""fault_codes"": [], ""speed_limit"": 0, ""engine_hours"": 1432, ""idc_triggers"": [], ""buzzer_active"": false, ""fuel_level_avg"": 30, ""lock_geo_alert"": false, ""operation_mode"": ""MASTER"", ""battery_voltage"": 14.300000190734863, ""in_primary_zone"": false, ""lock_engine_alert"": false, ""in_restricted_zone"": false, ""onboard_geofencing"": false, ""speed_limit_active"": false, ""lock_geo_alert_distance"": 0}"
2023-07-23 20:38:10.657,4431,858,"354616090369062",1582,"{""key"": false, ""flip"": false, ""zone"": false, ""speed"": 8.519200000000001, ""buzzer"": 0, ""engine"": true, ""in_zone"": true, ""ignition"": true, ""latitude"": 25.93123, ""direction"": 84, ""longitude"": -80.1183532, ""gsm_signal"": 27, ""sleep_mode"": false, ""staff_mode"": true, ""fault_codes"": [], ""speed_limit"": 0, ""engine_hours"": 1432, ""idc_triggers"": [], ""buzzer_active"": false, ""fuel_level_avg"": 30, ""lock_geo_alert"": false, ""operation_mode"": ""MASTER"", ""battery_voltage"": 14.300000190734863, ""in_primary_zone"": false, ""lock_engine_alert"": false, ""in_restricted_zone"": false, ""onboard_geofencing"": false, ""speed_limit_active"": false, ""lock_geo_alert_distance"": 0}"
2023-07-23 20:38:09.617,4431,858,"354616090369062",1582,"{""key"": false, ""flip"": false, ""zone"": false, ""speed"": 8.8896, ""buzzer"": 0, ""engine"": true, ""in_zone"": true, ""ignition"": true, ""latitude"": 25.9312283, ""direction"": 80, ""longitude"": -80.1183782, ""gsm_signal"": 29, ""sleep_mode"": false, ""staff_mode"": true, ""fault_codes"": [], ""speed_limit"": 0, ""engine_hours"": 1432, ""idc_triggers"": [], ""buzzer_active"": false, ""fuel_level_avg"": 30, ""lock_geo_alert"": false, ""operation_mode"": ""MASTER"", ""battery_voltage"": 14.300000190734863, ""in_primary_zone"": false, ""lock_engine_alert"": false, ""in_restricted_zone"": false, ""onboard_geofencing"": false, ""speed_limit_active"": false, ""lock_geo_alert_distance"": 0}"
2023-07-23 20:38:08.577,4431,858,"354616090369062",1582,"{""key"": false, ""flip"": false, ""zone"": false, ""speed"": 9.0748, ""buzzer"": 0, ""engine"": true, ""in_zone"": true, ""ignition"": true, ""latitude"": 25.9312283, ""direction"": 95, ""longitude"": -80.118405, ""gsm_signal"": 28, ""sleep_mode"": false, ""staff_mode"": true, ""fault_codes"": [], ""speed_limit"": 0, ""engine_hours"": 1432, ""idc_triggers"": [], ""buzzer_active"": false, ""fuel_level_avg"": 30, ""lock_geo_alert"": false, ""operation_mode"": ""MASTER"", ""battery_voltage"": 14.300000190734863, ""in_primary_zone"": false, ""lock_engine_alert"": false, ""in_restricted_zone"": false, ""onboard_geofencing"": false, ""speed_limit_active"": false, ""lock_geo_alert_distance"": 0}"
2023-07-23 20:38:07.617,4431,858,"354616090369062",1582,"{""key"": false, ""flip"": false, ""zone"": false, ""speed"": 8.704400000000001, ""buzzer"": 0, ""engine"": true, ""in_zone"": true, ""ignition"": true, ""latitude"": 25.9312333, ""direction"": 100, ""longitude"": -80.1184316, ""gsm_signal"": 26, ""sleep_mode"": false, ""staff_mode"": true, ""fault_codes"": [], ""speed_limit"": 0, ""engine_hours"": 1432, ""idc_triggers"": [], ""buzzer_active"": false, ""fuel_level_avg"": 30, ""lock_geo_alert"": false, ""operation_mode"": ""MASTER"", ""battery_voltage"": 14.300000190734863, ""in_primary_zone"": false, ""lock_engine_alert"": false, ""in_restricted_zone"": false, ""onboard_geofencing"": false, ""speed_limit_active"": false, ""lock_geo_alert_distance"": 0}"
2023-07-23 20:38:06.737,4431,858,"354616090369062",1582,"{""key"": false, ""flip"": false, ""zone"": false, ""speed"": 9.0748, ""buzzer"": 0, ""engine"": true, ""in_zone"": true, ""ignition"": true, ""latitude"": 25.9312366, ""direction"": 107, ""longitude"": -80.1184582, ""gsm_signal"": 28, ""sleep_mode"": false, ""staff_mode"": true, ""fault_codes"": [], ""speed_limit"": 0, ""engine_hours"": 1432, ""idc_triggers"": [], ""buzzer_active"": false, ""fuel_level_avg"": 30, ""lock_geo_alert"": false, ""operation_mode"": ""MASTER"", ""battery_voltage"": 14.300000190734863, ""in_primary_zone"": false, ""lock_engine_alert"": false, ""in_restricted_zone"": false, ""onboard_geofencing"": false, ""speed_limit_active"": false, ""lock_geo_alert_distance"": 0}"
2023-07-23 20:38:04.589,4431,858,"354616090369062",1582,"{""key"": false, ""flip"": false, ""zone"": false, ""speed"": 10.000800000000002, ""buzzer"": 0, ""engine"": true, ""in_zone"": true, ""ignition"": true, ""latitude"": 25.9312516, ""direction"": 106, ""longitude"": -80.1185116, ""gsm_signal"": 22, ""sleep_mode"": false, ""staff_mode"": true, ""fault_codes"": [], ""speed_limit"": 0, ""engine_hours"": 1432, ""idc_triggers"": [], ""buzzer_active"": false, ""fuel_level_avg"": 30, ""lock_geo_alert"": false, ""operation_mode"": ""MASTER"", ""battery_voltage"": 14.300000190734863, ""in_primary_zone"": false, ""lock_engine_alert"": false, ""in_restricted_zone"": false, ""onboard_geofencing"": false, ""speed_limit_active"": false, ""lock_geo_alert_distance"": 0}"
2023-07-23 20:38:03.620,4431,858,"354616090369062",1582,"{""key"": false, ""flip"": false, ""zone"": false, ""speed"": 9.4452, ""buzzer"": 0, ""engine"": true, ""in_zone"": true, ""ignition"": true, ""latitude"": 25.9312583, ""direction"": 102, ""longitude"": -80.1185382, ""gsm_signal"": 24, ""sleep_mode"": false, ""staff_mode"": true, ""fault_codes"": [], ""speed_limit"": 0, ""engine_hours"": 1432, ""idc_triggers"": [], ""buzzer_active"": false, ""fuel_level_avg"": 30, ""lock_geo_alert"": false, ""operation_mode"": ""MASTER"", ""battery_voltage"": 14.300000190734863, ""in_primary_zone"": false, ""lock_engine_alert"": false, ""in_restricted_zone"": false, ""onboard_geofencing"": false, ""speed_limit_active"": false, ""lock_geo_alert_distance"": 0}"
2023-07-23 20:38:02.578,4431,858,"354616090369062",1582,"{""key"": false, ""flip"": false, ""zone"": false, ""speed"": 8.519200000000001, ""buzzer"": 0, ""engine"": true, ""in_zone"": true, ""ignition"": true, ""latitude"": 25.931265, ""direction"": 100, ""longitude"": -80.1185632, ""gsm_signal"": 23, ""sleep_mode"": false, ""staff_mode"": true, ""fault_codes"": [], ""speed_limit"": 0, ""engine_hours"": 1432, ""idc_triggers"": [], ""buzzer_active"": false, ""fuel_level_avg"": 30, ""lock_geo_alert"": false, ""operation_mode"": ""MASTER"", ""battery_voltage"": 14.300000190734863, ""in_primary_zone"": false, ""lock_engine_alert"": false, ""in_restricted_zone"": false, ""onboard_geofencing"": false, ""speed_limit_active"": false, ""lock_geo_alert_distance"": 0}"
2023-07-23 20:38:01.618,4431,858,"354616090369062",1582,"{""key"": false, ""flip"": false, ""zone"": false, ""speed"": 9.0748, ""buzzer"": 0, ""engine"": true, ""in_zone"": true, ""ignition"": true, ""latitude"": 25.93127, ""direction"": 102, ""longitude"": -80.1185882, ""gsm_signal"": 23, ""sleep_mode"": false, ""staff_mode"": true, ""fault_codes"": [], ""speed_limit"": 0, ""engine_hours"": 1432, ""idc_triggers"": [], ""buzzer_active"": false, ""fuel_level_avg"": 30, ""lock_geo_alert"": false, ""operation_mode"": ""MASTER"", ""battery_voltage"": 14.300000190734863, ""in_primary_zone"": false, ""lock_engine_alert"": false, ""in_restricted_zone"": false, ""onboard_geofencing"": false, ""speed_limit_active"": false, ""lock_geo_alert_distance"": 0}"
2023-07-23 20:38:00.578,4431,858,"354616090369062",1582,"{""key"": false, ""flip"": false, ""zone"": false, ""speed"": 8.704400000000001, ""buzzer"": 0, ""engine"": true, ""in_zone"": true, ""ignition"": true, ""latitude"": 25.9312733, ""direction"": 99, ""longitude"": -80.1186116, ""gsm_signal"": 22, ""sleep_mode"": false, ""staff_mode"": true, ""fault_codes"": [], ""speed_limit"": 0, ""engine_hours"": 1432, ""idc_triggers"": [], ""buzzer_active"": false, ""fuel_level_avg"": 30, ""lock_geo_alert"": false, ""operation_mode"": ""MASTER"", ""battery_voltage"": 14.300000190734863, ""in_primary_zone"": false, ""lock_engine_alert"": false, ""in_restricted_zone"": false, ""onboard_geofencing"": false, ""speed_limit_active"": false, ""lock_geo_alert_distance"": 0}"
2023-07-23 20:37:59.618,4431,858,"354616090369062",1582,"{""key"": false, ""flip"": false, ""zone"": false, ""speed"": 7.963600000000001, ""buzzer"": 0, ""engine"": true, ""in_zone"": true, ""ignition"": true, ""latitude"": 25.9312783, ""direction"": 102, ""longitude"": -80.1186332, ""gsm_signal"": 22, ""sleep_mode"": false, ""staff_mode"": true, ""fault_codes"": [], ""speed_limit"": 0, ""engine_hours"": 1432, ""idc_triggers"": [], ""buzzer_active"": false, ""fuel_level_avg"": 30, ""lock_geo_alert"": false, ""operation_mode"": ""MASTER"", ""battery_voltage"": 14.300000190734863, ""in_primary_zone"": false, ""lock_engine_alert"": false, ""in_restricted_zone"": false, ""onboard_geofencing"": false, ""speed_limit_active"": false, ""lock_geo_alert_distance"": 0}"
2023-07-23 20:37:58.578,4431,858,"354616090369062",1582,"{""key"": false, ""flip"": false, ""zone"": false, ""speed"": 7.5932, ""buzzer"": 0, ""engine"": true, ""in_zone"": true, ""ignition"": true, ""latitude"": 25.9312833, ""direction"": 97, ""longitude"": -80.1186532, ""gsm_signal"": 22, ""sleep_mode"": false, ""staff_mode"": true, ""fault_codes"": [], ""speed_limit"": 0, ""engine_hours"": 1432, ""idc_triggers"": [], ""buzzer_active"": false, ""fuel_level_avg"": 30, ""lock_geo_alert"": false, ""operation_mode"": ""MASTER"", ""battery_voltage"": 14.300000190734863, ""in_primary_zone"": false, ""lock_engine_alert"": false, ""in_restricted_zone"": false, ""onboard_geofencing"": false, ""speed_limit_active"": false, ""lock_geo_alert_distance"": 0}"
2023-07-23 20:37:57.618,4431,858,"354616090369062",1582,"{""key"": false, ""flip"": false, ""zone"": false, ""speed"": 8.334, ""buzzer"": 0, ""engine"": true, ""in_zone"": true, ""ignition"": true, ""latitude"": 25.9312866, ""direction"": 94, ""longitude"": -80.1186732, ""gsm_signal"": 23, ""sleep_mode"": false, ""staff_mode"": true, ""fault_codes"": [], ""speed_limit"": 0, ""engine_hours"": 1432, ""idc_triggers"": [], ""buzzer_active"": false, ""fuel_level_avg"": 30, ""lock_geo_alert"": false, ""operation_mode"": ""MASTER"", ""battery_voltage"": 14.300000190734863, ""in_primary_zone"": false, ""lock_engine_alert"": false, ""in_restricted_zone"": false, ""onboard_geofencing"": false, ""speed_limit_active"": false, ""lock_geo_alert_distance"": 0}"
2023-07-23 20:37:56.578,4431,858,"354616090369062",1582,"{""key"": false, ""flip"": false, ""zone"": false, ""speed"": 7.4079999999999995, ""buzzer"": 0, ""engine"": true, ""in_zone"": true, ""ignition"": true, ""latitude"": 25.9312866, ""direction"": 83, ""longitude"": -80.11869, ""gsm_signal"": 23, ""sleep_mode"": false, ""staff_mode"": true, ""fault_codes"": [], ""speed_limit"": 0, ""engine_hours"": 1432, ""idc_triggers"": [], ""buzzer_active"": false, ""fuel_level_avg"": 30, ""lock_geo_alert"": false, ""operation_mode"": ""MASTER"", ""battery_voltage"": 14.300000190734863, ""in_primary_zone"": false, ""lock_engine_alert"": false, ""in_restricted_zone"": false, ""onboard_geofencing"": false, ""speed_limit_active"": false, ""lock_geo_alert_distance"": 0}"
2023-07-23 20:37:55.618,4431,858,"354616090369062",1582,"{""key"": false, ""flip"": false, ""zone"": false, ""speed"": 6.482000000000001, ""buzzer"": 0, ""engine"": true, ""in_zone"": true, ""ignition"": true, ""latitude"": 25.9312866, ""direction"": 84, ""longitude"": -80.1187082, ""gsm_signal"": 23, ""sleep_mode"": false, ""staff_mode"": true, ""fault_codes"": [], ""speed_limit"": 0, ""engine_hours"": 1432, ""idc_triggers"": [], ""buzzer_active"": false, ""fuel_level_avg"": 30, ""lock_geo_alert"": false, ""operation_mode"": ""MASTER"", ""battery_voltage"": 14.300000190734863, ""in_primary_zone"": false, ""lock_engine_alert"": false, ""in_restricted_zone"": false, ""onboard_geofencing"": false, ""speed_limit_active"": false, ""lock_geo_alert_distance"": 0}"
2023-07-23 20:37:54.578,4431,858,"354616090369062",1582,"{""key"": false, ""flip"": false, ""zone"": false, ""speed"": 8.704400000000001, ""buzzer"": 0, ""engine"": true, ""in_zone"": true, ""ignition"": true, ""latitude"": 25.9312816, ""direction"": 90, ""longitude"": -80.1187266, ""gsm_signal"": 24, ""sleep_mode"": false, ""staff_mode"": true, ""fault_codes"": [], ""speed_limit"": 0, ""engine_hours"": 1432, ""idc_triggers"": [], ""buzzer_active"": false, ""fuel_level_avg"": 30, ""lock_geo_alert"": false, ""operation_mode"": ""MASTER"", ""battery_voltage"": 14.300000190734863, ""in_primary_zone"": false, ""lock_engine_alert"": false, ""in_restricted_zone"": false, ""onboard_geofencing"": false, ""speed_limit_active"": false, ""lock_geo_alert_distance"": 0}"
2023-07-23 20:37:53.618,4431,858,"354616090369062",1582,"{""key"": false, ""flip"": false, ""zone"": false, ""speed"": 12.5936, ""buzzer"": 0, ""engine"": true, ""in_zone"": true, ""ignition"": true, ""latitude"": 25.93128, ""direction"": 89, ""longitude"": -80.118755, ""gsm_signal"": 24, ""sleep_mode"": false, ""staff_mode"": true, ""fault_codes"": [], ""speed_limit"": 0, ""engine_hours"": 1432, ""idc_triggers"": [], ""buzzer_active"": false, ""fuel_level_avg"": 30, ""lock_geo_alert"": false, ""operation_mode"": ""MASTER"", ""battery_voltage"": 14.300000190734863, ""in_primary_zone"": false, ""lock_engine_alert"": false, ""in_restricted_zone"": false, ""onboard_geofencing"": false, ""speed_limit_active"": false, ""lock_geo_alert_distance"": 0}"
2023-07-23 20:37:52.658,4431,858,"354616090369062",1582,"{""key"": false, ""flip"": false, ""zone"": false, ""speed"": 13.5196, ""buzzer"": 0, ""engine"": true, ""in_zone"": true, ""ignition"": true, ""latitude"": 25.9312783, ""direction"": 91, ""longitude"": -80.1187916, ""gsm_signal"": 24, ""sleep_mode"": false, ""staff_mode"": true, ""fault_codes"": [], ""speed_limit"": 0, ""engine_hours"": 1432, ""idc_triggers"": [], ""buzzer_active"": false, ""fuel_level_avg"": 30, ""lock_geo_alert"": false, ""operation_mode"": ""MASTER"", ""battery_voltage"": 14.300000190734863, ""in_primary_zone"": false, ""lock_engine_alert"": false, ""in_restricted_zone"": false, ""onboard_geofencing"": false, ""speed_limit_active"": false, ""lock_geo_alert_distance"": 0}"
2023-07-23 20:37:51.618,4431,858,"354616090369062",1582,"{""key"": false, ""flip"": false, ""zone"": false, ""speed"": 13.149200000000002, ""buzzer"": 0, ""engine"": true, ""in_zone"": true, ""ignition"": true, ""latitude"": 25.93128, ""direction"": 96, ""longitude"": -80.1188266, ""gsm_signal"": 23, ""sleep_mode"": false, ""staff_mode"": true, ""fault_codes"": [], ""speed_limit"": 0, ""engine_hours"": 1432, ""idc_triggers"": [], ""buzzer_active"": false, ""fuel_level_avg"": 30, ""lock_geo_alert"": false, ""operation_mode"": ""MASTER"", ""battery_voltage"": 14.300000190734863, ""in_primary_zone"": false, ""lock_engine_alert"": false, ""in_restricted_zone"": false, ""onboard_geofencing"": false, ""speed_limit_active"": false, ""lock_geo_alert_distance"": 0}"
2023-07-23 20:37:50.658,4431,858,"354616090369062",1582,"{""key"": false, ""flip"": false, ""zone"": false, ""speed"": 11.8528, ""buzzer"": 0, ""engine"": true, ""in_zone"": true, ""ignition"": true, ""latitude"": 25.93128, ""direction"": 91, ""longitude"": -80.1188616, ""gsm_signal"": 25, ""sleep_mode"": false, ""staff_mode"": true, ""fault_codes"": [], ""speed_limit"": 0, ""engine_hours"": 1432, ""idc_triggers"": [], ""buzzer_active"": false, ""fuel_level_avg"": 30, ""lock_geo_alert"": false, ""operation_mode"": ""MASTER"", ""battery_voltage"": 14.300000190734863, ""in_primary_zone"": false, ""lock_engine_alert"": false, ""in_restricted_zone"": false, ""onboard_geofencing"": false, ""speed_limit_active"": false, ""lock_geo_alert_distance"": 0}"
2023-07-23 20:37:49.618,4431,858,"354616090369062",1582,"{""key"": false, ""flip"": false, ""zone"": false, ""speed"": 10.741600000000002, ""buzzer"": 0, ""engine"": true, ""in_zone"": true, ""ignition"": true, ""latitude"": 25.93128, ""direction"": 86, ""longitude"": -80.1188916, ""gsm_signal"": 25, ""sleep_mode"": false, ""staff_mode"": true, ""fault_codes"": [], ""speed_limit"": 0, ""engine_hours"": 1432, ""idc_triggers"": [], ""buzzer_active"": false, ""fuel_level_avg"": 30, ""lock_geo_alert"": false, ""operation_mode"": ""MASTER"", ""battery_voltage"": 14.300000190734863, ""in_primary_zone"": false, ""lock_engine_alert"": false, ""in_restricted_zone"": false, ""onboard_geofencing"": false, ""speed_limit_active"": false, ""lock_geo_alert_distance"": 0}"
2023-07-23 20:37:48.658,4431,858,"354616090369062",1582,"{""key"": false, ""flip"": false, ""zone"": false, ""speed"": 10.000800000000002, ""buzzer"": 0, ""engine"": true, ""in_zone"": true, ""ignition"": true, ""latitude"": 25.9312783, ""direction"": 83, ""longitude"": -80.1189216, ""gsm_signal"": 24, ""sleep_mode"": false, ""staff_mode"": true, ""fault_codes"": [], ""speed_limit"": 0, ""engine_hours"": 1432, ""idc_triggers"": [], ""buzzer_active"": false, ""fuel_level_avg"": 30, ""lock_geo_alert"": false, ""operation_mode"": ""MASTER"", ""battery_voltage"": 14.300000190734863, ""in_primary_zone"": false, ""lock_engine_alert"": false, ""in_restricted_zone"": false, ""onboard_geofencing"": false, ""speed_limit_active"": false, ""lock_geo_alert_distance"": 0}"
2023-07-23 20:37:47.619,4431,858,"354616090369062",1582,"{""key"": false, ""flip"": false, ""zone"": false, ""speed"": 8.1488, ""buzzer"": 0, ""engine"": true, ""in_zone"": true, ""ignition"": true, ""latitude"": 25.9312766, ""direction"": 86, ""longitude"": -80.1189482, ""gsm_signal"": 24, ""sleep_mode"": false, ""staff_mode"": true, ""fault_codes"": [], ""speed_limit"": 0, ""engine_hours"": 1432, ""idc_triggers"": [], ""buzzer_active"": false, ""fuel_level_avg"": 39, ""lock_geo_alert"": false, ""operation_mode"": ""MASTER"", ""battery_voltage"": 13.5, ""in_primary_zone"": false, ""lock_engine_alert"": false, ""in_restricted_zone"": false, ""onboard_geofencing"": false, ""speed_limit_active"": false, ""lock_geo_alert_distance"": 0}"
2023-07-23 20:37:46.659,4431,858,"354616090369062",1582,"{""key"": false, ""flip"": false, ""zone"": false, ""speed"": 8.519200000000001, ""buzzer"": 0, ""engine"": true, ""in_zone"": true, ""ignition"": true, ""latitude"": 25.931275, ""direction"": 85, ""longitude"": -80.1189716, ""gsm_signal"": 22, ""sleep_mode"": false, ""staff_mode"": true, ""fault_codes"": [], ""speed_limit"": 0, ""engine_hours"": 1432, ""idc_triggers"": [], ""buzzer_active"": false, ""fuel_level_avg"": 39, ""lock_geo_alert"": false, ""operation_mode"": ""MASTER"", ""battery_voltage"": 13.5, ""in_primary_zone"": false, ""lock_engine_alert"": false, ""in_restricted_zone"": false, ""onboard_geofencing"": false, ""speed_limit_active"": false, ""lock_geo_alert_distance"": 0}"
2023-07-23 20:37:45.619,4431,858,"354616090369062",1582,"{""key"": false, ""flip"": false, ""zone"": false, ""speed"": 12.4084, ""buzzer"": 0, ""engine"": true, ""in_zone"": true, ""ignition"": true, ""latitude"": 25.9312716, ""direction"": 89, ""longitude"": -80.119, ""gsm_signal"": 26, ""sleep_mode"": false, ""staff_mode"": true, ""fault_codes"": [], ""speed_limit"": 0, ""engine_hours"": 1432, ""idc_triggers"": [], ""buzzer_active"": false, ""fuel_level_avg"": 39, ""lock_geo_alert"": false, ""operation_mode"": ""MASTER"", ""battery_voltage"": 13.5, ""in_primary_zone"": false, ""lock_engine_alert"": false, ""in_restricted_zone"": false, ""onboard_geofencing"": false, ""speed_limit_active"": false, ""lock_geo_alert_distance"": 0}"
2023-07-23 20:37:44.670,4431,858,"354616090369062",1582,"{""key"": false, ""flip"": false, ""zone"": false, ""speed"": 15.3716, ""buzzer"": 0, ""engine"": true, ""in_zone"": true, ""ignition"": true, ""latitude"": 25.9312683, ""direction"": 88, ""longitude"": -80.1190382, ""gsm_signal"": 24, ""sleep_mode"": false, ""staff_mode"": true, ""fault_codes"": [], ""speed_limit"": 0, ""engine_hours"": 1432, ""idc_triggers"": [], ""buzzer_active"": false, ""fuel_level_avg"": 39, ""lock_geo_alert"": false, ""operation_mode"": ""MASTER"", ""battery_voltage"": 13.5, ""in_primary_zone"": false, ""lock_engine_alert"": false, ""in_restricted_zone"": false, ""onboard_geofencing"": false, ""speed_limit_active"": false, ""lock_geo_alert_distance"": 0}"
2023-07-23 20:37:43.630,4431,858,"354616090369062",1582,"{""key"": false, ""flip"": false, ""zone"": false, ""speed"": 14.2604, ""buzzer"": 0, ""engine"": true, ""in_zone"": true, ""ignition"": true, ""latitude"": 25.9312683, ""direction"": 88, ""longitude"": -80.1190782, ""gsm_signal"": 26, ""sleep_mode"": false, ""staff_mode"": true, ""fault_codes"": [], ""speed_limit"": 0, ""engine_hours"": 1432, ""idc_triggers"": [], ""buzzer_active"": false, ""fuel_level_avg"": 39, ""lock_geo_alert"": false, ""operation_mode"": ""MASTER"", ""battery_voltage"": 13.5, ""in_primary_zone"": false, ""lock_engine_alert"": false, ""in_restricted_zone"": false, ""onboard_geofencing"": false, ""speed_limit_active"": false, ""lock_geo_alert_distance"": 0}"
2023-07-23 20:37:42.590,4431,858,"354616090369062",1582,"{""key"": false, ""flip"": false, ""zone"": false, ""speed"": 14.815999999999999, ""buzzer"": 0, ""engine"": true, ""in_zone"": true, ""ignition"": true, ""latitude"": 25.93127, ""direction"": 89, ""longitude"": -80.1191216, ""gsm_signal"": 25, ""sleep_mode"": false, ""staff_mode"": true, ""fault_codes"": [], ""speed_limit"": 0, ""engine_hours"": 1432, ""idc_triggers"": [], ""buzzer_active"": false, ""fuel_level_avg"": 39, ""lock_geo_alert"": false, ""operation_mode"": ""MASTER"", ""battery_voltage"": 13.5, ""in_primary_zone"": false, ""lock_engine_alert"": false, ""in_restricted_zone"": false, ""onboard_geofencing"": false, ""speed_limit_active"": false, ""lock_geo_alert_distance"": 0}"
2023-07-23 20:37:41.630,4431,858,"354616090369062",1582,"{""key"": false, ""flip"": false, ""zone"": false, ""speed"": 15.0012, ""buzzer"": 0, ""engine"": true, ""in_zone"": true, ""ignition"": true, ""latitude"": 25.9312666, ""direction"": 85, ""longitude"": -80.119165, ""gsm_signal"": 25, ""sleep_mode"": false, ""staff_mode"": true, ""fault_codes"": [], ""speed_limit"": 0, ""engine_hours"": 1432, ""idc_triggers"": [], ""buzzer_active"": false, ""fuel_level_avg"": 39, ""lock_geo_alert"": false, ""operation_mode"": ""MASTER"", ""battery_voltage"": 13.5, ""in_primary_zone"": false, ""lock_engine_alert"": false, ""in_restricted_zone"": false, ""onboard_geofencing"": false, ""speed_limit_active"": false, ""lock_geo_alert_distance"": 0}"
2023-07-23 20:37:40.590,4431,858,"354616090369062",1582,"{""key"": false, ""flip"": false, ""zone"": false, ""speed"": 15.3716, ""buzzer"": 0, ""engine"": true, ""in_zone"": true, ""ignition"": true, ""latitude"": 25.931265, ""direction"": 89, ""longitude"": -80.1192066, ""gsm_signal"": 23, ""sleep_mode"": false, ""staff_mode"": true, ""fault_codes"": [], ""speed_limit"": 0, ""engine_hours"": 1432, ""idc_triggers"": [], ""buzzer_active"": false, ""fuel_level_avg"": 39, ""lock_geo_alert"": false, ""operation_mode"": ""MASTER"", ""battery_voltage"": 13.5, ""in_primary_zone"": false, ""lock_engine_alert"": false, ""in_restricted_zone"": false, ""onboard_geofencing"": false, ""speed_limit_active"": false, ""lock_geo_alert_distance"": 0}"
2023-07-23 20:37:39.616,4431,858,"354616090369062",1582,"{""key"": false, ""flip"": false, ""zone"": false, ""speed"": 15.5568, ""buzzer"": 0, ""engine"": true, ""in_zone"": true, ""ignition"": true, ""latitude"": 25.9312633, ""direction"": 86, ""longitude"": -80.1192516, ""gsm_signal"": 17, ""sleep_mode"": false, ""staff_mode"": true, ""fault_codes"": [], ""speed_limit"": 0, ""engine_hours"": 1432, ""idc_triggers"": [], ""buzzer_active"": false, ""fuel_level_avg"": 39, ""lock_geo_alert"": false, ""operation_mode"": ""MASTER"", ""battery_voltage"": 13.5, ""in_primary_zone"": false, ""lock_engine_alert"": false, ""in_restricted_zone"": false, ""onboard_geofencing"": false, ""speed_limit_active"": false, ""lock_geo_alert_distance"": 0}"
2023-07-23 20:37:38.579,4431,858,"354616090369062",1582,"{""key"": false, ""flip"": false, ""zone"": false, ""speed"": 15.3716, ""buzzer"": 0, ""engine"": true, ""in_zone"": true, ""ignition"": true, ""latitude"": 25.9312633, ""direction"": 85, ""longitude"": -80.1192982, ""gsm_signal"": 20, ""sleep_mode"": false, ""staff_mode"": true, ""fault_codes"": [], ""speed_limit"": 0, ""engine_hours"": 1432, ""idc_triggers"": [], ""buzzer_active"": false, ""fuel_level_avg"": 39, ""lock_geo_alert"": false, ""operation_mode"": ""MASTER"", ""battery_voltage"": 13.5, ""in_primary_zone"": false, ""lock_engine_alert"": false, ""in_restricted_zone"": false, ""onboard_geofencing"": false, ""speed_limit_active"": false, ""lock_geo_alert_distance"": 0}"
2023-07-23 20:37:37.620,4431,858,"354616090369062",1582,"{""key"": false, ""flip"": false, ""zone"": false, ""speed"": 16.1124, ""buzzer"": 0, ""engine"": true, ""in_zone"": true, ""ignition"": true, ""latitude"": 25.9312633, ""direction"": 87, ""longitude"": -80.1193432, ""gsm_signal"": 19, ""sleep_mode"": false, ""staff_mode"": true, ""fault_codes"": [], ""speed_limit"": 0, ""engine_hours"": 1432, ""idc_triggers"": [], ""buzzer_active"": false, ""fuel_level_avg"": 39, ""lock_geo_alert"": false, ""operation_mode"": ""MASTER"", ""battery_voltage"": 13.5, ""in_primary_zone"": false, ""lock_engine_alert"": false, ""in_restricted_zone"": false, ""onboard_geofencing"": false, ""speed_limit_active"": false, ""lock_geo_alert_distance"": 0}"
2023-07-23 20:37:36.576,4431,858,"354616090369062",1582,"{""key"": false, ""flip"": false, ""zone"": false, ""speed"": 15.1864, ""buzzer"": 0, ""engine"": true, ""in_zone"": true, ""ignition"": true, ""latitude"": 25.9312616, ""direction"": 86, ""longitude"": -80.1193882, ""gsm_signal"": 21, ""sleep_mode"": false, ""staff_mode"": true, ""fault_codes"": [], ""speed_limit"": 0, ""engine_hours"": 1432, ""idc_triggers"": [], ""buzzer_active"": false, ""fuel_level_avg"": 39, ""lock_geo_alert"": false, ""operation_mode"": ""MASTER"", ""battery_voltage"": 13.5, ""in_primary_zone"": false, ""lock_engine_alert"": false, ""in_restricted_zone"": false, ""onboard_geofencing"": false, ""speed_limit_active"": false, ""lock_geo_alert_distance"": 0}"
2023-07-23 20:37:35.619,4431,858,"354616090369062",1582,"{""key"": false, ""flip"": false, ""zone"": false, ""speed"": 14.445600000000002, ""buzzer"": 0, ""engine"": true, ""in_zone"": true, ""ignition"": true, ""latitude"": 25.9312633, ""direction"": 90, ""longitude"": -80.1194332, ""gsm_signal"": 24, ""sleep_mode"": false, ""staff_mode"": true, ""fault_codes"": [], ""speed_limit"": 0, ""engine_hours"": 1432, ""idc_triggers"": [], ""buzzer_active"": false, ""fuel_level_avg"": 39, ""lock_geo_alert"": false, ""operation_mode"": ""MASTER"", ""battery_voltage"": 13.5, ""in_primary_zone"": false, ""lock_engine_alert"": false, ""in_restricted_zone"": false, ""onboard_geofencing"": false, ""speed_limit_active"": false, ""lock_geo_alert_distance"": 0}"
2023-07-23 20:37:34.579,4431,858,"354616090369062",1582,"{""key"": false, ""flip"": false, ""zone"": false, ""speed"": 12.4084, ""buzzer"": 0, ""engine"": true, ""in_zone"": true, ""ignition"": true, ""latitude"": 25.9312666, ""direction"": 94, ""longitude"": -80.1194732, ""gsm_signal"": 21, ""sleep_mode"": false, ""staff_mode"": true, ""fault_codes"": [], ""speed_limit"": 0, ""engine_hours"": 1432, ""idc_triggers"": [], ""buzzer_active"": false, ""fuel_level_avg"": 39, ""lock_geo_alert"": false, ""operation_mode"": ""MASTER"", ""battery_voltage"": 13.5, ""in_primary_zone"": false, ""lock_engine_alert"": false, ""in_restricted_zone"": false, ""onboard_geofencing"": false, ""speed_limit_active"": false, ""lock_geo_alert_distance"": 0}"
2023-07-23 20:37:33.616,4431,858,"354616090369062",1582,"{""key"": false, ""flip"": false, ""zone"": false, ""speed"": 11.8528, ""buzzer"": 0, ""engine"": true, ""in_zone"": true, ""ignition"": true, ""latitude"": 25.93127, ""direction"": 99, ""longitude"": -80.119505, ""gsm_signal"": 21, ""sleep_mode"": false, ""staff_mode"": true, ""fault_codes"": [], ""speed_limit"": 0, ""engine_hours"": 1432, ""idc_triggers"": [], ""buzzer_active"": false, ""fuel_level_avg"": 39, ""lock_geo_alert"": false, ""operation_mode"": ""MASTER"", ""battery_voltage"": 13.5, ""in_primary_zone"": false, ""lock_engine_alert"": false, ""in_restricted_zone"": false, ""onboard_geofencing"": false, ""speed_limit_active"": false, ""lock_geo_alert_distance"": 0}"
2023-07-23 20:37:32.577,4431,858,"354616090369062",1582,"{""key"": false, ""flip"": false, ""zone"": false, ""speed"": 11.2972, ""buzzer"": 0, ""engine"": true, ""in_zone"": true, ""ignition"": true, ""latitude"": 25.9312733, ""direction"": 93, ""longitude"": -80.1195382, ""gsm_signal"": 21, ""sleep_mode"": false, ""staff_mode"": true, ""fault_codes"": [], ""speed_limit"": 0, ""engine_hours"": 1432, ""idc_triggers"": [], ""buzzer_active"": false, ""fuel_level_avg"": 39, ""lock_geo_alert"": false, ""operation_mode"": ""MASTER"", ""battery_voltage"": 13.5, ""in_primary_zone"": false, ""lock_engine_alert"": false, ""in_restricted_zone"": false, ""onboard_geofencing"": false, ""speed_limit_active"": false, ""lock_geo_alert_distance"": 0}"
2023-07-23 20:37:31.619,4431,858,"354616090369062",1582,"{""key"": false, ""flip"": false, ""zone"": false, ""speed"": 11.8528, ""buzzer"": 0, ""engine"": true, ""in_zone"": true, ""ignition"": true, ""latitude"": 25.931275, ""direction"": 93, ""longitude"": -80.11957, ""gsm_signal"": 22, ""sleep_mode"": false, ""staff_mode"": true, ""fault_codes"": [], ""speed_limit"": 0, ""engine_hours"": 1432, ""idc_triggers"": [], ""buzzer_active"": false, ""fuel_level_avg"": 39, ""lock_geo_alert"": false, ""operation_mode"": ""MASTER"", ""battery_voltage"": 13.5, ""in_primary_zone"": false, ""lock_engine_alert"": false, ""in_restricted_zone"": false, ""onboard_geofencing"": false, ""speed_limit_active"": false, ""lock_geo_alert_distance"": 0}"
2023-07-23 20:37:30.576,4431,858,"354616090369062",1582,"{""key"": false, ""flip"": false, ""zone"": false, ""speed"": 11.8528, ""buzzer"": 0, ""engine"": true, ""in_zone"": true, ""ignition"": true, ""latitude"": 25.9312766, ""direction"": 90, ""longitude"": -80.1196032, ""gsm_signal"": 21, ""sleep_mode"": false, ""staff_mode"": true, ""fault_codes"": [], ""speed_limit"": 0, ""engine_hours"": 1432, ""idc_triggers"": [], ""buzzer_active"": false, ""fuel_level_avg"": 39, ""lock_geo_alert"": false, ""operation_mode"": ""MASTER"", ""battery_voltage"": 13.5, ""in_primary_zone"": false, ""lock_engine_alert"": false, ""in_restricted_zone"": false, ""onboard_geofencing"": false, ""speed_limit_active"": false, ""lock_geo_alert_distance"": 0}"
2023-07-23 20:37:29.616,4431,858,"354616090369062",1582,"{""key"": false, ""flip"": false, ""zone"": false, ""speed"": 11.8528, ""buzzer"": 0, ""engine"": true, ""in_zone"": true, ""ignition"": true, ""latitude"": 25.9312783, ""direction"": 89, ""longitude"": -80.1196366, ""gsm_signal"": 24, ""sleep_mode"": false, ""staff_mode"": true, ""fault_codes"": [], ""speed_limit"": 0, ""engine_hours"": 1432, ""idc_triggers"": [], ""buzzer_active"": false, ""fuel_level_avg"": 39, ""lock_geo_alert"": false, ""operation_mode"": ""MASTER"", ""battery_voltage"": 13.5, ""in_primary_zone"": false, ""lock_engine_alert"": false, ""in_restricted_zone"": false, ""onboard_geofencing"": false, ""speed_limit_active"": false, ""lock_geo_alert_distance"": 0}"
2023-07-23 20:37:28.576,4431,858,"354616090369062",1582,"{""key"": false, ""flip"": false, ""zone"": false, ""speed"": 11.112, ""buzzer"": 0, ""engine"": true, ""in_zone"": true, ""ignition"": true, ""latitude"": 25.9312783, ""direction"": 88, ""longitude"": -80.11967, ""gsm_signal"": 21, ""sleep_mode"": false, ""staff_mode"": true, ""fault_codes"": [], ""speed_limit"": 0, ""engine_hours"": 1432, ""idc_triggers"": [], ""buzzer_active"": false, ""fuel_level_avg"": 39, ""lock_geo_alert"": false, ""operation_mode"": ""MASTER"", ""battery_voltage"": 13.5, ""in_primary_zone"": false, ""lock_engine_alert"": false, ""in_restricted_zone"": false, ""onboard_geofencing"": false, ""speed_limit_active"": false, ""lock_geo_alert_distance"": 0}"
2023-07-23 20:37:27.615,4431,858,"354616090369062",1582,"{""key"": false, ""flip"": false, ""zone"": false, ""speed"": 10.3712, ""buzzer"": 0, ""engine"": true, ""in_zone"": true, ""ignition"": true, ""latitude"": 25.9312783, ""direction"": 84, ""longitude"": -80.1197032, ""gsm_signal"": 23, ""sleep_mode"": false, ""staff_mode"": true, ""fault_codes"": [], ""speed_limit"": 0, ""engine_hours"": 1432, ""idc_triggers"": [], ""buzzer_active"": false, ""fuel_level_avg"": 39, ""lock_geo_alert"": false, ""operation_mode"": ""MASTER"", ""battery_voltage"": 13.5, ""in_primary_zone"": false, ""lock_engine_alert"": false, ""in_restricted_zone"": false, ""onboard_geofencing"": false, ""speed_limit_active"": false, ""lock_geo_alert_distance"": 0}"
2023-07-23 20:37:26.578,4431,858,"354616090369062",1582,"{""key"": false, ""flip"": false, ""zone"": false, ""speed"": 10.9268, ""buzzer"": 0, ""engine"": true, ""in_zone"": true, ""ignition"": true, ""latitude"": 25.9312783, ""direction"": 88, ""longitude"": -80.119735, ""gsm_signal"": 20, ""sleep_mode"": false, ""staff_mode"": true, ""fault_codes"": [], ""speed_limit"": 0, ""engine_hours"": 1432, ""idc_triggers"": [], ""buzzer_active"": false, ""fuel_level_avg"": 39, ""lock_geo_alert"": false, ""operation_mode"": ""MASTER"", ""battery_voltage"": 13.5, ""in_primary_zone"": false, ""lock_engine_alert"": false, ""in_restricted_zone"": false, ""onboard_geofencing"": false, ""speed_limit_active"": false, ""lock_geo_alert_distance"": 0}"
2023-07-23 20:37:25.615,4431,858,"354616090369062",1582,"{""key"": false, ""flip"": false, ""zone"": false, ""speed"": 10.9268, ""buzzer"": 0, ""engine"": true, ""in_zone"": true, ""ignition"": true, ""latitude"": 25.93128, ""direction"": 93, ""longitude"": -80.1197666, ""gsm_signal"": 22, ""sleep_mode"": false, ""staff_mode"": true, ""fault_codes"": [], ""speed_limit"": 0, ""engine_hours"": 1432, ""idc_triggers"": [], ""buzzer_active"": false, ""fuel_level_avg"": 39, ""lock_geo_alert"": false, ""operation_mode"": ""MASTER"", ""battery_voltage"": 13.5, ""in_primary_zone"": false, ""lock_engine_alert"": false, ""in_restricted_zone"": false, ""onboard_geofencing"": false, ""speed_limit_active"": false, ""lock_geo_alert_distance"": 0}"
2023-07-23 20:37:24.575,4431,858,"354616090369062",1582,"{""key"": false, ""flip"": false, ""zone"": false, ""speed"": 9.6304, ""buzzer"": 0, ""engine"": true, ""in_zone"": true, ""ignition"": true, ""latitude"": 25.93128, ""direction"": 89, ""longitude"": -80.119795, ""gsm_signal"": 22, ""sleep_mode"": false, ""staff_mode"": true, ""fault_codes"": [], ""speed_limit"": 0, ""engine_hours"": 1432, ""idc_triggers"": [], ""buzzer_active"": false, ""fuel_level_avg"": 39, ""lock_geo_alert"": false, ""operation_mode"": ""MASTER"", ""battery_voltage"": 13.5, ""in_primary_zone"": false, ""lock_engine_alert"": false, ""in_restricted_zone"": false, ""onboard_geofencing"": false, ""speed_limit_active"": false, ""lock_geo_alert_distance"": 0}"
2023-07-23 20:37:23.536,4431,858,"354616090369062",1582,"{""key"": false, ""flip"": false, ""zone"": false, ""speed"": 8.8896, ""buzzer"": 0, ""engine"": true, ""in_zone"": true, ""ignition"": true, ""latitude"": 25.93128, ""direction"": 88, ""longitude"": -80.11982, ""gsm_signal"": 24, ""sleep_mode"": false, ""staff_mode"": true, ""fault_codes"": [], ""speed_limit"": 0, ""engine_hours"": 1432, ""idc_triggers"": [], ""buzzer_active"": false, ""fuel_level_avg"": 39, ""lock_geo_alert"": false, ""operation_mode"": ""MASTER"", ""battery_voltage"": 13.5, ""in_primary_zone"": false, ""lock_engine_alert"": false, ""in_restricted_zone"": false, ""onboard_geofencing"": false, ""speed_limit_active"": false, ""lock_geo_alert_distance"": 0}"
2023-07-23 20:37:22.578,4431,858,"354616090369062",1582,"{""key"": false, ""flip"": false, ""zone"": false, ""speed"": 8.8896, ""buzzer"": 0, ""engine"": true, ""in_zone"": true, ""ignition"": true, ""latitude"": 25.9312816, ""direction"": 94, ""longitude"": -80.119845, ""gsm_signal"": 25, ""sleep_mode"": false, ""staff_mode"": true, ""fault_codes"": [], ""speed_limit"": 0, ""engine_hours"": 1432, ""idc_triggers"": [], ""buzzer_active"": false, ""fuel_level_avg"": 39, ""lock_geo_alert"": false, ""operation_mode"": ""MASTER"", ""battery_voltage"": 13.5, ""in_primary_zone"": false, ""lock_engine_alert"": false, ""in_restricted_zone"": false, ""onboard_geofencing"": false, ""speed_limit_active"": false, ""lock_geo_alert_distance"": 0}"
2023-07-23 20:37:21.615,4431,858,"354616090369062",1582,"{""key"": false, ""flip"": false, ""zone"": false, ""speed"": 9.0748, ""buzzer"": 0, ""engine"": true, ""in_zone"": true, ""ignition"": true, ""latitude"": 25.9312816, ""direction"": 93, ""longitude"": -80.11987, ""gsm_signal"": 24, ""sleep_mode"": false, ""staff_mode"": true, ""fault_codes"": [], ""speed_limit"": 0, ""engine_hours"": 1432, ""idc_triggers"": [], ""buzzer_active"": false, ""fuel_level_avg"": 39, ""lock_geo_alert"": false, ""operation_mode"": ""MASTER"", ""battery_voltage"": 13.5, ""in_primary_zone"": false, ""lock_engine_alert"": false, ""in_restricted_zone"": false, ""onboard_geofencing"": false, ""speed_limit_active"": false, ""lock_geo_alert_distance"": 0}"
2023-07-23 20:37:20.575,4431,858,"354616090369062",1582,"{""key"": false, ""flip"": false, ""zone"": false, ""speed"": 9.6304, ""buzzer"": 0, ""engine"": true, ""in_zone"": true, ""ignition"": true, ""latitude"": 25.9312783, ""direction"": 92, ""longitude"": -80.1199032, ""gsm_signal"": 23, ""sleep_mode"": false, ""staff_mode"": true, ""fault_codes"": [], ""speed_limit"": 0, ""engine_hours"": 1432, ""idc_triggers"": [], ""buzzer_active"": false, ""fuel_level_avg"": 39, ""lock_geo_alert"": false, ""operation_mode"": ""MASTER"", ""battery_voltage"": 13.5, ""in_primary_zone"": false, ""lock_engine_alert"": false, ""in_restricted_zone"": false, ""onboard_geofencing"": false, ""speed_limit_active"": false, ""lock_geo_alert_distance"": 0}"
2023-07-23 20:37:19.615,4431,858,"354616090369062",1582,"{""key"": false, ""flip"": false, ""zone"": false, ""speed"": 10.000800000000002, ""buzzer"": 0, ""engine"": true, ""in_zone"": true, ""ignition"": true, ""latitude"": 25.9312783, ""direction"": 97, ""longitude"": -80.1199332, ""gsm_signal"": 22, ""sleep_mode"": false, ""staff_mode"": true, ""fault_codes"": [], ""speed_limit"": 0, ""engine_hours"": 1432, ""idc_triggers"": [], ""buzzer_active"": false, ""fuel_level_avg"": 39, ""lock_geo_alert"": false, ""operation_mode"": ""MASTER"", ""battery_voltage"": 13.5, ""in_primary_zone"": false, ""lock_engine_alert"": false, ""in_restricted_zone"": false, ""onboard_geofencing"": false, ""speed_limit_active"": false, ""lock_geo_alert_distance"": 0}"
2023-07-23 20:37:18.575,4431,858,"354616090369062",1582,"{""key"": false, ""flip"": false, ""zone"": false, ""speed"": 8.1488, ""buzzer"": 0, ""engine"": true, ""in_zone"": true, ""ignition"": true, ""latitude"": 25.931275, ""direction"": 95, ""longitude"": -80.1199566, ""gsm_signal"": 22, ""sleep_mode"": false, ""staff_mode"": true, ""fault_codes"": [], ""speed_limit"": 0, ""engine_hours"": 1432, ""idc_triggers"": [], ""buzzer_active"": false, ""fuel_level_avg"": 39, ""lock_geo_alert"": false, ""operation_mode"": ""MASTER"", ""battery_voltage"": 13.5, ""in_primary_zone"": false, ""lock_engine_alert"": false, ""in_restricted_zone"": false, ""onboard_geofencing"": false, ""speed_limit_active"": false, ""lock_geo_alert_distance"": 0}"
2023-07-23 20:37:17.619,4431,858,"354616090369062",1582,"{""key"": false, ""flip"": false, ""zone"": false, ""speed"": 5.370800000000001, ""buzzer"": 0, ""engine"": true, ""in_zone"": true, ""ignition"": true, ""latitude"": 25.9312733, ""direction"": 89, ""longitude"": -80.1199716, ""gsm_signal"": 20, ""sleep_mode"": false, ""staff_mode"": true, ""fault_codes"": [], ""speed_limit"": 0, ""engine_hours"": 1432, ""idc_triggers"": [], ""buzzer_active"": false, ""fuel_level_avg"": 39, ""lock_geo_alert"": false, ""operation_mode"": ""MASTER"", ""battery_voltage"": 13.5, ""in_primary_zone"": false, ""lock_engine_alert"": false, ""in_restricted_zone"": false, ""onboard_geofencing"": false, ""speed_limit_active"": false, ""lock_geo_alert_distance"": 0}"
2023-07-23 20:37:16.575,4431,858,"354616090369062",1582,"{""key"": false, ""flip"": false, ""zone"": false, ""speed"": 4.4448, ""buzzer"": 0, ""engine"": true, ""in_zone"": true, ""ignition"": true, ""latitude"": 25.9312666, ""direction"": 109, ""longitude"": -80.1199882, ""gsm_signal"": 20, ""sleep_mode"": false, ""staff_mode"": true, ""fault_codes"": [], ""speed_limit"": 0, ""engine_hours"": 1432, ""idc_triggers"": [], ""buzzer_active"": false, ""fuel_level_avg"": 39, ""lock_geo_alert"": false, ""operation_mode"": ""MASTER"", ""battery_voltage"": 13.5, ""in_primary_zone"": false, ""lock_engine_alert"": false, ""in_restricted_zone"": false, ""onboard_geofencing"": false, ""speed_limit_active"": false, ""lock_geo_alert_distance"": 0}"
2023-07-23 20:37:15.615,4431,858,"354616090369062",1582,"{""key"": false, ""flip"": false, ""zone"": false, ""speed"": 2.778, ""buzzer"": 0, ""engine"": true, ""in_zone"": true, ""ignition"": true, ""latitude"": 25.93127, ""direction"": 122, ""longitude"": -80.1199982, ""gsm_signal"": 23, ""sleep_mode"": false, ""staff_mode"": true, ""fault_codes"": [], ""speed_limit"": 0, ""engine_hours"": 1432, ""idc_triggers"": [], ""buzzer_active"": false, ""fuel_level_avg"": 39, ""lock_geo_alert"": false, ""operation_mode"": ""MASTER"", ""battery_voltage"": 13.5, ""in_primary_zone"": false, ""lock_engine_alert"": false, ""in_restricted_zone"": false, ""onboard_geofencing"": false, ""speed_limit_active"": false, ""lock_geo_alert_distance"": 0}"
2023-07-23 20:37:14.575,4431,858,"354616090369062",1582,"{""key"": false, ""flip"": false, ""zone"": false, ""speed"": 2.4076, ""buzzer"": 0, ""engine"": true, ""in_zone"": true, ""ignition"": true, ""latitude"": 25.9312733, ""direction"": 131, ""longitude"": -80.1200066, ""gsm_signal"": 23, ""sleep_mode"": false, ""staff_mode"": true, ""fault_codes"": [], ""speed_limit"": 0, ""engine_hours"": 1432, ""idc_triggers"": [], ""buzzer_active"": false, ""fuel_level_avg"": 39, ""lock_geo_alert"": false, ""operation_mode"": ""MASTER"", ""battery_voltage"": 13.5, ""in_primary_zone"": false, ""lock_engine_alert"": false, ""in_restricted_zone"": false, ""onboard_geofencing"": false, ""speed_limit_active"": false, ""lock_geo_alert_distance"": 0}"
2023-07-23 20:37:13.618,4431,858,"354616090369062",1582,"{""key"": false, ""flip"": false, ""zone"": false, ""speed"": 2.4076, ""buzzer"": 0, ""engine"": true, ""in_zone"": true, ""ignition"": true, ""latitude"": 25.9312766, ""direction"": 144, ""longitude"": -80.1200132, ""gsm_signal"": 24, ""sleep_mode"": false, ""staff_mode"": true, ""fault_codes"": [], ""speed_limit"": 0, ""engine_hours"": 1432, ""idc_triggers"": [], ""buzzer_active"": false, ""fuel_level_avg"": 39, ""lock_geo_alert"": false, ""operation_mode"": ""MASTER"", ""battery_voltage"": 13.5, ""in_primary_zone"": false, ""lock_engine_alert"": false, ""in_restricted_zone"": false, ""onboard_geofencing"": false, ""speed_limit_active"": false, ""lock_geo_alert_distance"": 0}"
2023-07-23 20:37:12.580,4431,858,"354616090369062",1582,"{""key"": false, ""flip"": false, ""zone"": false, ""speed"": 2.0372, ""buzzer"": 0, ""engine"": true, ""in_zone"": true, ""ignition"": true, ""latitude"": 25.9312883, ""direction"": 141, ""longitude"": -80.1200266, ""gsm_signal"": 20, ""sleep_mode"": false, ""staff_mode"": true, ""fault_codes"": [], ""speed_limit"": 0, ""engine_hours"": 1432, ""idc_triggers"": [], ""buzzer_active"": false, ""fuel_level_avg"": 39, ""lock_geo_alert"": false, ""operation_mode"": ""MASTER"", ""battery_voltage"": 13.5, ""in_primary_zone"": false, ""lock_engine_alert"": false, ""in_restricted_zone"": false, ""onboard_geofencing"": false, ""speed_limit_active"": false, ""lock_geo_alert_distance"": 0}"
2023-07-23 20:37:11.615,4431,858,"354616090369062",1582,"{""key"": false, ""flip"": false, ""zone"": false, ""speed"": 0.0, ""buzzer"": 0, ""engine"": true, ""in_zone"": true, ""ignition"": true, ""latitude"": 25.9312883, ""direction"": 134, ""longitude"": -80.1200266, ""gsm_signal"": 29, ""sleep_mode"": false, ""staff_mode"": true, ""fault_codes"": [], ""speed_limit"": 0, ""engine_hours"": 1432, ""idc_triggers"": [], ""buzzer_active"": false, ""fuel_level_avg"": 39, ""lock_geo_alert"": false, ""operation_mode"": ""MASTER"", ""battery_voltage"": 13.5, ""in_primary_zone"": false, ""lock_engine_alert"": false, ""in_restricted_zone"": false, ""onboard_geofencing"": false, ""speed_limit_active"": false, ""lock_geo_alert_distance"": 0}"
2023-07-23 20:37:11.139,4431,858,"354616090369062",1582,"{""key"": false, ""flip"": false, ""zone"": false, ""speed"": 0.0, ""buzzer"": 0, ""engine"": true, ""in_zone"": true, ""ignition"": true, ""latitude"": 25.9312883, ""direction"": 134, ""longitude"": -80.1200266, ""gsm_signal"": 20, ""sleep_mode"": false, ""staff_mode"": true, ""fault_codes"": [], ""speed_limit"": 0, ""engine_hours"": 1432, ""idc_triggers"": [], ""buzzer_active"": false, ""fuel_level_avg"": 39, ""lock_geo_alert"": false, ""operation_mode"": ""MASTER"", ""battery_voltage"": 13.5, ""in_primary_zone"": false, ""lock_engine_alert"": false, ""in_restricted_zone"": false, ""onboard_geofencing"": false, ""speed_limit_active"": false, ""lock_geo_alert_distance"": 0}"
