"time","asset_id","client_id","hardware_id","location_id","fields_key","fields_flip","fields_zone","fields_speed","fields_buzzer","fields_engine","fields_in_zone","fields_ignition","fields_latitude","fields_direction","fields_longitude","fields_gsm_signal","fields_sleep_mode","fields_staff_mode","fields_fault_codes","fields_speed_limit","fields_engine_hours","fields_idc_triggers","fields_buzzer_active","fields_fuel_level_avg","fields_lock_geo_alert","fields_operation_mode","fields_battery_voltage","fields_in_primary_zone","fields_lock_engine_alert","fields_in_restricted_zone","fields_onboard_geofencing","fields_speed_limit_active"
"2023-07-01 06:33:21.596","6033","1125","357796108055700","2039","False","False","False","1.3","0","True","True","True","35.54736","100","23.7787016","15","False","True","","0","","['357796108006463']","False","","False","MASTER","12.520000457763672","False","False","False","False","False"
"2023-07-01 06:33:22.912","6033","1125","357796108055700","2039","False","False","False","1.1","0","True","True","True","35.5473566","120","23.7787066","18","False","True","[]","0","425","['357796108006463']","False","100","False","MASTER","11.199999809265137","False","False","False","False","False"
"2023-07-01 06:33:23.613","6033","1125","357796108055700","2039","False","False","False","1.7","0","True","True","True","35.5473516","143","23.7787082","18","False","True","[]","0","425","['357796108006463']","False","100","False","MASTER","11.199999809265137","False","False","False","False","False"
"2023-07-01 06:33:24.592","6033","1125","357796108055700","2039","False","False","False","2.2","0","True","True","True","35.5473416","139","23.7787182","18","False","True","[]","0","425","['357796108006463']","False","100","False","MASTER","11.199999809265137","False","False","False","False","False"
"2023-07-01 06:33:25.633","6033","1125","357796108055700","2039","False","False","False","2.4","0","True","True","True","35.54734","133","23.7787232","18","False","True","[]","0","425","['357796108006463']","False","100","False","MASTER","11.199999809265137","False","False","False","False","False"
"2023-07-01 06:33:26.632","6033","1125","357796108055700","2039","False","False","False","2.0","0","True","True","True","35.5473366","128","23.77873","18","False","True","[]","0","425","['357796108006463']","False","100","False","MASTER","11.199999809265137","False","False","False","False","False"
"2023-07-01 06:33:27.530","6033","1125","357796108055700","2039","False","False","False","2.1","0","True","True","True","35.5473366","110","23.7787366","18","False","True","[]","0","425","['357796108006463']","False","100","False","MASTER","11.199999809265137","False","False","False","False","False"
"2023-07-01 06:33:28.574","6033","1125","357796108055700","2039","False","False","False","2.5","0","True","True","True","35.5473366","98","23.7787432","18","False","True","[]","0","425","['357796108006463']","False","100","False","MASTER","11.199999809265137","False","False","False","False","False"
"2023-07-01 06:33:29.812","6033","1125","357796108055700","2039","False","False","False","3.1","0","True","True","True","35.5473416","78","23.7787532","18","False","True","[]","0","425","['357796108006463']","False","100","False","MASTER","11.199999809265137","False","False","False","False","False"
"2023-07-01 06:33:30.652","6033","1125","357796108055700","2039","False","False","False","3.5","0","True","True","True","35.5473433","75","23.7787616","18","False","True","[]","0","425","['357796108006463']","False","100","False","MASTER","11.199999809265137","False","False","False","False","False"
"2023-07-01 06:33:31.670","6033","1125","357796108055700","2039","False","False","False","4.3","0","True","True","True","35.5473466","72","23.7787732","18","False","True","[]","0","425","['357796108006463']","False","100","False","MASTER","11.199999809265137","False","False","False","False","False"
"2023-07-01 06:33:32.654","6033","1125","357796108055700","2039","False","False","False","4.5","0","True","True","True","35.5473516","71","23.7787866","13","False","True","[]","0","425","['357796108006463']","False","100","False","MASTER","11.199999809265137","False","False","False","False","False"
"2023-07-01 06:33:34.214","6033","1125","357796108055700","2039","False","False","False","4.9","0","True","True","True","35.547355","71","23.7788","13","False","True","[]","0","425","['357796108006463']","False","100","False","MASTER","11.199999809265137","False","False","False","False","False"
"2023-07-01 06:33:34.659","6033","1125","357796108055700","2039","False","False","False","5.3","0","True","True","True","35.54736","71","23.778815","13","False","True","[]","0","425","['357796108006463']","False","100","False","MASTER","11.199999809265137","False","False","False","False","False"
"2023-07-01 06:33:35.632","6033","1125","357796108055700","2039","False","False","False","5.4","0","True","True","True","35.547365","70","23.7788316","13","False","True","[]","0","425","['357796108006463']","False","100","False","MASTER","11.199999809265137","False","False","False","False","False"
"2023-07-01 06:33:36.651","6033","1125","357796108055700","2039","False","False","False","5.6","0","True","True","True","35.5473716","68","23.7788466","13","False","True","[]","0","425","['357796108006463']","False","100","False","MASTER","11.199999809265137","False","False","False","False","False"
"2023-07-01 06:33:37.611","6033","1125","357796108055700","2039","False","False","False","5.6","0","True","True","True","35.5473783","67","23.7788632","13","False","True","[]","0","425","['357796108006463']","False","100","False","MASTER","11.199999809265137","False","False","False","False","False"
"2023-07-01 06:33:38.689","6033","1125","357796108055700","2039","False","False","False","5.6","0","True","True","True","35.547385","67","23.77888","13","False","True","[]","0","425","['357796108006463']","False","100","False","MASTER","11.199999809265137","False","False","False","False","False"
"2023-07-01 06:33:39.614","6033","1125","357796108055700","2039","False","False","False","5.2","0","True","True","True","35.54739","68","23.778895","13","False","True","[]","0","425","['357796108006463']","False","100","False","MASTER","11.199999809265137","False","False","False","False","False"
"2023-07-01 06:33:40.735","6033","1125","357796108055700","2039","False","False","False","4.8","0","True","True","True","35.547395","70","23.7789066","13","False","True","[]","0","425","['357796108006463']","False","100","False","MASTER","11.199999809265137","False","False","False","False","False"
"2023-07-01 06:33:41.614","6033","1125","357796108055700","2039","False","False","False","4.9","0","True","True","True","35.5473983","75","23.7789216","13","False","True","[]","0","425","['357796108006463']","False","100","False","MASTER","11.199999809265137","False","False","False","False","False"
"2023-07-01 06:33:42.632","6033","1125","357796108055700","2039","False","False","False","3.9","0","True","True","True","35.5474","78","23.778935","12","False","True","[]","0","425","['357796108006463']","False","100","False","MASTER","11.199999809265137","False","False","False","False","False"
"2023-07-01 06:33:43.753","6033","1125","357796108055700","2039","False","False","False","2.8","0","True","True","True","35.5474","80","23.7789432","12","False","True","[]","0","425","['357796108006463']","False","100","False","MASTER","11.199999809265137","False","False","False","False","False"
"2023-07-01 06:33:44.594","6033","1125","357796108055700","2039","False","False","False","3.9","0","True","True","True","35.5474016","84","23.778955","12","False","True","[]","0","425","['357796108006463']","False","100","False","MASTER","11.199999809265137","False","False","False","False","False"
"2023-07-01 06:33:45.554","6033","1125","357796108055700","2039","False","False","False","5.1","0","True","True","True","35.5474016","87","23.7789682","12","False","True","[]","0","425","['357796108006463']","False","100","False","MASTER","11.199999809265137","False","False","False","False","False"
"2023-07-01 06:33:46.673","6033","1125","357796108055700","2039","False","False","False","5.8","0","True","True","True","35.5474033","87","23.778985","12","False","True","[]","0","425","['357796108006463']","False","100","False","MASTER","11.199999809265137","False","False","False","False","False"
"2023-07-01 06:33:47.612","6033","1125","357796108055700","2039","False","False","False","6.2","0","True","True","True","35.5474033","87","23.7790032","12","False","True","[]","0","425","['357796108006463']","False","100","False","MASTER","11.199999809265137","False","False","False","False","False"
"2023-07-01 06:33:48.674","6033","1125","357796108055700","2039","False","False","False","6.4","0","True","True","True","35.5474033","88","23.7790232","12","False","True","[]","0","425","['357796108006463']","False","100","False","MASTER","11.199999809265137","False","False","False","False","False"
"2023-07-01 06:33:49.635","6033","1125","357796108055700","2039","False","False","False","5.8","0","True","True","True","35.547405","88","23.7790416","12","False","True","[]","0","425","['357796108006463']","False","100","False","MASTER","11.199999809265137","False","False","False","False","False"
"2023-07-01 06:33:50.595","6033","1125","357796108055700","2039","False","False","False","5.7","0","True","True","True","35.547405","87","23.7790582","12","False","True","[]","0","425","['357796108006463']","False","100","False","MASTER","11.199999809265137","False","False","False","False","False"
"2023-07-01 06:33:51.675","6033","1125","357796108055700","2039","False","False","False","5.6","0","True","True","True","35.5474066","84","23.779075","12","False","True","[]","0","425","['357796108006463']","False","100","False","MASTER","11.199999809265137","False","False","False","False","False"
"2023-07-01 06:33:52.549","6033","1125","357796108055700","2039","False","False","False","5.2","0","True","True","True","35.54741","79","23.7790916","10","False","True","[]","0","425","['357796108006463']","False","100","False","MASTER","11.199999809265137","False","False","False","False","False"
"2023-07-01 06:33:53.611","6033","1125","357796108055700","2039","False","False","False","4.9","0","True","True","True","35.547415","75","23.77911","10","False","True","[]","0","425","['357796108006463']","False","100","False","MASTER","11.199999809265137","False","False","False","False","False"
"2023-07-01 06:33:54.673","6033","1125","357796108055700","2039","False","False","False","4.5","0","True","True","True","35.54742","71","23.7791216","10","False","True","[]","0","425","['357796108006463']","False","100","False","MASTER","11.199999809265137","False","False","False","False","False"
"2023-07-01 06:33:55.652","6033","1125","357796108055700","2039","False","False","False","4.4","0","True","True","True","35.547425","70","23.779135","10","False","True","[]","0","425","['357796108006463']","False","100","False","MASTER","11.199999809265137","False","False","False","False","False"
"2023-07-01 06:33:56.736","6033","1125","357796108055700","2039","False","False","False","3.7","0","True","True","True","35.5474266","75","23.779145","10","False","True","[]","0","425","['357796108006463']","False","100","False","MASTER","11.199999809265137","False","False","False","False","False"
"2023-07-01 06:33:57.675","6033","1125","357796108055700","2039","False","False","False","3.1","0","True","True","True","35.5474266","82","23.7791566","10","False","True","[]","0","425","['357796108006463']","False","100","False","MASTER","11.199999809265137","False","False","False","False","False"
"2023-07-01 06:33:58.636","6033","1125","357796108055700","2039","False","False","False","2.3","0","True","True","True","35.547425","90","23.779165","10","False","True","[]","0","425","['357796108006463']","False","100","False","MASTER","11.199999809265137","False","False","False","False","False"
"2023-07-01 06:33:59.713","6033","1125","357796108055700","2039","False","False","False","2.5","0","True","True","True","35.5474233","104","23.7791716","10","False","True","[]","0","425","['357796108006463']","False","100","False","MASTER","11.199999809265137","False","False","False","False","False"
"2023-07-01 06:34:00.813","6033","1125","357796108055700","2039","False","False","False","3.1","0","True","True","True","35.5474183","113","23.77918","10","False","True","[]","0","425","['357796108006463']","False","100","False","MASTER","11.199999809265137","False","False","False","False","False"
"2023-07-01 06:34:01.635","6033","1125","357796108055700","2039","False","False","False","3.6","0","True","True","True","35.5474133","118","23.7791882","10","False","True","[]","0","425","['357796108006463']","False","100","False","MASTER","11.199999809265137","False","False","False","False","False"
"2023-07-01 06:34:02.652","6033","1125","357796108055700","2039","False","False","False","3.9","0","True","True","True","35.5474066","120","23.7791982","13","False","True","[]","0","425","['357796108006463']","False","100","False","MASTER","11.199999809265137","False","False","False","False","False"
"2023-07-01 06:34:03.590","6033","1125","357796108055700","2039","False","False","False","4.3","0","True","True","True","35.5474016","119","23.7792082","13","False","True","[]","0","425","['357796108006463']","False","100","False","MASTER","11.199999809265137","False","False","False","False","False"
"2023-07-01 06:34:04.731","6033","1125","357796108055700","2039","False","False","False","4.4","0","True","True","True","35.5473983","114","23.7792216","13","False","True","[]","0","425","['357796108006463']","False","100","False","MASTER","11.199999809265137","False","False","False","False","False"
"2023-07-01 06:34:05.654","6033","1125","357796108055700","2039","False","False","False","4.3","0","True","True","True","35.547395","109","23.7792332","13","False","True","[]","0","425","['357796108006463']","False","100","False","MASTER","11.199999809265137","False","False","False","False","False"
"2023-07-01 06:34:06.632","6033","1125","357796108055700","2039","False","False","False","3.8","0","True","True","True","35.5473933","99","23.779245","13","False","True","[]","0","425","['357796108006463']","False","100","False","MASTER","11.199999809265137","False","False","False","False","False"
"2023-07-01 06:34:07.551","6033","1125","357796108055700","2039","False","False","False","3.7","0","True","True","True","35.547395","87","23.7792566","13","False","True","[]","0","425","['357796108006463']","False","100","False","MASTER","11.199999809265137","False","False","False","False","False"
"2023-07-01 06:34:08.654","6033","1125","357796108055700","2039","False","False","False","2.9","0","False","True","True","35.5473983","80","23.7792682","13","False","True","[]","0","425","['357796108006463']","False","100","False","MASTER","11.199999809265137","False","False","False","False","False"
"2023-07-01 06:34:09.572","6033","1125","357796108055700","2039","False","False","False","2.2","0","False","True","True","35.5474","74","23.7792766","13","False","True","[]","0","425","['357796108006463']","False","100","False","MASTER","11.199999809265137","False","False","False","False","False"
"2023-07-01 06:34:10.551","6033","1125","357796108055700","2039","False","False","False","1.8","0","False","True","True","35.5474016","70","23.7792816","13","False","True","[]","0","425","['357796108006463']","False","100","False","MASTER","11.199999809265137","False","False","False","False","False"
"2023-07-01 06:34:11.510","6033","1125","357796108055700","2039","False","False","False","1.2","0","False","True","True","35.5474033","70","23.779285","13","False","True","[]","0","425","['357796108006463']","False","100","False","MASTER","11.199999809265137","False","False","False","False","False"
"2023-07-01 06:34:12.592","6033","1125","357796108055700","2039","False","False","False","1.1","0","False","True","True","35.5474033","70","23.7792882","15","False","True","[]","0","425","['357796108006463']","False","100","False","MASTER","11.199999809265137","False","False","False","False","False"
"2023-07-01 06:34:14.836","6033","1125","357796108055700","2039","False","False","False","0.0","0","False","True","True","35.5474033","70","23.779295","15","False","True","","0","","['357796108006463']","False","","False","MASTER","11.199999809265137","False","False","False","False","False"
"2023-07-01 06:34:15.694","6033","1125","357796108055700","2039","False","False","False","0.0","0","False","True","True","35.5474033","77","23.7792982","15","False","True","","0","","['357796108006463']","False","","False","MASTER","11.199999809265137","False","False","False","False","False"
"2023-07-01 06:34:16.696","6033","1125","357796108055700","2039","False","False","False","0.0","0","False","True","True","35.5474016","84","23.7793016","15","False","True","","0","","['357796108006463']","False","","False","MASTER","11.199999809265137","False","False","False","False","False"
"2023-07-01 06:34:29.552","6033","1125","357796108055700","2039","False","False","False","0.0","0","True","True","True","35.547405","90","23.77934","13","False","True","","0","","['357796108006463']","False","","False","MASTER","11.199999809265137","False","False","False","False","False"
"2023-07-01 06:34:30.471","6033","1125","357796108055700","2039","False","False","False","1.4","0","True","True","True","35.5474083","30","23.7793432","13","False","True","[]","0","425","['357796108006463']","False","100","False","MASTER","13.199999809265137","False","False","False","False","False"
"2023-07-01 06:34:31.550","6033","1125","357796108055700","2039","False","False","False","2.0","0","True","True","True","35.5474116","10","23.7793416","13","False","True","[]","0","425","['357796108006463']","False","100","False","MASTER","13.199999809265137","False","False","False","False","False"
"2023-07-01 06:34:32.552","6033","1125","357796108055700","2039","False","False","False","2.8","0","True","True","True","35.5474166","10","23.77934","16","False","True","[]","0","425","['357796108006463']","False","100","False","MASTER","13.199999809265137","False","False","False","False","False"
"2023-07-01 06:34:33.590","6033","1125","357796108055700","2039","False","False","False","4.0","0","True","True","True","35.547425","13","23.779345","16","False","True","[]","0","425","['357796108006463']","False","100","False","MASTER","13.199999809265137","False","False","False","False","False"
"2023-07-01 06:34:34.591","6033","1125","357796108055700","2039","False","False","False","4.1","0","True","True","True","35.5474333","18","23.7793516","16","False","True","[]","0","425","['357796108006463']","False","100","False","MASTER","13.199999809265137","False","False","False","False","False"
"2023-07-01 06:34:35.551","6033","1125","357796108055700","2039","False","False","False","4.3","0","True","True","True","35.5474433","22","23.7793566","16","False","True","[]","0","425","['357796108006463']","False","100","False","MASTER","13.199999809265137","False","False","False","False","False"
"2023-07-01 06:34:36.513","6033","1125","357796108055700","2039","False","False","False","4.4","0","True","True","True","35.5474533","24","23.7793632","16","False","True","[]","0","425","['357796108006463']","False","100","False","MASTER","13.199999809265137","False","False","False","False","False"
"2023-07-01 06:34:37.591","6033","1125","357796108055700","2039","False","False","False","4.7","0","True","True","True","35.5474633","23","23.77937","16","False","True","[]","0","425","['357796108006463']","False","100","False","MASTER","13.199999809265137","False","False","False","False","False"
"2023-07-01 06:34:38.631","6033","1125","357796108055700","2039","False","False","False","4.6","0","True","True","True","35.5474733","20","23.779375","16","False","True","[]","0","425","['357796108006463']","False","100","False","MASTER","13.199999809265137","False","False","False","False","False"
"2023-07-01 06:34:39.511","6033","1125","357796108055700","2039","False","False","False","4.3","0","True","True","True","35.547485","15","23.7793782","16","False","True","[]","0","425","['357796108006463']","False","100","False","MASTER","13.199999809265137","False","False","False","False","False"
"2023-07-01 06:34:40.552","6033","1125","357796108055700","2039","False","False","False","3.6","0","True","True","True","35.5474933","12","23.779375","16","False","True","[]","0","425","['357796108006463']","False","100","False","MASTER","13.199999809265137","False","False","False","False","False"
"2023-07-01 06:34:41.554","6033","1125","357796108055700","2039","False","False","False","4.2","0","True","True","True","35.5475016","9","23.779375","16","False","True","[]","0","425","['357796108006463']","False","100","False","MASTER","13.199999809265137","False","False","False","False","False"
"2023-07-01 06:34:42.514","6033","1125","357796108055700","2039","False","False","False","5.5","0","True","True","True","35.5475133","8","23.7793782","13","False","True","[]","0","425","['357796108006463']","False","100","False","MASTER","13.199999809265137","False","False","False","False","False"
"2023-07-01 06:34:43.550","6033","1125","357796108055700","2039","False","False","False","4.6","0","True","True","True","35.5475233","14","23.7793832","13","False","True","[]","0","425","['357796108006463']","False","100","False","MASTER","13.199999809265137","False","False","False","False","False"
"2023-07-01 06:34:44.596","6033","1125","357796108055700","2039","False","False","False","5.4","0","True","True","True","35.547535","21","23.77939","13","False","True","[]","0","425","['357796108006463']","False","100","False","MASTER","13.199999809265137","False","False","False","False","False"
"2023-07-01 06:34:45.710","6033","1125","357796108055700","2039","False","False","False","5.5","0","True","True","True","35.5475466","32","23.7794032","13","False","True","[]","0","425","['357796108006463']","False","100","False","MASTER","13.199999809265137","False","False","False","False","False"
"2023-07-01 06:34:46.652","6033","1125","357796108055700","2039","False","False","False","6.0","0","True","True","True","35.547555","46","23.7794166","13","False","True","[]","0","425","['357796108006463']","False","100","False","MASTER","13.199999809265137","False","False","False","False","False"
"2023-07-01 06:34:47.731","6033","1125","357796108055700","2039","False","False","False","6.9","0","True","True","True","35.5475616","62","23.779435","13","False","True","[]","0","425","['357796108006463']","False","100","False","MASTER","13.199999809265137","False","False","False","False","False"
"2023-07-01 06:34:48.629","6033","1125","357796108055700","2039","False","False","False","7.6","0","True","True","True","35.5475666","73","23.7794566","13","False","True","[]","0","425","['357796108006463']","False","100","False","MASTER","13.199999809265137","False","False","False","False","False"
"2023-07-01 06:34:49.611","6033","1125","357796108055700","2039","False","False","False","8.0","0","True","True","True","35.5475683","81","23.7794816","13","False","True","[]","0","425","['357796108006463']","False","100","False","MASTER","13.199999809265137","False","False","False","False","False"
"2023-07-01 06:34:50.611","6033","1125","357796108055700","2039","False","False","False","8.2","0","True","True","True","35.5475683","85","23.7795066","13","False","True","[]","0","425","['357796108006463']","False","100","False","MASTER","13.199999809265137","False","False","False","False","False"
"2023-07-01 06:34:51.632","6033","1125","357796108055700","2039","False","False","False","8.2","0","True","True","True","35.54757","85","23.77953","13","False","True","[]","0","425","['357796108006463']","False","100","False","MASTER","13.199999809265137","False","False","False","False","False"
"2023-07-01 06:34:52.701","6033","1125","357796108055700","2039","False","False","False","8.0","0","True","True","True","35.5475733","83","23.779555","13","False","True","[]","0","425","['357796108006463']","False","100","False","MASTER","13.199999809265137","False","False","False","False","False"
"2023-07-01 06:34:53.689","6033","1125","357796108055700","2039","False","False","False","7.0","0","True","True","True","35.5475783","79","23.7795766","13","False","True","[]","0","425","['357796108006463']","False","100","False","MASTER","13.199999809265137","False","False","False","False","False"
"2023-07-01 06:34:54.650","6033","1125","357796108055700","2039","False","False","False","7.0","0","True","True","True","35.5475833","73","23.7796","13","False","True","[]","0","425","['357796108006463']","False","100","False","MASTER","13.199999809265137","False","False","False","False","False"
"2023-07-01 06:34:55.693","6033","1125","357796108055700","2039","False","False","False","6.5","0","True","True","True","35.54759","71","23.77962","13","False","True","[]","0","425","['357796108006463']","False","100","False","MASTER","13.199999809265137","False","False","False","False","False"
"2023-07-01 06:34:56.714","6033","1125","357796108055700","2039","False","False","False","7.0","0","True","True","True","35.5475966","69","23.7796382","13","False","True","[]","0","425","['357796108006463']","False","100","False","MASTER","13.199999809265137","False","False","False","False","False"
"2023-07-01 06:34:58.317","6033","1125","357796108055700","2039","False","False","False","7.3","0","True","True","True","35.5476033","67","23.7796616","13","False","True","[]","0","425","['357796108006463']","False","100","False","MASTER","13.199999809265137","False","False","False","False","False"
"2023-07-01 06:34:58.898","6033","1125","357796108055700","2039","False","False","False","7.3","0","True","True","True","35.5476116","65","23.7796832","13","False","True","[]","0","425","['357796108006463']","False","100","False","MASTER","13.199999809265137","False","False","False","False","False"
"2023-07-01 06:34:59.576","6033","1125","357796108055700","2039","False","False","False","7.4","0","True","True","True","35.54762","64","23.7797032","13","False","True","[]","0","425","['357796108006463']","False","100","False","MASTER","13.199999809265137","False","False","False","False","False"
"2023-07-01 06:35:00.562","6033","1125","357796108055700","2039","False","False","False","7.5","0","True","True","True","35.5476283","66","23.779725","13","False","True","[]","0","425","['357796108006463']","False","100","False","MASTER","13.199999809265137","False","False","False","False","False"
"2023-07-01 06:35:01.598","6033","1125","357796108055700","2039","False","False","False","7.7","0","True","True","True","35.5476366","66","23.7797482","13","False","True","[]","0","425","['357796108006463']","False","100","False","MASTER","13.199999809265137","False","False","False","False","False"
"2023-07-01 06:35:02.638","6033","1125","357796108055700","2039","False","False","False","8.0","0","True","True","True","35.547645","64","23.77977","16","False","True","[]","0","425","['357796108006463']","False","100","False","MASTER","13.199999809265137","False","False","False","False","False"
"2023-07-01 06:35:03.656","6033","1125","357796108055700","2039","False","False","False","8.2","0","True","True","True","35.547655","62","23.7797916","16","False","True","[]","0","425","['357796108006463']","False","100","False","MASTER","13.199999809265137","False","False","False","False","False"
"2023-07-01 06:35:04.520","6033","1125","357796108055700","2039","False","False","False","8.2","0","True","True","True","35.5476666","58","23.7798132","16","False","True","[]","0","425","['357796108006463']","False","100","False","MASTER","13.199999809265137","False","False","False","False","False"
"2023-07-01 06:35:05.660","6033","1125","357796108055700","2039","False","False","False","8.2","0","True","True","True","35.5476783","54","23.7798332","16","False","True","[]","0","425","['357796108006463']","False","100","False","MASTER","13.199999809265137","False","False","False","False","False"
"2023-07-01 06:35:06.640","6033","1125","357796108055700","2039","False","False","False","8.3","0","True","True","True","35.5476916","53","23.779855","16","False","True","[]","0","425","['357796108006463']","False","100","False","MASTER","13.199999809265137","False","False","False","False","False"
"2023-07-01 06:35:07.555","6033","1125","357796108055700","2039","False","False","False","8.4","0","True","True","True","35.547705","54","23.779875","16","False","True","[]","0","425","['357796108006463']","False","100","False","MASTER","13.199999809265137","False","False","False","False","False"
"2023-07-01 06:35:08.557","6033","1125","357796108055700","2039","False","False","False","8.4","0","True","True","True","35.5477166","56","23.779895","16","False","True","[]","0","425","['357796108006463']","False","100","False","MASTER","13.199999809265137","False","False","False","False","False"
"2023-07-01 06:35:09.638","6033","1125","357796108055700","2039","False","False","False","8.3","0","True","True","True","35.5477283","57","23.7799182","16","False","True","[]","0","425","['357796108006463']","False","100","False","MASTER","13.199999809265137","False","False","False","False","False"
"2023-07-01 06:35:10.598","6033","1125","357796108055700","2039","False","False","False","8.3","0","True","True","True","35.54774","58","23.77994","16","False","True","[]","0","425","['357796108006463']","False","100","False","MASTER","13.199999809265137","False","False","False","False","False"
"2023-07-01 06:35:11.620","6033","1125","357796108055700","2039","False","False","False","8.3","0","True","True","True","35.5477516","59","23.7799616","16","False","True","[]","0","425","['357796108006463']","False","100","False","MASTER","13.199999809265137","False","False","False","False","False"
"2023-07-01 06:35:12.597","6033","1125","357796108055700","2039","False","False","False","8.4","0","True","True","True","35.5477633","61","23.7799832","19","False","True","[]","0","425","['357796108006463']","False","100","False","MASTER","13.199999809265137","False","False","False","False","False"
"2023-07-01 06:35:13.658","6033","1125","357796108055700","2039","False","False","False","8.8","0","True","True","True","35.5477733","62","23.7800082","19","False","True","[]","0","425","['357796108006463']","False","100","False","MASTER","13.199999809265137","False","False","False","False","False"
"2023-07-01 06:35:14.635","6033","1125","357796108055700","2039","False","False","False","8.9","0","True","True","True","35.5477833","64","23.7800332","19","False","True","[]","0","425","['357796108006463']","False","100","False","MASTER","13.199999809265137","False","False","False","False","False"
"2023-07-01 06:35:15.599","6033","1125","357796108055700","2039","False","False","False","8.9","0","True","True","True","35.5477933","65","23.7800566","19","False","True","[]","0","425","['357796108006463']","False","100","False","MASTER","13.199999809265137","False","False","False","False","False"
"2023-07-01 06:35:16.555","6033","1125","357796108055700","2039","False","False","False","8.9","0","True","True","True","35.5478033","67","23.7800832","19","False","True","[]","0","425","['357796108006463']","False","100","False","MASTER","13.199999809265137","False","False","False","False","False"
"2023-07-01 06:35:17.637","6033","1125","357796108055700","2039","False","False","False","8.9","0","True","True","True","35.5478116","68","23.7801082","19","False","True","[]","0","425","['357796108006463']","False","100","False","MASTER","13.199999809265137","False","False","False","False","False"
"2023-07-01 06:35:18.596","6033","1125","357796108055700","2039","False","False","False","9.2","0","True","True","True","35.54782","68","23.7801332","19","False","True","[]","0","425","['357796108006463']","False","100","False","MASTER","13.199999809265137","False","False","False","False","False"
"2023-07-01 06:35:19.596","6033","1125","357796108055700","2039","False","False","False","9.2","0","True","True","True","35.5478266","71","23.78016","19","False","True","[]","0","425","['357796108006463']","False","100","False","MASTER","13.199999809265137","False","False","False","False","False"
"2023-07-01 06:35:20.558","6033","1125","357796108055700","2039","False","False","False","9.3","0","True","True","True","35.547835","72","23.7801882","19","False","True","[]","0","425","['357796108006463']","False","100","False","MASTER","13.199999809265137","False","False","False","False","False"
"2023-07-01 06:35:21.598","6033","1125","357796108055700","2039","False","False","False","9.3","0","True","True","True","35.5478416","73","23.780215","19","False","True","[]","0","425","['357796108006463']","False","100","False","MASTER","13.199999809265137","False","False","False","False","False"
"2023-07-01 06:35:22.597","6033","1125","357796108055700","2039","False","False","False","9.2","0","True","True","True","35.5478466","74","23.7802416","16","False","True","[]","0","425","['357796108006463']","False","100","False","MASTER","13.199999809265137","False","False","False","False","False"
"2023-07-01 06:35:23.558","6033","1125","357796108055700","2039","False","False","False","9.4","0","True","True","True","35.5478533","75","23.78027","16","False","True","[]","0","425","['357796108006463']","False","100","False","MASTER","13.199999809265137","False","False","False","False","False"
"2023-07-01 06:35:24.519","6033","1125","357796108055700","2039","False","False","False","9.2","0","True","True","True","35.54786","75","23.7802982","16","False","True","[]","0","425","['357796108006463']","False","100","False","MASTER","13.199999809265137","False","False","False","False","False"
"2023-07-01 06:35:25.556","6033","1125","357796108055700","2039","False","False","False","9.3","0","True","True","True","35.547865","75","23.780325","16","False","True","[]","0","425","['357796108006463']","False","100","False","MASTER","13.199999809265137","False","False","False","False","False"
"2023-07-01 06:35:26.516","6033","1125","357796108055700","2039","False","False","False","9.3","0","False","True","True","35.5478716","76","23.7803532","16","False","True","[]","0","425","['357796108006463']","False","100","False","MASTER","13.199999809265137","False","False","False","False","False"
"2023-07-01 06:35:27.596","6033","1125","357796108055700","2039","False","False","False","9.2","0","True","True","True","35.5478766","77","23.78038","16","False","True","[]","0","425","['357796108006463']","False","100","False","MASTER","13.199999809265137","False","False","False","False","False"
"2023-07-01 06:35:28.556","6033","1125","357796108055700","2039","False","False","False","9.4","0","True","True","True","35.5478816","78","23.7804082","16","False","True","[]","0","425","['357796108006463']","False","100","False","MASTER","13.199999809265137","False","False","False","False","False"
"2023-07-01 06:35:29.516","6033","1125","357796108055700","2039","False","False","False","9.2","0","True","True","True","35.5478866","79","23.7804366","16","False","True","[]","0","425","['357796108006463']","False","100","False","MASTER","13.199999809265137","False","False","False","False","False"
"2023-07-01 06:35:30.578","6033","1125","357796108055700","2039","False","False","False","9.1","0","True","True","True","35.54789","80","23.7804632","16","False","True","[]","0","425","['357796108006463']","False","100","False","MASTER","13.199999809265137","False","False","False","False","False"
"2023-07-01 06:35:31.435","6033","1125","357796108055700","2039","False","False","False","9.2","0","True","True","True","35.5478933","82","23.78049","16","False","True","[]","0","425","['357796108006463']","False","100","False","MASTER","14.5","False","False","False","False","False"
"2023-07-01 06:35:32.497","6033","1125","357796108055700","2039","False","False","False","9.1","0","True","True","True","35.547895","84","23.7805182","22","False","True","[]","0","425","['357796108006463']","False","100","False","MASTER","14.5","False","False","False","False","False"
"2023-07-01 06:35:33.519","6033","1125","357796108055700","2039","False","False","False","9.1","0","True","True","True","35.547895","86","23.7805432","22","False","True","[]","0","425","['357796108006463']","False","100","False","MASTER","14.5","False","False","False","False","False"
"2023-07-01 06:35:34.599","6033","1125","357796108055700","2039","False","False","False","9.2","0","True","True","True","35.547895","88","23.780571600000002","22","False","True","[]","0","425","['357796108006463']","False","100","False","MASTER","14.5","False","False","False","False","False"
"2023-07-01 06:35:35.637","6033","1125","357796108055700","2039","False","False","False","9.1","0","True","True","True","35.5478933","91","23.7805982","22","False","True","[]","0","425","['357796108006463']","False","100","False","MASTER","14.5","False","False","False","False","False"
"2023-07-01 06:35:36.638","6033","1125","357796108055700","2039","False","False","False","8.8","0","True","True","True","35.5478916","93","23.780625","22","False","True","[]","0","425","['357796108006463']","False","100","False","MASTER","14.5","False","False","False","False","False"
"2023-07-01 06:35:37.599","6033","1125","357796108055700","2039","False","False","False","8.8","0","True","True","True","35.5478883","96","23.7806516","22","False","True","[]","0","425","['357796108006463']","False","100","False","MASTER","14.5","False","False","False","False","False"
"2023-07-01 06:35:38.559","6033","1125","357796108055700","2039","False","False","False","8.8","0","True","True","True","35.5478833","100","23.7806766","22","False","True","[]","0","425","['357796108006463']","False","100","False","MASTER","14.5","False","False","False","False","False"
"2023-07-01 06:35:39.638","6033","1125","357796108055700","2039","False","False","False","8.9","0","True","True","True","35.5478783","103","23.7807032","22","False","True","[]","0","425","['357796108006463']","False","100","False","MASTER","14.5","False","False","False","False","False"
"2023-07-01 06:35:40.598","6033","1125","357796108055700","2039","False","False","False","8.9","0","True","True","True","35.5478716","106","23.7807282","22","False","True","[]","0","425","['357796108006463']","False","100","False","MASTER","14.5","False","False","False","False","False"
"2023-07-01 06:35:41.558","6033","1125","357796108055700","2039","False","False","False","9.0","0","True","True","True","35.5478633","109","23.780755","22","False","True","[]","0","425","['357796108006463']","False","100","False","MASTER","14.5","False","False","False","False","False"
"2023-07-01 06:35:42.580","6033","1125","357796108055700","2039","False","False","False","9.0","0","True","True","True","35.5478533","112","23.78078","21","False","True","[]","0","425","['357796108006463']","False","100","False","MASTER","14.5","False","False","False","False","False"
"2023-07-01 06:35:43.598","6033","1125","357796108055700","2039","False","False","False","9.6","0","True","True","True","35.547845","112","23.7808082","21","False","True","[]","0","425","['357796108006463']","False","100","False","MASTER","14.5","False","False","False","False","False"
"2023-07-01 06:35:44.558","6033","1125","357796108055700","2039","False","False","False","9.7","0","True","True","True","35.547835","111","23.7808366","21","False","True","[]","0","425","['357796108006463']","False","100","False","MASTER","14.5","False","False","False","False","False"
"2023-07-01 06:35:45.520","6033","1125","357796108055700","2039","False","False","False","9.6","0","True","True","True","35.5478266","111","23.780865","21","False","True","[]","0","425","['357796108006463']","False","100","False","MASTER","14.5","False","False","False","False","False"
"2023-07-01 06:35:46.599","6033","1125","357796108055700","2039","False","False","False","9.7","0","True","True","True","35.5478166","113","23.7808916","21","False","True","[]","0","425","['357796108006463']","False","100","False","MASTER","14.5","False","False","False","False","False"
"2023-07-01 06:35:47.620","6033","1125","357796108055700","2039","False","False","False","9.8","0","True","True","True","35.5478066","116","23.780915","21","False","True","[]","0","425","['357796108006463']","False","100","False","MASTER","14.5","False","False","False","False","False"
"2023-07-01 06:35:48.578","6033","1125","357796108055700","2039","False","False","False","9.9","0","True","True","True","35.547795","120","23.78094","21","False","True","[]","0","425","['357796108006463']","False","100","False","MASTER","14.5","False","False","False","False","False"
"2023-07-01 06:35:49.558","6033","1125","357796108055700","2039","False","False","False","10.0","0","True","True","True","35.5477816","121","23.780965","21","False","True","[]","0","425","['357796108006463']","False","100","False","MASTER","14.5","False","False","False","False","False"
"2023-07-01 06:35:50.516","6033","1125","357796108055700","2039","False","False","False","10.2","0","True","True","True","35.5477683","122","23.7809916","21","False","True","[]","0","425","['357796108006463']","False","100","False","MASTER","14.5","False","False","False","False","False"
"2023-07-01 06:35:51.578","6033","1125","357796108055700","2039","False","False","False","10.4","0","True","True","True","35.5477533","124","23.7810166","21","False","True","[]","0","425","['357796108006463']","False","100","False","MASTER","14.5","False","False","False","False","False"
"2023-07-01 06:35:52.555","6033","1125","357796108055700","2039","False","False","False","10.6","0","True","True","True","35.5477383","126","23.7810432","22","False","True","[]","0","425","['357796108006463']","False","100","False","MASTER","14.5","False","False","False","False","False"
"2023-07-01 06:35:53.516","6033","1125","357796108055700","2039","False","False","False","10.6","0","True","True","True","35.5477216","128","23.78107","22","False","True","[]","0","425","['357796108006463']","False","100","False","MASTER","14.5","False","False","False","False","False"
"2023-07-01 06:35:54.598","6033","1125","357796108055700","2039","False","False","False","10.3","0","True","True","True","35.5477033","131","23.781095","22","False","True","[]","0","425","['357796108006463']","False","100","False","MASTER","14.5","False","False","False","False","False"
"2023-07-01 06:35:55.556","6033","1125","357796108055700","2039","False","False","False","10.2","0","True","True","True","35.547685","132","23.7811182","22","False","True","[]","0","425","['357796108006463']","False","100","False","MASTER","14.5","False","False","False","False","False"
"2023-07-01 06:35:56.519","6033","1125","357796108055700","2039","False","False","False","10.4","0","True","True","True","35.5476683","132","23.78114","22","False","True","[]","0","425","['357796108006463']","False","100","False","MASTER","14.5","False","False","False","False","False"
"2023-07-01 06:35:57.579","6033","1125","357796108055700","2039","False","False","False","10.8","0","True","True","True","35.54765","132","23.7811632","22","False","True","[]","0","425","['357796108006463']","False","100","False","MASTER","14.5","False","False","False","False","False"
"2023-07-01 06:35:58.556","6033","1125","357796108055700","2039","False","False","False","10.9","0","True","True","True","35.5476316","133","23.781185","22","False","True","[]","0","425","['357796108006463']","False","100","False","MASTER","14.5","False","False","False","False","False"
"2023-07-01 06:35:59.515","6033","1125","357796108055700","2039","False","False","False","10.8","0","True","True","True","35.5476116","134","23.781208200000002","22","False","True","[]","0","425","['357796108006463']","False","100","False","MASTER","14.5","False","False","False","False","False"
"2023-07-01 06:36:00.476","6033","1125","357796108055700","2039","False","False","False","10.7","0","True","True","True","35.5475933","134","23.78123","22","False","True","[]","0","425","['357796108006463']","False","100","False","MASTER","14.5","False","False","False","False","False"
"2023-07-01 06:36:01.718","6033","1125","357796108055700","2039","False","False","False","10.4","0","True","True","True","35.547575","133","23.7812532","22","False","True","[]","0","425","['357796108006463']","False","100","False","MASTER","14.5","False","False","False","False","False"
"2023-07-01 06:36:02.678","6033","1125","357796108055700","2039","False","False","False","10.6","0","True","True","True","35.5475566","133","23.781276599999998","24","False","True","[]","0","425","['357796108006463']","False","100","False","MASTER","14.5","False","False","False","False","False"
"2023-07-01 06:36:03.639","6033","1125","357796108055700","2039","False","False","False","10.7","0","True","True","True","35.5475383","134","23.7813","24","False","True","[]","0","425","['357796108006463']","False","100","False","MASTER","14.5","False","False","False","False","False"
"2023-07-01 06:36:04.678","6033","1125","357796108055700","2039","False","False","False","10.7","0","True","True","True","35.5475183","135","23.7813232","24","False","True","[]","0","425","['357796108006463']","False","100","False","MASTER","14.5","False","False","False","False","False"
"2023-07-01 06:36:05.637","6033","1125","357796108055700","2039","False","False","False","10.9","0","True","True","True","35.5474983","137","23.781345","24","False","True","[]","0","425","['357796108006463']","False","100","False","MASTER","14.5","False","False","False","False","False"
"2023-07-01 06:36:06.597","6033","1125","357796108055700","2039","False","False","False","11.0","0","True","True","True","35.5474783","137","23.7813666","24","False","True","[]","0","425","['357796108006463']","False","100","False","MASTER","14.5","False","False","False","False","False"
"2023-07-01 06:36:07.557","6033","1125","357796108055700","2039","False","False","False","11.1","0","True","True","True","35.54746","133","23.7813916","24","False","True","[]","0","425","['357796108006463']","False","100","False","MASTER","14.5","False","False","False","False","False"
"2023-07-01 06:36:08.618","6033","1125","357796108055700","2039","False","False","False","11.1","0","True","True","True","35.54744","131","23.7814166","24","False","True","[]","0","425","['357796108006463']","False","100","False","MASTER","14.5","False","False","False","False","False"
"2023-07-01 06:36:09.596","6033","1125","357796108055700","2039","False","False","False","11.1","0","True","True","True","35.5474233","129","23.7814416","24","False","True","[]","0","425","['357796108006463']","False","100","False","MASTER","14.5","False","False","False","False","False"
"2023-07-01 06:36:10.558","6033","1125","357796108055700","2039","False","False","False","11.0","0","True","True","True","35.547405","131","23.7814666","24","False","True","[]","0","425","['357796108006463']","False","100","False","MASTER","14.5","False","False","False","False","False"
"2023-07-01 06:36:11.619","6033","1125","357796108055700","2039","False","False","False","10.5","0","True","True","True","35.5473866","131","23.7814916","24","False","True","[]","0","425","['357796108006463']","False","100","False","MASTER","14.5","False","False","False","False","False"
"2023-07-01 06:36:12.599","6033","1125","357796108055700","2039","False","False","False","10.3","0","True","True","True","35.54737","132","23.7815132","22","False","True","[]","0","425","['357796108006463']","False","100","False","MASTER","14.5","False","False","False","False","False"
"2023-07-01 06:36:13.556","6033","1125","357796108055700","2039","False","False","False","10.2","0","True","True","True","35.5473516","134","23.7815366","22","False","True","[]","0","425","['357796108006463']","False","100","False","MASTER","14.5","False","False","False","False","False"
"2023-07-01 06:36:14.558","6033","1125","357796108055700","2039","False","False","False","10.1","0","True","True","True","35.5473333","134","23.7815582","22","False","True","[]","0","425","['357796108006463']","False","100","False","MASTER","14.5","False","False","False","False","False"
"2023-07-01 06:36:15.596","6033","1125","357796108055700","2039","False","False","False","10.2","0","True","True","True","35.547315","135","23.78158","22","False","True","[]","0","425","['357796108006463']","False","100","False","MASTER","14.5","False","False","False","False","False"
"2023-07-01 06:36:16.555","6033","1125","357796108055700","2039","False","False","False","10.1","0","True","True","True","35.5472966","136","23.7816016","22","False","True","[]","0","425","['357796108006463']","False","100","False","MASTER","14.5","False","False","False","False","False"
"2023-07-01 06:36:17.515","6033","1125","357796108055700","2039","False","False","False","10.4","0","True","True","True","35.54728","134","23.781625","22","False","True","[]","0","425","['357796108006463']","False","100","False","MASTER","14.5","False","False","False","False","False"
"2023-07-01 06:36:18.597","6033","1125","357796108055700","2039","False","False","False","10.4","0","True","True","True","35.5472616","134","23.7816482","22","False","True","[]","0","425","['357796108006463']","False","100","False","MASTER","14.5","False","False","False","False","False"
"2023-07-01 06:36:19.556","6033","1125","357796108055700","2039","False","False","False","10.5","0","True","True","True","35.5472416","135","23.78167","22","False","True","[]","0","425","['357796108006463']","False","100","False","MASTER","14.5","False","False","False","False","False"
"2023-07-01 06:36:20.516","6033","1125","357796108055700","2039","False","False","False","10.5","0","True","True","True","35.5472233","134","23.7816932","22","False","True","[]","0","425","['357796108006463']","False","100","False","MASTER","14.5","False","False","False","False","False"
"2023-07-01 06:36:21.596","6033","1125","357796108055700","2039","False","False","False","10.5","0","True","True","True","35.547205","132","23.7817166","22","False","True","[]","0","425","['357796108006463']","False","100","False","MASTER","14.5","False","False","False","False","False"
"2023-07-01 06:36:22.556","6033","1125","357796108055700","2039","False","False","False","10.4","0","True","True","True","35.5471883","130","23.7817416","20","False","True","[]","0","425","['357796108006463']","False","100","False","MASTER","14.5","False","False","False","False","False"
"2023-07-01 06:36:23.515","6033","1125","357796108055700","2039","False","False","False","10.9","0","True","True","True","35.5471716","130","23.7817666","20","False","True","[]","0","425","['357796108006463']","False","100","False","MASTER","14.5","False","False","False","False","False"
"2023-07-01 06:36:24.578","6033","1125","357796108055700","2039","False","False","False","12.0","0","True","True","True","35.5471516","132","23.7817932","20","False","True","[]","0","425","['357796108006463']","False","100","False","MASTER","14.5","False","False","False","False","False"
"2023-07-01 06:36:25.557","6033","1125","357796108055700","2039","False","False","False","12.9","0","True","True","True","35.54713","131","23.7818216","20","False","True","[]","0","425","['357796108006463']","False","100","False","MASTER","14.5","False","False","False","False","False"
"2023-07-01 06:36:26.516","6033","1125","357796108055700","2039","False","False","False","13.4","0","True","True","True","35.5471083","132","23.7818516","20","False","True","[]","0","425","['357796108006463']","False","100","False","MASTER","14.5","False","False","False","False","False"
"2023-07-01 06:36:27.579","6033","1125","357796108055700","2039","False","False","False","13.7","0","True","True","True","35.547085","132","23.7818816","20","False","True","[]","0","425","['357796108006463']","False","100","False","MASTER","14.5","False","False","False","False","False"
"2023-07-01 06:36:28.657","6033","1125","357796108055700","2039","False","False","False","14.1","0","True","True","True","35.5470616","132","23.781913199999998","20","False","True","[]","0","425","['357796108006463']","False","100","False","MASTER","14.5","False","False","False","False","False"
"2023-07-01 06:36:29.635","6033","1125","357796108055700","2039","False","False","False","13.6","0","True","True","True","35.5470383","132","23.781945","20","False","True","[]","0","425","['357796108006463']","False","100","False","MASTER","14.5","False","False","False","False","False"
"2023-07-01 06:36:30.598","6033","1125","357796108055700","2039","False","False","False","13.0","0","True","True","True","35.5470166","130","23.781975","20","False","True","[]","0","425","['357796108006463']","False","100","False","MASTER","14.5","False","False","False","False","False"
"2023-07-01 06:36:31.556","6033","1125","357796108055700","2039","False","False","False","12.8","0","True","True","True","35.546995","129","23.782005","20","False","True","[]","0","425","['357796108006463']","False","100","False","MASTER","14.5","False","False","False","False","False"
"2023-07-01 06:36:32.798","6033","1125","357796108055700","2039","False","False","False","12.8","0","True","True","True","35.546975","131","23.7820366","26","False","True","[]","0","425","['357796108006463']","False","91","False","MASTER","14.399999618530273","False","False","False","False","False"
"2023-07-01 06:36:33.578","6033","1125","357796108055700","2039","False","False","False","12.9","0","True","True","True","35.5469533","129","23.7820666","26","False","True","[]","0","425","['357796108006463']","False","91","False","MASTER","14.399999618530273","False","False","False","False","False"
"2023-07-01 06:36:34.557","6033","1125","357796108055700","2039","False","False","False","12.8","0","True","True","True","35.5469333","128","23.7820982","26","False","True","[]","0","425","['357796108006463']","False","91","False","MASTER","14.399999618530273","False","False","False","False","False"
"2023-07-01 06:36:35.638","6033","1125","357796108055700","2039","False","False","False","13.1","0","True","True","True","35.5469133","129","23.78213","26","False","True","[]","0","425","['357796108006463']","False","91","False","MASTER","14.399999618530273","False","False","False","False","False"
"2023-07-01 06:36:36.596","6033","1125","357796108055700","2039","False","False","False","13.1","0","True","True","True","35.5468916","129","23.7821616","26","False","True","[]","0","425","['357796108006463']","False","91","False","MASTER","14.399999618530273","False","False","False","False","False"
"2023-07-01 06:36:37.578","6033","1125","357796108055700","2039","False","False","False","13.2","0","True","True","True","35.5468716","127","23.782193200000002","26","False","True","[]","0","425","['357796108006463']","False","91","False","MASTER","14.399999618530273","False","False","False","False","False"
"2023-07-01 06:36:38.617","6033","1125","357796108055700","2039","False","False","False","13.4","0","True","True","True","35.54685","126","23.7822266","26","False","True","[]","0","425","['357796108006463']","False","91","False","MASTER","14.399999618530273","False","False","False","False","False"
"2023-07-01 06:36:39.600","6033","1125","357796108055700","2039","False","False","False","13.5","0","True","True","True","35.54683","126","23.7822616","26","False","True","[]","0","425","['357796108006463']","False","91","False","MASTER","14.399999618530273","False","False","False","False","False"
"2023-07-01 06:36:40.556","6033","1125","357796108055700","2039","False","False","False","12.9","0","True","True","True","35.54681","127","23.7822932","26","False","True","[]","0","425","['357796108006463']","False","91","False","MASTER","14.399999618530273","False","False","False","False","False"
"2023-07-01 06:36:41.516","6033","1125","357796108055700","2039","False","False","False","13.2","0","True","True","True","35.54679","128","23.7823266","26","False","True","[]","0","425","['357796108006463']","False","91","False","MASTER","14.399999618530273","False","False","False","False","False"
"2023-07-01 06:36:42.597","6033","1125","357796108055700","2039","False","False","False","13.6","0","True","True","True","35.5467683","128","23.78236","28","False","True","[]","0","425","['357796108006463']","False","91","False","MASTER","14.399999618530273","False","False","False","False","False"
"2023-07-01 06:36:43.555","6033","1125","357796108055700","2039","False","False","False","13.8","0","True","True","True","35.5467466","126","23.7823932","28","False","True","[]","0","425","['357796108006463']","False","91","False","MASTER","14.399999618530273","False","False","False","False","False"
"2023-07-01 06:36:44.558","6033","1125","357796108055700","2039","False","False","False","13.9","0","True","True","True","35.5467266","126","23.7824282","28","False","True","[]","0","425","['357796108006463']","False","91","False","MASTER","14.399999618530273","False","False","False","False","False"
"2023-07-01 06:36:45.518","6033","1125","357796108055700","2039","False","False","False","14.0","0","True","True","True","35.546705","126","23.782465","28","False","True","[]","0","425","['357796108006463']","False","91","False","MASTER","14.399999618530273","False","False","False","False","False"
"2023-07-01 06:36:46.557","6033","1125","357796108055700","2039","False","False","False","14.6","0","True","True","True","35.5466833","127","23.7825","28","False","True","[]","0","425","['357796108006463']","False","91","False","MASTER","14.399999618530273","False","False","False","False","False"
"2023-07-01 06:36:47.696","6033","1125","357796108055700","2039","False","False","False","15.6","0","True","True","True","35.54666","127","23.7825382","28","False","True","[]","0","425","['357796108006463']","False","91","False","MASTER","14.399999618530273","False","False","False","False","False"
"2023-07-01 06:36:48.620","6033","1125","357796108055700","2039","False","False","False","16.9","0","True","True","True","35.5466333","128","23.7825782","28","False","True","[]","0","425","['357796108006463']","False","91","False","MASTER","14.399999618530273","False","False","False","False","False"
"2023-07-01 06:36:49.639","6033","1125","357796108055700","2039","False","False","False","17.8","0","True","True","True","35.5466066","128","23.78262","28","False","True","[]","0","425","['357796108006463']","False","91","False","MASTER","14.399999618530273","False","False","False","False","False"
"2023-07-01 06:36:50.661","6033","1125","357796108055700","2039","False","False","False","18.4","0","True","True","True","35.5465766","128","23.782665","28","False","True","[]","0","425","['357796108006463']","False","91","False","MASTER","14.399999618530273","False","False","False","False","False"
"2023-07-01 06:36:51.517","6033","1125","357796108055700","2039","False","False","False","18.5","0","True","True","True","35.5465483","129","23.7827082","28","False","True","[]","0","425","['357796108006463']","False","91","False","MASTER","14.399999618530273","False","False","False","False","False"
"2023-07-01 06:36:52.556","6033","1125","357796108055700","2039","False","False","False","18.3","0","True","True","True","35.5465183","129","23.7827532","29","False","True","[]","0","425","['357796108006463']","False","91","False","MASTER","14.399999618530273","False","False","False","False","False"
"2023-07-01 06:36:53.779","6033","1125","357796108055700","2039","False","False","False","18.2","0","True","True","True","35.54649","129","23.7827966","29","False","True","[]","0","425","['357796108006463']","False","91","False","MASTER","14.399999618530273","False","False","False","False","False"
"2023-07-01 06:36:54.637","6033","1125","357796108055700","2039","False","False","False","18.1","0","True","True","True","35.5464616","128","23.78284","29","False","True","[]","0","425","['357796108006463']","False","91","False","MASTER","14.399999618530273","False","False","False","False","False"
"2023-07-01 06:36:55.747","6033","1125","357796108055700","2039","False","False","False","17.8","0","True","True","True","35.5464333","129","23.782885","29","False","True","[]","0","425","['357796108006463']","False","91","False","MASTER","14.399999618530273","False","False","False","False","False"
"2023-07-01 06:36:56.639","6033","1125","357796108055700","2039","False","False","False","17.9","0","True","True","True","35.546405","128","23.7829282","29","False","True","[]","0","425","['357796108006463']","False","91","False","MASTER","14.399999618530273","False","False","False","False","False"
"2023-07-01 06:36:57.622","6033","1125","357796108055700","2039","False","False","False","17.7","0","True","True","True","35.5463766","128","23.7829716","29","False","True","[]","0","425","['357796108006463']","False","91","False","MASTER","14.399999618530273","False","False","False","False","False"
"2023-07-01 06:36:58.557","6033","1125","357796108055700","2039","False","False","False","17.4","0","True","True","True","35.54635","128","23.7830132","29","False","True","[]","0","425","['357796108006463']","False","91","False","MASTER","14.399999618530273","False","False","False","False","False"
"2023-07-01 06:36:59.636","6033","1125","357796108055700","2039","False","False","False","17.4","0","True","True","True","35.5463216","128","23.783055","29","False","True","[]","0","425","['357796108006463']","False","91","False","MASTER","14.399999618530273","False","False","False","False","False"
"2023-07-01 06:37:00.597","6033","1125","357796108055700","2039","False","False","False","17.5","0","True","True","True","35.546295","129","23.7830982","29","False","True","[]","0","425","['357796108006463']","False","91","False","MASTER","14.399999618530273","False","False","False","False","False"
"2023-07-01 06:37:01.556","6033","1125","357796108055700","2039","False","False","False","17.6","0","True","True","True","35.5462666","130","23.78314","29","False","True","[]","0","425","['357796108006463']","False","91","False","MASTER","14.399999618530273","False","False","False","False","False"
"2023-07-01 06:37:02.637","6033","1125","357796108055700","2039","False","False","False","17.7","0","True","True","True","35.5462366","132","23.78318","27","False","True","[]","0","425","['357796108006463']","False","91","False","MASTER","14.399999618530273","False","False","False","False","False"
"2023-07-01 06:37:03.598","6033","1125","357796108055700","2039","False","False","False","17.7","0","True","True","True","35.5462066","133","23.78322","27","False","True","[]","0","425","['357796108006463']","False","91","False","MASTER","14.399999618530273","False","False","False","False","False"
"2023-07-01 06:37:04.557","6033","1125","357796108055700","2039","False","False","False","17.7","0","True","True","True","35.5461766","132","23.7832616","27","False","True","[]","0","425","['357796108006463']","False","91","False","MASTER","14.399999618530273","False","False","False","False","False"
"2023-07-01 06:37:05.618","6033","1125","357796108055700","2039","False","False","False","17.5","0","True","True","True","35.5461466","132","23.7832982","27","False","True","[]","0","425","['357796108006463']","False","91","False","MASTER","14.399999618530273","False","False","False","False","False"
"2023-07-01 06:37:06.596","6033","1125","357796108055700","2039","False","False","False","17.5","0","True","True","True","35.5461166","133","23.7833366","27","False","True","[]","0","425","['357796108006463']","False","91","False","MASTER","14.399999618530273","False","False","False","False","False"
"2023-07-01 06:37:07.558","6033","1125","357796108055700","2039","False","False","False","17.4","0","True","True","True","35.546085","133","23.783375","27","False","True","[]","0","425","['357796108006463']","False","91","False","MASTER","14.399999618530273","False","False","False","False","False"
"2023-07-01 06:37:08.518","6033","1125","357796108055700","2039","False","False","False","17.6","0","True","True","True","35.546055","133","23.7834116","27","False","True","[]","0","425","['357796108006463']","False","91","False","MASTER","14.399999618530273","False","False","False","False","False"
"2023-07-01 06:37:09.596","6033","1125","357796108055700","2039","False","False","False","17.9","0","True","True","True","35.546025","132","23.7834516","27","False","True","[]","0","425","['357796108006463']","False","91","False","MASTER","14.399999618530273","False","False","False","False","False"
"2023-07-01 06:37:10.556","6033","1125","357796108055700","2039","False","False","False","17.9","0","True","True","True","35.545995","133","23.78349","27","False","True","[]","0","425","['357796108006463']","False","91","False","MASTER","14.399999618530273","False","False","False","False","False"
"2023-07-01 06:37:11.557","6033","1125","357796108055700","2039","False","False","False","17.7","0","True","True","True","35.5459633","133","23.78353","27","False","True","[]","0","425","['357796108006463']","False","91","False","MASTER","14.399999618530273","False","False","False","False","False"
"2023-07-01 06:37:12.518","6033","1125","357796108055700","2039","False","False","False","17.9","0","True","True","True","35.5459333","133","23.7835682","27","False","True","[]","0","425","['357796108006463']","False","91","False","MASTER","14.399999618530273","False","False","False","False","False"
"2023-07-01 06:37:13.597","6033","1125","357796108055700","2039","False","False","False","17.7","0","True","True","True","35.5459016","135","23.7836066","27","False","True","[]","0","425","['357796108006463']","False","91","False","MASTER","14.399999618530273","False","False","False","False","False"
"2023-07-01 06:37:14.559","6033","1125","357796108055700","2039","False","False","False","17.5","0","True","True","True","35.54587","134","23.7836432","27","False","True","[]","0","425","['357796108006463']","False","91","False","MASTER","14.399999618530273","False","False","False","False","False"
"2023-07-01 06:37:15.518","6033","1125","357796108055700","2039","False","False","False","17.8","0","True","True","True","35.54584","133","23.7836816","27","False","True","[]","0","425","['357796108006463']","False","91","False","MASTER","14.399999618530273","False","False","False","False","False"
"2023-07-01 06:37:16.478","6033","1125","357796108055700","2039","False","False","False","18.2","0","True","True","True","35.5458083","135","23.7837216","27","False","True","[]","0","425","['357796108006463']","False","91","False","MASTER","14.399999618530273","False","False","False","False","False"
"2023-07-01 06:37:17.516","6033","1125","357796108055700","2039","False","False","False","18.4","0","True","True","True","35.545775","136","23.78376","27","False","True","[]","0","425","['357796108006463']","False","91","False","MASTER","14.399999618530273","False","False","False","False","False"
"2023-07-01 06:37:18.596","6033","1125","357796108055700","2039","False","False","False","18.2","0","True","True","True","35.5457416","136","23.7837982","27","False","True","[]","0","425","['357796108006463']","False","91","False","MASTER","14.399999618530273","False","False","False","False","False"
"2023-07-01 06:37:19.556","6033","1125","357796108055700","2039","False","False","False","18.1","0","True","True","True","35.54571","134","23.7838366","27","False","True","[]","0","425","['357796108006463']","False","91","False","MASTER","14.399999618530273","False","False","False","False","False"
"2023-07-01 06:37:20.618","6033","1125","357796108055700","2039","False","False","False","18.0","0","True","True","True","35.5456783","134","23.7838766","27","False","True","[]","0","425","['357796108006463']","False","91","False","MASTER","14.399999618530273","False","False","False","False","False"
"2023-07-01 06:37:21.596","6033","1125","357796108055700","2039","False","False","False","18.0","0","True","True","True","35.5456466","134","23.7839166","27","False","True","[]","0","425","['357796108006463']","False","91","False","MASTER","14.399999618530273","False","False","False","False","False"
"2023-07-01 06:37:22.555","6033","1125","357796108055700","2039","False","False","False","17.9","0","True","True","True","35.5456133","135","23.7839532","23","False","True","[]","0","425","['357796108006463']","False","91","False","MASTER","14.399999618530273","False","False","False","False","False"
"2023-07-01 06:37:23.637","6033","1125","357796108055700","2039","False","False","False","18.0","0","True","True","True","35.5455816","134","23.7839932","23","False","True","[]","0","425","['357796108006463']","False","91","False","MASTER","14.399999618530273","False","False","False","False","False"
"2023-07-01 06:37:24.599","6033","1125","357796108055700","2039","False","False","False","18.5","0","True","True","True","35.54555","134","23.7840332","23","False","True","[]","0","425","['357796108006463']","False","91","False","MASTER","14.399999618530273","False","False","False","False","False"
"2023-07-01 06:37:25.557","6033","1125","357796108055700","2039","False","False","False","18.3","0","True","True","True","35.5455166","136","23.7840732","23","False","True","[]","0","425","['357796108006463']","False","91","False","MASTER","14.399999618530273","False","False","False","False","False"
"2023-07-01 06:37:26.618","6033","1125","357796108055700","2039","False","False","False","18.4","0","False","True","True","35.5454833","136","23.7841116","23","False","True","[]","0","425","['357796108006463']","False","91","False","MASTER","14.399999618530273","False","False","False","False","False"
"2023-07-01 06:37:27.596","6033","1125","357796108055700","2039","False","False","False","18.4","0","False","True","True","35.54545","135","23.7841516","23","False","True","[]","0","425","['357796108006463']","False","91","False","MASTER","14.399999618530273","False","False","False","False","False"
"2023-07-01 06:37:28.556","6033","1125","357796108055700","2039","False","False","False","18.1","0","True","True","True","35.5454166","136","23.78419","23","False","True","[]","0","425","['357796108006463']","False","91","False","MASTER","14.399999618530273","False","False","False","False","False"
"2023-07-01 06:37:29.515","6033","1125","357796108055700","2039","False","False","False","18.5","0","True","True","True","35.5453833","137","23.7842282","23","False","True","[]","0","425","['357796108006463']","False","91","False","MASTER","14.399999618530273","False","False","False","False","False"
"2023-07-01 06:37:30.578","6033","1125","357796108055700","2039","False","False","False","18.7","0","True","True","True","35.5453483","138","23.7842666","23","False","True","[]","0","425","['357796108006463']","False","91","False","MASTER","14.399999618530273","False","False","False","False","False"
"2023-07-01 06:37:31.556","6033","1125","357796108055700","2039","False","False","False","18.7","0","True","True","True","35.5453133","137","23.784305","23","False","True","[]","0","425","['357796108006463']","False","91","False","MASTER","14.399999618530273","False","False","False","False","False"
"2023-07-01 06:37:32.617","6033","1125","357796108055700","2039","False","False","False","19.1","0","True","True","True","35.5452766","139","23.7843432","24","False","True","[]","0","425","['357796108006463']","False","91","False","MASTER","14.399999618530273","False","False","False","False","False"
"2023-07-01 06:37:33.441","6033","1125","357796108055700","2039","False","False","False","19.4","0","True","True","True","35.54524","141","23.78438","24","False","True","[]","0","425","['357796108006463']","False","82","False","MASTER","14.600000381469727","False","False","False","False","False"
"2023-07-01 06:37:34.538","6033","1125","357796108055700","2039","False","False","False","19.5","0","True","True","True","35.5452016","142","23.7844166","24","False","True","[]","0","425","['357796108006463']","False","82","False","MASTER","14.600000381469727","False","False","False","False","False"
"2023-07-01 06:37:35.559","6033","1125","357796108055700","2039","False","False","False","19.6","0","True","True","True","35.5451616","142","23.7844532","24","False","True","[]","0","425","['357796108006463']","False","82","False","MASTER","14.600000381469727","False","False","False","False","False"
"2023-07-01 06:37:36.521","6033","1125","357796108055700","2039","False","False","False","19.4","0","True","True","True","35.5451233","144","23.7844882","24","False","True","[]","0","425","['357796108006463']","False","82","False","MASTER","14.600000381469727","False","False","False","False","False"
"2023-07-01 06:37:37.600","6033","1125","357796108055700","2039","False","False","False","19.5","0","True","True","True","35.5450833","146","23.7845232","24","False","True","[]","0","425","['357796108006463']","False","82","False","MASTER","14.600000381469727","False","False","False","False","False"
"2023-07-01 06:37:38.576","6033","1125","357796108055700","2039","False","False","False","19.7","0","True","True","True","35.5450416","147","23.7845566","24","False","True","[]","0","425","['357796108006463']","False","82","False","MASTER","14.600000381469727","False","False","False","False","False"
"2023-07-01 06:37:39.537","6033","1125","357796108055700","2039","False","False","False","19.2","0","True","True","True","35.545","148","23.7845866","24","False","True","[]","0","425","['357796108006463']","False","82","False","MASTER","14.600000381469727","False","False","False","False","False"
"2023-07-01 06:37:40.556","6033","1125","357796108055700","2039","False","False","False","19.2","0","True","True","True","35.5449583","149","23.7846182","24","False","True","[]","0","425","['357796108006463']","False","82","False","MASTER","14.600000381469727","False","False","False","False","False"
"2023-07-01 06:37:41.577","6033","1125","357796108055700","2039","False","False","False","19.3","0","True","True","True","35.5449183","147","23.78465","24","False","True","[]","0","425","['357796108006463']","False","82","False","MASTER","14.600000381469727","False","False","False","False","False"
"2023-07-01 06:37:42.518","6033","1125","357796108055700","2039","False","False","False","19.3","0","True","True","True","35.5448766","147","23.7846816","22","False","True","[]","0","425","['357796108006463']","False","82","False","MASTER","14.600000381469727","False","False","False","False","False"
"2023-07-01 06:37:43.579","6033","1125","357796108055700","2039","False","False","False","19.3","0","True","True","True","35.544835","148","23.7847132","22","False","True","[]","0","425","['357796108006463']","False","82","False","MASTER","14.600000381469727","False","False","False","False","False"
"2023-07-01 06:37:44.637","6033","1125","357796108055700","2039","False","False","False","19.6","0","True","True","True","35.5447933","149","23.784745","22","False","True","[]","0","425","['357796108006463']","False","82","False","MASTER","14.600000381469727","False","False","False","False","False"
"2023-07-01 06:37:45.596","6033","1125","357796108055700","2039","False","False","False","19.6","0","True","True","True","35.5447516","149","23.7847766","22","False","True","[]","0","425","['357796108006463']","False","82","False","MASTER","14.600000381469727","False","False","False","False","False"
"2023-07-01 06:37:46.602","6033","1125","357796108055700","2039","False","False","False","19.5","0","True","True","True","35.54471","148","23.7848082","22","False","True","[]","0","425","['357796108006463']","False","82","False","MASTER","14.600000381469727","False","False","False","False","False"
"2023-07-01 06:37:47.558","6033","1125","357796108055700","2039","False","False","False","19.5","0","True","True","True","35.5446683","147","23.78484","22","False","True","[]","0","425","['357796108006463']","False","82","False","MASTER","14.600000381469727","False","False","False","False","False"
"2023-07-01 06:37:48.639","6033","1125","357796108055700","2039","False","False","False","19.2","0","True","True","True","35.5446266","148","23.7848716","22","False","True","[]","0","425","['357796108006463']","False","82","False","MASTER","14.600000381469727","False","False","False","False","False"
"2023-07-01 06:37:49.597","6033","1125","357796108055700","2039","False","False","False","19.1","0","True","True","True","35.544585","150","23.7849016","22","False","True","[]","0","425","['357796108006463']","False","82","False","MASTER","14.600000381469727","False","False","False","False","False"
"2023-07-01 06:37:50.558","6033","1125","357796108055700","2039","False","False","False","19.1","0","True","True","True","35.544545","149","23.7849316","22","False","True","[]","0","425","['357796108006463']","False","82","False","MASTER","14.600000381469727","False","False","False","False","False"
"2023-07-01 06:37:51.715","6033","1125","357796108055700","2039","False","False","False","19.0","0","True","True","True","35.5445033","148","23.7849616","20","False","True","[]","0","425","['357796108006463']","False","82","False","MASTER","14.600000381469727","True","False","False","False","False"
"2023-07-01 06:37:52.556","6033","1125","357796108055700","2039","False","False","False","18.8","0","True","True","True","35.5444633","148","23.7849916","20","False","True","[]","0","425","['357796108006463']","False","82","False","MASTER","14.600000381469727","True","False","False","False","False"
"2023-07-01 06:37:53.638","6033","1125","357796108055700","2039","False","False","False","19.0","0","True","True","True","35.5444233","149","23.7850216","20","False","True","[]","0","425","['357796108006463']","False","82","False","MASTER","14.600000381469727","True","False","False","False","False"
"2023-07-01 06:37:54.621","6033","1125","357796108055700","2039","False","False","False","19.2","0","True","True","True","35.5443816","148","23.7850516","20","False","True","[]","0","425","['357796108006463']","False","82","False","MASTER","14.600000381469727","True","False","False","False","False"
"2023-07-01 06:37:55.599","6033","1125","357796108055700","2039","False","False","False","19.1","0","True","True","True","35.5443416","148","23.7850832","20","False","True","[]","0","425","['357796108006463']","False","82","False","MASTER","14.600000381469727","True","False","False","False","False"
"2023-07-01 06:37:56.697","6033","1125","357796108055700","2039","False","False","False","19.2","0","True","True","True","35.5443","149","23.7851132","20","False","True","[]","0","425","['357796108006463']","False","82","False","MASTER","14.600000381469727","True","False","False","False","False"
"2023-07-01 06:37:57.716","6033","1125","357796108055700","2039","False","False","False","19.5","0","True","True","True","35.54426","147","23.785145","20","False","True","[]","0","425","['357796108006463']","False","82","False","MASTER","14.600000381469727","True","False","False","False","False"
"2023-07-01 06:37:58.556","6033","1125","357796108055700","2039","False","False","False","19.6","0","True","True","True","35.5442183","145","23.78518","20","False","True","[]","0","425","['357796108006463']","False","82","False","MASTER","14.600000381469727","True","False","False","False","False"
"2023-07-01 06:37:59.678","6033","1125","357796108055700","2039","False","False","False","19.7","0","True","True","True","35.5441783","145","23.7852132","20","False","True","[]","0","425","['357796108006463']","False","82","False","MASTER","14.600000381469727","True","False","False","False","False"
"2023-07-01 06:38:00.578","6033","1125","357796108055700","2039","False","False","False","19.9","0","True","True","True","35.5441366","145","23.7852482","20","False","True","[]","0","425","['357796108006463']","False","82","False","MASTER","14.600000381469727","True","False","False","False","False"
"2023-07-01 06:38:01.639","6033","1125","357796108055700","2039","False","False","False","20.0","0","True","True","True","35.544095","146","23.7852832","23","False","True","[]","0","425","['357796108006463']","False","82","False","MASTER","14.600000381469727","True","False","False","False","False"
"2023-07-01 06:38:02.540","6033","1125","357796108055700","2039","False","False","False","20.0","0","True","True","True","35.5440533","146","23.7853166","23","False","True","[]","0","425","['357796108006463']","False","82","False","MASTER","14.600000381469727","True","False","False","False","False"
"2023-07-01 06:38:03.620","6033","1125","357796108055700","2039","False","False","False","20.3","0","True","True","True","35.5440116","147","23.78535","23","False","True","[]","0","425","['357796108006463']","False","82","False","MASTER","14.600000381469727","False","False","False","False","False"
"2023-07-01 06:38:04.582","6033","1125","357796108055700","2039","False","False","False","20.3","0","True","True","True","35.5439683","148","23.7853832","23","False","True","[]","0","425","['357796108006463']","False","82","False","MASTER","14.600000381469727","False","False","False","False","False"
"2023-07-01 06:38:05.540","6033","1125","357796108055700","2039","False","False","False","20.5","0","True","True","True","35.543925","148","23.785415","23","False","True","[]","0","425","['357796108006463']","False","82","False","MASTER","14.600000381469727","False","False","False","False","False"
"2023-07-01 06:38:06.477","6033","1125","357796108055700","2039","False","False","False","20.4","0","True","True","True","35.5438816","148","23.7854482","23","False","True","[]","0","425","['357796108006463']","False","82","False","MASTER","14.600000381469727","False","False","False","False","False"
"2023-07-01 06:38:07.558","6033","1125","357796108055700","2039","False","False","False","20.6","0","True","True","True","35.5438383","148","23.78548","23","False","True","[]","0","425","['357796108006463']","False","82","False","MASTER","14.600000381469727","False","False","False","False","False"
"2023-07-01 06:38:08.599","6033","1125","357796108055700","2039","False","False","False","20.5","0","True","True","True","35.5437933","148","23.7855132","23","False","True","[]","0","425","['357796108006463']","False","82","False","MASTER","14.600000381469727","False","False","False","False","False"
"2023-07-01 06:38:09.598","6033","1125","357796108055700","2039","False","False","False","20.4","0","True","True","True","35.54375","150","23.785545","23","False","True","[]","0","425","['357796108006463']","False","82","False","MASTER","14.600000381469727","False","False","False","False","False"
"2023-07-01 06:38:10.658","6033","1125","357796108055700","2039","False","False","False","20.3","0","True","True","True","35.543705","151","23.785575","23","False","True","[]","0","425","['357796108006463']","False","82","False","MASTER","14.600000381469727","False","False","False","False","False"
"2023-07-01 06:38:11.635","6033","1125","357796108055700","2039","False","False","False","20.1","0","True","True","True","35.5436616","151","23.7856032","20","False","True","[]","0","425","['357796108006463']","False","82","False","MASTER","14.600000381469727","False","False","False","False","False"
"2023-07-01 06:38:12.597","6033","1125","357796108055700","2039","False","False","False","20.0","0","True","True","True","35.5436166","152","23.7856316","20","False","True","[]","0","425","['357796108006463']","False","82","False","MASTER","14.600000381469727","False","False","False","False","False"
"2023-07-01 06:38:13.556","6033","1125","357796108055700","2039","False","False","False","19.7","0","True","True","True","35.5435733","152","23.78566","20","False","True","[]","0","425","['357796108006463']","False","82","False","MASTER","14.600000381469727","False","False","False","False","False"
"2023-07-01 06:38:14.618","6033","1125","357796108055700","2039","False","False","False","19.9","0","True","True","True","35.54353","152","23.7856866","20","False","True","[]","0","425","['357796108006463']","False","82","False","MASTER","14.600000381469727","False","False","False","False","False"
"2023-07-01 06:38:15.598","6033","1125","357796108055700","2039","False","False","False","19.9","0","True","True","True","35.543485","153","23.7857132","20","False","True","[]","0","425","['357796108006463']","False","82","False","MASTER","14.600000381469727","False","False","False","False","False"
"2023-07-01 06:38:16.556","6033","1125","357796108055700","2039","False","False","False","19.9","0","True","True","True","35.5434416","153","23.7857416","20","False","True","[]","0","425","['357796108006463']","False","82","False","MASTER","14.600000381469727","False","False","False","False","False"
"2023-07-01 06:38:17.640","6033","1125","357796108055700","2039","False","False","False","19.9","0","True","True","True","35.5433966","152","23.7857682","20","False","True","[]","0","425","['357796108006463']","False","82","False","MASTER","14.600000381469727","False","False","False","False","False"
"2023-07-01 06:38:18.596","6033","1125","357796108055700","2039","False","False","False","19.9","0","True","True","True","35.5433533","153","23.7857966","20","False","True","[]","0","425","['357796108006463']","False","82","False","MASTER","14.600000381469727","False","False","False","False","False"
"2023-07-01 06:38:19.556","6033","1125","357796108055700","2039","False","False","False","20.0","0","True","True","True","35.5433083","153","23.7858232","20","False","True","[]","0","425","['357796108006463']","False","82","False","MASTER","14.600000381469727","False","False","False","False","False"
"2023-07-01 06:38:20.618","6033","1125","357796108055700","2039","False","False","False","20.1","0","True","True","True","35.5432633","153","23.78585","20","False","True","[]","0","425","['357796108006463']","False","82","False","MASTER","14.600000381469727","False","False","False","False","False"
"2023-07-01 06:38:21.596","6033","1125","357796108055700","2039","False","False","False","20.0","0","True","True","True","35.5432183","154","23.7858766","18","False","True","[]","0","425","['357796108006463']","False","82","False","MASTER","14.600000381469727","False","False","False","False","False"
"2023-07-01 06:38:22.555","6033","1125","357796108055700","2039","False","False","False","20.0","0","True","True","True","35.5431716","155","23.7859016","18","False","True","[]","0","425","['357796108006463']","False","82","False","MASTER","14.600000381469727","False","False","False","False","False"
"2023-07-01 06:38:23.516","6033","1125","357796108055700","2039","False","False","False","19.8","0","True","True","True","35.5431266","157","23.785925","18","False","True","[]","0","425","['357796108006463']","False","82","False","MASTER","14.600000381469727","False","False","False","False","False"
"2023-07-01 06:38:24.577","6033","1125","357796108055700","2039","False","False","False","19.8","0","True","True","True","35.54308","158","23.7859466","18","False","True","[]","0","425","['357796108006463']","False","82","False","MASTER","14.600000381469727","False","False","False","False","False"
"2023-07-01 06:38:25.557","6033","1125","357796108055700","2039","False","False","False","19.9","0","True","True","True","35.543035","157","23.78597","18","False","True","[]","0","425","['357796108006463']","False","82","False","MASTER","14.600000381469727","False","False","False","False","False"
"2023-07-01 06:38:26.516","6033","1125","357796108055700","2039","False","False","False","19.5","0","True","True","True","35.54299","158","23.7859916","18","False","True","[]","0","425","['357796108006463']","False","82","False","MASTER","14.600000381469727","False","False","False","False","False"
"2023-07-01 06:38:27.578","6033","1125","357796108055700","2039","False","False","False","19.6","0","True","True","True","35.542945","158","23.7860132","18","False","True","[]","0","425","['357796108006463']","False","82","False","MASTER","14.600000381469727","False","False","False","False","False"
"2023-07-01 06:38:28.598","6033","1125","357796108055700","2039","False","False","False","19.4","0","True","True","True","35.5429","158","23.786035","18","False","True","[]","0","425","['357796108006463']","False","82","False","MASTER","14.600000381469727","False","False","False","False","False"
"2023-07-01 06:38:29.516","6033","1125","357796108055700","2039","False","False","False","19.5","0","True","True","True","35.542855","158","23.7860566","18","False","True","[]","0","425","['357796108006463']","False","82","False","MASTER","14.600000381469727","False","False","False","False","False"
"2023-07-01 06:38:30.475","6033","1125","357796108055700","2039","False","False","False","19.6","0","True","True","True","35.5428083","159","23.7860782","18","False","True","[]","0","425","['357796108006463']","False","82","False","MASTER","14.600000381469727","False","False","False","False","False"
"2023-07-01 06:38:31.558","6033","1125","357796108055700","2039","False","False","False","19.8","0","True","True","True","35.5427633","159","23.7860982","17","False","True","[]","0","425","['357796108006463']","False","82","False","MASTER","14.600000381469727","False","False","False","False","False"
"2023-07-01 06:38:32.519","6033","1125","357796108055700","2039","False","False","False","19.5","0","True","True","True","35.5427183","159","23.78612","17","False","True","[]","0","425","['357796108006463']","False","82","False","MASTER","14.600000381469727","False","False","False","False","False"
"2023-07-01 06:38:33.620","6033","1125","357796108055700","2039","False","False","False","19.5","0","True","True","True","35.5426716","159","23.78614","17","False","True","[]","0","425","['357796108006463']","False","82","False","MASTER","14.600000381469727","False","False","False","False","False"
"2023-07-01 06:38:34.777","6033","1125","357796108055700","2039","False","False","False","19.3","0","True","True","True","35.5426266","158","23.7861616","17","False","True","[]","0","425","['357796108006463']","False","85","False","MASTER","14.300000190734863","False","False","False","False","False"
"2023-07-01 06:38:35.558","6033","1125","357796108055700","2039","False","False","False","19.3","0","True","True","True","35.5425816","158","23.7861832","17","False","True","[]","0","425","['357796108006463']","False","85","False","MASTER","14.300000190734863","False","False","False","False","False"
"2023-07-01 06:38:36.638","6033","1125","357796108055700","2039","False","False","False","19.2","0","True","True","True","35.5425366","158","23.786205","17","False","True","[]","0","425","['357796108006463']","False","85","False","MASTER","14.300000190734863","False","False","False","False","False"
"2023-07-01 06:38:37.598","6033","1125","357796108055700","2039","False","False","False","18.9","0","True","True","True","35.5424916","159","23.7862266","17","False","True","[]","0","425","['357796108006463']","False","85","False","MASTER","14.300000190734863","False","False","False","False","False"
"2023-07-01 06:38:38.558","6033","1125","357796108055700","2039","False","False","False","18.3","0","True","True","True","35.5424483","159","23.7862466","17","False","True","[]","0","425","['357796108006463']","False","85","False","MASTER","14.300000190734863","False","False","False","False","False"
"2023-07-01 06:38:40.375","6033","1125","357796108055700","2039","False","False","False","17.8","0","True","True","True","35.5424066","160","23.786265","17","False","True","[]","0","425","['357796108006463']","False","85","False","MASTER","14.300000190734863","False","False","False","False","False"
"2023-07-01 06:38:41.038","6033","1125","357796108055700","2039","False","False","False","17.2","0","True","True","True","35.542365","160","23.7862832","17","False","True","[]","0","425","['357796108006463']","False","85","False","MASTER","14.300000190734863","False","False","False","False","False"
"2023-07-01 06:38:42.038","6033","1125","357796108055700","2039","False","False","False","16.7","0","True","True","True","35.542325","161","23.7863016","21","False","True","[]","0","425","['357796108006463']","False","85","False","MASTER","14.300000190734863","False","False","False","False","False"
"2023-07-01 06:38:42.598","6033","1125","357796108055700","2039","False","False","False","16.4","0","True","True","True","35.542285","162","23.7863166","21","False","True","[]","0","425","['357796108006463']","False","85","False","MASTER","14.300000190734863","False","False","False","False","False"
"2023-07-01 06:38:43.639","6033","1125","357796108055700","2039","False","False","False","16.0","0","True","True","True","35.5422466","164","23.78633","21","False","True","[]","0","425","['357796108006463']","False","85","False","MASTER","14.300000190734863","False","False","False","False","False"
"2023-07-01 06:38:44.636","6033","1125","357796108055700","2039","False","False","False","15.2","0","True","True","True","35.54221","166","23.7863416","21","False","True","[]","0","425","['357796108006463']","False","85","False","MASTER","14.300000190734863","False","False","False","False","False"
"2023-07-01 06:38:45.597","6033","1125","357796108055700","2039","False","False","False","14.2","0","True","True","True","35.5421733","169","23.7863482","21","False","True","[]","0","425","['357796108006463']","False","85","False","MASTER","14.300000190734863","False","False","False","False","False"
"2023-07-01 06:38:46.556","6033","1125","357796108055700","2039","False","False","False","13.6","0","True","True","True","35.54214","169","23.7863566","21","False","True","[]","0","425","['357796108006463']","False","85","False","MASTER","14.300000190734863","False","False","False","False","False"
"2023-07-01 06:38:47.576","6033","1125","357796108055700","2039","False","False","False","13.6","0","True","True","True","35.5421066","169","23.7863632","21","False","True","[]","0","425","['357796108006463']","False","85","False","MASTER","14.300000190734863","False","False","False","False","False"
"2023-07-01 06:38:48.578","6033","1125","357796108055700","2039","False","False","False","13.7","0","True","True","True","35.5420733","169","23.78637","21","False","True","[]","0","425","['357796108006463']","False","85","False","MASTER","14.300000190734863","False","False","False","False","False"
"2023-07-01 06:38:49.539","6033","1125","357796108055700","2039","False","False","False","13.1","0","True","True","True","35.54204","169","23.7863766","21","False","True","[]","0","425","['357796108006463']","False","85","False","MASTER","14.300000190734863","False","False","False","False","False"
"2023-07-01 06:38:50.618","6033","1125","357796108055700","2039","False","False","False","12.7","0","True","True","True","35.5420083","168","23.7863832","21","False","True","[]","0","425","['357796108006463']","False","85","False","MASTER","14.300000190734863","False","False","False","False","False"
"2023-07-01 06:38:51.597","6033","1125","357796108055700","2039","False","False","False","12.8","0","True","True","True","35.5419783","167","23.7863916","23","False","True","[]","0","425","['357796108006463']","False","85","False","MASTER","14.300000190734863","False","False","False","False","False"
"2023-07-01 06:38:52.558","6033","1125","357796108055700","2039","False","False","False","12.6","0","True","True","True","35.5419466","167","23.7864","23","False","True","[]","0","425","['357796108006463']","False","85","False","MASTER","14.300000190734863","False","False","False","False","False"
"2023-07-01 06:38:53.516","6033","1125","357796108055700","2039","False","False","False","12.5","0","True","True","True","35.5419166","167","23.7864082","23","False","True","[]","0","425","['357796108006463']","False","85","False","MASTER","14.300000190734863","False","False","False","False","False"
"2023-07-01 06:38:54.577","6033","1125","357796108055700","2039","False","False","False","12.5","0","True","True","True","35.541885","168","23.786415","23","False","True","[]","0","425","['357796108006463']","False","85","False","MASTER","14.300000190734863","False","False","False","False","False"
"2023-07-01 06:38:56.179","6033","1125","357796108055700","2039","False","False","False","12.3","0","True","True","True","35.541855","170","23.7864216","23","False","True","[]","0","425","['357796108006463']","False","85","False","MASTER","14.300000190734863","False","False","False","False","False"
"2023-07-01 06:38:56.618","6033","1125","357796108055700","2039","False","False","False","11.7","0","True","True","True","35.541825","171","23.7864266","23","False","True","[]","0","425","['357796108006463']","False","85","False","MASTER","14.300000190734863","False","False","False","False","False"
"2023-07-01 06:38:57.479","6033","1125","357796108055700","2039","False","False","False","11.4","0","True","True","True","35.541795","172","23.78643","23","False","True","[]","0","425","['357796108006463']","False","85","False","MASTER","14.300000190734863","False","False","False","False","False"
"2023-07-01 06:38:58.557","6033","1125","357796108055700","2039","False","False","False","10.1","0","True","True","True","35.54177","169","23.786435","23","False","True","[]","0","425","['357796108006463']","False","85","False","MASTER","14.300000190734863","False","False","False","False","False"
"2023-07-01 06:38:59.616","6033","1125","357796108055700","2039","False","False","False","5.4","0","True","True","True","35.5417516","167","23.78644","23","False","True","[]","0","425","['357796108006463']","False","85","False","MASTER","14.300000190734863","False","False","False","False","False"
"2023-07-01 06:39:00.618","6033","1125","357796108055700","2039","False","False","False","7.3","0","True","True","True","35.541735","162","23.7864466","23","False","True","[]","0","425","['357796108006463']","False","85","False","MASTER","14.300000190734863","False","False","False","False","False"
"2023-07-01 06:39:01.660","6033","1125","357796108055700","2039","False","False","False","8.0","0","True","True","True","35.541714999999996","160","23.786455","23","False","True","[]","0","425","['357796108006463']","False","85","False","MASTER","14.300000190734863","False","False","False","False","False"
"2023-07-01 06:39:02.658","6033","1125","357796108055700","2039","False","False","False","7.4","0","True","True","True","35.5416983","157","23.7864666","23","False","True","[]","0","425","['357796108006463']","False","85","False","MASTER","14.300000190734863","False","False","False","False","False"
"2023-07-01 06:39:03.598","6033","1125","357796108055700","2039","False","False","False","6.3","0","True","True","True","35.5416816","153","23.7864782","23","False","True","[]","0","425","['357796108006463']","False","85","False","MASTER","14.300000190734863","False","False","False","False","False"
"2023-07-01 06:39:04.676","6033","1125","357796108055700","2039","False","False","False","5.9","0","True","True","True","35.5416683","150","23.7864882","23","False","True","[]","0","425","['357796108006463']","False","85","False","MASTER","14.300000190734863","False","False","False","False","False"
"2023-07-01 06:39:05.619","6033","1125","357796108055700","2039","False","False","False","6.0","0","True","True","True","35.541655","151","23.7864966","23","False","True","[]","0","425","['357796108006463']","False","85","False","MASTER","14.300000190734863","False","False","False","False","False"
"2023-07-01 06:39:06.596","6033","1125","357796108055700","2039","False","False","False","5.8","0","True","True","True","35.54164","150","23.7865066","23","False","True","[]","0","425","['357796108006463']","False","85","False","MASTER","14.300000190734863","False","False","False","False","False"
"2023-07-01 06:39:07.556","6033","1125","357796108055700","2039","False","False","False","4.9","0","True","True","True","35.5416283","148","23.786515","23","False","True","[]","0","425","['357796108006463']","False","85","False","MASTER","14.300000190734863","False","False","False","False","False"
"2023-07-01 06:39:08.618","6033","1125","357796108055700","2039","False","False","False","4.6","0","False","True","True","35.54162","142","23.786525","23","False","True","[]","0","425","['357796108006463']","False","85","False","MASTER","14.300000190734863","False","False","False","False","False"
"2023-07-01 06:39:09.596","6033","1125","357796108055700","2039","False","False","False","3.9","0","False","True","True","35.5416116","138","23.7865332","23","False","True","[]","0","425","['357796108006463']","False","85","False","MASTER","14.300000190734863","False","False","False","False","False"
"2023-07-01 06:39:10.677","6033","1125","357796108055700","2039","False","False","False","3.3","0","False","True","True","35.5416033","139","23.78654","23","False","True","[]","0","425","['357796108006463']","False","85","False","MASTER","14.300000190734863","False","False","False","False","False"
"2023-07-01 06:39:11.659","6033","1125","357796108055700","2039","False","False","False","2.4","0","False","True","True","35.5415983","138","23.786545","26","False","True","[]","0","425","['357796108006463']","False","85","False","MASTER","14.300000190734863","False","False","False","False","False"
"2023-07-01 06:39:12.638","6033","1125","357796108055700","2039","False","False","False","2.5","0","False","True","True","35.5415933","136","23.78655","26","False","True","[]","0","425","['357796108006463']","False","85","False","MASTER","14.300000190734863","False","False","False","False","False"
"2023-07-01 06:39:13.796","6033","1125","357796108055700","2039","False","False","False","2.0","0","False","True","True","35.5415883","139","23.7865532","26","False","True","[]","0","425","['357796108006463']","False","100","False","MASTER","13.399999618530273","False","False","False","False","False"
"2023-07-01 06:39:14.617","6033","1125","357796108055700","2039","False","False","False","1.7","0","False","True","True","35.541585","138","23.7865582","26","False","True","[]","0","425","['357796108006463']","False","100","False","MASTER","13.399999618530273","False","False","False","False","False"
"2023-07-01 06:39:15.597","6033","1125","357796108055700","2039","False","False","False","1.7","0","False","True","True","35.5415816","144","23.78656","26","False","True","[]","0","425","['357796108006463']","False","100","False","MASTER","13.399999618530273","False","False","False","False","False"
"2023-07-01 06:39:39.560","6033","1125","357796108055700","2039","False","False","False","0.0","0","False","True","False","35.5416083","23","23.78659","28","False","True","","0","","['357796108006463']","False","","False","MASTER","13.399999618530273","False","False","False","False","False"
"2023-07-01 06:39:40.538","6033","1125","357796108055700","2039","False","False","False","0.0","0","False","True","False","35.5416083","23","23.7865966","28","False","True","","0","","['357796108006463']","False","","False","MASTER","13.399999618530273","False","False","False","False","False"
"2023-07-01 06:39:41.635","6033","1125","357796108055700","2039","False","False","False","0.0","0","False","True","False","35.5416083","23","23.7865982","21","False","True","","0","","['357796108006463']","False","","False","MASTER","13.399999618530273","False","False","False","False","False"
"2023-07-01 06:40:03.656","6033","1125","357796108055700","2039","False","False","False","1.0","0","True","True","True","35.54159","139","23.7866116","28","False","True","","0","","['357796108006463']","False","","False","MASTER","13.399999618530273","False","False","False","False","False"
"2023-07-01 06:40:04.939","6033","1125","357796108055700","2039","False","False","False","1.6","0","True","True","True","35.5415866","166","23.7866116","28","False","True","[]","0","425","['357796108006463']","False","100","False","MASTER","12.800000190734863","False","False","False","False","False"
"2023-07-01 06:40:05.558","6033","1125","357796108055700","2039","False","False","False","2.1","0","True","True","True","35.5415816","173","23.7866116","28","False","True","[]","0","425","['357796108006463']","False","100","False","MASTER","12.800000190734863","False","False","False","False","False"
"2023-07-01 06:40:06.518","6033","1125","357796108055700","2039","False","False","False","2.9","0","True","True","True","35.5415733","175","23.7866132","28","False","True","[]","0","425","['357796108006463']","False","100","False","MASTER","12.800000190734863","False","False","False","False","False"
"2023-07-01 06:40:07.555","6033","1125","357796108055700","2039","False","False","False","2.8","0","True","True","True","35.5415666","175","23.7866132","28","False","True","[]","0","425","['357796108006463']","False","100","False","MASTER","12.800000190734863","False","False","False","False","False"
"2023-07-01 06:40:08.558","6033","1125","357796108055700","2039","False","False","False","2.6","0","False","True","True","35.5415583","173","23.7866132","28","False","True","[]","0","425","['357796108006463']","False","100","False","MASTER","12.800000190734863","False","False","False","False","False"
"2023-07-01 06:40:09.518","6033","1125","357796108055700","2039","False","False","False","2.7","0","False","True","True","35.5415516","173","23.786615","28","False","True","[]","0","425","['357796108006463']","False","100","False","MASTER","12.800000190734863","False","False","False","False","False"
"2023-07-01 06:40:10.557","6033","1125","357796108055700","2039","False","False","False","3.1","0","False","True","True","35.5415433","175","23.7866132","28","False","True","[]","0","425","['357796108006463']","False","100","False","MASTER","12.800000190734863","False","False","False","False","False"
"2023-07-01 06:40:11.517","6033","1125","357796108055700","2039","False","False","False","3.1","0","False","True","True","35.5415366","175","23.786615","24","False","True","[]","0","425","['357796108006463']","False","100","False","MASTER","12.800000190734863","False","False","False","False","False"
